~Particle 1
1,3.71130000000,2.69040000000,1.52270000000,0.909100000000
2,3.44630000000,2.58280000000,1.69080000000,1.00000000000
3,3.58330000000,2.74040000000,1.47280000000,-0.999300000000
4,3.66450000000,2.57880000000,1.66480000000,-0.999300000000
5,3.77050000000,2.54000000000,1.72780000000,0.999700000000
6,3.87390000000,2.49230000000,1.82860000000,0.5
7,3.55420000000,2.37070000000,2.10710000000,0.999700000000
8,3.81720000000,2.44890000000,1.90270000000,-0.998200000000
9,3.75900000000,2.30140000000,2.49280000000,1.00000000000
10,3.75570000000,2.31410000000,2.34960000000,0.999700000000
11,3.66790000000,2.30270000000,2.67980000000,-0.999300000000
12,3.01130000000,2.44990000000,2.60490000000,-0.999300000000
13,2.97080000000,2.47100000000,2.63290000000,0.999700000000
14,2.65490000000,2.68890000000,2.43040000000,1.00000000000
15,2.87670000000,2.55230000000,2.84870000000,-0.999300000000
16,3.06520000000,2.51000000000,3.04910000000,-0.999300000000
17,2.96080000000,2.48070000000,2.69520000000,-0.998200000000
18,3.00270000000,2.52370000000,3.00180000000,0.5
19,2.63100000000,2.75190000000,2.89550000000,-0.999300000000
20,2.70110000000,2.81660000000,3.18950000000,1.00000000000
21,2.84140000000,2.54940000000,2.69200000000,-0.998200000000
22,2.68500000000,2.65680000000,2.59480000000,1.00000000000
23,2.24140000000,3.24670000000,2.53380000000,-0.998200000000
24,2.95010000000,2.54130000000,2.96950000000,1.00000000000
25,2.26060000000,4.31400000000,2.06560000000,0.5
26,2.79630000000,3.01640000000,1.58430000000,0.999700000000
27,5.01160000000,3.12620000000,2.17020000000,-0.900000000000E-03
28,5.14210000000,3.33820000000,2.31820000000,-0.998200000000
29,5.21620000000,4.02690000000,2.25390000000,0.5
30,5.22580000000,4.03870000000,2.80760000000,-0.999300000000
31,5.18300000000,4.31470000000,2.70620000000,1.00000000000
32,5.07590000000,4.58450000000,2.69420000000,-0.900000000000E-03
33,4.85870000000,4.14230000000,3.56720000000,0.999700000000
34,4.90430000000,3.54830000000,3.49630000000,0.999700000000
35,5.08910000000,3.54210000000,3.18190000000,-0.998200000000
36,5.17670000000,3.47970000000,2.85610000000,0.5
37,5.09010000000,3.45820000000,3.12740000000,0.999700000000
38,5.02240000000,3.07800000000,2.33780000000,1.00000000000
39,2.79740000000,2.58050000000,2.41170000000,1.00000000000
40,2.14660000000,3.73420000000,2.26500000000,-0.998200000000
41,3.01510000000,3.08560000000,1.37460000000,-0.999300000000
42,3.13490000000,4.46180000000,1.21350000000,1.00000000000
43,2.53540000000,4.32460000000,1.59020000000,-0.999300000000
44,3.12780000000,3.97250000000,1.09510000000,1.00000000000
45,4.30990000000,2.91920000000,3.64410000000,0.999700000000
46,4.42410000000,2.62090000000,3.16220000000,-0.900000000000E-03
47,4.98460000000,3.29930000000,3.23230000000,-0.998200000000
48,4.86320000000,3.64560000000,3.57410000000,-0.999300000000
49,4.47750000000,3.23890000000,3.76120000000,-0.999300000000
50,3.54010000000,5.43260000000,2.61630000000,1.00000000000
51,3.25770000000,5.18860000000,3.29950000000,-0.999300000000
52,2.27740000000,4.42760000000,2.98370000000,0.5
53,2.11570000000,3.92540000000,2.47930000000,0.999700000000
54,2.19090000000,3.74470000000,2.08710000000,1.00000000000
55,2.12210000000,3.75900000000,2.42760000000,0.5
56,2.22420000000,4.02040000000,1.99930000000,0.999700000000
57,2.28590000000,4.48610000000,2.19530000000,-0.999300000000
58,2.40990000000,4.67000000000,2.10870000000,-0.999300000000
59,2.53720000000,4.93220000000,2.40720000000,-0.999300000000
60,3.00620000000,5.25930000000,2.83740000000,1.00000000000
61,3.10810000000,5.32990000000,2.61410000000,-0.998200000000
62,3.86150000000,5.32510000000,1.99830000000,0.5
63,3.66530000000,4.52560000000,1.13380000000,-0.999300000000
64,4.24700000000,4.62390000000,1.30350000000,1.00000000000
65,3.77220000000,3.59260000000,1.01700000000,-0.999300000000
66,3.62550000000,3.10850000000,1.18750000000,0.5
67,4.18640000000,3.21310000000,1.22490000000,1.00000000000
68,4.23910000000,3.59040000000,1.11800000000,0.5
69,4.64560000000,4.36810000000,1.42350000000,-0.999300000000
70,4.50490000000,4.75920000000,1.56030000000,-0.900000000000E-03
71,4.02320000000,5.25210000000,3.22430000000,0.5
72,4.51400000000,4.72670000000,3.58220000000,0.999700000000
73,5.01830000000,4.31340000000,3.26030000000,-0.999300000000
74,4.97380000000,4.51540000000,3.18190000000,-0.998200000000
75,4.46500000000,4.99550000000,3.32820000000,-0.900000000000E-03
76,4.42470000000,5.25250000000,2.63270000000,0.999700000000
77,4.82200000000,4.85150000000,2.10600000000,0.5
78,5.19050000000,4.17080000000,2.23490000000,-0.900000000000E-03
79,4.79360000000,4.54570000000,1.67880000000,0.999700000000
80,4.97220000000,3.70490000000,1.67750000000,-0.999300000000
81,3.91190000000,3.72370000000,1.01340000000,0.999700000000
82,3.12270000000,3.92960000000,1.09470000000,-0.998200000000
83,3.41380000000,3.78780000000,1.01540000000,-0.999300000000
84,3.27740000000,3.57340000000,1.07240000000,1.00000000000
85,2.86270000000,3.46160000000,1.28490000000,0.5
86,3.10930000000,3.36160000000,1.18950000000,-0.998200000000
87,3.20730000000,3.00820000000,1.33610000000,-0.999300000000
88,2.92800000000,2.85880000000,1.62470000000,-0.999300000000
89,3.64590000000,3.41390000000,1.05780000000,-0.900000000000E-03
90,3.30490000000,2.79040000000,1.48340000000,1.00000000000
91,3.92540000000,3.11540000000,1.20390000000,-0.999300000000
92,4.56430000000,2.74260000000,1.91010000000,-0.900000000000E-03
93,5.04270000000,4.18380000000,1.83850000000,-0.900000000000E-03
94,4.77790000000,4.98520000000,2.71810000000,-0.998200000000
95,4.38750000000,5.14520000000,3.14740000000,-0.998200000000
96,3.76710000000,5.43190000000,2.69780000000,-0.999300000000
97,3.78850000000,5.43490000000,2.48880000000,0.999700000000
98,4.69360000000,4.86240000000,1.88170000000,0.5
99,4.57130000000,5.12780000000,2.25120000000,-0.999300000000
100,4.59440000000,5.14890000000,2.58100000000,-0.900000000000E-03
101,5.06810000000,3.69760000000,1.83850000000,0.999700000000
102,4.28070000000,2.41610000000,2.57700000000,1.00000000000
103,3.03640000000,2.48980000000,2.17770000000,-0.900000000000E-03
104,3.90430000000,2.31550000000,2.63530000000,-0.998200000000
105,2.77520000000,2.59450000000,2.69600000000,-0.998200000000
106,3.76530000000,3.46810000000,4.07770000000,-0.999300000000
107,4.65440000000,4.43200000000,3.66030000000,-0.998200000000
108,3.99850000000,5.28740000000,3.15860000000,-0.999300000000
109,3.49280000000,5.26390000000,3.25810000000,0.999700000000
110,3.89060000000,5.00250000000,3.62890000000,1.00000000000
111,3.07530000000,4.72540000000,3.72920000000,-0.900000000000E-03
112,2.97400000000,3.93290000000,3.96110000000,-0.999300000000
113,3.35750000000,3.24520000000,3.96530000000,0.5
114,3.47880000000,3.71820000000,4.11120000000,1.00000000000
115,2.55960000000,3.43990000000,3.57110000000,0.5
116,2.90330000000,2.75560000000,3.34790000000,1.00000000000
117,3.62020000000,3.38630000000,4.05450000000,-0.900000000000E-03
118,4.64980000000,2.73370000000,3.05640000000,-0.900000000000E-03
119,4.94900000000,3.11440000000,3.10620000000,1.00000000000
120,4.55270000000,3.09800000000,3.61830000000,1.00000000000
121,4.19690000000,3.50570000000,4.00050000000,-0.900000000000E-03
122,3.95660000000,3.25550000000,3.98110000000,1.00000000000
123,3.55240000000,3.19170000000,3.97230000000,-0.999300000000
124,3.83620000000,2.85390000000,3.75010000000,-0.999300000000
125,3.99720000000,3.49280000000,4.05360000000,-0.900000000000E-03
126,4.30390000000,3.76860000000,4.00080000000,-0.900000000000E-03
127,4.47990000000,3.57450000000,3.88270000000,-0.998200000000
128,4.37240000000,3.88580000000,3.97280000000,0.5
129,4.39160000000,4.25850000000,3.90820000000,-0.998200000000
130,4.66580000000,4.66110000000,3.49700000000,0.5
131,4.43680000000,4.37640000000,3.84290000000,1.00000000000
132,4.23610000000,4.96390000000,3.54280000000,0.5
133,3.66950000000,5.12320000000,3.50700000000,-0.999300000000
134,3.14320000000,4.93800000000,3.57750000000,1.00000000000
135,3.65930000000,5.40790000000,2.87650000000,-0.999300000000
136,3.77630000000,5.42320000000,2.35060000000,-0.999300000000
137,3.70720000000,5.35550000000,2.05290000000,1.00000000000
138,3.48310000000,5.03940000000,1.53220000000,-0.900000000000E-03
139,4.18260000000,5.08730000000,1.70360000000,0.999700000000
140,3.63950000000,4.89630000000,1.37300000000,-0.998200000000
141,3.77200000000,4.45650000000,1.10650000000,-0.998200000000
142,3.82010000000,4.95740000000,1.43610000000,1.00000000000
143,3.35960000000,4.59890000000,1.20800000000,0.999700000000
144,3.65970000000,4.52320000000,1.13270000000,1.00000000000
145,3.25370000000,4.58960000000,1.23270000000,-0.998200000000
146,2.56820000000,4.58830000000,1.72020000000,0.5
147,2.65560000000,4.43110000000,1.51420000000,0.999700000000
148,2.52880000000,4.45610000000,1.67220000000,-0.999300000000
149,2.71760000000,4.96480000000,1.98260000000,0.999700000000
150,2.73160000000,5.10530000000,2.37730000000,0.999700000000
151,3.15080000000,5.30510000000,2.21150000000,0.999700000000
152,3.26390000000,5.32380000000,2.14170000000,-0.999300000000
153,3.62850000000,5.19700000000,1.72320000000,0.5
154,3.54520000000,5.02520000000,1.50620000000,-0.998200000000
155,3.34680000000,5.09090000000,1.63260000000,-0.900000000000E-03
156,3.48450000000,4.88870000000,1.38240000000,1.00000000000
157,2.91550000000,4.89890000000,1.65680000000,-0.999300000000
158,3.06470000000,4.62920000000,1.33320000000,0.999700000000
159,2.92660000000,4.54060000000,1.35920000000,-0.900000000000E-03
160,2.73190000000,4.50580000000,1.48530000000,-0.998200000000
161,2.8145402478934614,4.840705195728954,3.43768930815848,2.0
~end Particle 1
~Particle 2
1,1.10150000000,3.21240000000,6.79890000000,1.00000000000
2,1.14260000000,3.33040000000,7.03550000000,-0.999300000000
3,1.00590000000,3.37690000000,6.83610000000,-0.999300000000
4,0.934200000000,3.45160000000,6.75570000000,0.999700000000
5,0.871800000000,3.55120000000,6.70150000000,0.5
6,0.950100000000,3.28580000000,6.37520000000,0.999700000000
7,0.852500000000,3.54830000000,6.62360000000,-0.998200000000
8,0.855200000000,3.52820000000,5.98460000000,1.00000000000
9,0.893800000000,3.46290000000,5.94490000000,0.999700000000
10,0.924300000000,3.48420000000,5.81080000000,-0.999300000000
11,1.32290000000,2.97110000000,5.81240000000,-0.999300000000
12,1.36410000000,2.93990000000,5.80820000000,0.999700000000
13,1.66930000000,2.70850000000,5.98290000000,1.00000000000
14,1.50680000000,2.95230000000,5.58270000000,-0.999300000000
15,1.43630000000,3.13120000000,5.41040000000,-0.999300000000
16,1.40010000000,2.95170000000,5.72110000000,-0.998200000000
17,1.46160000000,3.10000000000,5.42250000000,0.5
18,1.81760000000,2.82770000000,5.53240000000,-0.999300000000
19,1.86350000000,2.98590000000,5.29080000000,1.00000000000
20,1.51890000000,2.87130000000,5.72190000000,-0.998200000000
21,1.67840000000,2.73920000000,5.85310000000,1.00000000000
22,2.39590000000,2.59300000000,5.96220000000,-0.998200000000
23,1.54350000000,2.99460000000,5.48230000000,1.00000000000
24,3.25130000000,2.91920000000,6.54520000000,0.5
25,1.69770000000,2.79950000000,6.90690000000,0.999700000000
26,0.957900000000,4.89740000000,6.65720000000,-0.900000000000E-03
27,1.16590000000,5.19290000000,6.59860000000,-0.998200000000
28,1.69760000000,5.46850000000,6.86360000000,0.5
29,1.76870000000,5.61060000000,6.33470000000,-0.999300000000
30,2.20350000000,5.68320000000,6.47280000000,1.00000000000
31,2.34530000000,5.67620000000,6.52630000000,-0.900000000000E-03
32,2.10220000000,5.52020000000,5.59210000000,0.999700000000
33,1.49020000000,5.27620000000,5.56780000000,0.999700000000
34,1.51390000000,5.41580000000,5.82300000000,-0.998200000000
35,1.35130000000,5.37610000000,6.07660000000,0.5
36,1.35000000000,5.32650000000,5.88460000000,0.999700000000
37,0.947000000000,4.92800000000,6.52870000000,1.00000000000
38,1.48120000000,2.78910000000,6.06050000000,1.00000000000
39,2.70280000000,2.61350000000,6.34490000000,-0.998200000000
40,1.68970000000,2.95360000000,7.15990000000,-0.999300000000
41,2.86310000000,3.53380000000,7.62380000000,1.00000000000
42,3.03770000000,3.06160000000,7.16240000000,-0.999300000000
43,2.42260000000,3.27610000000,7.60580000000,1.00000000000
44,1.35000000000,4.59720000000,5.11400000000,0.999700000000
45,0.935300000000,4.40670000000,5.52290000000,-0.900000000000E-03
46,1.33150000000,5.23830000000,5.71260000000,-0.998200000000
47,1.69960000000,5.31160000000,5.43930000000,-0.999300000000
48,1.54590000000,4.87270000000,5.11900000000,-0.999300000000
49,3.73350000000,4.63240000000,6.58390000000,1.00000000000
50,3.73770000000,4.47180000000,5.83290000000,-0.999300000000
51,3.46340000000,3.20150000000,5.83770000000,0.5
52,3.03800000000,2.75260000000,6.21860000000,0.999700000000
53,2.76730000000,2.64530000000,6.48870000000,1.00000000000
54,2.85790000000,2.67070000000,6.16500000000,0.5
55,2.97070000000,2.79470000000,6.75760000000,0.999700000000
56,3.39190000000,3.06270000000,6.60080000000,-0.999300000000
57,3.48400000000,3.22160000000,6.73170000000,-0.999300000000
58,3.70790000000,3.52380000000,6.52970000000,-0.999300000000
59,3.84610000000,4.17140000000,6.27870000000,1.00000000000
60,3.82910000000,4.24820000000,6.49280000000,-0.998200000000
61,3.38550000000,4.73720000000,7.21980000000,0.5
62,2.62160000000,4.01680000000,7.82040000000,-0.999300000000
63,2.53990000000,4.63370000000,7.75420000000,1.00000000000
64,1.75690000000,3.70100000000,7.71280000000,-0.999300000000
65,1.39390000000,3.43720000000,7.39520000000,0.5
66,1.25220000000,4.02380000000,7.47920000000,1.00000000000
67,1.53400000000,4.15660000000,7.67610000000,0.5
68,2.07510000000,4.90330000000,7.64110000000,-0.999300000000
69,2.50120000000,5.00820000000,7.57080000000,-0.900000000000E-03
70,3.43070000000,5.15590000000,6.02630000000,0.5
71,2.79640000000,5.48750000000,5.70940000000,0.999700000000
72,2.23720000000,5.64350000000,5.89310000000,-0.999300000000
73,2.34390000000,5.67520000000,6.04980000000,-0.998200000000
74,3.03150000000,5.45420000000,5.93300000000,-0.900000000000E-03
75,3.12140000000,5.35820000000,6.77230000000,0.999700000000
76,2.57460000000,5.42790000000,7.11620000000,0.5
77,1.96650000000,5.53390000000,6.91260000000,-0.900000000000E-03
78,2.25410000000,5.13290000000,7.49610000000,0.999700000000
79,1.42290000000,4.97650000000,7.29890000000,-0.999300000000
80,1.63180000000,4.00690000000,7.71980000000,0.999700000000
81,2.36140000000,3.37090000000,7.66750000000,-0.998200000000
82,2.08500000000,3.46520000000,7.70490000000,-0.999300000000
83,1.89290000000,3.27300000000,7.55520000000,1.00000000000
84,2.13210000000,2.93850000000,7.31200000000,0.5
85,1.88000000000,3.09050000000,7.40630000000,-0.998200000000
86,1.55910000000,3.04300000000,7.17760000000,-0.999300000000
87,1.61610000000,2.80290000000,6.82670000000,-0.999300000000
88,1.64380000000,3.53510000000,7.60370000000,-0.900000000000E-03
89,1.30500000000,3.12670000000,7.01980000000,1.00000000000
90,1.31840000000,3.72090000000,7.47000000000,-0.999300000000
91,0.788000000000,4.27870000000,6.77180000000,-0.900000000000E-03
92,1.83620000000,5.29970000000,7.23680000000,-0.900000000000E-03
93,2.79950000000,5.57680000000,6.58210000000,-0.998200000000
94,3.16710000000,5.40690000000,6.12160000000,-0.998200000000
95,3.63550000000,4.86760000000,6.55060000000,-0.999300000000
96,3.60060000000,4.83130000000,6.75370000000,0.999700000000
97,2.58580000000,5.26390000000,7.32790000000,0.5
98,2.93730000000,5.35790000000,7.00520000000,-0.999300000000
99,3.00620000000,5.44520000000,6.72780000000,-0.900000000000E-03
100,1.37610000000,5.13370000000,7.09150000000,0.999700000000
101,0.719700000000,4.08450000000,6.08020000000,1.00000000000
102,1.30120000000,2.89330000000,6.24240000000,-0.900000000000E-03
103,0.829900000000,3.68630000000,5.86130000000,-0.998200000000
104,1.63590000000,2.81570000000,5.70370000000,-0.998200000000
105,2.06540000000,4.38710000000,4.75720000000,-0.999300000000
106,2.55040000000,5.46120000000,5.51340000000,-0.998200000000
107,3.48260000000,5.11310000000,6.10620000000,-0.999300000000
108,3.66590000000,4.76100000000,5.93030000000,0.999700000000
109,3.29630000000,5.11870000000,5.62960000000,1.00000000000
110,3.48690000000,4.13270000000,5.29100000000,-0.900000000000E-03
111,2.86910000000,3.85970000000,4.86130000000,-0.999300000000
112,2.08840000000,3.92200000000,4.74510000000,0.5
113,2.47450000000,4.22500000000,4.73660000000,1.00000000000
114,2.55470000000,3.21060000000,5.04460000000,0.5
115,1.76910000000,3.16160000000,5.15840000000,1.00000000000
116,2.09640000000,4.20790000000,4.73320000000,-0.900000000000E-03
117,0.897200000000,4.58600000000,5.69660000000,-0.900000000000E-03
118,1.14630000000,5.08320000000,5.76930000000,1.00000000000
119,1.37520000000,4.78270000000,5.18560000000,1.00000000000
120,1.94070000000,4.76560000000,4.89720000000,-0.900000000000E-03
121,1.82080000000,4.44740000000,4.82310000000,1.00000000000
122,1.93820000000,4.05510000000,4.75900000000,-0.999300000000
123,1.40320000000,4.30950000000,4.99860000000,-0.999300000000
124,2.02750000000,4.60560000000,4.81700000000,-0.900000000000E-03
125,2.12680000000,4.98410000000,4.98530000000,-0.900000000000E-03
126,1.95620000000,4.99550000000,5.02400000000,-0.998200000000
127,2.14950000000,5.13530000000,5.09580000000,0.5
128,2.49160000000,5.22430000000,5.19090000000,-0.998200000000
129,2.68970000000,5.52910000000,5.72290000000,0.5
130,2.78370000000,5.42640000000,5.57410000000,1.00000000000
131,3.09620000000,5.29040000000,5.63170000000,0.5
132,3.52110000000,4.81830000000,5.63130000000,-0.999300000000
133,3.60600000000,4.31340000000,5.47730000000,1.00000000000
134,3.69030000000,4.80580000000,6.34960000000,-0.999300000000
135,3.57640000000,4.77810000000,6.88290000000,-0.999300000000
136,3.48600000000,4.63070000000,7.15630000000,1.00000000000
137,3.23700000000,4.18750000000,7.53280000000,-0.900000000000E-03
138,3.09460000000,4.80050000000,7.44950000000,0.999700000000
139,2.99930000000,4.19840000000,7.68430000000,-0.998200000000
140,2.63750000000,4.04140000000,7.81830000000,-0.998200000000
141,3.00170000000,4.40640000000,7.65620000000,1.00000000000
142,2.91660000000,3.79320000000,7.68740000000,0.999700000000
143,2.66060000000,4.03980000000,7.81250000000,1.00000000000
144,2.89020000000,3.70480000000,7.67540000000,-0.998200000000
145,3.28330000000,3.24410000000,7.11530000000,0.5
146,3.10160000000,3.16690000000,7.22420000000,0.999700000000
147,3.17560000000,3.14140000000,7.12380000000,-0.999300000000
148,3.66000000000,3.74960000000,6.93340000000,0.999700000000
149,3.74290000000,3.72690000000,6.68910000000,0.999700000000
150,3.73260000000,4.15820000000,6.87890000000,0.999700000000
151,3.67590000000,4.24480000000,6.99420000000,-0.999300000000
152,3.34160000000,4.38450000000,7.41630000000,0.5
153,3.22720000000,4.33880000000,7.52340000000,-0.998200000000
154,3.36600000000,4.12870000000,7.42290000000,-0.900000000000E-03
155,3.04800000000,4.06390000000,7.65860000000,1.00000000000
156,3.38960000000,3.65350000000,7.29460000000,-0.999300000000
157,3.01980000000,3.49410000000,7.52350000000,0.999700000000
158,3.01730000000,3.38210000000,7.46110000000,-0.900000000000E-03
159,3.10480000000,3.26790000000,7.31510000000,-0.998200000000
160,3.596817110290523,3.792469184334446,5.508730702164297,2.0
~end Particle 2
~Particle 3
1,3.30220000000,1.45290000000,6.49410000000,1.00000000000
2,3.28710000000,1.25070000000,6.65570000000,-0.999300000000
3,3.42700000000,1.26470000000,6.45190000000,-0.999300000000
4,3.50450000000,1.25900000000,6.30840000000,0.999700000000
5,3.56930000000,1.13920000000,6.25100000000,0.5
6,3.47850000000,1.50720000000,6.04660000000,0.999700000000
7,3.57960000000,1.18860000000,6.18240000000,-0.998200000000
8,3.55200000000,1.44370000000,5.55740000000,1.00000000000
9,3.48160000000,1.57130000000,5.58190000000,0.999700000000
10,3.50060000000,1.50950000000,5.44590000000,-0.999300000000
11,3.10470000000,1.98470000000,5.62430000000,-0.999300000000
12,3.06800000000,2.01150000000,5.62210000000,0.999700000000
13,2.74470000000,2.18100000000,5.85980000000,1.00000000000
14,2.90280000000,2.08780000000,5.41480000000,-0.999300000000
15,2.98770000000,1.96190000000,5.17520000000,-0.999300000000
16,3.03950000000,2.02450000000,5.54230000000,-0.998200000000
17,2.96060000000,1.99960000000,5.22580000000,0.5
18,2.61160000000,2.21010000000,5.41000000000,-0.999300000000
19,2.54340000000,2.14700000000,5.12800000000,1.00000000000
20,2.90620000000,2.11000000000,5.58300000000,-0.998200000000
21,2.75590000000,2.18570000000,5.71710000000,1.00000000000
22,2.01230000000,2.28360000000,5.90250000000,-0.998200000000
23,2.90080000000,2.05540000000,5.28480000000,1.00000000000
24,1.24840000000,1.76340000000,6.45610000000,0.5
25,2.63770000000,1.85020000000,6.68920000000,0.999700000000
26,3.49570000000,-0.840000000000E-01,5.79070000000,-0.900000000000E-03
27,3.31280000000,-0.330000000000,5.64280000000,-0.998200000000
28,2.78680000000,-0.705300000000,5.74410000000,0.5
29,2.64850000000,-0.676500000000,5.20500000000,-0.999300000000
30,2.33200000000,-0.799800000000,5.39890000000,1.00000000000
31,2.12120000000,-0.806600000000,5.38520000000,-0.900000000000E-03
32,2.36150000000,-0.303300000000,4.53150000000,0.999700000000
33,2.77610000000,-0.188500000000,4.58260000000,0.999700000000
34,2.95920000000,-0.293900000000,4.81660000000,-0.998200000000
35,2.93630000000,-0.450400000000,5.01580000000,0.5
36,3.07420000000,-0.244300000000,4.87450000000,0.999700000000
37,3.46280000000,-0.136200000000,5.60270000000,1.00000000000
38,2.89170000000,2.10520000000,5.91080000000,1.00000000000
39,1.72530000000,2.10550000000,6.32530000000,-0.998200000000
40,2.78260000000,1.54380000000,6.88600000000,-0.999300000000
41,1.53780000000,0.808400000000,7.13590000000,1.00000000000
42,1.40500000000,1.44960000000,6.87260000000,-0.999300000000
43,2.09800000000,1.04610000000,7.23260000000,1.00000000000
44,3.05830000000,0.699300000000,4.40760000000,0.999700000000
45,3.46950000000,0.753200000000,4.83040000000,-0.900000000000E-03
46,3.09760000000,-0.101800000000,4.75250000000,-0.998200000000
47,2.71130000000,-0.984000000000E-01,4.48190000000,-0.999300000000
48,2.83160000000,0.422900000000,4.30950000000,-0.999300000000
49,0.710000000000,0.138900000000,5.83360000000,1.00000000000
50,0.681100000000,0.576500000000,5.18060000000,-0.999300000000
51,0.942100000000,1.72340000000,5.59170000000,0.5
52,1.41810000000,2.08440000000,6.00370000000,0.999700000000
53,1.68080000000,2.06080000000,6.38600000000,1.00000000000
54,1.56320000000,2.13400000000,6.08510000000,0.5
55,1.44780000000,1.79930000000,6.60420000000,0.999700000000
56,1.06770000000,1.64340000000,6.36650000000,-0.999300000000
57,0.966400000000,1.44830000000,6.42770000000,-0.999300000000
58,0.741400000000,1.22710000000,6.16210000000,-0.999300000000
59,0.588000000000,0.665300000000,5.67950000000,1.00000000000
60,0.611500000000,0.544900000000,5.90020000000,-0.998200000000
61,1.07840000000,-0.183200000000,6.37510000000,0.5
62,1.85890000000,0.292700000000,7.17230000000,-0.999300000000
63,1.97730000000,-0.237100000000,6.91640000000,1.00000000000
64,2.72130000000,0.637400000000,7.15740000000,-0.999300000000
65,3.03410000000,1.03340000000,6.96290000000,0.5
66,3.19420000000,0.426800000000,6.83410000000,1.00000000000
67,2.91720000000,0.245200000000,6.97980000000,0.5
68,2.40650000000,-0.456400000000,6.68950000000,-0.999300000000
69,1.98300000000,-0.532500000000,6.60820000000,-0.900000000000E-03
70,0.980900000000,-0.132800000000,5.11660000000,0.5
71,1.61130000000,-0.290500000000,4.63520000000,0.999700000000
72,2.25320000000,-0.550100000000,4.79320000000,-0.999300000000
73,2.07560000000,-0.624300000000,4.90800000000,-0.998200000000
74,1.37080000000,-0.393800000000,4.93340000000,-0.900000000000E-03
75,1.31960000000,-0.594800000000,5.73910000000,0.999700000000
76,1.88710000000,-0.779100000000,6.02220000000,0.5
77,2.62680000000,-0.760500000000,5.82230000000,-0.900000000000E-03
78,2.23520000000,-0.640200000000,6.45280000000,0.999700000000
79,3.05290000000,-0.394500000000,6.32220000000,-0.999300000000
80,2.65020000000,0.413100000000,7.15120000000,0.999700000000
81,2.13480000000,0.947900000000,7.25030000000,-0.998200000000
82,2.34270000000,0.827000000000,7.25140000000,-0.999300000000
83,2.48590000000,1.03710000000,7.20010000000,1.00000000000
84,2.31600000000,1.52000000000,7.04480000000,0.5
85,2.58510000000,1.35000000000,7.07440000000,-0.998200000000
86,2.90570000000,1.46540000000,6.86560000000,-0.999300000000
87,2.86060000000,1.78050000000,6.63080000000,-0.999300000000
88,2.82620000000,0.860400000000,7.11010000000,-0.900000000000E-03
89,3.09700000000,1.47520000000,6.71150000000,1.00000000000
90,3.13330000000,0.719200000000,6.92530000000,-0.999300000000
91,3.65210000000,0.409700000000,6.05380000000,-0.900000000000E-03
92,2.59370000000,-0.691100000000,6.19320000000,-0.900000000000E-03
93,1.65020000000,-0.739000000000,5.48710000000,-0.998200000000
94,1.24650000000,-0.394100000000,5.08850000000,-0.998200000000
95,0.798900000000,-0.551000000000E-01,5.72150000000,-0.999300000000
96,0.824700000000,-0.677000000000E-01,5.91830000000,0.999700000000
97,1.81510000000,-0.675400000000,6.29940000000,0.5
98,1.49650000000,-0.666500000000,5.96200000000,-0.999300000000
99,1.40570000000,-0.645700000000,5.66080000000,-0.900000000000E-03
100,3.08060000000,-0.477000000000,6.08280000000,0.999700000000
101,3.69490000000,0.707500000000,5.37210000000,1.00000000000
102,3.15040000000,1.89940000000,6.04400000000,-0.900000000000E-03
103,3.60310000000,1.28210000000,5.41650000000,-0.998200000000
104,2.83230000000,2.14860000000,5.59570000000,-0.998200000000
105,2.29310000000,1.01580000000,4.15480000000,-0.999300000000
106,1.88730000000,-0.277500000000,4.52230000000,-0.998200000000
107,0.930400000000,-0.127300000000,5.22350000000,-0.999300000000
108,0.726000000000,0.321300000000,5.19510000000,0.999700000000
109,1.08180000000,0.125800000000,4.72370000000,1.00000000000
110,0.929700000000,1.03040000000,4.76020000000,-0.900000000000E-03
111,1.53350000000,1.46110000000,4.44960000000,-0.999300000000
112,2.28590000000,1.46950000000,4.31230000000,0.5
113,1.91180000000,1.17240000000,4.20600000000,1.00000000000
114,1.83750000000,2.02430000000,4.85820000000,0.5
115,2.56570000000,2.01700000000,4.88580000000,1.00000000000
116,2.29830000000,1.16460000000,4.19010000000,-0.900000000000E-03
117,3.51870000000,0.499900000000,4.94540000000,-0.900000000000E-03
118,3.28410000000,0.258000000000E-01,4.85860000000,1.00000000000
119,3.02700000000,0.466200000000,4.41330000000,1.00000000000
120,2.45070000000,0.596400000000,4.15690000000,-0.900000000000E-03
121,2.56570000000,0.928300000000,4.18980000000,1.00000000000
122,2.46570000000,1.31730000000,4.26870000000,-0.999300000000
123,2.91700000000,1.17660000000,4.39240000000,-0.999300000000
124,2.37730000000,0.784500000000,4.13950000000,-0.900000000000E-03
125,2.28970000000,0.372400000000,4.17090000000,-0.900000000000E-03
126,2.49420000000,0.367700000000,4.20390000000,-0.998200000000
127,2.26310000000,0.190500000000,4.22370000000,0.5
128,1.86900000000,0.5,4.28990000000,-0.998200000000
129,1.70630000000,-0.381800000000,4.68370000000,0.5
130,1.70410000000,-0.237900000000,4.54560000000,1.00000000000
131,1.29410000000,-0.136400000000,4.71120000000,0.5
132,0.882600000000,0.293200000000,4.88850000000,-0.999300000000
133,0.801300000000,0.811200000000,4.90510000000,1.00000000000
134,0.739200000000,0.670000000000E-01,5.58300000000,-0.999300000000
135,0.885100000000,-0.100700000000,6.08610000000,-0.999300000000
136,0.955700000000,-0.202000000000E-01,6.36940000000,1.00000000000
137,1.23100000000,0.263600000000,6.87280000000,-0.900000000000E-03
138,1.53900000000,-0.397700000000,6.59220000000,0.999700000000
139,1.50560000000,0.167800000000,7.00690000000,-0.998200000000
140,1.76530000000,0.378400000000,7.17350000000,-0.998200000000
141,1.47170000000,0.168000000000E-01,6.91260000000,1.00000000000
142,1.68880000000,0.547500000000,7.18210000000,0.999700000000
143,1.86300000000,0.328300000000,7.18320000000,1.00000000000
144,1.57560000000,0.643200000000,7.15070000000,-0.998200000000
145,1.17290000000,1.27250000000,6.79330000000,0.5
146,1.39210000000,1.27460000000,6.95480000000,0.999700000000
147,1.30240000000,1.40110000000,6.83040000000,-0.999300000000
148,0.874500000000,0.987900000000,6.56440000000,0.999700000000
149,0.690600000000,0.788300000000,6.25380000000,0.999700000000
150,0.732800000000,0.457600000000,6.29610000000,0.999700000000
151,0.767700000000,0.350800000000,6.31880000000,-0.999300000000
152,1.13510000000,0.115300000000,6.71440000000,0.5
153,1.27380000000,0.190000000000,6.87400000000,-0.998200000000
154,1.10220000000,0.382500000000,6.80390000000,-0.900000000000E-03
155,1.41060000000,0.282000000000,7.00050000000,1.00000000000
156,1.08840000000,0.848100000000,6.83960000000,-0.999300000000
157,1.45290000000,0.848200000000,7.09360000000,0.999700000000
158,1.44970000000,1.00110000000,7.07090000000,-0.900000000000E-03
159,1.32560000000,1.31470000000,6.89330000000,-0.998200000000
160,0.7720500896878659,1.2142291940263088,5.130926836828431,2.0
~end Particle 3
~Particle 4
1,0.890900000000,3.74410000000,1.92670000000,1.00000000000
2,0.765500000000,3.67690000000,1.68720000000,-0.999300000000
3,0.648100000000,3.75620000000,1.90710000000,-0.999300000000
4,0.546700000000,3.77470000000,2.00660000000,0.999700000000
5,0.460900000000,3.77910000000,2.08470000000,0.5
6,0.771400000000,3.80040000000,2.41680000000,0.999700000000
7,0.501500000000,3.79510000000,2.18650000000,-0.998200000000
8,0.629200000000,3.72660000000,2.80500000000,1.00000000000
9,0.701100000000,3.76330000000,2.67680000000,0.999700000000
10,0.710400000000,3.67630000000,2.93470000000,-0.999300000000
11,1.32590000000,3.56740000000,2.81470000000,-0.999300000000
12,1.37700000000,3.53880000000,2.81970000000,0.999700000000
13,1.69760000000,3.39020000000,2.56510000000,1.00000000000
14,1.47690000000,3.38080000000,3.01140000000,-0.999300000000
15,1.29550000000,3.35280000000,3.21370000000,-0.999300000000
16,1.40840000000,3.49310000000,2.88470000000,-0.998200000000
17,1.35420000000,3.34390000000,3.18110000000,0.5
18,1.73420000000,3.16610000000,2.98230000000,-0.999300000000
19,1.66430000000,3.00760000000,3.24000000000,1.00000000000
20,1.52040000000,3.43250000000,2.85710000000,-0.998200000000
21,1.68150000000,3.36230000000,2.71110000000,1.00000000000
22,2.12690000000,2.78750000000,2.44980000000,-0.998200000000
23,1.42470000000,3.34130000000,3.12400000000,1.00000000000
24,2.05010000000,1.90550000000,1.64900000000,0.5
25,1.55020000000,3.33300000000,1.61490000000,0.999700000000
26,-0.636200000000,3.11510000000,2.20500000000,-0.900000000000E-03
27,-0.788600000000,2.83900000000,2.31020000000,-0.998200000000
28,-0.880400000000,2.20970000000,2.01250000000,0.5
29,-0.882500000000,2.03690000000,2.50940000000,-0.999300000000
30,-0.742100000000,1.53330000000,2.30330000000,1.00000000000
31,-0.731900000000,1.52010000000,2.20770000000,-0.900000000000E-03
32,-0.505200000000,1.70480000000,3.21320000000,0.999700000000
33,-0.538900000000,2.27440000000,3.31850000000,0.999700000000
34,-0.728000000000,2.29090000000,3.03610000000,-0.998200000000
35,-0.809800000000,2.49530000000,2.79020000000,0.5
36,-0.700900000000,2.57740000000,3.00930000000,0.999700000000
37,-0.690300000000,3.03140000000,2.39040000000,1.00000000000
38,1.52310000000,3.52370000000,2.57500000000,1.00000000000
39,2.17020000000,2.55090000000,1.99670000000,-0.998200000000
40,1.29050000000,3.39280000000,1.44790000000,-0.999300000000
41,1.15600000000,2.09840000000,0.821900000000,1.00000000000
42,1.79840000000,2.11690000000,1.22830000000,-0.999300000000
43,1.17170000000,2.66910000000,0.884900000000,1.00000000000
44,0.619000000000E-01,2.74640000000,3.66620000000,0.999700000000
45,-0.334000000000E-01,3.19460000000,3.33970000000,-0.900000000000E-03
46,-0.628700000000,2.50900000000,3.15950000000,-0.998200000000
47,-0.501800000000,2.11890000000,3.35500000000,-0.999300000000
48,-0.109000000000,2.42260000000,3.66280000000,-0.999300000000
49,0.805200000000,0.753100000000,1.81120000000,1.00000000000
50,1.09840000000,0.746100000000,2.54220000000,-0.999300000000
51,2.07600000000,1.57220000000,2.47430000000,0.5
52,2.22640000000,2.23980000000,2.15760000000,0.999700000000
53,2.15410000000,2.51120000000,1.89690000000,1.00000000000
54,2.22150000000,2.38750000000,2.18500000000,0.5
55,2.06380000000,2.33060000000,1.60290000000,0.999700000000
56,2.05100000000,1.79330000000,1.72090000000,-0.999300000000
57,1.92420000000,1.62990000000,1.59440000000,-0.999300000000
58,1.79880000000,1.29540000000,1.76820000000,-0.999300000000
59,1.30990000000,0.827400000000,2.05810000000,1.00000000000
60,1.22400000000,0.844900000000,1.84350000000,-0.998200000000
61,0.474800000000,1.08860000000,1.25140000000,0.5
62,0.651000000000,2.11080000000,0.741000000000,-0.999300000000
63,0.822000000000E-01,2.03540000000,0.861000000000,1.00000000000
64,0.538000000000,3.04150000000,0.963200000000,-0.999300000000
65,0.683200000000,3.41170000000,1.26400000000,0.5
66,0.114400000000,3.30630000000,1.29480000000,1.00000000000
67,0.100900000000,3.02670000000,1.07040000000,0.5
68,-0.307900000000,2.17600000000,1.07290000000,-0.999300000000
69,-0.203400000000,1.77310000000,1.08100000000,-0.900000000000E-03
70,0.314000000000,0.715100000000,2.48100000000,0.5
71,-0.228500000000,1.15150000000,3.01110000000,0.999700000000
72,-0.655900000000,1.57100000000,2.84210000000,-0.999300000000
73,-0.571300000000,1.33330000000,2.66630000000,-0.998200000000
74,-0.106600000000,0.912200000000,2.65530000000,-0.900000000000E-03
75,-0.154600000000,0.959500000000,1.89660000000,0.999700000000
76,-0.507600000000,1.46690000000,1.59570000000,0.5
77,-0.849600000000,2.01650000000,1.94240000000,-0.900000000000E-03
78,-0.484500000000,1.90440000000,1.28620000000,0.999700000000
79,-0.630900000000,2.68740000000,1.53720000000,-0.999300000000
80,0.349700000000,2.97860000000,0.957700000000,0.999700000000
81,1.24210000000,2.51970000000,0.874400000000,-0.998200000000
82,0.927200000000,2.84390000000,0.882300000000,-0.999300000000
83,1.03110000000,3.08890000000,1.03940000000,1.00000000000
84,1.47790000000,3.03320000000,1.22560000000,0.5
85,1.19680000000,3.17580000000,1.16620000000,-0.998200000000
86,1.14180000000,3.46910000000,1.45820000000,-0.999300000000
87,1.42240000000,3.49880000000,1.76040000000,-0.999300000000
88,0.678300000000,3.19770000000,1.06400000000,-0.900000000000E-03
89,0.986500000000,3.62450000000,1.64530000000,1.00000000000
90,0.384500000000,3.39510000000,1.28240000000,-0.999300000000
91,-0.224400000000,3.51520000000,2.08860000000,-0.900000000000E-03
92,-0.716500000000,2.18480000000,1.55610000000,-0.900000000000E-03
93,-0.433500000000,1.13570000000,2.07460000000,-0.998200000000
94,0.201000000000E-01,0.805600000000,2.38700000000,-0.998200000000
95,0.582100000000,0.718900000000,1.91080000000,-0.999300000000
96,0.544800000000,0.793700000000,1.69770000000,0.999700000000
97,-0.366100000000,1.53370000000,1.35010000000,0.5
98,-0.237100000000,1.15260000000,1.61200000000,-0.999300000000
99,-0.273600000000,1.03820000000,1.91350000000,-0.900000000000E-03
100,-0.752100000000,2.60670000000,1.73220000000,0.999700000000
101,0.836000000000E-01,3.58640000000,2.86560000000,1.00000000000
102,1.27840000000,3.68030000000,2.38120000000,-0.900000000000E-03
103,0.462200000000,3.66720000000,2.92530000000,-0.998200000000
104,1.61000000000,3.35600000000,2.87090000000,-0.998200000000
105,0.587200000000,2.14450000000,3.87340000000,-0.999300000000
106,-0.277300000000,1.30650000000,3.15480000000,-0.998200000000
107,0.368200000000,0.696700000000,2.40050000000,-0.999300000000
108,0.817400000000,0.690400000000,2.53520000000,0.999700000000
109,0.516200000000,0.826200000000,2.98230000000,1.00000000000
110,1.42320000000,1.08460000000,3.05610000000,-0.900000000000E-03
111,1.40730000000,1.67700000000,3.57170000000,-0.999300000000
112,1.06540000000,2.28370000000,3.82460000000,0.5
113,0.922300000000,1.82810000000,3.80130000000,1.00000000000
114,1.82420000000,2.30540000000,3.36230000000,0.5
115,1.47190000000,2.98220000000,3.42840000000,1.00000000000
116,0.770900000000,2.18590000000,3.87330000000,-0.900000000000E-03
117,-0.266300000000,3.17180000000,3.16220000000,-0.900000000000E-03
118,-0.564500000000,2.84200000000,3.07930000000,1.00000000000
119,-0.114400000000,2.64260000000,3.61080000000,1.00000000000
120,0.187400000000,2.10060000000,3.79810000000,-0.900000000000E-03
121,0.426300000000,2.32050000000,3.85780000000,1.00000000000
122,0.847900000000,2.41350000000,3.85690000000,-0.999300000000
123,0.357100000000,2.73920000000,3.76380000000,-0.999300000000
124,0.382700000000,2.08530000000,3.84530000000,-0.900000000000E-03
125,0.697000000000E-01,1.87030000000,3.71480000000,-0.900000000000E-03
126,-0.350000000000E-01,2.06210000000,3.70370000000,-0.998200000000
127,-0.883000000000E-01,1.71590000000,3.58470000000,0.5
128,-0.970000000000E-02,1.42180000000,3.46950000000,-0.998200000000
129,-0.303100000000,1.17750000000,2.94960000000,0.5
130,-0.199900000000,1.17720000000,3.08220000000,1.00000000000
131,0.126700000000,0.888300000000,2.90860000000,0.5
132,0.680100000000,0.726300000000,2.73760000000,-0.999300000000
133,1.22330000000,0.889000000000,2.88700000000,1.00000000000
134,0.684200000000,0.685200000000,2.06310000000,-0.999300000000
135,0.561500000000,0.852400000000,1.57160000000,-0.999300000000
136,0.631000000000,0.995200000000,1.34510000000,1.00000000000
137,0.839600000000,1.49240000000,0.935000000000,-0.900000000000E-03
138,0.101000000000,1.36140000000,1.12960000000,0.999700000000
139,0.655400000000,1.68220000000,0.837100000000,-0.998200000000
140,0.505900000000,2.16760000000,0.745300000000,-0.998200000000
141,0.508000000000,1.61640000000,0.872000000000,1.00000000000
142,0.967200000000,2.05850000000,0.776100000000,0.999700000000
143,0.663600000000,2.17250000000,0.737200000000,1.00000000000
144,1.07340000000,2.02450000000,0.805600000000,-0.998200000000
145,1.73930000000,1.84010000000,1.23410000000,0.5
146,1.69170000000,2.06610000000,1.13240000000,0.999700000000
147,1.79230000000,1.99160000000,1.24330000000,-0.999300000000
148,1.55950000000,1.37470000000,1.34780000000,0.999700000000
149,1.66050000000,1.21490000000,1.65320000000,0.999700000000
150,1.14870000000,1.04680000000,1.40400000000,0.999700000000
151,1.05830000000,1.01800000000,1.39840000000,-0.999300000000
152,0.726200000000,1.29370000000,1.05220000000,0.5
153,0.763000000000,1.50440000000,0.920800000000,-0.998200000000
154,0.972200000000,1.40550000000,1.01050000000,-0.900000000000E-03
155,0.796400000000,1.68010000000,0.844000000000,1.00000000000
156,1.40080000000,1.59330000000,1.07870000000,-0.999300000000
157,1.33010000000,1.97390000000,0.909300000000,0.999700000000
158,1.44280000000,2.05230000000,0.955900000000,-0.900000000000E-03
159,1.70250000000,2.02660000000,1.14840000000,-0.998200000000
160,1.6769973244770178,1.101509994874958,2.693550522940425,2.0
~end Particle 4
