time_min,absorb_mau
0.0,-0.001
0.0033333333830038,-0.002
0.0066666667660077,-0.002
0.0100000001490116,-0.003
0.0133333335320154,-0.006
0.0166666669150193,-0.009
0.0200000002980232,-0.013
0.023333333681027,-0.016
0.0266666670640309,-0.019
0.0300000004470348,-0.014
0.0333333338300387,-0.006
0.0366666672130425,0.002
0.0400000005960464,0.011
0.0433333339790503,0.02
0.0466666673620541,0.029
0.050000000745058,0.038
0.0533333341280619,0.047
0.0566666675110658,0.056
0.0600000008940696,0.065
0.0633333342770735,0.073
0.0666666676600774,0.071
0.0700000010430812,0.072
0.0733333344260851,0.073
0.076666667809089,0.075
0.0800000011920929,0.084
0.0833333345750967,0.102
0.0866666679581006,0.12
0.0900000013411045,0.138
0.0933333347241083,0.156
0.0966666681071122,0.168
0.1000000014901161,0.177
0.1033333348731199,0.185
0.1066666682561238,0.193
0.1100000016391277,0.201
0.1133333350221316,0.204
0.1166666684051354,0.193
0.1200000017881393,0.182
0.1233333351711432,0.17
0.1266666685541471,0.158
0.1300000019371509,0.155
0.1333333353201548,0.164
0.1366666687031587,0.175
0.1400000020861625,0.185
0.1433333354691664,0.196
0.1466666688521703,0.205
0.1500000022351741,0.207
0.153333335618178,0.212
0.1566666690011819,0.217
0.1600000023841858,0.222
0.1633333357671896,0.226
0.1666666691501935,0.22
0.1700000025331974,0.21
0.1733333359162013,0.2
0.1766666692992051,0.19
0.180000002682209,0.185
0.1833333360652129,0.194
0.1866666694482167,0.208
0.1900000028312206,0.222
0.1933333362142245,0.235
0.1966666695972283,0.247
0.2000000029802322,0.257
0.2033333363632361,0.269
0.2066666697462399,0.28
0.2100000031292438,0.292
0.2133333365122477,0.304
0.2166666698952516,0.301
0.2200000032782554,0.293
0.2233333366612593,0.285
0.2266666700442632,0.277
0.2300000034272671,0.27
0.2333333368102709,0.261
0.2366666701932748,0.255
0.2400000035762786,0.251
0.2433333369592825,0.246
0.2466666703422864,0.242
0.2500000037252903,0.234
0.2533333371082942,0.224
0.256666670491298,0.216
0.2600000038743019,0.207
0.2633333372573058,0.198
0.2666666706403096,0.19
0.2700000040233135,0.18
0.2733333374063174,0.17
0.2766666707893213,0.159
0.2800000041723251,0.148
0.283333337555329,0.119
0.2866666709383328,0.09
0.2900000043213367,0.062
0.2933333377043406,0.034
0.2966666710873445,0.006
0.3000000044703483,0.004
0.3033333378533522,0.004
0.3066666712363561,0.004
0.31000000461936,0.005
0.3133333380023638,0.005
0.3166666713853677,0.0
0.3200000047683716,0.001
0.3233333381513754,0.0
0.3266666715343793,0.0
0.3300000049173832,0.0
0.3333333383003871,-0.001
0.3366666716833909,0.0
0.3400000050663948,0.001
0.3433333384493987,0.003
0.3466666718324026,0.004
0.3500000052154064,0.008
0.3533333385984103,0.002
0.3566666719814141,-0.001
0.360000005364418,-0.004
0.3633333387474219,-0.008
0.3666666721304258,0.005
0.3700000055134296,0.044
0.3733333388964335,0.082
0.3766666722794374,0.121
0.3800000056624412,0.159
0.3833333390454451,0.178
0.386666672428449,0.17
0.3900000058114529,0.16
0.3933333391944567,0.15
0.3966666725774606,0.141
0.4000000059604645,0.157
0.4033333393434684,0.204
0.4066666727264722,0.251
0.4100000061094761,0.297
0.4133333394924799,0.343
0.4166666728754838,0.607
0.4200000062584877,1.133
0.4233333396414916,1.645
0.4266666730244954,2.156
0.4300000064074993,2.667
0.4333333397905032,4.017
0.436666673173507,6.614
0.4400000065565109,9.142
0.4433333399395148,11.669
0.4466666733225187,14.196
0.4500000067055225,18.571
0.4533333400885264,25.96
0.4566666734715303,33.276
0.4600000068545342,40.593
0.463333340237538,47.909
0.4666666736205419,57.234
0.4700000070035457,70.44
0.4733333403865497,83.611
0.4766666737695535,96.783
0.4800000071525573,109.954
0.4833333405355612,124.207
0.4866666739185651,141.204
0.490000007301569,158.137
0.4933333406845728,175.071
0.4966666740675767,192.005
0.5000000074505806,209.464
0.5033333408335845,228.677
0.5066666742165884,247.833
0.5100000075995922,266.988
0.5133333409825961,286.143
0.5166666743656,305.312
0.5200000077486039,324.4
0.5233333411316077,339.785
0.5266666745146116,356.88
0.5300000078976155,373.975
0.5333333412806193,390.919
0.5366666746636232,402.433
0.5400000080466271,413.007
0.543333341429631,423.581
0.5466666748126348,435.212
0.5500000081956387,444.628
0.5533333415786426,448.973
0.5566666749616465,451.337
0.5600000083446502,454.227
0.5633333417276541,456.591
0.566666675110658,459.218
0.570000008493662,456.685
0.5733333418766657,452.966
0.5766666752596696,449.27
0.5800000086426735,445.203
0.5833333420256774,441.876
0.5866666754086812,433.577
0.5900000087916851,425.817
0.593333342174689,416.333
0.5966666755576928,408.572
0.6000000089406967,399.088
0.6033333423237006,389.535
0.6066666757067045,377.929
0.6100000090897083,368.414
0.6133333424727122,357.842
0.6166666758557161,347.27
0.62000000923872,335.22
0.6233333426217238,325.947
0.6266666760047277,314.569
0.6300000093877316,305.26
0.6333333427707355,293.881
0.6366666761537393,283.703
0.6400000095367432,274.399
0.6433333429197471,265.079
0.6466666763027509,256.69
0.6500000096857548,246.437
0.6533333430687587,237.426
0.6566666764517626,229.565
0.6600000098347664,221.677
0.6633333432177703,214.577
0.6666666766007742,205.901
0.6700000099837781,199.036
0.6733333433667819,192.064
0.6766666767497858,186.327
0.6800000101327897,179.952
0.6833333435157936,172.94
0.6866666768987973,167.342
0.6900000102818012,161.791
0.6933333436648051,157.235
0.6966666770478089,152.173
0.7000000104308128,146.604
0.7033333438138167,142.108
0.7066666771968206,137.646
0.7100000105798244,133.984
0.7133333439628283,129.914
0.7166666773458322,125.437
0.7200000107288361,121.797
0.7233333441118399,118.105
0.7266666774948438,115.09
0.7300000108778477,111.739
0.7333333442608516,108.054
0.7366666776438554,105.035
0.7400000110268593,102.199
0.7433333444098632,99.873
0.746666677792867,97.031
0.7500000111758709,94.446
0.7533333445588748,91.822
0.7566666779418787,89.624
0.7600000113248825,87.427
0.7633333447078864,85.45
0.7666666780908903,83.034
0.7700000114738942,81.004
0.773333344856898,79.116
0.7766666782399019,77.567
0.7800000116229058,75.673
0.7833333450059097,73.952
0.7866666783889135,72.158
0.7900000117719174,70.629
0.7933333451549213,69.111
0.7966666785379252,67.744
0.800000011920929,66.074
0.8033333453039329,64.651
0.8066666786869368,63.174
0.8100000120699405,61.978
0.8133333454529444,60.516
0.8166666788359483,59.187
0.8200000122189522,57.805
0.823333345601956,56.616
0.8266666789849599,55.433
0.8300000123679638,54.369
0.8333333457509677,53.068
0.8366666791339715,51.971
0.8400000125169754,50.818
0.8433333458999793,49.916
0.8466666792829832,48.813
0.850000012665987,47.811
0.8533333460489909,46.783
0.8566666794319948,45.847
0.8600000128149986,44.935
0.8633333461980025,44.113
0.8666666795810064,43.11
0.8700000129640103,42.277
0.8733333463470141,41.384
0.876666679730018,40.714
0.8800000131130219,39.895
0.8833333464960258,39.151
0.8866666798790296,38.39
0.8900000132620335,37.678
0.8933333466450374,37.001
0.8966666800280413,36.324
0.9000000134110451,35.647
0.903333346794049,35.038
0.9066666801770528,34.314
0.9100000135600568,33.773
0.9133333469430606,33.11
0.9166666803260644,32.508
0.9200000137090684,31.901
0.9233333470920722,31.326
0.926666680475076,30.802
0.93000001385808,30.277
0.933333347241084,29.751
0.9366666806240876,29.226
0.9400000140070917,28.677
0.9433333473900954,28.167
0.9466666807730992,27.658
0.9500000141561032,27.199
0.953333347539107,26.639
0.9566666809221108,26.146
0.9600000143051148,25.703
0.9633333476881186,25.258
0.9666666810711224,24.813
0.9700000144541264,24.369
0.9733333478371302,23.907
0.976666681220134,23.494
0.980000014603138,23.077
0.983333347986142,22.702
0.9866666813691456,22.243
0.9900000147521496,21.819
0.9933333481351536,21.441
0.9966666815181574,21.059
1.0000000149011612,20.678
1.003333348284165,20.296
1.006666681667169,19.909
1.010000015050173,19.552
1.0133333484331768,19.197
1.0166666818161805,18.878
1.0200000151991844,18.487
1.0233333485821885,18.151
1.0266666819651922,17.795
1.030000015348196,17.502
1.0333333487312,17.144
1.036666682114204,16.818
1.0400000154972078,16.486
1.0433333488802117,16.179
1.0466666822632154,15.873
1.0500000156462193,15.597
1.0533333490292232,15.26
1.056666682412227,14.986
1.060000015795231,14.702
1.0633333491782349,14.472
1.0666666825612383,14.19
1.0700000159442424,13.934
1.0733333493272463,13.66
1.0766666827102502,13.427
1.080000016093254,13.188
1.083333349476258,12.972
1.086666682859262,12.709
1.0900000162422658,12.482
1.0933333496252695,12.244
1.0966666830082734,12.048
1.100000016391277,11.808
1.1033333497742812,11.59
1.1066666831572851,11.366
1.110000016540289,11.175
1.113333349923293,10.987
1.1166666833062966,10.817
1.1200000166893005,10.61
1.1233333500723044,10.429
1.1266666834553083,10.224
1.1300000168383122,10.058
1.133333350221316,9.854
1.13666668360432,9.669
1.140000016987324,9.48
1.1433333503703276,9.298
1.1466666837533317,9.12
1.1500000171363354,8.96
1.1533333505193393,8.764
1.1566666839023432,8.601
1.160000017285347,8.431
1.163333350668351,8.297
1.1666666840513549,8.134
1.1700000174343586,7.985
1.1733333508173625,7.829
1.1766666842003664,7.691
1.1800000175833705,7.554
1.1833333509663742,7.431
1.186666684349378,7.281
1.190000017732382,7.157
1.1933333511153856,7.021
1.1966666844983895,6.918
1.2000000178813934,6.791
1.203333351264397,6.676
1.2066666846474012,6.561
1.2100000180304051,6.469
1.213333351413409,6.384
1.216666684796413,6.3
1.2200000181794166,6.215
1.2233333515624203,6.137
1.2266666849454244,6.024
1.2300000183284283,5.938
1.2333333517114322,5.832
1.236666685094436,5.736
1.24000001847744,5.638
1.2433333518604437,5.534
1.2466666852434476,5.434
1.2500000186264515,5.333
1.2533333520094554,5.232
1.2566666853924593,5.142
1.2600000187754632,5.028
1.263333352158467,4.944
1.266666685541471,4.84
1.270000018924475,4.745
1.2733333523074786,4.65
1.2766666856904825,4.566
1.2800000190734864,4.483
1.2833333524564905,4.402
1.2866666858394942,4.321
1.290000019222498,4.24
1.2933333526055018,4.157
1.2966666859885057,4.074
1.3000000193715096,3.991
1.3033333527545137,3.917
1.3066666861375174,3.827
1.3100000195205213,3.763
1.3133333529035252,3.713
1.316666686286529,3.664
1.3200000196695327,3.615
1.3233333530525366,3.566
1.3266666864355403,3.519
1.3300000198185444,3.477
1.3333333532015483,3.436
1.3366666865845522,3.396
1.340000019967556,3.355
1.3433333533505598,3.296
1.3466666867335635,3.237
1.3500000201165676,3.178
1.3533333534995715,3.12
1.3566666868825754,3.062
1.360000020265579,3.015
1.3633333536485832,2.974
1.3666666870315871,2.933
1.3700000204145908,2.892
1.3733333537975947,2.85
1.3766666871805986,2.819
1.3800000205636025,2.796
1.3833333539466064,2.773
1.3866666873296103,2.75
1.3900000207126142,2.727
1.393333354095618,2.682
1.3966666874786218,2.615
1.4000000208616257,2.551
1.4033333542446296,2.487
1.4066666876276337,2.423
1.4100000210106374,2.372
1.4133333543936413,2.336
1.4166666877766452,2.301
1.4200000211596489,2.265
1.4233333545426528,2.23
1.4266666879256569,2.195
1.4300000213086606,2.186
1.4333333546916645,2.174
1.4366666880746684,2.163
1.4400000214576725,2.152
1.443333354840676,2.129
1.4466666882236798,2.085
1.4500000216066835,2.039
1.4533333549896876,1.994
1.4566666883726915,1.948
1.4600000217556954,1.905
1.463333355138699,1.868
1.4666666885217032,1.828
1.470000021904707,1.788
1.4733333552877108,1.748
1.4766666886707147,1.706
1.4800000220537186,1.697
1.4833333554367223,1.691
1.4866666888197264,1.684
1.4900000222027303,1.677
1.493333355585734,1.664
1.496666688968738,1.629
1.5000000223517418,1.591
1.5033333557347457,1.554
1.5066666891177496,1.516
1.5100000225007535,1.479
1.5133333558837574,1.461
1.5166666892667613,1.443
1.520000022649765,1.425
1.5233333560327689,1.407
1.5266666894157728,1.388
1.530000022798777,1.386
1.5333333561817806,1.385
1.5366666895647845,1.385
1.5400000229477884,1.385
1.543333356330792,1.382
1.546666689713796,1.357
1.5500000230968,1.328
1.5533333564798038,1.299
1.5566666898628077,1.27
1.5600000232458116,1.241
1.5633333566288157,1.221
1.5666666900118194,1.202
1.570000023394823,1.184
1.573333356777827,1.166
1.5766666901608308,1.149
1.5800000235438347,1.135
1.5833333569268386,1.122
1.5866666903098423,1.111
1.5900000236928464,1.1
1.5933333570758503,1.089
1.596666690458854,1.075
1.600000023841858,1.054
1.6033333572248618,1.035
1.6066666906078657,1.016
1.6100000239908696,0.997
1.6133333573738735,0.98
1.6166666907568774,0.961
1.620000024139881,0.943
1.623333357522885,0.925
1.626666690905889,0.908
1.6300000242888928,0.89
1.6333333576718967,0.88
1.6366666910549006,0.868
1.6400000244379045,0.857
1.6433333578209084,0.845
1.646666691203912,0.84
1.650000024586916,0.837
1.65333335796992,0.833
1.6566666913529238,0.829
1.6600000247359277,0.825
1.6633333581189316,0.829
1.6666666915019357,0.836
1.6700000248849391,0.844
1.673333358267943,0.852
1.676666691650947,0.859
1.6800000250339509,0.863
1.6833333584169548,0.866
1.6866666917999589,0.869
1.6900000251829626,0.871
1.6933333585659665,0.874
1.69666669194897,0.862
1.700000025331974,0.845
1.703333358714978,0.829
1.7066666920979818,0.812
1.7100000254809855,0.795
1.7133333588639896,0.792
1.7166666922469935,0.801
1.7200000256299972,0.81
1.723333359013001,0.819
1.726666692396005,0.828
1.730000025779009,0.839
1.7333333591620128,0.839
1.7366666925450167,0.842
1.7400000259280206,0.844
1.7433333593110245,0.847
1.7466666926940282,0.847
1.750000026077032,0.837
1.753333359460036,0.829
1.75666669284304,0.821
1.7600000262260438,0.813
1.7633333596090477,0.805
1.7666666929920516,0.793
1.7700000263750553,0.784
1.7733333597580592,0.774
1.776666693141063,0.764
1.780000026524067,0.761
1.7833333599070709,0.776
1.7866666932900748,0.793
1.790000026673079,0.809
1.7933333600560826,0.826
1.7966666934390862,0.837
1.80000002682209,0.827
1.803333360205094,0.816
1.806666693588098,0.805
1.8100000269711016,0.794
1.8133333603541055,0.781
1.8166666937371097,0.773
1.820000027120113,0.761
1.8233333605031168,0.75
1.826666693886121,0.738
1.830000027269125,0.719
1.833333360652129,0.693
1.8366666940351328,0.667
1.8400000274181367,0.64
1.8433333608011409,0.613
1.8466666941841443,0.59
1.850000027567148,0.591
1.853333360950152,0.59
1.856666694333156,0.59
1.86000002771616,0.59
1.863333361099164,0.594
1.866666694482168,0.589
1.8700000278651716,0.586
1.8733333612481755,0.584
1.8766666946311792,0.581
1.880000028014183,0.58
1.883333361397187,0.58
1.886666694780191,0.583
1.8900000281631948,0.586
1.8933333615461987,0.59
1.8966666949292024,0.594
1.9000000283122065,0.595
1.9033333616952104,0.596
1.906666695078214,0.597
1.910000028461218,0.598
1.9133333618442216,0.599
1.9166666952272255,0.61
1.9200000286102292,0.625
1.9233333619932331,0.643
1.9266666953762368,0.66
1.9300000287592407,0.675
1.933333362142245,0.673
1.936666695525249,0.667
1.9400000289082528,0.659
1.9433333622912567,0.651
1.9466666956742604,0.644
1.9500000290572643,0.639
1.953333362440268,0.634
1.956666695823272,0.627
1.960000029206276,0.621
1.96333336258928,0.615
1.966666695972284,0.608
1.9700000293552875,0.608
1.9733333627382916,0.605
1.9766666961212955,0.602
1.9800000295042992,0.598
1.983333362887303,0.585
1.986666696270307,0.573
1.990000029653311,0.56
1.9933333630363148,0.548
1.9966666964193185,0.534
2.0000000298023224,0.533
2.0033333631853263,0.527
2.00666669656833,0.525
2.010000029951334,0.524
2.013333363334338,0.522
2.016666696717342,0.524
2.020000030100346,0.536
2.0233333634833497,0.544
2.0266666968663536,0.552
2.030000030249357,0.561
2.033333363632361,0.553
2.036666697015365,0.541
2.0400000303983687,0.529
2.0433333637813726,0.516
2.0466666971643765,0.501
2.0500000305473804,0.495
2.0533333639303843,0.486
2.056666697313388,0.48
2.060000030696392,0.474
2.063333364079396,0.466
2.0666666974624,0.461
2.070000030845404,0.465
2.073333364228408,0.468
2.076666697611412,0.471
2.0800000309944155,0.474
2.083333364377419,0.478
2.086666697760423,0.48
2.090000031143427,0.481
2.0933333645264307,0.483
2.0966666979094346,0.484
2.1000000312924385,0.483
2.1033333646754424,0.489
2.1066666980584463,0.49
2.11000003144145,0.491
2.113333364824454,0.493
2.116666698207458,0.497
2.120000031590462,0.503
2.123333364973466,0.513
2.1266666983564697,0.522
2.1300000317394736,0.532
2.133333365122477,0.54
2.136666698505481,0.549
2.140000031888485,0.555
2.1433333652714888,0.561
2.1466666986544927,0.567
2.150000032037497,0.575
2.1533333654205005,0.576
2.1566666988035044,0.58
2.1600000321865083,0.584
2.163333365569512,0.588
2.166666698952516,0.585
2.17000003233552,0.569
2.173333365718524,0.552
2.176666699101528,0.535
2.180000032484532,0.519
2.183333365867535,0.511
2.186666699250539,0.508
2.190000032633543,0.506
2.193333366016547,0.504
2.1966666993995507,0.503
2.200000032782554,0.498
2.2033333661655585,0.493
2.2066666995485624,0.488
2.2100000329315663,0.483
2.2133333663145702,0.478
2.216666699697574,0.475
2.220000033080578,0.474
2.223333366463582,0.473
2.226666699846586,0.472
2.2300000332295897,0.47
2.233333366612593,0.467
2.236666699995597,0.451
2.240000033378601,0.437
2.243333366761605,0.423
2.246666700144609,0.409
2.2500000335276127,0.391
2.2533333669106166,0.394
2.2566667002936205,0.397
2.2600000336766244,0.4
2.2633333670596283,0.402
2.266666700442632,0.406
2.270000033825636,0.407
2.27333336720864,0.403
2.276666700591644,0.398
2.280000033974648,0.393
2.283333367357652,0.388
2.286666700740655,0.386
2.290000034123659,0.386
2.293333367506663,0.387
2.296666700889667,0.388
2.3000000342726707,0.389
2.303333367655674,0.378
2.3066667010386785,0.363
2.3100000344216824,0.349
2.3133333678046863,0.335
2.3166667011876902,0.321
2.320000034570694,0.31
2.323333367953698,0.306
2.326666701336702,0.301
2.330000034719706,0.297
2.3333333681027097,0.292
2.336666701485713,0.291
2.340000034868717,0.289
2.343333368251721,0.288
2.346666701634725,0.287
2.350000035017729,0.285
2.3533333684007327,0.29
2.3566667017837366,0.29
2.3600000351667405,0.29
2.3633333685497444,0.29
2.3666667019327483,0.291
2.370000035315752,0.268
2.373333368698756,0.239
2.37666670208176,0.212
2.380000035464764,0.184
2.383333368847768,0.157
2.3866667022307717,0.158
2.390000035613775,0.172
2.393333368996779,0.186
2.396666702379783,0.201
2.400000035762787,0.215
2.4033333691457908,0.21
2.4066667025287947,0.215
2.4100000359117986,0.213
2.4133333692948025,0.212
2.4166667026778064,0.211
2.4200000360608103,0.208
2.423333369443814,0.197
2.426666702826818,0.189
2.430000036209822,0.18
2.433333369592826,0.172
2.4366667029758293,0.168
2.440000036358833,0.169
2.443333369741837,0.166
2.446666703124841,0.163
2.450000036507845,0.161
2.453333369890849,0.169
2.4566667032738527,0.208
2.4600000366568566,0.247
2.4633333700398605,0.286
2.4666667034228644,0.324
2.4700000368058683,0.355
2.473333370188872,0.334
2.476666703571876,0.32
2.48000003695488,0.306
2.483333370337884,0.292
2.4866667037208874,0.281
2.4900000371038917,0.286
2.493333370486895,0.292
2.496666703869899,0.299
2.500000037252903,0.306
2.503333370635907,0.322
2.506666704018911,0.353
2.5100000374019147,0.385
2.5133333707849186,0.417
2.5166667041679225,0.449
2.5200000375509264,0.466
2.5233333709339303,0.439
2.526666704316934,0.412
2.530000037699938,0.384
2.533333371082942,0.356
2.536666704465945,0.337
2.5400000378489493,0.331
2.543333371231953,0.324
2.546666704614957,0.317
2.550000037997961,0.31
2.553333371380965,0.301
2.556666704763969,0.297
2.5600000381469727,0.295
2.5633333715299766,0.294
2.5666667049129805,0.292
2.5700000382959844,0.292
2.5733333716789883,0.282
2.576666705061992,0.275
2.580000038444996,0.268
2.583333371828,0.261
2.5866667052110035,0.254
2.5900000385940074,0.249
2.5933333719770117,0.236
2.596666705360015,0.224
2.600000038743019,0.211
2.603333372126023,0.198
2.606666705509027,0.201
2.610000038892031,0.214
2.6133333722750347,0.228
2.6166667056580386,0.241
2.6200000390410425,0.255
2.6233333724240464,0.246
2.6266667058070503,0.229
2.630000039190054,0.212
2.633333372573058,0.194
2.6366667059560616,0.177
2.640000039339065,0.184
2.6433333727220694,0.194
2.6466667061050733,0.205
2.650000039488077,0.215
2.653333372871081,0.226
2.656666706254085,0.23
2.660000039637089,0.237
2.6633333730200928,0.243
2.6666667064030967,0.25
2.670000039786101,0.256
2.6733333731691045,0.252
2.6766667065521084,0.239
2.6800000399351123,0.227
2.683333373318116,0.214
2.68666670670112,0.202
2.6900000400841235,0.197
2.6933333734671274,0.203
2.6966667068501318,0.207
2.7000000402331352,0.212
2.703333373616139,0.216
2.706666706999143,0.223
2.710000040382147,0.231
2.713333373765151,0.239
2.7166667071481547,0.246
2.720000040531158,0.254
2.7233333739141625,0.252
2.7266667072971664,0.236
2.7300000406801703,0.222
2.7333333740631742,0.208
2.7366667074461777,0.194
2.7400000408291816,0.189
2.743333374212185,0.197
2.7466667075951894,0.203
2.7500000409781933,0.21
2.753333374361197,0.216
2.756666707744201,0.223
2.760000041127205,0.226
2.763333374510209,0.232
2.766666707893213,0.237
2.7700000412762167,0.243
2.7733333746592206,0.252
2.7766667080422245,0.262
2.7800000414252284,0.272
2.7833333748082323,0.282
2.786666708191236,0.292
2.79000004157424,0.289
2.7933333749572435,0.269
2.7966667083402474,0.25
2.800000041723252,0.231
2.8033333751062552,0.213
2.806666708489259,0.201
2.810000041872263,0.21
2.813333375255267,0.216
2.816666708638271,0.222
2.8200000420212747,0.229
2.823333375404278,0.24
2.8266667087872825,0.237
2.8300000421702864,0.238
2.8333333755532903,0.239
2.836666708936294,0.24
2.8400000423192977,0.242
2.8433333757023016,0.247
2.846666709085305,0.252
2.8500000424683094,0.258
2.8533333758513133,0.263
2.856666709234317,0.269
2.860000042617321,0.261
2.863333376000325,0.255
2.866666709383329,0.249
2.870000042766333,0.244
2.8733333761493367,0.237
2.8766667095323406,0.251
2.8800000429153445,0.267
2.8833333762983484,0.283
2.886666709681352,0.299
2.890000043064356,0.317
2.89333337644736,0.319
2.896666709830364,0.321
2.9000000432133675,0.322
2.903333376596372,0.324
2.9066667099793757,0.323
2.910000043362379,0.309
2.913333376745383,0.294
2.916666710128387,0.278
2.920000043511391,0.263
2.9233333768943948,0.248
2.9266667102773987,0.224
2.9300000436604026,0.201
2.9333333770434065,0.179
2.93666671042641,0.156
2.940000043809414,0.135
2.9433333771924177,0.118
2.9466667105754216,0.105
2.950000043958425,0.092
2.953333377341429,0.078
2.9566667107244333,0.065
2.960000044107437,0.06
2.963333377490441,0.055
2.966666710873445,0.05
2.970000044256449,0.046
2.973333377639453,0.041
2.9766667110224567,0.02
2.9800000444054606,-0.004
2.9833333777884645,-0.027
2.986666711171468,-0.051
2.990000044554472,-0.074
2.993333377937476,-0.089
2.99666671132048,-0.098
3.000000044703484,-0.107
3.0033333780864875,-0.116
3.0066667114694914,-0.125
3.0100000448524957,-0.123
3.013333378235499,-0.119
3.016666711618503,-0.114
3.020000045001507,-0.109
3.023333378384511,-0.104
3.026666711767515,-0.087
3.0300000451505187,-0.064
3.0333333785335226,-0.043
3.036666711916526,-0.023
3.04000004529953,-0.002
3.043333378682534,0.016
3.0466667120655377,0.032
3.0500000454485416,0.048
3.053333378831545,0.063
3.056666712214549,0.079
3.0600000455975533,0.099
3.063333378980557,0.124
3.066666712363561,0.149
3.070000045746565,0.175
3.073333379129569,0.201
3.076666712512573,0.218
3.0800000458955767,0.226
3.0833333792785806,0.235
3.086666712661584,0.244
3.090000046044588,0.253
3.093333379427592,0.269
3.096666712810596,0.284
3.1000000461936,0.3
3.103333379576604,0.317
3.1066667129596075,0.333
3.1100000463426114,0.337
3.1133333797256157,0.309
3.116666713108619,0.285
3.120000046491623,0.26
3.123333379874627,0.236
3.126666713257631,0.215
3.130000046640635,0.196
3.1333333800236387,0.177
3.136666713406642,0.158
3.140000046789646,0.14
3.14333338017265,0.113
3.146666713555654,0.079
3.1500000469386578,0.046
3.1533333803216617,0.013
3.1566667137046656,-0.02
3.160000047087669,-0.037
3.1633333804706734,-0.026
3.1666667138536773,-0.012
3.170000047236681,0.0
3.173333380619685,0.014
3.176666714002689,0.029
3.180000047385693,0.032
3.1833333807686968,0.035
3.1866667141517007,0.039
3.190000047534704,0.042
3.193333380917708,0.045
3.196666714300712,0.067
3.200000047683716,0.09
3.20333338106672,0.112
3.206666714449724,0.135
3.2100000478327275,0.152
3.2133333812157314,0.155
3.2166667145987358,0.156
3.220000047981739,0.157
3.223333381364743,0.157
3.226666714747747,0.15
3.230000048130751,0.164
3.233333381513755,0.175
3.2366667148967587,0.186
3.240000048279762,0.197
3.243333381662766,0.208
3.24666671504577,0.201
3.250000048428774,0.187
3.253333381811778,0.173
3.2566667151947817,0.157
3.2600000485777856,0.141
3.263333381960789,0.135
3.2666667153437934,0.125
3.2700000487267973,0.115
3.273333382109801,0.105
3.276666715492805,0.093
3.280000048875809,0.065
3.283333382258813,0.034
3.286666715641817,0.004
3.29000004902482,-0.029
3.293333382407824,-0.056
3.296666715790828,-0.077
3.300000049173832,-0.09
3.303333382556836,-0.105
3.30666671593984,-0.118
3.310000049322844,-0.132
3.3133333827058475,-0.126
3.3166667160888514,-0.116
3.320000049471856,-0.105
3.3233333828548592,-0.093
3.326666716237863,-0.083
3.330000049620867,-0.079
3.333333383003871,-0.08
3.336666716386875,-0.079
3.3400000497698783,-0.079
3.343333383152882,-0.079
3.346666716535886,-0.086
3.35000004991889,-0.1
3.353333383301894,-0.112
3.356666716684898,-0.124
3.3600000500679017,-0.137
3.3633333834509056,-0.132
3.366666716833909,-0.12
3.3700000502169134,-0.107
3.3733333835999173,-0.095
3.376666716982921,-0.081
3.380000050365925,-0.065
3.383333383748929,-0.047
3.386666717131933,-0.03
3.3900000505149364,-0.015
3.3933333838979403,0.002
3.396666717280944,0.015
3.400000050663948,0.017
3.403333384046952,0.02
3.406666717429956,0.023
3.41000005081296,0.027
3.413333384195964,0.026
3.416666717578968,0.025
3.4200000509619715,0.025
3.423333384344976,0.024
3.4266667177279797,0.023
3.430000051110983,0.021
3.433333384493987,0.023
3.436666717876991,0.024
3.4400000512599944,0.025
3.4433333846429983,0.026
3.446666718026002,0.027
3.450000051409006,0.022
3.45333338479201,0.018
3.456666718175014,0.015
3.460000051558018,0.01
3.4633333849410217,0.003
3.4666667183240256,-0.01
3.470000051707029,-0.022
3.4733333850900334,-0.035
3.4766667184730373,-0.05
3.480000051856041,-0.059
3.483333385239045,-0.062
3.486666718622049,-0.066
3.4900000520050525,-0.071
3.4933333853880564,-0.076
3.4966667187710603,-0.087
3.500000052154064,-0.088
3.503333385537068,-0.093
3.506666718920072,-0.097
3.510000052303076,-0.102
3.51333338568608,-0.106
3.516666719069084,-0.098
3.520000052452088,-0.094
3.5233333858350915,-0.088
3.5266667192180954,-0.083
3.5300000526010997,-0.076
3.533333385984103,-0.072
3.536666719367107,-0.066
3.5400000527501105,-0.06
3.5433333861331144,-0.054
3.5466667195161183,-0.055
3.5500000528991222,-0.066
3.553333386282126,-0.076
3.55666671966513,-0.088
3.560000053048134,-0.098
3.563333386431138,-0.107
3.5666667198141417,-0.12
3.5700000531971456,-0.134
3.573333386580149,-0.146
3.576666719963153,-0.161
3.5800000533461573,-0.172
3.583333386729161,-0.17
3.586666720112165,-0.166
3.5900000534951686,-0.162
3.5933333868781725,-0.159
3.5966667202611764,-0.157
3.6000000536441803,-0.181
3.603333387027184,-0.204
3.606666720410188,-0.227
3.610000053793192,-0.25
3.613333387176196,-0.269
3.6166667205592,-0.279
3.620000053942204,-0.286
3.623333387325208,-0.296
3.626666720708212,-0.304
3.630000054091216,-0.311
3.6333333874742193,-0.291
3.636666720857223,-0.265
3.640000054240226,-0.239
3.643333387623231,-0.213
3.6466667210062345,-0.189
3.6500000543892384,-0.182
3.653333387772242,-0.182
3.656666721155246,-0.18
3.66000005453825,-0.178
3.663333387921254,-0.176
3.666666721304258,-0.18
3.6700000546872618,-0.186
3.6733333880702657,-0.193
3.6766667214532696,-0.2
3.6800000548362735,-0.206
3.683333388219277,-0.187
3.686666721602281,-0.156
3.6900000549852847,-0.127
3.6933333883682886,-0.101
3.696666721751293,-0.069
3.700000055134296,-0.063
3.7033333885173,-0.071
3.706666721900304,-0.076
3.710000055283308,-0.082
3.713333388666312,-0.087
3.716666722049316,-0.084
3.72000005543232,-0.08
3.723333388815324,-0.077
3.726666722198328,-0.075
3.730000055581332,-0.073
3.733333388964336,-0.066
3.7366667223473393,-0.052
3.740000055730343,-0.038
3.7433333891133462,-0.022
3.746666722496351,-0.007
3.7500000558793545,0.004
3.7533333892623584,0.012
3.7566667226453614,0.022
3.760000056028366,0.03
3.76333338941137,0.04
3.766666722794374,0.047
3.770000056177378,0.047
3.773333389560382,0.046
3.7766667229433857,0.045
3.7800000563263896,0.044
