time_min,absorb_mau
0.0,-0.004
0.0200000002980232,-0.046
0.0400000005960464,-0.134
0.0600000008940696,-0.171
0.0800000011920929,-0.234
0.1000000014901161,-0.158
0.1200000017881393,-0.067
0.1400000020861625,-0.068
0.1600000023841858,-0.009
0.180000002682209,-0.032
0.2000000029802322,-0.067
0.2200000032782554,-0.034
0.2400000035762786,-0.107
0.2600000038743019,-0.144
0.2800000041723251,-0.188
0.3000000044703483,-0.241
0.3200000047683716,-0.175
0.3400000050663948,-0.117
0.360000005364418,-0.099
0.3800000056624412,-0.071
0.4000000059604645,-0.144
0.4200000062584877,-0.199
0.4400000065565109,-0.278
0.4600000068545342,-0.317
0.4800000071525573,-0.253
0.5000000074505806,-0.174
0.5200000077486039,-0.144
0.5400000080466271,-0.197
0.5600000083446502,-0.221
0.5800000086426735,-0.251
0.6000000089406967,-0.162
0.62000000923872,0.077
0.6400000095367432,0.231
0.6600000098347664,0.721
0.6800000101327897,1.523
0.7000000104308128,2.945
0.7200000107288361,5.217
0.7400000110268593,8.605
0.7600000113248825,13.321
0.7800000116229058,19.882
0.800000011920929,28.032
0.8200000122189522,38.709
0.8400000125169754,51.579
0.8600000128149986,66.634
0.8800000131130219,84.135
0.9000000134110451,103.109
0.9200000137090684,123.16
0.9400000140070917,143.545
0.9600000143051148,163.478
0.980000014603138,182.085
1.0000000149011612,198.532
1.0200000151991844,212.979
1.0400000154972078,225.271
1.060000015795231,235.734
1.080000016093254,244.018
1.100000016391277,249.841
1.1200000166893005,253.98
1.140000016987324,256.863
1.160000017285347,258.411
1.1800000175833705,259.017
1.2000000178813934,258.316
1.2200000181794166,256.389
1.24000001847744,253.636
1.2600000187754632,250.203
1.2800000190734864,246.236
1.3000000193715096,241.593
1.3200000196695327,236.661
1.340000019967556,231.281
1.360000020265579,225.609
1.3800000205636025,219.457
1.4000000208616257,213.261
1.4200000211596489,206.591
1.4400000214576725,200.005
1.4600000217556954,193.419
1.4800000220537186,186.926
1.5000000223517418,180.769
1.520000022649765,174.332
1.5400000229477884,168.251
1.5600000232458116,162.076
1.5800000235438347,156.002
1.600000023841858,150.217
1.620000024139881,144.436
1.6400000244379045,138.855
1.6600000247359277,133.41
1.6800000250339509,128.111
1.700000025331974,122.954
1.7200000256299972,117.872
1.7400000259280206,112.843
1.7600000262260438,107.931
1.780000026524067,103.251
1.80000002682209,98.816
1.820000027120113,94.554
1.8400000274181367,90.171
1.86000002771616,85.881
1.880000028014183,81.764
1.9000000283122065,77.798
1.9200000286102292,74.159
1.9400000289082528,70.839
1.960000029206276,67.575
1.9800000295042992,64.457
2.0000000298023224,61.628
2.020000030100346,58.852
2.0400000303983687,56.113
2.060000030696392,53.743
2.0800000309944155,51.492
2.1000000312924385,49.402
2.120000031590462,47.46
2.140000031888485,45.517
2.1600000321865083,43.68
2.180000032484532,41.864
2.200000032782554,40.165
2.220000033080578,38.609
2.240000033378601,37.1
2.2600000336766244,35.619
2.280000033974648,34.288
2.3000000342726707,33.032
2.320000034570694,31.784
2.340000034868717,30.669
2.3600000351667405,29.625
2.380000035464764,28.551
2.400000035762787,27.569
2.4200000360608103,26.643
2.440000036358833,25.671
2.4600000366568566,24.722
2.48000003695488,23.931
2.500000037252903,23.134
2.5200000375509264,22.446
2.5400000378489493,21.844
2.5600000381469727,21.142
2.580000038444996,20.482
2.600000038743019,19.792
2.6200000390410425,19.221
2.640000039339065,18.704
2.660000039637089,18.211
2.6800000399351123,17.69
2.7000000402331352,17.219
2.720000040531158,16.71
2.7400000408291816,16.323
2.760000041127205,15.975
2.7800000414252284,15.629
2.800000041723252,15.396
2.8200000420212747,15.114
2.8400000423192977,14.824
2.860000042617321,14.576
2.8800000429153445,14.302
2.9000000432133675,14.062
2.920000043511391,13.744
2.940000043809414,13.509
2.960000044107437,13.27
2.9800000444054606,13.071
3.000000044703484,12.985
3.020000045001507,12.867
3.04000004529953,12.687
3.0600000455975533,12.467
3.0800000458955767,12.287
3.1000000461936,12.099
3.120000046491623,11.872
3.140000046789646,11.572
3.160000047087669,11.312
3.180000047385693,11.099
3.200000047683716,10.857
3.220000047981739,10.771
3.240000048279762,10.675
3.2600000485777856,10.491
3.280000048875809,10.347
3.300000049173832,10.256
3.320000049471856,10.195
3.3400000497698783,10.138
3.3600000500679017,10.064
3.380000050365925,9.982
3.400000050663948,9.843
3.4200000509619715,9.676
3.4400000512599944,9.567
3.460000051558018,9.57
3.480000051856041,9.547
3.500000052154064,9.495
3.520000052452088,9.379
3.5400000527501105,9.286
3.560000053048134,9.148
3.5800000533461573,9.024
3.6000000536441803,9.062
3.620000053942204,9.013
3.640000054240226,9.002
3.66000005453825,8.99
3.6800000548362735,8.942
3.700000055134296,8.865
3.72000005543232,8.764
3.740000055730343,8.728
3.760000056028366,8.567
3.7800000563263896,8.36
3.800000056624413,8.164
3.820000056922436,8.034
3.840000057220459,7.905
3.8600000575184814,7.861
3.8800000578165057,7.854
3.9000000581145287,7.723
3.920000058412552,7.564
3.940000058710575,7.546
3.9600000590085984,7.455
3.980000059306622,7.518
4.000000059604645,7.512
4.020000059902668,7.477
4.040000060200692,7.287
4.060000060498715,7.144
4.0800000607967375,7.121
4.100000061094761,6.984
4.120000061392784,7.027
4.140000061690808,6.982
4.160000061988831,6.928
4.180000062286854,6.979
4.200000062584877,6.827
4.2200000628829,6.737
4.240000063180924,6.657
4.260000063478947,6.553
4.28000006377697,6.485
4.300000064074993,6.522
4.3200000643730165,6.433
4.34000006467104,6.348
4.360000064969063,6.25
4.380000065267086,6.016
4.400000065565109,5.802
4.420000065863133,5.726
4.440000066161156,5.691
4.46000006645918,5.672
4.480000066757202,5.714
4.500000067055225,5.679
4.520000067353249,5.64
4.540000067651272,5.607
4.560000067949296,5.574
4.580000068247318,5.54
4.6000000685453415,5.38
4.620000068843365,5.342
4.640000069141388,5.299
4.660000069439412,5.283
4.680000069737434,5.268
4.700000070035458,5.24
4.720000070333481,5.119
4.740000070631504,4.981
4.760000070929528,4.896
4.78000007122755,4.837
4.800000071525574,4.84
4.820000071823597,4.884
4.8400000721216205,4.832
4.860000072419644,4.809
4.880000072717666,4.682
4.90000007301569,4.553
4.920000073313713,4.454
4.940000073611737,4.371
4.96000007390976,4.284
4.980000074207783,4.283
5.000000074505806,4.301
5.020000074803829,4.287
5.040000075101853,4.417
5.060000075399876,4.348
5.080000075697899,4.258
5.100000075995922,4.155
5.1200000762939455,4.14
5.140000076591969,4.083
5.160000076889992,4.117
5.180000077188015,4.119
5.200000077486038,4.041
5.220000077784062,3.907
5.240000078082085,3.833
5.260000078380108,3.81
5.280000078678131,3.7
5.300000078976154,3.664
5.320000079274178,3.671
5.340000079572201,3.599
5.3600000798702245,3.598
5.380000080168247,3.558
5.4000000804662704,3.584
5.420000080764294,3.467
5.440000081062317,3.413
5.460000081360341,3.394
5.480000081658363,3.287
5.500000081956387,3.293
5.52000008225441,3.306
5.540000082552433,3.15
5.560000082850457,3.162
5.580000083148479,3.153
5.600000083446503,3.062
5.620000083744526,3.097
5.6400000840425495,3.023
5.660000084340573,3.014
5.680000084638595,3.141
5.700000084936619,3.284
5.720000085234642,3.32
5.740000085532666,3.266
5.760000085830689,3.08
5.780000086128712,2.951
5.800000086426735,2.886
5.820000086724758,2.867
5.840000087022782,2.814
5.860000087320805,2.759
5.880000087618828,2.744
5.900000087916851,2.773
5.920000088214874,2.668
5.940000088512898,2.688
5.960000088810921,2.555
5.980000089108944,2.478
6.000000089406967,2.627
6.020000089704991,2.601
6.040000090003014,2.483
6.060000090301037,2.534
6.08000009059906,2.389
6.100000090897083,2.402
6.120000091195107,2.457
6.14000009149313,2.418
6.1600000917911535,2.445
6.180000092089176,2.436
6.200000092387199,2.409
6.220000092685223,2.391
6.240000092983246,2.359
6.26000009328127,2.247
6.280000093579292,2.214
6.300000093877316,2.233
6.320000094175339,2.142
6.340000094473362,2.143
6.360000094771386,2.18
6.380000095069408,2.092
6.400000095367432,2.185
6.420000095665455,2.316
6.440000095963478,2.242
6.460000096261502,2.298
6.480000096559524,2.292
6.500000096857548,2.181
6.520000097155571,2.131
6.540000097453595,2.001
6.560000097751618,1.892
6.5800000980496405,1.839
6.600000098347664,1.93
6.620000098645687,1.949
6.640000098943711,2.023
6.660000099241734,2.059
6.680000099539757,1.921
6.70000009983778,1.738
6.720000100135803,1.684
6.740000100433827,1.519
6.76000010073185,1.581
6.780000101029873,1.715
6.800000101327896,1.673
6.82000010162592,1.735
6.840000101923943,1.661
6.860000102221966,1.548
6.880000102519989,1.604
6.900000102818012,1.625
6.920000103116036,1.697
6.940000103414059,1.703
6.960000103712082,1.645
6.980000104010105,1.679
7.000000104308128,1.72
7.020000104606152,1.771
7.040000104904175,1.799
7.060000105202199,1.692
7.080000105500221,1.522
7.1000001057982445,1.333
7.120000106096268,1.307
7.140000106394291,1.261
7.160000106692315,1.286
7.180000106990337,1.351
7.200000107288361,1.413
7.220000107586384,1.476
7.240000107884407,1.553
7.260000108182431,1.628
7.280000108480453,1.654
7.300000108778477,1.612
7.3200001090765,1.605
7.3400001093745235,1.605
7.360000109672547,1.508
7.380000109970569,1.498
7.400000110268593,1.441
7.420000110566616,1.344
7.44000011086464,1.364
7.460000111162663,1.367
7.480000111460685,1.266
7.500000111758709,1.249
7.520000112056732,1.183
7.540000112354756,1.111
7.560000112652779,1.192
7.580000112950802,1.229
7.600000113248825,1.176
7.620000113546848,1.225
7.640000113844872,1.292
7.660000114142895,1.23
7.680000114440918,1.377
7.700000114738941,1.482
7.720000115036965,1.384
7.740000115334988,1.387
7.760000115633011,1.272
7.780000115931034,1.166
7.800000116229057,1.224
7.820000116527081,1.183
7.840000116825104,1.172
7.860000117123127,1.216
7.88000011742115,1.173
7.900000117719173,1.121
7.920000118017197,1.153
7.94000011831522,1.197
7.960000118613244,1.072
7.980000118911266,1.102
8.00000011920929,1.068
8.020000119507314,1.019
8.040000119805336,1.006
8.060000120103359,1.008
8.080000120401383,1.04
8.100000120699406,1.07
8.12000012099743,1.037
8.140000121295452,1.141
8.160000121593475,1.192
8.1800001218915,1.179
8.200000122189522,1.101
8.220000122487546,1.024
8.240000122785569,0.861
8.260000123083591,0.855
8.280000123381615,0.945
8.300000123679638,0.893
8.320000123977662,0.97
8.340000124275685,0.874
8.360000124573707,0.87
8.380000124871732,0.986
8.400000125169754,1.058
8.420000125467778,0.927
8.4400001257658,0.816
8.460000126063823,0.742
8.480000126361848,0.631
8.50000012665987,0.67
8.520000126957894,0.724
8.540000127255917,0.742
8.56000012755394,0.861
8.580000127851964,0.864
8.600000128149986,0.969
8.62000012844801,0.84
8.640000128746033,0.765
8.660000129044056,0.712
8.68000012934208,0.589
8.700000129640102,0.586
8.720000129938127,0.59
8.74000013023615,0.595
8.760000130534172,0.649
8.780000130832196,0.744
8.800000131130219,0.776
8.820000131428243,0.803
8.840000131726265,0.759
8.860000132024288,0.751
8.880000132322312,0.646
8.900000132620335,0.603
8.920000132918359,0.572
8.940000133216381,0.436
8.960000133514404,0.445
8.980000133812428,0.545
9.00000013411045,0.577
9.020000134408477,0.71
9.040000134706498,0.784
9.06000013500452,0.723
9.080000135302544,0.691
9.100000135600569,0.703
9.120000135898591,0.644
9.140000136196614,0.694
9.160000136494636,0.704
9.18000013679266,0.649
9.200000137090685,0.625
9.220000137388707,0.638
9.24000013768673,0.65
9.260000137984752,0.66
9.280000138282777,0.823
9.3000001385808,0.723
9.320000138878823,0.693
9.340000139176846,0.657
9.360000139474868,0.594
9.380000139772893,0.509
9.400000140070915,0.432
9.42000014036894,0.409
9.440000140666962,0.277
9.460000140964985,0.269
9.480000141263009,0.232
9.500000141561031,0.217
9.520000141859056,0.476
9.540000142157078,0.616
9.5600001424551,0.78
9.580000142753123,0.889
9.600000143051147,0.819
9.620000143349172,0.775
9.640000143647194,0.78
9.660000143945217,0.729
9.68000014424324,0.609
9.700000144541264,0.566
9.720000144839288,0.536
9.74000014513731,0.548
9.760000145435331,0.604
9.780000145733355,0.64
9.80000014603138,0.675
9.820000146329404,0.614
9.840000146627428,0.678
9.860000146925447,0.634
9.880000147223472,0.548
9.900000147521496,0.425
9.92000014781952,0.399
9.940000148117544,0.354
9.960000148415563,0.377
9.98000014871359,0.532
10.000000149011612,0.496
10.020000149309636,0.498
10.04000014960766,0.54
10.06000014990568,0.47
10.080000150203706,0.421
10.100000150501728,0.484
10.120000150799752,0.56
10.140000151097777,0.517
10.160000151395796,0.551
10.180000151693822,0.526
10.200000151991844,0.475
10.220000152289868,0.41
10.240000152587893,0.476
10.260000152885912,0.404
10.280000153183938,0.314
10.30000015348196,0.259
10.320000153779985,0.219
10.340000154078009,0.31
10.36000015437603,0.34
10.380000154674054,0.432
10.400000154972076,0.507
10.4200001552701,0.508
10.440000155568123,0.595
10.460000155866146,0.671
10.48000015616417,0.516
10.500000156462193,0.472
10.520000156760217,0.388
10.54000015705824,0.293
10.560000157356262,0.405
10.580000157654286,0.483
10.600000157952309,0.447
10.620000158250331,0.482
10.640000158548355,0.511
10.660000158846378,0.496
10.680000159144402,0.478
10.700000159442425,0.302
10.720000159740447,0.212
10.740000160038472,0.105
10.760000160336494,0.044
10.780000160634518,0.166
10.80000016093254,0.214
10.820000161230563,0.15
10.840000161528588,0.206
10.86000016182661,0.086
10.880000162124634,0.038
10.900000162422655,0.072
10.92000016272068,-0.017
10.940000163018704,-0.107
10.960000163316726,-0.123
10.98000016361475,-0.134
11.000000163912771,-0.138
11.020000164210796,-0.058
11.04000016450882,0.051
11.060000164806842,0.022
11.080000165104869,0.002
11.10000016540289,0.023
11.120000165700914,0.122
11.140000165998936,0.162
11.16000016629696,0.22
11.180000166594985,0.233
11.200000166893004,0.118
11.22000016719103,-0.018
11.240000167489052,-0.097
11.260000167787076,-0.053
11.2800001680851,0.047
11.30000016838312,0.039
11.320000168681146,0.175
11.340000168979168,0.088
11.36000016927719,-0.024
11.380000169575217,-0.041
11.400000169873238,-0.051
11.420000170171262,0.007
11.440000170469284,-0.011
11.460000170767309,-0.049
11.480000171065331,-0.034
11.500000171363354,-0.042
11.520000171661378,-0.119
11.5400001719594,-0.046
11.560000172257425,-0.034
11.580000172555447,-0.043
11.60000017285347,0.038
11.620000173151494,-0.054
11.640000173449517,-0.107
11.66000017374754,-0.25
11.680000174045563,-0.338
11.700000174343586,-0.289
11.72000017464161,-0.274
11.740000174939633,-0.195
11.760000175237655,-0.202
11.78000017553568,-0.292
11.800000175833702,-0.274
11.820000176131726,-0.28
11.840000176429747,-0.287
11.860000176727771,-0.257
11.880000177025796,-0.246
11.900000177323818,-0.195
11.920000177621842,-0.183
11.940000177919863,-0.023
11.960000178217888,0.0
11.980000178515912,-0.117
12.000000178813934,-0.135
12.02000017911196,-0.098
12.04000017940998,-0.128
12.060000179708004,-0.018
12.080000180006028,-0.002
12.10000018030405,-0.107
12.120000180602077,-0.206
12.140000180900095,-0.289
12.16000018119812,-0.213
12.180000181496144,-0.12
12.200000181794168,-0.067
12.22000018209219,-0.01
12.240000182390212,-0.081
12.260000182688236,-0.193
12.28000018298626,-0.229
12.300000183284284,-0.286
12.320000183582309,-0.32
12.34000018388033,-0.382
12.360000184178352,-0.32
12.380000184476376,-0.188
12.4000001847744,-0.143
12.420000185072425,-0.027
12.440000185370446,-0.023
12.460000185668468,-0.21
12.480000185966492,-0.199
12.500000186264517,-0.186
12.52000018656254,-0.174
12.540000186860562,-0.03
12.560000187158584,0.128
12.580000187456609,0.093
12.600000187754633,0.041
12.620000188052655,-0.049
12.640000188350678,-0.201
12.6600001886487,-0.196
12.680000188946725,-0.089
12.700000189244747,-0.174
12.720000189542771,-0.164
12.740000189840794,-0.171
12.760000190138816,-0.211
12.78000019043684,-0.248
12.800000190734863,-0.119
12.820000191032888,-0.118
12.84000019133091,-0.145
12.860000191628933,-0.056
12.880000191926957,-0.025
12.90000019222498,-0.128
12.920000192523004,-0.039
12.940000192821026,-0.024
12.960000193119049,-0.093
12.980000193417071,-0.008
13.000000193715096,-0.026
13.02000019401312,-0.061
13.040000194311142,0.1
13.060000194609165,0.165
13.08000019490719,0.139
13.100000195205212,0.126
13.120000195503236,0.102
13.140000195801258,-0.052
13.16000019609928,-0.12
13.180000196397303,-0.073
13.200000196695328,-0.207
13.220000196993352,-0.161
13.240000197291376,-0.077
13.260000197589395,-0.118
13.28000019788742,-0.1
13.300000198185444,-0.049
13.320000198483468,-0.101
13.34000019878149,-0.099
13.360000199079511,-0.052
13.380000199377536,-0.095
13.40000019967556,-0.078
13.420000199973584,-0.19
13.440000200271609,-0.251
13.46000020056963,-0.224
13.480000200867654,-0.257
13.500000201165676,-0.201
13.5200002014637,-0.161
13.540000201761725,-0.206
13.560000202059744,-0.217
13.58000020235777,-0.063
13.600000202655792,-0.128
13.620000202953817,-0.086
13.64000020325184,-0.017
13.660000203549862,-0.17
13.680000203847886,-0.154
13.700000204145908,-0.151
13.720000204443933,-0.27
13.740000204741955,-0.28
13.760000205039978,-0.405
13.780000205338002,-0.542
13.800000205636024,-0.497
13.820000205934049,-0.512
13.840000206232071,-0.381
13.860000206530094,-0.213
13.880000206828118,-0.12
13.90000020712614,-0.177
13.920000207424165,-0.307
13.940000207722187,-0.415
13.96000020802021,-0.41
13.980000208318234,-0.3
14.000000208616257,-0.258
14.02000020891428,-0.27
14.040000209212304,-0.325
14.060000209510326,-0.378
14.08000020980835,-0.364
14.100000210106373,-0.284
14.120000210404395,-0.231
14.14000021070242,-0.293
14.160000211000442,-0.354
14.180000211298466,-0.251
14.200000211596487,-0.384
14.220000211894511,-0.347
14.240000212192536,-0.347
14.260000212490558,-0.447
14.280000212788584,-0.377
14.300000213086603,-0.431
14.32000021338463,-0.495
14.340000213682652,-0.439
14.360000213980674,-0.545
14.3800002142787,-0.49
14.40000021457672,-0.381
14.420000214874744,-0.347
14.440000215172768,-0.233
14.46000021547079,-0.168
14.480000215768817,-0.261
14.500000216066836,-0.31
14.520000216364862,-0.309
14.540000216662884,-0.288
14.560000216960908,-0.3
14.580000217258933,-0.319
14.600000217556952,-0.311
14.620000217854978,-0.377
14.640000218153,-0.445
14.660000218451025,-0.416
14.680000218749049,-0.395
14.70000021904707,-0.476
14.720000219345094,-0.387
14.740000219643116,-0.434
14.76000021994114,-0.486
14.780000220239163,-0.457
14.800000220537186,-0.403
14.82000022083521,-0.295
14.840000221133232,-0.167
14.860000221431257,-0.217
14.88000022172928,-0.306
14.900000222027302,-0.573
14.920000222325326,-0.637
14.940000222623349,-0.647
14.960000222921373,-0.265
14.980000223219395,0.375
15.000000223517418,0.61
15.020000223815442,0.92
15.040000224113465,0.929
15.060000224411487,0.425
15.080000224709512,0.535
15.100000225007534,0.916
15.120000225305558,1.165
15.14000022560358,1.03
15.160000225901603,0.817
15.180000226199628,0.306
15.20000022649765,-0.187
15.220000226795674,-0.29
15.240000227093695,-0.272
15.26000022739172,-0.279
15.280000227689744,-0.227
15.300000227987766,-0.218
15.32000022828579,-0.209
15.340000228583811,-0.155
15.360000228881836,-0.231
15.38000022917986,-0.279
15.400000229477882,-0.131
15.420000229775908,-0.071
15.44000023007393,-0.116
15.460000230371952,-0.056
15.480000230669976,-0.188
15.500000230968,-0.317
15.520000231266025,-0.292
15.540000231564044,-0.279
15.560000231862068,-0.25
15.580000232160092,-0.157
15.600000232458116,-0.116
15.62000023275614,-0.164
15.64000023305416,-0.246
15.660000233352184,-0.407
15.680000233650208,-0.48
15.70000023394823,-0.511
15.720000234246257,-0.43
15.740000234544278,-0.493
15.7600002348423,-0.57
15.780000235140324,-0.571
15.800000235438349,-0.549
15.820000235736371,-0.436
15.840000236034394,-0.217
15.860000236332416,-0.062
15.88000023663044,0.055
15.900000236928465,0.05
15.920000237226487,-0.018
15.94000023752451,-0.098
15.960000237822532,-0.209
15.980000238120557,-0.244
16.00000023841858,-0.261
16.0200002387166,-0.132
16.040000239014628,-0.062
16.06000023931265,-0.02
16.080000239610673,-0.114
16.100000239908695,-0.293
16.120000240206718,-0.456
16.140000240504744,-0.558
16.160000240802766,-0.523
16.18000024110079,-0.352
16.20000024139881,-0.27
16.220000241696834,-0.18
16.24000024199486,-0.251
16.260000242292882,-0.351
16.280000242590905,-0.391
16.300000242888927,-0.449
16.32000024318695,-0.37
16.340000243484976,-0.331
16.360000243783,-0.304
16.38000024408102,-0.263
16.400000244379044,-0.2
16.420000244677066,-0.077
16.440000244975092,-0.051
16.460000245273115,-0.085
16.480000245571137,-0.034
16.50000024586916,-0.046
16.520000246167182,-0.01
16.54000024646521,0.071
16.56000024676323,-0.015
16.580000247061253,-0.149
16.600000247359276,-0.278
16.6200002476573,-0.403
16.640000247955324,-0.414
16.660000248253347,-0.325
16.68000024855137,-0.243
16.700000248849392,-0.156
16.720000249147414,0.002
16.74000024944544,-0.09
16.760000249743463,-0.089
16.780000250041486,-0.071
16.800000250339508,-0.148
16.82000025063753,-0.149
16.840000250935557,-0.196
16.86000025123358,-0.253
16.8800002515316,-0.307
16.900000251829624,-0.307
16.920000252127647,-0.351
16.940000252425673,-0.397
16.960000252723695,-0.346
16.980000253021718,-0.323
17.00000025331974,-0.347
17.020000253617763,-0.198
17.04000025391579,-0.195
17.06000025421381,-0.205
17.080000254511834,-0.159
17.100000254809856,-0.197
17.12000025510788,-0.308
17.140000255405905,-0.341
17.160000255703928,-0.373
17.18000025600195,-0.466
17.200000256299973,-0.402
17.220000256597995,-0.333
17.24000025689602,-0.322
17.260000257194044,-0.205
17.280000257492066,-0.14
17.30000025779009,-0.176
17.32000025808811,-0.17
17.340000258386137,-0.107
17.36000025868416,-0.238
17.380000258982182,-0.183
17.400000259280205,-0.182
17.420000259578227,-0.229
17.440000259876253,-0.189
17.460000260174276,-0.138
17.4800002604723,-0.15
17.50000026077032,-0.033
17.520000261068343,0.019
17.54000026136637,0.03
17.560000261664392,0.047
17.580000261962414,-0.017
17.600000262260437,-0.153
17.62000026255846,-0.24
17.640000262856486,-0.266
17.660000263154508,-0.19
17.68000026345253,-0.136
17.700000263750553,-0.134
17.720000264048576,-0.08
17.7400002643466,-0.04
17.760000264644624,-0.061
17.780000264942647,-0.13
17.80000026524067,-0.188
17.82000026553869,-0.332
17.840000265836718,-0.316
17.86000026613474,-0.236
17.880000266432763,-0.212
17.900000266730785,-0.25
17.920000267028808,-0.302
17.940000267326834,-0.379
17.960000267624856,-0.353
17.98000026792288,-0.298
18.0000002682209,-0.31
18.020000268518924,-0.325
18.04000026881695,-0.276
18.060000269114973,-0.223
18.080000269412995,-0.093
18.100000269711018,-0.005
18.12000027000904,0.017
18.140000270307063,-0.044
18.16000027060509,-0.058
18.18000027090311,-0.115
18.200000271201134,-0.183
18.22000027149916,-0.254
18.240000271797182,-0.41
18.260000272095205,-0.464
18.280000272393227,-0.453
18.30000027269125,-0.362
18.320000272989272,-0.167
18.3400002732873,-0.248
18.36000027358532,-0.288
18.380000273883343,-0.295
18.40000027418137,-0.375
18.42000027447939,-0.372
18.44000027477741,-0.351
18.46000027507544,-0.391
18.48000027537346,-0.391
18.50000027567148,-0.385
18.520000275969505,-0.426
18.54000027626753,-0.373
18.560000276565557,-0.479
18.580000276863576,-0.536
18.6000002771616,-0.442
18.62000027745962,-0.411
18.640000277757647,-0.424
18.66000027805567,-0.433
18.68000027835369,-0.447
18.700000278651714,-0.458
18.720000278949737,-0.416
18.740000279247763,-0.415
18.760000279545785,-0.428
18.780000279843808,-0.435
18.80000028014183,-0.457
18.820000280439853,-0.373
18.84000028073788,-0.354
18.8600002810359,-0.357
18.880000281333924,-0.21
18.900000281631947,-0.146
18.92000028192997,-0.16
18.940000282227995,-0.127
18.960000282526018,-0.207
18.98000028282404,-0.226
19.000000283122063,-0.233
19.020000283420085,-0.217
19.04000028371811,-0.236
19.060000284016134,-0.308
19.08000028431416,-0.291
19.10000028461218,-0.339
19.1200002849102,-0.345
19.140000285208227,-0.376
19.16000028550625,-0.381
19.180000285804272,-0.296
19.20000028610229,-0.223
19.22000028640032,-0.194
19.240000286698344,-0.162
19.26000028699637,-0.203
19.28000028729439,-0.146
19.30000028759241,-0.223
19.320000287890437,-0.327
19.34000028818846,-0.424
19.36000028848648,-0.479
19.380000288784505,-0.428
19.400000289082527,-0.273
19.42000028938055,-0.204
19.440000289678576,-0.201
19.4600002899766,-0.257
19.48000029027462,-0.345
19.500000290572643,-0.387
19.520000290870662,-0.433
19.54000029116869,-0.481
19.560000291466714,-0.536
19.580000291764737,-0.489
19.60000029206276,-0.397
19.620000292360785,-0.409
19.640000292658808,-0.275
19.66000029295683,-0.237
19.680000293254853,-0.25
19.70000029355288,-0.154
19.720000293850894,-0.218
19.740000294148924,-0.321
19.760000294446947,-0.383
19.78000029474497,-0.434
19.80000029504299,-0.457
19.82000029534101,-0.351
19.84000029563904,-0.318
19.860000295937063,-0.357
19.880000296235085,-0.381
19.900000296533108,-0.468
19.92000029683113,-0.499
19.94000029712916,-0.429
19.96000029742718,-0.444
19.9800002977252,-0.413
20.000000298023224,-0.363
20.020000298321246,-0.412
20.040000298619272,-0.438
20.06000029891729,-0.442
20.08000029921532,-0.417
20.10000029951334,-0.445
20.120000299811363,-0.47
20.14000030010939,-0.452
20.16000030040741,-0.514
20.180000300705437,-0.509
20.200000301003456,-0.436
20.22000030130148,-0.378
20.240000301599505,-0.33
20.260000301897527,-0.349
20.28000030219555,-0.35
20.30000030249357,-0.379
20.320000302791595,-0.389
20.34000030308962,-0.362
20.360000303387643,-0.391
20.380000303685662,-0.265
20.40000030398369,-0.284
20.42000030428171,-0.248
20.440000304579737,-0.135
20.46000030487776,-0.25
20.480000305175786,-0.214
20.500000305473804,-0.302
20.520000305771827,-0.352
20.540000306069853,-0.379
20.56000030636788,-0.354
20.580000306665895,-0.303
20.60000030696392,-0.298
20.620000307261943,-0.263
20.64000030755997,-0.287
20.66000030785799,-0.291
20.68000030815601,-0.253
20.70000030845404,-0.33
20.72000030875206,-0.298
20.740000309050085,-0.305
20.760000309348108,-0.385
20.78000030964613,-0.404
20.800000309944156,-0.428
20.820000310242172,-0.525
20.8400003105402,-0.517
20.860000310838224,-0.443
20.880000311136246,-0.411
20.90000031143427,-0.43
20.92000031173229,-0.34
20.94000031203032,-0.382
20.96000031232834,-0.529
20.980000312626363,-0.511
21.000000312924385,-0.536
21.020000313222408,-0.56
21.040000313520437,-0.52
21.060000313818456,-0.486
21.08000031411648,-0.468
21.1000003144145,-0.511
21.120000314712524,-0.523
21.14000031501055,-0.521
21.16000031530857,-0.618
21.180000315606595,-0.595
21.200000315904617,-0.54
21.22000031620264,-0.537
21.240000316500662,-0.471
21.26000031679869,-0.438
21.28000031709671,-0.422
21.300000317394733,-0.516
21.32000031769276,-0.518
21.340000317990786,-0.604
21.360000318288805,-0.665
21.380000318586827,-0.628
21.40000031888485,-0.575
21.420000319182872,-0.495
21.440000319480895,-0.422
21.46000031977892,-0.407
21.480000320076943,-0.484
21.50000032037497,-0.489
21.520000320672988,-0.504
21.54000032097101,-0.488
21.56000032126904,-0.425
21.58000032156706,-0.445
21.60000032186508,-0.531
21.620000322163104,-0.544
21.64000032246113,-0.57
21.660000322759156,-0.587
21.680000323057172,-0.581
21.7000003233552,-0.63
