time_min,absorb_mau
0.0,0.011
0.0133333335320154,0.013
0.0266666670640309,-0.01
0.0400000005960464,-0.068
0.0533333341280619,-0.11
0.0666666676600774,-0.101
0.0800000011920929,-0.091
0.0933333347241083,-0.112
0.1066666682561238,-0.11
0.1200000017881393,-0.144
0.1333333353201548,-0.143
0.1466666688521703,-0.159
0.1600000023841858,-0.245
0.1733333359162013,-0.313
0.1866666694482167,-0.333
0.2000000029802322,-0.292
0.2133333365122477,-0.237
0.2266666700442632,-0.257
0.2400000035762786,-0.228
0.2533333371082942,-0.191
0.2666666706403096,-0.184
0.2800000041723251,-0.209
0.2933333377043406,-0.234
0.3066666712363561,-0.231
0.3200000047683716,-0.246
0.3333333383003871,-0.278
0.3466666718324026,-0.296
0.360000005364418,-0.247
0.3733333388964335,-0.253
0.386666672428449,-0.224
0.4000000059604645,-0.185
0.4133333394924799,-0.146
0.4266666730244954,-0.085
0.4400000065565109,-0.045
0.4533333400885264,0.011
0.4666666736205419,0.068
0.4800000071525573,0.088
0.4933333406845728,0.097
0.5066666742165884,0.248
0.5200000077486039,0.52
0.5333333412806193,0.979
0.5466666748126348,1.715
0.5600000083446502,2.907
0.5733333418766657,4.536
0.5866666754086812,6.651
0.6000000089406967,9.282
0.6133333424727122,12.458
0.6266666760047277,16.42
0.6400000095367432,21.192
0.6533333430687587,27.245
0.6666666766007742,34.707
0.6800000101327897,42.26
0.6933333436648051,49.606
0.7066666771968206,57.426
0.7200000107288361,66.536
0.7333333442608516,77.062
0.746666677792867,87.995
0.7600000113248825,100.379
0.773333344856898,115.077
0.7866666783889135,131.823
0.800000011920929,148.48
0.8133333454529444,165.2
0.8266666789849599,180.509
0.8400000125169754,195.447
0.8533333460489909,209.605
0.8666666795810064,221.741
0.8800000131130219,232.33
0.8933333466450374,240.807
0.9066666801770528,247.52
0.9200000137090684,252.528
0.933333347241084,255.761
0.9466666807730992,257.001
0.9600000143051148,256.656
0.9733333478371302,254.869
0.9866666813691456,251.756
1.0000000149011612,247.428
1.0133333484331768,241.606
1.0266666819651922,234.554
1.0400000154972078,226.761
1.0533333490292232,218.463
1.0666666825612383,209.808
1.080000016093254,200.415
1.0933333496252695,190.794
1.1066666831572851,181.179
1.1200000166893005,171.755
1.133333350221316,162.31
1.1466666837533317,152.844
1.160000017285347,143.654
1.1733333508173625,134.805
1.186666684349378,126.278
1.2000000178813934,118.305
1.213333351413409,110.595
1.2266666849454244,103.246
1.24000001847744,96.258
1.2533333520094554,89.683
1.266666685541471,83.688
1.2800000190734864,78.163
1.2933333526055018,73.12
1.3066666861375174,68.454
1.3200000196695327,64.13
1.3333333532015483,60.29
1.3466666867335635,56.666
1.360000020265579,53.59
1.3733333537975947,51.122
1.3866666873296103,49.103
1.4000000208616257,47.258
1.4133333543936413,45.501
1.4266666879256569,43.847
1.4400000214576725,42.251
1.4533333549896876,40.042
1.4666666885217032,37.655
1.4800000220537186,35.342
1.493333355585734,33.146
1.5066666891177496,31.037
1.520000022649765,29.054
1.5333333561817806,27.173
1.546666689713796,25.393
1.5600000232458116,23.684
1.573333356777827,22.058
1.5866666903098423,20.584
1.600000023841858,19.167
1.6133333573738735,17.82
1.626666690905889,16.545
1.6400000244379045,15.336
1.65333335796992,14.259
1.6666666915019357,13.24
1.6800000250339509,12.27
1.6933333585659665,11.338
1.7066666920979818,10.478
1.7200000256299972,9.636
1.7333333591620128,8.88
1.7466666926940282,8.193
1.7600000262260438,7.579
1.7733333597580592,7.069
1.7866666932900748,6.629
1.80000002682209,6.251
1.8133333603541055,5.862
1.826666693886121,5.415
1.8400000274181367,5.071
1.853333360950152,4.716
1.866666694482168,4.385
1.880000028014183,4.078
1.8933333615461987,3.782
1.906666695078214,3.568
1.9200000286102292,3.324
1.933333362142245,3.118
1.9466666956742604,2.975
1.960000029206276,2.88
1.9733333627382916,2.777
1.986666696270307,2.715
2.0000000298023224,2.661
2.013333363334338,2.581
2.0266666968663536,2.431
2.0400000303983687,2.344
2.0533333639303843,2.317
2.0666666974624,2.27
2.0800000309944155,2.182
2.0933333645264307,2.154
2.1066666980584463,2.198
2.120000031590462,2.195
2.133333365122477,2.145
2.1466666986544927,2.083
2.1600000321865083,2.056
2.173333365718524,2.005
2.186666699250539,1.897
2.200000032782554,1.776
2.2133333663145702,1.704
2.226666699846586,1.686
2.240000033378601,1.669
2.2533333669106166,1.652
2.266666700442632,1.638
2.280000033974648,1.648
2.293333367506663,1.576
2.3066667010386785,1.503
2.320000034570694,1.445
2.3333333681027097,1.412
2.346666701634725,1.38
2.3600000351667405,1.33
2.373333368698756,1.326
2.3866667022307717,1.32
2.400000035762787,1.285
2.4133333692948025,1.261
2.426666702826818,1.251
2.440000036358833,1.273
2.453333369890849,1.303
2.4666667034228644,1.307
2.48000003695488,1.299
2.493333370486895,1.284
2.506666704018911,1.231
2.5200000375509264,1.181
2.533333371082942,1.164
2.546666704614957,1.136
2.5600000381469727,1.147
2.5733333716789883,1.131
2.5866667052110035,1.128
2.600000038743019,1.193
2.6133333722750347,1.158
2.6266667058070503,1.111
2.640000039339065,1.067
2.653333372871081,1.053
2.6666667064030967,1.126
2.6800000399351123,1.126
2.6933333734671274,1.142
2.706666706999143,1.153
2.720000040531158,1.15
2.7333333740631742,1.124
2.7466667075951894,1.061
2.760000041127205,0.978
2.7733333746592206,0.92
2.786666708191236,0.913
2.800000041723252,0.959
2.813333375255267,0.994
2.8266667087872825,1.038
2.8400000423192977,1.069
2.8533333758513133,1.076
2.866666709383329,1.042
2.8800000429153445,1.006
2.89333337644736,0.948
2.9066667099793757,0.894
2.920000043511391,0.858
2.9333333770434065,0.923
2.9466667105754216,0.93
2.960000044107437,0.913
2.973333377639453,0.888
2.986666711171468,0.883
3.000000044703484,0.799
3.013333378235499,0.735
3.026666711767515,0.715
3.04000004529953,0.722
3.053333378831545,0.652
3.066666712363561,0.629
3.0800000458955767,0.605
3.093333379427592,0.595
3.1066667129596075,0.579
3.120000046491623,0.536
3.1333333800236387,0.626
3.146666713555654,0.673
3.160000047087669,0.706
3.173333380619685,0.747
3.1866667141517007,0.637
3.200000047683716,0.621
3.2133333812157314,0.575
3.226666714747747,0.514
3.240000048279762,0.51
3.253333381811778,0.522
3.2666667153437934,0.549
3.280000048875809,0.551
3.293333382407824,0.515
3.30666671593984,0.496
3.320000049471856,0.428
3.333333383003871,0.404
3.346666716535886,0.4
3.3600000500679017,0.425
3.3733333835999173,0.452
3.386666717131933,0.466
3.400000050663948,0.542
3.413333384195964,0.573
3.4266667177279797,0.53
3.4400000512599944,0.551
3.45333338479201,0.507
3.4666667183240256,0.472
3.480000051856041,0.461
3.4933333853880564,0.463
3.506666718920072,0.506
3.520000052452088,0.533
3.533333385984103,0.555
3.5466667195161183,0.577
3.560000053048134,0.581
3.573333386580149,0.465
3.586666720112165,0.43
3.6000000536441803,0.399
3.613333387176196,0.355
3.626666720708212,0.31
3.640000054240226,0.294
3.653333387772242,0.319
3.666666721304258,0.309
3.6800000548362735,0.241
3.6933333883682886,0.164
3.706666721900304,0.152
3.72000005543232,0.157
3.733333388964336,0.164
3.746666722496351,0.162
3.760000056028366,0.137
3.773333389560382,0.163
3.786666723092397,0.173
3.800000056624413,0.177
3.813333390156428,0.179
3.826666723688444,0.163
3.840000057220459,0.213
3.8533333907524745,0.209
3.86666672428449,0.148
3.8800000578165057,0.074
3.893333391348521,0.047
3.906666724880537,0.035
3.920000058412552,0.011
3.933333391944568,-0.018
3.946666725476583,-0.027
3.9600000590085984,0.053
3.973333392540614,0.059
3.9866667260726296,0.015
4.000000059604645,-0.021
4.01333339313666,0.0
4.026666726668676,0.001
4.040000060200692,-0.029
4.053333393732707,-0.046
4.066666727264722,-0.04
4.0800000607967375,-0.039
4.093333394328753,-0.043
4.106666727860769,-0.009
4.120000061392784,0.028
4.1333333949248,0.049
4.146666728456816,0.059
4.160000061988831,0.117
4.173333395520846,0.108
4.186666729052861,0.078
4.200000062584877,0.079
4.213333396116893,0.119
4.226666729648908,0.135
4.240000063180924,0.077
4.253333396712939,0.033
4.266666730244954,0.081
4.28000006377697,0.061
4.293333397308985,0.046
4.306666730841001,-0.011
4.3200000643730165,-0.053
4.333333397905032,0.025
4.346666731437048,0.008
4.360000064969063,-0.004
4.373333398501078,-0.026
4.386666732033094,-0.057
4.400000065565109,-0.05
4.413333399097125,-0.131
4.4266667326291405,-0.149
4.440000066161156,-0.173
4.453333399693172,-0.224
4.466666733225186,-0.266
4.480000066757202,-0.262
4.493333400289218,-0.222
4.506666733821233,-0.205
4.520000067353249,-0.249
4.533333400885264,-0.22
4.54666673441728,-0.238
4.560000067949296,-0.251
4.57333340148131,-0.276
4.586666735013326,-0.319
4.6000000685453415,-0.295
4.613333402077357,-0.268
4.626666735609373,-0.262
4.640000069141388,-0.259
4.653333402673404,-0.258
4.66666673620542,-0.26
4.680000069737434,-0.24
4.69333340326945,-0.213
4.706666736801465,-0.188
4.720000070333481,-0.153
4.733333403865497,-0.085
4.746666737397512,-0.022
4.760000070929528,0.01
4.773333404461543,-0.023
4.786666737993558,-0.137
4.800000071525574,-0.114
4.813333405057589,-0.139
4.826666738589605,-0.191
4.8400000721216205,-0.237
4.853333405653636,-0.309
4.866666739185652,-0.366
4.880000072717666,-0.394
4.893333406249682,-0.425
4.906666739781698,-0.449
4.920000073313713,-0.418
4.933333406845729,-0.334
4.9466667403777445,-0.234
4.96000007390976,-0.14
4.973333407441775,-0.107
4.98666674097379,-0.056
5.000000074505806,-0.076
5.013333408037822,-0.125
5.026666741569837,-0.168
5.040000075101853,-0.159
5.053333408633868,-0.272
5.066666742165884,-0.357
5.080000075697899,-0.375
5.093333409229914,-0.327
5.10666674276193,-0.289
5.1200000762939455,-0.272
5.133333409825961,-0.217
5.146666743357977,-0.161
5.160000076889992,-0.134
5.173333410422007,-0.129
5.186666743954023,-0.16
5.200000077486038,-0.165
5.213333411018054,-0.176
5.226666744550069,-0.201
5.240000078082085,-0.169
5.253333411614101,-0.24
5.266666745146116,-0.269
5.280000078678131,-0.259
5.2933334122101465,-0.264
5.306666745742162,-0.173
5.320000079274178,-0.159
5.333333412806193,-0.13
5.346666746338209,-0.07
5.3600000798702245,-0.047
5.373333413402239,-0.146
5.386666746934255,-0.2
5.4000000804662704,-0.205
5.413333413998286,-0.168
5.426666747530302,-0.147
5.440000081062317,-0.17
5.453333414594333,-0.145
5.4666667481263485,-0.115
5.480000081658363,-0.131
5.493333415190379,-0.185
5.506666748722394,-0.188
5.52000008225441,-0.202
5.533333415786426,-0.204
5.546666749318441,-0.18
5.560000082850457,-0.195
5.573333416382472,-0.179
5.586666749914487,-0.182
5.600000083446503,-0.184
5.613333416978518,-0.161
5.626666750510534,-0.184
5.6400000840425495,-0.228
5.653333417574565,-0.294
5.666666751106581,-0.359
5.680000084638595,-0.385
5.693333418170611,-0.376
5.706666751702627,-0.345
5.720000085234642,-0.319
5.733333418766658,-0.293
5.746666752298673,-0.245
5.760000085830689,-0.208
5.773333419362704,-0.229
5.786666752894719,-0.265
5.800000086426735,-0.279
5.813333419958751,-0.226
5.826666753490766,-0.221
5.840000087022782,-0.24
5.853333420554797,-0.256
5.866666754086813,-0.261
5.880000087618828,-0.326
5.893333421150843,-0.353
5.906666754682859,-0.35
5.920000088214874,-0.36
5.93333342174689,-0.41
5.946666755278906,-0.435
5.960000088810921,-0.376
5.973333422342936,-0.35
5.986666755874952,-0.38
6.000000089406967,-0.446
6.013333422938983,-0.461
6.026666756470998,-0.452
6.040000090003014,-0.448
6.05333342353503,-0.458
6.066666757067045,-0.472
6.08000009059906,-0.442
6.093333424131076,-0.401
6.106666757663091,-0.417
6.120000091195107,-0.487
6.133333424727122,-0.505
6.146666758259138,-0.522
6.1600000917911535,-0.541
6.173333425323168,-0.532
6.186666758855184,-0.485
6.200000092387199,-0.414
6.213333425919215,-0.399
6.226666759451231,-0.396
6.240000092983246,-0.397
6.253333426515262,-0.409
6.266666760047277,-0.417
6.280000093579292,-0.432
6.293333427111308,-0.482
6.306666760643323,-0.572
6.320000094175339,-0.655
6.3333334277073545,-0.652
6.34666676123937,-0.657
6.360000094771386,-0.676
6.373333428303401,-0.709
6.386666761835416,-0.747
6.400000095367432,-0.66
6.413333428899447,-0.59
6.426666762431463,-0.578
6.440000095963478,-0.603
6.453333429495494,-0.598
6.46666676302751,-0.577
6.480000096559524,-0.548
6.49333343009154,-0.573
6.506666763623556,-0.628
6.520000097155571,-0.564
6.533333430687587,-0.503
6.546666764219602,-0.418
6.560000097751618,-0.374
6.573333431283634,-0.403
6.586666764815648,-0.325
6.600000098347664,-0.302
6.61333343187968,-0.293
6.626666765411695,-0.331
6.640000098943711,-0.428
6.653333432475726,-0.382
6.666666766007742,-0.45
6.680000099539757,-0.518
6.693333433071772,-0.576
6.706666766603788,-0.634
6.720000100135803,-0.517
6.733333433667819,-0.502
6.746666767199835,-0.52
6.76000010073185,-0.516
6.773333434263866,-0.505
6.7866667677958805,-0.471
6.800000101327896,-0.511
6.813333434859912,-0.53
6.826666768391927,-0.484
6.840000101923943,-0.394
6.853333435455959,-0.473
6.866666768987974,-0.522
6.880000102519989,-0.549
6.893333436052004,-0.563
6.90666676958402,-0.623
6.920000103116036,-0.7
6.933333436648051,-0.678
6.946666770180067,-0.606
6.960000103712082,-0.577
6.973333437244098,-0.595
6.986666770776113,-0.614
7.000000104308128,-0.573
7.013333437840144,-0.516
7.02666677137216,-0.525
7.040000104904175,-0.534
7.053333438436191,-0.521
7.066666771968206,-0.51
7.080000105500221,-0.503
7.093333439032237,-0.497
7.106666772564252,-0.486
7.120000106096268,-0.531
7.133333439628284,-0.541
7.146666773160299,-0.5
7.160000106692315,-0.474
7.17333344022433,-0.501
7.186666773756345,-0.543
7.200000107288361,-0.593
7.213333440820376,-0.651
7.226666774352392,-0.777
7.240000107884407,-0.768
7.253333441416423,-0.821
7.266666774948439,-0.858
7.280000108480453,-0.818
7.293333442012469,-0.761
7.306666775544484,-0.68
7.3200001090765,-0.631
7.333333442608516,-0.621
7.346666776140531,-0.587
7.360000109672547,-0.619
7.373333443204562,-0.571
7.386666776736577,-0.547
7.400000110268593,-0.557
7.413333443800608,-0.568
7.426666777332624,-0.519
7.44000011086464,-0.523
7.453333444396655,-0.552
7.466666777928671,-0.576
7.480000111460685,-0.547
7.493333444992701,-0.526
7.506666778524717,-0.534
7.520000112056732,-0.53
7.533333445588748,-0.499
7.546666779120764,-0.47
7.560000112652779,-0.457
7.573333446184795,-0.514
7.5866667797168095,-0.556
7.600000113248825,-0.544
7.613333446780841,-0.6
7.626666780312856,-0.622
7.640000113844872,-0.656
7.653333447376887,-0.688
7.666666780908903,-0.693
7.680000114440918,-0.776
7.693333447972933,-0.742
7.706666781504949,-0.726
7.720000115036965,-0.752
7.73333344856898,-0.777
7.746666782100996,-0.792
7.760000115633011,-0.817
7.773333449165027,-0.826
7.786666782697042,-0.839
7.800000116229057,-0.855
7.813333449761073,-0.852
7.826666783293088,-0.786
7.840000116825104,-0.73
7.85333345035712,-0.705
7.866666783889135,-0.735
7.88000011742115,-0.791
7.893333450953166,-0.785
7.906666784485181,-0.79
7.920000118017197,-0.832
7.933333451549212,-0.782
7.946666785081228,-0.764
7.960000118613244,-0.716
7.973333452145259,-0.68
7.986666785677274,-0.716
8.00000011920929,-0.755
8.013333452741305,-0.779
8.02666678627332,-0.786
8.040000119805336,-0.81
8.053333453337352,-0.882
8.066666786869368,-0.866
8.080000120401383,-0.776
8.093333453933399,-0.766
8.106666787465414,-0.831
8.12000012099743,-0.885
8.133333454529444,-0.825
8.14666678806146,-0.776
8.160000121593475,-0.759
8.17333345512549,-0.773
8.186666788657506,-0.732
8.200000122189522,-0.639
8.213333455721537,-0.566
8.226666789253553,-0.543
8.240000122785569,-0.574
8.253333456317584,-0.6
8.2666667898496,-0.528
8.280000123381615,-0.518
8.293333456913631,-0.544
8.306666790445647,-0.548
8.320000123977662,-0.497
8.333333457509676,-0.498
8.346666791041692,-0.472
8.360000124573707,-0.456
8.373333458105723,-0.474
8.386666791637738,-0.478
8.400000125169754,-0.515
8.41333345870177,-0.532
8.426666792233785,-0.536
8.4400001257658,-0.599
8.453333459297816,-0.573
8.466666792829832,-0.616
8.480000126361848,-0.669
8.493333459893863,-0.706
8.506666793425879,-0.767
8.520000126957894,-0.789
8.533333460489908,-0.748
8.546666794021924,-0.701
8.56000012755394,-0.671
8.573333461085955,-0.639
8.58666679461797,-0.605
8.600000128149986,-0.623
8.613333461682002,-0.661
8.626666795214017,-0.707
8.640000128746033,-0.762
8.653333462278049,-0.76
8.666666795810064,-0.736
8.68000012934208,-0.687
8.693333462874095,-0.619
8.706666796406111,-0.66
8.720000129938127,-0.615
8.73333346347014,-0.554
8.746666797002156,-0.533
8.760000130534172,-0.566
8.773333464066187,-0.626
8.786666797598203,-0.631
8.800000131130219,-0.644
8.813333464662234,-0.685
8.82666679819425,-0.736
8.840000131726265,-0.706
8.853333465258281,-0.7
8.866666798790297,-0.721
8.880000132322312,-0.749
8.893333465854328,-0.695
8.906666799386343,-0.702
8.920000132918359,-0.688
8.933333466450373,-0.682
8.946666799982388,-0.676
8.960000133514404,-0.666
8.97333346704642,-0.689
8.986666800578435,-0.71
9.00000013411045,-0.743
9.013333467642466,-0.81
9.026666801174482,-0.745
9.040000134706498,-0.7
9.053333468238511,-0.648
9.066666801770529,-0.598
9.080000135302544,-0.555
9.09333346883456,-0.482
9.106666802366576,-0.489
9.120000135898591,-0.536
9.133333469430609,-0.576
9.14666680296262,-0.592
9.160000136494636,-0.707
9.173333470026652,-0.749
9.186666803558667,-0.741
9.200000137090685,-0.682
9.2133334706227,-0.564
9.226666804154714,-0.576
9.24000013768673,-0.527
9.253333471218744,-0.481
9.26666680475076,-0.51
9.280000138282777,-0.577
9.293333471814792,-0.663
9.306666805346808,-0.742
9.320000138878823,-0.779
9.33333347241084,-0.781
9.346666805942853,-0.805
9.360000139474868,-0.773
9.373333473006884,-0.723
9.3866668065389,-0.662
9.400000140070915,-0.587
9.41333347360293,-0.559
9.426666807134946,-0.519
9.440000140666962,-0.521
9.453333474198978,-0.539
9.466666807730991,-0.508
9.480000141263009,-0.502
9.493333474795024,-0.56
9.50666680832704,-0.59
9.520000141859056,-0.571
9.533333475391071,-0.526
9.546666808923083,-0.594
9.5600001424551,-0.587
9.573333475987116,-0.546
9.586666809519132,-0.502
9.600000143051147,-0.537
9.613333476583165,-0.599
9.62666681011518,-0.621
9.640000143647194,-0.627
9.65333347717921,-0.666
9.666666810711224,-0.713
9.68000014424324,-0.718
9.693333477775257,-0.676
9.706666811307272,-0.619
9.720000144839288,-0.593
9.733333478371303,-0.671
9.746666811903316,-0.733
9.760000145435331,-0.78
9.773333478967348,-0.821
9.786666812499364,-0.854
9.80000014603138,-0.869
9.813333479563395,-0.832
9.826666813095413,-0.749
9.840000146627428,-0.655
9.853333480159442,-0.62
9.866666813691458,-0.569
9.880000147223472,-0.576
9.893333480755487,-0.578
9.906666814287505,-0.561
9.92000014781952,-0.572
9.933333481351536,-0.551
9.94666681488355,-0.576
9.960000148415563,-0.573
9.97333348194758,-0.505
9.986666815479596,-0.578
10.000000149011612,-0.653
10.013333482543628,-0.689
10.026666816075643,-0.691
10.04000014960766,-0.672
10.053333483139674,-0.733
10.06666681667169,-0.721
10.080000150203706,-0.68
10.09333348373572,-0.641
10.106666817267737,-0.634
10.120000150799752,-0.657
10.133333484331768,-0.694
10.146666817863782,-0.726
10.160000151395796,-0.75
10.173333484927811,-0.759
10.186666818459829,-0.78
10.200000151991844,-0.83
10.21333348552386,-0.839
10.226666819055875,-0.8
10.240000152587893,-0.782
10.253333486119908,-0.798
10.266666819651922,-0.839
10.280000153183938,-0.847
10.293333486715952,-0.801
10.306666820247967,-0.814
10.320000153779985,-0.792
10.333333487312,-0.838
10.346666820844014,-0.857
10.36000015437603,-0.787
10.373333487908043,-0.764
10.38666682144006,-0.748
10.400000154972076,-0.776
10.413333488504092,-0.787
10.426666822036108,-0.684
10.440000155568123,-0.678
10.45333348910014,-0.71
10.466666822632154,-0.756
10.48000015616417,-0.8
10.493333489696186,-0.811
10.5066668232282,-0.879
10.520000156760217,-0.917
10.533333490292232,-0.936
10.546666823824246,-0.951
10.560000157356262,-1.005
10.573333490888276,-0.972
10.586666824420291,-0.958
10.600000157952309,-0.979
10.613333491484324,-1.026
10.62666682501634,-1.005
10.640000158548355,-0.994
10.653333492080373,-0.989
10.666666825612388,-0.984
10.680000159144402,-0.959
10.693333492676418,-0.992
10.706666826208432,-0.954
10.720000159740447,-0.92
10.733333493272465,-0.914
10.746666826804478,-0.965
10.760000160336494,-0.963
10.77333349386851,-0.873
10.786666827400524,-0.833
10.80000016093254,-0.84
10.813333494464556,-0.767
10.826666827996572,-0.698
10.840000161528588,-0.714
10.853333495060603,-0.771
10.86666682859262,-0.827
10.880000162124634,-0.827
10.89333349565665,-0.908
10.906666829188666,-0.944
10.92000016272068,-0.913
10.933333496252695,-0.839
10.94666682978471,-0.828
10.960000163316726,-0.89
10.973333496848742,-0.911
10.986666830380758,-0.877
11.000000163912771,-0.811
11.013333497444789,-0.778
11.026666830976804,-0.742
11.04000016450882,-0.669
11.053333498040836,-0.622
11.066666831572851,-0.649
11.080000165104869,-0.71
11.093333498636882,-0.848
11.106666832168898,-0.914
11.120000165700914,-0.904
11.13333349923293,-0.887
11.146666832764945,-0.842
11.16000016629696,-0.814
11.173333499828974,-0.76
11.18666683336099,-0.687
11.200000166893004,-0.678
11.21333350042502,-0.707
11.226666833957037,-0.705
11.240000167489052,-0.717
11.253333501021068,-0.744
11.266666834553083,-0.709
11.2800001680851,-0.7
11.293333501617116,-0.743
11.30666683514913,-0.789
11.320000168681146,-0.815
11.33333350221316,-0.836
11.346666835745175,-0.854
11.36000016927719,-0.862
11.373333502809206,-0.863
11.386666836341222,-0.863
11.400000169873238,-0.863
11.413333503405251,-0.813
11.426666836937269,-0.785
11.440000170469284,-0.816
11.4533335040013,-0.888
11.466666837533316,-0.872
11.480000171065331,-0.89
11.493333504597349,-0.892
11.506666838129362,-0.886
11.520000171661378,-0.909
11.533333505193394,-0.924
11.546666838725407,-0.908
11.560000172257425,-0.864
11.57333350578944,-0.8
11.586666839321454,-0.783
11.60000017285347,-0.819
11.613333506385484,-0.786
11.6266668399175,-0.761
11.640000173449517,-0.776
11.653333506981532,-0.77
11.666666840513548,-0.801
11.680000174045563,-0.788
11.69333350757758,-0.775
11.706666841109596,-0.802
11.72000017464161,-0.741
11.733333508173626,-0.764
11.74666684170564,-0.798
11.760000175237655,-0.814
11.77333350876967,-0.814
11.786666842301686,-0.79
11.800000175833702,-0.831
11.813333509365718,-0.872
11.826666842897732,-0.899
11.840000176429747,-0.923
11.853333509961764,-0.915
11.86666684349378,-0.896
11.880000177025796,-0.884
11.893333510557811,-0.877
11.906666844089829,-0.859
11.920000177621842,-0.806
11.933333511153858,-0.814
11.946666844685872,-0.83
11.960000178217888,-0.823
11.973333511749903,-0.792
11.98666684528192,-0.792
12.000000178813934,-0.746
12.01333351234595,-0.697
12.026666845877966,-0.667
12.04000017940998,-0.675
12.053333512941997,-0.699
12.066666846474012,-0.664
12.080000180006028,-0.612
12.093333513538044,-0.615
12.10666684707006,-0.682
12.120000180602077,-0.685
12.13333351413409,-0.672
12.146666847666104,-0.67
12.16000018119812,-0.72
12.173333514730135,-0.766
12.186666848262153,-0.73
12.200000181794168,-0.707
12.213333515326182,-0.709
12.226666848858198,-0.665
12.240000182390212,-0.671
12.253333515922227,-0.672
12.266666849454245,-0.678
12.28000018298626,-0.672
12.293333516518276,-0.61
12.306666850050291,-0.647
12.320000183582309,-0.719
12.333333517114324,-0.761
12.346666850646336,-0.759
12.360000184178352,-0.721
12.373333517710368,-0.814
12.386666851242383,-0.861
12.4000001847744,-0.833
12.413333518306414,-0.744
12.42666685183843,-0.778
12.440000185370446,-0.845
12.45333351890246,-0.859
12.466666852434477,-0.812
12.480000185966492,-0.768
12.493333519498508,-0.868
12.506666853030524,-0.873
12.52000018656254,-0.876
12.533333520094557,-0.887
12.546666853626569,-0.895
12.560000187158584,-1.009
12.5733335206906,-0.945
12.586666854222615,-0.882
12.600000187754633,-0.898
12.613333521286648,-0.897
12.626666854818662,-0.858
12.640000188350678,-0.829
12.653333521882692,-0.819
12.666666855414707,-0.851
12.680000188946725,-0.842
12.69333352247874,-0.798
12.706666856010756,-0.802
12.720000189542771,-0.8
12.733333523074789,-0.743
12.746666856606804,-0.743
12.760000190138816,-0.75
12.773333523670832,-0.783
12.786666857202848,-0.803
12.800000190734863,-0.772
12.81333352426688,-0.848
12.826666857798894,-0.927
12.84000019133091,-0.93
12.853333524862926,-0.909
12.86666685839494,-0.939
12.880000191926957,-0.994
12.893333525458972,-1.001
12.906666858990988,-0.973
12.920000192523004,-0.94
12.93333352605502,-0.97
12.946666859587037,-0.863
12.960000193119049,-0.825
12.973333526651064,-0.805
12.98666686018308,-0.783
13.000000193715096,-0.78
13.013333527247111,-0.732
13.026666860779128,-0.758
13.040000194311142,-0.783
13.053333527843158,-0.759
13.066666861375174,-0.755
13.08000019490719,-0.759
13.093333528439205,-0.793
13.10666686197122,-0.85
13.120000195503236,-0.869
13.133333529035252,-0.851
13.146666862567267,-0.882
13.16000019609928,-0.911
13.173333529631297,-0.952
13.186666863163312,-1.027
13.200000196695328,-0.981
13.213333530227343,-0.992
13.22666686375936,-0.992
13.240000197291376,-0.962
13.25333353082339,-0.928
13.266666864355406,-0.834
13.28000019788742,-0.815
13.293333531419435,-0.803
13.306666864951453,-0.792
13.320000198483468,-0.846
13.333333532015484,-0.8
13.3466668655475,-0.824
13.360000199079511,-0.866
13.373333532611529,-0.893
13.386666866143544,-0.926
13.40000019967556,-0.876
13.413333533207576,-0.862
13.426666866739591,-0.873
13.440000200271609,-0.849
13.453333533803622,-0.814
13.466666867335638,-0.825
13.480000200867654,-0.869
13.49333353439967,-0.929
13.506666867931685,-0.99
13.5200002014637,-0.973
13.533333534995716,-0.947
13.546666868527732,-0.916
13.560000202059744,-0.874
13.57333353559176,-0.815
13.586666869123777,-0.834
13.600000202655792,-0.883
13.613333536187808,-0.937
13.626666869719823,-0.988
13.64000020325184,-1.036
13.653333536783856,-1.039
13.66666687031587,-1.021
13.680000203847886,-0.967
13.6933335373799,-0.911
13.706666870911915,-0.957
13.720000204443933,-0.924
13.733333537975948,-0.951
13.746666871507964,-0.997
13.760000205039978,-1.003
13.773333538571991,-0.961
13.786666872104009,-0.895
13.800000205636024,-0.88
13.81333353916804,-0.898
13.826666872700056,-0.881
13.840000206232071,-0.848
13.853333539764089,-0.93
13.866666873296102,-0.995
13.880000206828118,-0.985
13.893333540360134,-0.904
13.90666687389215,-0.91
13.920000207424165,-0.872
13.93333354095618,-0.835
13.946666874488196,-0.805
13.96000020802021,-0.812
13.973333541552226,-0.875
13.98666687508424,-0.849
14.000000208616257,-0.83
14.013333542148272,-0.881
14.026666875680288,-0.911
14.040000209212304,-0.947
14.05333354274432,-0.969
14.066666876276336,-0.977
14.08000020980835,-0.972
14.093333543340366,-0.913
14.106666876872382,-0.836
14.120000210404395,-0.79
14.133333543936413,-0.765
14.146666877468428,-0.759
14.160000211000442,-0.842
14.173333544532458,-0.897
14.186666878064472,-0.968
14.200000211596487,-1.011
14.213333545128505,-0.972
14.22666687866052,-1.014
14.240000212192536,-0.99
14.253333545724551,-0.967
14.266666879256569,-0.952
14.280000212788584,-0.879
14.293333546320598,-0.835
14.306666879852614,-0.733
14.32000021338463,-0.631
14.333333546916643,-0.561
14.34666688044866,-0.481
14.360000213980674,-0.431
14.37333354751269,-0.452
14.386666881044706,-0.541
14.40000021457672,-0.653
14.413333548108737,-0.657
14.426666881640752,-0.714
14.440000215172768,-0.794
14.453333548704784,-0.857
14.4666668822368,-0.854
14.480000215768817,-0.735
14.49333354930083,-0.741
14.506666882832846,-0.74
14.520000216364862,-0.717
14.533333549896875,-0.698
14.546666883428893,-0.667
14.560000216960908,-0.695
14.573333550492922,-0.716
14.586666884024938,-0.694
14.600000217556952,-0.644
14.613333551088967,-0.693
14.626666884620985,-0.667
14.640000218153,-0.629
14.653333551685016,-0.591
14.666666885217031,-0.556
14.680000218749049,-0.682
14.693333552281064,-0.709
14.706666885813078,-0.746
14.720000219345094,-0.863
14.73333355287711,-0.96
14.746666886409123,-0.963
14.76000021994114,-0.906
14.773333553473154,-0.821
14.78666688700517,-0.758
14.800000220537186,-0.743
14.8133335540692,-0.635
14.826666887601217,-0.554
14.840000221133232,-0.527
14.853333554665248,-0.542
14.866666888197264,-0.572
14.88000022172928,-0.528
14.893333555261297,-0.549
14.90666688879331,-0.642
14.920000222325326,-0.735
14.933333555857342,-0.738
14.946666889389356,-0.699
14.960000222921373,-0.692
14.973333556453388,-0.716
14.986666889985402,-0.689
15.000000223517418,-0.7
15.013333557049434,-0.685
15.026666890581447,-0.689
15.040000224113465,-0.716
15.05333355764548,-0.677
15.066666891177496,-0.69
15.080000224709512,-0.662
15.093333558241527,-0.645
