time_min,absorb_mau
0.0,0.0
0.0066666667660077,0.001
0.0133333335320154,-0.002
0.0200000002980232,-0.013
0.0266666670640309,-0.025
0.0333333338300387,-0.041
0.0400000005960464,-0.058
0.0466666673620541,-0.065
0.0533333341280619,-0.055
0.0600000008940696,-0.042
0.0666666676600774,-0.046
0.0733333344260851,-0.052
0.0800000011920929,-0.059
0.0866666679581006,-0.064
0.0933333347241083,-0.071
0.1000000014901161,-0.083
0.1066666682561238,-0.095
0.1133333350221316,-0.105
0.1200000017881393,-0.117
0.1266666685541471,-0.126
0.1333333353201548,-0.113
0.1400000020861625,-0.099
0.1466666688521703,-0.092
0.153333335618178,-0.091
0.1600000023841858,-0.091
0.1666666691501935,-0.085
0.1733333359162013,-0.077
0.180000002682209,-0.07
0.1866666694482167,-0.037
0.1933333362142245,-0.006
0.2000000029802322,0.026
0.2066666697462399,0.062
0.2133333365122477,0.098
0.2200000032782554,0.089
0.2266666700442632,0.076
0.2333333368102709,0.064
0.2400000035762786,0.061
0.2466666703422864,0.06
0.2533333371082942,0.078
0.2600000038743019,0.095
0.2666666706403096,0.109
0.2733333374063174,0.115
0.2800000041723251,0.122
0.2866666709383328,0.117
0.2933333377043406,0.111
0.3000000044703483,0.104
0.3066666712363561,0.095
0.3133333380023638,0.087
0.3200000047683716,0.128
0.3266666715343793,0.175
0.3333333383003871,0.21
0.3400000050663948,0.225
0.3466666718324026,0.239
0.3533333385984103,0.259
0.360000005364418,0.28
0.3666666721304258,0.296
0.3733333388964335,0.321
0.3800000056624412,0.342
0.386666672428449,0.359
0.3933333391944567,0.374
0.4000000059604645,0.441
0.4066666727264722,0.601
0.4133333394924799,0.759
0.4200000062584877,1.884
0.4266666730244954,3.251
0.4333333397905032,5.306
0.4400000065565109,9.239
0.4466666733225187,13.157
0.4533333400885264,19.344
0.4600000068545342,26.289
0.4666666736205419,33.568
0.4733333403865497,42.064
0.4800000071525573,50.547
0.4866666739185651,59.155
0.4933333406845728,67.772
0.5000000074505806,76.29
0.5066666742165884,83.065
0.5133333409825961,89.851
0.5200000077486039,94.89
0.5266666745146116,98.3
0.5333333412806193,101.591
0.5400000080466271,101.159
0.5466666748126348,100.58
0.5533333415786426,98.872
0.5600000083446502,95.965
0.566666675110658,93.005
0.5733333418766657,89.121
0.5800000086426735,85.206
0.5866666754086812,81.109
0.593333342174689,77.065
0.6000000089406967,73.009
0.6066666757067045,69.169
0.6133333424727122,65.453
0.62000000923872,61.749
0.6266666760047277,58.407
0.6333333427707355,55.062
0.6400000095367432,51.989
0.6466666763027509,49.065
0.6533333430687587,46.129
0.6600000098347664,43.456
0.6666666766007742,40.781
0.6733333433667819,38.431
0.6800000101327897,36.251
0.6866666768987973,34.106
0.6933333436648051,32.248
0.7000000104308128,30.386
0.7066666771968206,28.755
0.7133333439628283,27.279
0.7200000107288361,25.812
0.7266666774948438,24.563
0.7333333442608516,23.31
0.7400000110268593,22.234
0.746666677792867,21.291
0.7533333445588748,20.353
0.7600000113248825,19.573
0.7666666780908903,18.795
0.773333344856898,18.074
0.7800000116229058,17.41
0.7866666783889135,16.739
0.7933333451549213,16.193
0.800000011920929,15.647
0.8066666786869368,15.144
0.8133333454529444,14.692
0.8200000122189522,14.232
0.8266666789849599,13.876
0.8333333457509677,13.517
0.8400000125169754,13.193
0.8466666792829832,12.911
0.8533333460489909,12.624
0.8600000128149986,12.346
0.8666666795810064,12.072
0.8733333463470141,11.807
0.8800000131130219,11.575
0.8866666798790296,11.337
0.8933333466450374,11.104
0.9000000134110451,10.876
0.9066666801770528,10.652
0.9133333469430606,10.446
0.9200000137090684,10.239
0.926666680475076,10.043
0.933333347241084,9.849
0.9400000140070917,9.648
0.9466666807730992,9.462
0.953333347539107,9.275
0.9600000143051148,9.156
0.9666666810711224,9.046
0.9733333478371302,8.928
0.980000014603138,8.82
0.9866666813691456,8.712
0.9933333481351536,8.599
1.0000000149011612,8.49
1.006666681667169,8.371
1.0133333484331768,8.248
1.0200000151991844,8.124
1.0266666819651922,7.997
1.0333333487312,7.88
1.0400000154972078,7.763
1.0466666822632154,7.626
1.0533333490292232,7.492
1.060000015795231,7.348
1.0666666825612383,7.213
1.0733333493272463,7.091
1.080000016093254,7.011
1.086666682859262,6.932
1.0933333496252695,6.816
1.100000016391277,6.696
1.1066666831572851,6.58
1.113333349923293,6.497
1.1200000166893005,6.414
1.1266666834553083,6.3
1.133333350221316,6.175
1.140000016987324,6.05
1.1466666837533317,5.964
1.1533333505193393,5.879
1.160000017285347,5.766
1.1666666840513549,5.634
1.1733333508173625,5.493
1.1800000175833705,5.394
1.186666684349378,5.291
1.1933333511153856,5.206
1.2000000178813934,5.132
1.2066666846474012,5.055
1.213333351413409,5.005
1.2200000181794166,4.956
1.2266666849454244,4.89
1.2333333517114322,4.816
1.24000001847744,4.744
1.2466666852434476,4.693
1.2533333520094554,4.645
1.2600000187754632,4.592
1.266666685541471,4.546
1.2733333523074786,4.5
1.2800000190734864,4.402
1.2866666858394942,4.3
1.2933333526055018,4.191
1.3000000193715096,4.079
1.3066666861375174,3.966
1.3133333529035252,3.927
1.3200000196695327,3.896
1.3266666864355403,3.855
1.3333333532015483,3.803
1.340000019967556,3.749
1.3466666867335635,3.737
1.3533333534995715,3.735
1.360000020265579,3.71
1.3666666870315871,3.655
1.3733333537975947,3.6
1.3800000205636025,3.61
1.3866666873296103,3.628
1.393333354095618,3.638
1.4000000208616257,3.612
1.4066666876276337,3.584
1.4133333543936413,3.518
1.4200000211596489,3.453
1.4266666879256569,3.394
1.4333333546916645,3.343
1.4400000214576725,3.289
1.4466666882236798,3.269
1.4533333549896876,3.272
1.4600000217556954,3.273
1.4666666885217032,3.216
1.4733333552877108,3.16
1.4800000220537186,3.119
1.4866666888197264,3.083
1.493333355585734,3.048
1.5000000223517418,3.072
1.5066666891177496,3.096
1.5133333558837574,3.088
1.520000022649765,3.06
1.5266666894157728,3.025
1.5333333561817806,2.997
1.5400000229477884,2.965
1.546666689713796,2.93
1.5533333564798038,2.896
1.5600000232458116,2.867
1.5666666900118194,2.859
1.573333356777827,2.851
1.5800000235438347,2.832
1.5866666903098423,2.806
1.5933333570758503,2.78
1.600000023841858,2.789
1.6066666906078657,2.801
1.6133333573738735,2.786
1.620000024139881,2.759
1.626666690905889,2.734
1.6333333576718967,2.743
1.6400000244379045,2.754
1.646666691203912,2.736
1.65333335796992,2.681
1.6600000247359277,2.624
1.6666666915019357,2.612
1.673333358267943,2.603
1.6800000250339509,2.584
1.6866666917999589,2.541
1.6933333585659665,2.5
1.700000025331974,2.53
1.7066666920979818,2.573
1.7133333588639896,2.602
1.7200000256299972,2.594
1.726666692396005,2.585
1.7333333591620128,2.643
1.7400000259280206,2.709
1.7466666926940282,2.762
1.753333359460036,2.776
1.7600000262260438,2.787
1.7666666929920516,2.785
1.7733333597580592,2.782
1.780000026524067,2.769
1.7866666932900748,2.726
1.7933333600560826,2.679
1.80000002682209,2.666
1.806666693588098,2.668
1.8133333603541055,2.666
1.820000027120113,2.613
1.826666693886121,2.557
1.833333360652129,2.515
1.8400000274181367,2.485
1.8466666941841443,2.447
1.853333360950152,2.434
1.86000002771616,2.415
1.866666694482168,2.418
1.8733333612481755,2.433
1.880000028014183,2.45
1.886666694780191,2.474
1.8933333615461987,2.496
1.9000000283122065,2.514
1.906666695078214,2.529
1.9133333618442216,2.545
1.9200000286102292,2.574
1.9266666953762368,2.603
1.933333362142245,2.593
1.9400000289082528,2.561
1.9466666956742604,2.531
1.953333362440268,2.519
1.960000029206276,2.504
1.966666695972284,2.494
1.9733333627382916,2.478
1.9800000295042992,2.464
1.986666696270307,2.445
1.9933333630363148,2.428
2.0000000298023224,2.389
2.00666669656833,2.329
2.013333363334338,2.267
2.020000030100346,2.263
2.0266666968663536,2.272
2.033333363632361,2.279
2.0400000303983687,2.262
2.0466666971643765,2.246
2.0533333639303843,2.184
2.060000030696392,2.112
2.0666666974624,2.064
2.073333364228408,2.043
2.0800000309944155,2.026
2.086666697760423,2.023
2.0933333645264307,2.03
2.1000000312924385,2.024
2.1066666980584463,2.001
2.113333364824454,1.976
2.120000031590462,1.967
2.1266666983564697,1.961
2.133333365122477,1.957
2.140000031888485,1.999
2.1466666986544927,2.037
2.1533333654205005,2.028
2.1600000321865083,1.992
2.166666698952516,1.956
2.173333365718524,1.899
2.180000032484532,1.848
2.186666699250539,1.825
2.193333366016547,1.821
2.200000032782554,1.809
2.2066666995485624,1.74
2.2133333663145702,1.67
2.220000033080578,1.609
2.226666699846586,1.549
2.233333366612593,1.494
2.240000033378601,1.502
2.246666700144609,1.512
2.2533333669106166,1.523
2.2600000336766244,1.545
2.266666700442632,1.566
2.27333336720864,1.576
2.280000033974648,1.584
2.286666700740655,1.585
2.293333367506663,1.593
2.3000000342726707,1.6
2.3066667010386785,1.587
2.3133333678046863,1.57
2.320000034570694,1.527
2.326666701336702,1.457
2.3333333681027097,1.384
2.340000034868717,1.354
2.346666701634725,1.327
2.3533333684007327,1.285
2.3600000351667405,1.219
2.3666667019327483,1.154
2.373333368698756,1.134
2.380000035464764,1.125
2.3866667022307717,1.107
2.393333368996779,1.076
2.400000035762787,1.045
2.4066667025287947,1.041
2.4133333692948025,1.044
2.4200000360608103,1.048
2.426666702826818,1.03
2.433333369592826,1.014
2.440000036358833,1.007
2.446666703124841,1.008
2.453333369890849,1.01
2.4600000366568566,0.987
2.4666667034228644,0.968
2.473333370188872,0.973
2.48000003695488,0.991
2.4866667037208874,1.016
2.493333370486895,1.034
2.500000037252903,1.055
2.506666704018911,1.041
2.5133333707849186,1.011
2.5200000375509264,0.979
2.526666704316934,0.947
2.533333371082942,0.917
2.5400000378489493,0.905
2.546666704614957,0.903
2.553333371380965,0.9
2.5600000381469727,0.872
2.5666667049129805,0.845
2.5733333716789883,0.81
2.580000038444996,0.767
2.5866667052110035,0.723
2.5933333719770117,0.699
2.600000038743019,0.681
2.606666705509027,0.681
2.6133333722750347,0.701
2.6200000390410425,0.723
2.6266667058070503,0.692
2.633333372573058,0.661
2.640000039339065,0.639
2.6466667061050733,0.632
2.653333372871081,0.626
2.660000039637089,0.64
2.6666667064030967,0.654
2.6733333731691045,0.673
2.6800000399351123,0.707
2.68666670670112,0.74
2.6933333734671274,0.747
2.7000000402331352,0.75
2.706666706999143,0.758
2.713333373765151,0.778
2.720000040531158,0.799
2.7266667072971664,0.78
2.7333333740631742,0.758
2.7400000408291816,0.746
2.7466667075951894,0.741
2.753333374361197,0.736
2.760000041127205,0.727
2.766666707893213,0.716
2.7733333746592206,0.7
2.7800000414252284,0.681
2.786666708191236,0.66
2.7933333749572435,0.612
2.800000041723252,0.563
2.806666708489259,0.514
2.813333375255267,0.513
2.8200000420212747,0.508
2.8266667087872825,0.481
2.8333333755532903,0.44
2.8400000423192977,0.397
2.846666709085305,0.35
2.8533333758513133,0.302
2.860000042617321,0.275
2.866666709383329,0.258
2.8733333761493367,0.236
2.8800000429153445,0.248
2.886666709681352,0.257
2.89333337644736,0.263
2.9000000432133675,0.266
2.9066667099793757,0.273
2.913333376745383,0.287
2.920000043511391,0.302
2.9266667102773987,0.33
2.9333333770434065,0.366
2.940000043809414,0.402
2.9466667105754216,0.426
2.953333377341429,0.45
2.960000044107437,0.454
2.966666710873445,0.45
2.973333377639453,0.444
2.9800000444054606,0.436
2.986666711171468,0.426
2.993333377937476,0.433
3.000000044703484,0.453
3.0066667114694914,0.471
3.013333378235499,0.425
3.020000045001507,0.377
3.026666711767515,0.335
3.0333333785335226,0.298
3.04000004529953,0.261
3.0466667120655377,0.243
3.053333378831545,0.233
3.0600000455975533,0.252
3.066666712363561,0.294
3.073333379129569,0.339
3.0800000458955767,0.337
3.086666712661584,0.323
3.093333379427592,0.315
3.1000000461936,0.329
3.1066667129596075,0.345
3.1133333797256157,0.376
3.120000046491623,0.407
3.126666713257631,0.441
3.1333333800236387,0.487
3.140000046789646,0.533
3.146666713555654,0.537
3.1533333803216617,0.52
3.160000047087669,0.5
3.1666667138536773,0.481
3.173333380619685,0.462
3.180000047385693,0.453
3.1866667141517007,0.452
3.193333380917708,0.437
3.200000047683716,0.379
3.206666714449724,0.318
3.2133333812157314,0.28
3.220000047981739,0.251
3.226666714747747,0.23
3.233333381513755,0.246
3.240000048279762,0.262
3.24666671504577,0.289
3.253333381811778,0.324
3.2600000485777856,0.358
3.2666667153437934,0.368
3.273333382109801,0.381
3.280000048875809,0.405
3.286666715641817,0.447
3.293333382407824,0.489
3.300000049173832,0.486
3.30666671593984,0.482
3.3133333827058475,0.474
3.320000049471856,0.452
3.326666716237863,0.429
3.333333383003871,0.398
3.3400000497698783,0.365
3.346666716535886,0.348
3.353333383301894,0.356
3.3600000500679017,0.363
3.366666716833909,0.352
3.3733333835999173,0.342
3.380000050365925,0.336
3.386666717131933,0.343
3.3933333838979403,0.349
3.400000050663948,0.333
3.406666717429956,0.311
3.413333384195964,0.313
3.4200000509619715,0.325
3.4266667177279797,0.345
3.433333384493987,0.354
3.4400000512599944,0.359
3.446666718026002,0.368
3.45333338479201,0.39
3.460000051558018,0.413
3.4666667183240256,0.423
3.4733333850900334,0.429
3.480000051856041,0.442
3.486666718622049,0.459
3.4933333853880564,0.48
3.500000052154064,0.456
3.506666718920072,0.413
3.51333338568608,0.383
3.520000052452088,0.392
3.5266667192180954,0.399
3.533333385984103,0.374
3.5400000527501105,0.34
3.5466667195161183,0.303
3.553333386282126,0.268
3.560000053048134,0.233
3.5666667198141417,0.22
3.573333386580149,0.215
3.5800000533461573,0.216
3.586666720112165,0.249
3.5933333868781725,0.286
3.6000000536441803,0.315
3.606666720410188,0.326
3.613333387176196,0.332
3.620000053942204,0.343
3.626666720708212,0.356
3.6333333874742193,0.382
3.640000054240226,0.421
3.6466667210062345,0.46
3.653333387772242,0.461
3.66000005453825,0.458
3.666666721304258,0.445
3.6733333880702657,0.42
3.6800000548362735,0.395
3.686666721602281,0.379
3.6933333883682886,0.359
3.700000055134296,0.344
3.706666721900304,0.352
3.713333388666312,0.36
3.72000005543232,0.32
3.726666722198328,0.275
3.733333388964336,0.251
3.740000055730343,0.251
3.746666722496351,0.253
3.7533333892623584,0.259
3.760000056028366,0.267
3.766666722794374,0.266
3.773333389560382,0.239
3.7800000563263896,0.211
3.786666723092397,0.193
3.7933333898584047,0.18
3.800000056624413,0.184
3.80666672339042,0.245
3.813333390156428,0.305
3.820000056922436,0.322
3.826666723688444,0.318
3.833333390454452,0.307
3.840000057220459,0.268
3.8466667239864663,0.232
3.8533333907524745,0.203
3.8600000575184814,0.179
3.86666672428449,0.159
3.873333391050498,0.136
3.8800000578165057,0.116
3.8866667245825135,0.086
3.893333391348521,0.045
3.9000000581145287,0.009
3.906666724880537,0.011
3.913333391646544,0.014
3.920000058412552,0.028
3.92666672517856,0.058
3.933333391944568,0.083
3.940000058710575,0.077
3.946666725476583,0.071
3.953333392242591,0.058
3.9600000590085984,0.039
3.966666725774606,0.021
3.973333392540614,0.017
3.980000059306622,0.01
3.9866667260726296,0.0
3.993333392838637,-0.017
4.000000059604645,-0.032
4.006666726370653,-0.001
4.01333339313666,0.034
4.020000059902668,0.031
4.026666726668676,0.007
4.033333393434684,-0.014
4.040000060200692,0.005
4.046666726966699,0.029
4.053333393732707,0.051
4.060000060498715,0.062
4.066666727264722,0.075
4.07333339403073,0.088
4.0800000607967375,0.1
4.086666727562745,0.11
4.093333394328753,0.104
4.100000061094761,0.096
4.106666727860769,0.125
4.1133333946267765,0.171
4.120000061392784,0.213
4.126666728158792,0.226
4.1333333949248,0.239
4.140000061690808,0.234
4.146666728456816,0.224
4.153333395222823,0.22
4.160000061988831,0.231
4.166666728754838,0.24
4.173333395520846,0.23
4.180000062286854,0.212
4.186666729052861,0.189
4.193333395818869,0.177
4.200000062584877,0.165
4.206666729350885,0.19
4.213333396116893,0.224
4.2200000628829,0.254
4.226666729648908,0.288
4.233333396414916,0.322
4.240000063180924,0.314
4.246666729946932,0.286
4.253333396712939,0.259
4.260000063478947,0.252
4.266666730244954,0.244
4.273333397010962,0.261
4.28000006377697,0.296
4.2866667305429775,0.329
4.293333397308985,0.287
4.300000064074993,0.245
4.306666730841001,0.191
4.313333397607009,0.134
4.3200000643730165,0.079
4.326666731139024,0.041
4.333333397905032,0.008
4.34000006467104,-0.011
4.346666731437048,-0.026
4.353333398203056,-0.04
4.360000064969063,-0.075
4.36666673173507,-0.112
4.373333398501078,-0.135
4.380000065267086,-0.14
4.386666732033094,-0.145
4.3933333987991015,-0.15
4.400000065565109,-0.149
4.406666732331117,-0.142
4.413333399097125,-0.126
4.420000065863133,-0.11
4.4266667326291405,-0.106
4.433333399395148,-0.108
4.440000066161156,-0.093
4.446666732927164,-0.05
4.453333399693172,-0.008
4.46000006645918,-0.019
4.466666733225186,-0.037
4.473333399991194,-0.032
4.480000066757202,0.014
4.48666673352321,0.064
4.493333400289218,0.082
4.500000067055225,0.092
4.506666733821233,0.097
4.513333400587241,0.088
4.520000067353249,0.078
4.526666734119257,0.052
4.533333400885264,0.014
4.540000067651272,-0.012
4.54666673441728,0.035
4.553333401183288,0.082
4.560000067949296,0.071
4.566666734715303,0.032
4.57333340148131,-0.001
4.580000068247318,-0.002
4.586666735013326,-0.002
4.593333401779334,0.004
4.6000000685453415,0.014
4.606666735311349,0.031
4.613333402077357,0.043
4.620000068843365,0.059
4.626666735609373,0.061
4.6333334023753805,0.047
4.640000069141388,0.03
4.646666735907396,0.06
4.653333402673404,0.089
4.660000069439412,0.122
4.66666673620542,0.154
4.673333402971426,0.183
4.680000069737434,0.193
4.686666736503442,0.201
4.69333340326945,0.215
4.700000070035458,0.232
4.706666736801465,0.246
4.713333403567473,0.229
4.720000070333481,0.212
4.726666737099489,0.196
4.733333403865497,0.18
4.740000070631504,0.165
4.746666737397512,0.15
4.75333340416352,0.133
4.760000070929528,0.13
4.766666737695536,0.142
4.773333404461543,0.157
4.78000007122755,0.15
4.786666737993558,0.137
4.793333404759566,0.117
4.800000071525574,0.096
4.8066667382915815,0.076
4.813333405057589,0.064
4.820000071823597,0.053
4.826666738589605,0.052
4.833333405355613,0.06
4.8400000721216205,0.068
4.846666738887628,0.064
4.853333405653636,0.054
4.860000072419644,0.038
4.866666739185652,0.004
4.873333405951659,-0.028
4.880000072717666,-0.038
4.886666739483674,-0.032
4.893333406249682,-0.021
4.90000007301569,0.011
4.906666739781698,0.041
4.9133334065477055,0.064
4.920000073313713,0.078
4.926666740079721,0.089
4.933333406845729,0.091
4.940000073611737,0.094
4.9466667403777445,0.113
4.953333407143752,0.147
4.96000007390976,0.183
4.966666740675768,0.216
4.973333407441775,0.251
4.980000074207783,0.262
4.98666674097379,0.25
4.993333407739798,0.236
5.000000074505806,0.19
5.006666741271814,0.143
5.013333408037822,0.103
5.020000074803829,0.073
5.026666741569837,0.045
5.033333408335845,0.032
5.040000075101853,0.018
5.046666741867861,0.006
5.053333408633868,0.0
5.060000075399876,-0.008
5.066666742165884,-0.008
5.073333408931891,-0.005
5.080000075697899,0.0
5.0866667424639065,0.008
5.093333409229914,0.02
5.100000075995922,0.052
5.10666674276193,0.085
5.113333409527938,0.098
5.1200000762939455,0.076
5.126666743059953,0.054
5.133333409825961,0.069
5.140000076591969,0.087
5.146666743357977,0.103
5.1533334101239845,0.112
5.160000076889992,0.122
5.166666743656,0.12
5.173333410422007,0.118
5.180000077188015,0.109
5.186666743954023,0.067
5.19333341072003,0.026
5.200000077486038,0.046
5.206666744252046,0.088
5.213333411018054,0.119
5.220000077784062,0.085
5.226666744550069,0.052
5.233333411316077,0.028
5.240000078082085,0.009
5.246666744848093,-0.021
5.253333411614101,-0.048
5.260000078380108,-0.08
5.266666745146116,-0.089
5.273333411912123,-0.084
5.280000078678131,-0.071
5.286666745444139,-0.061
5.2933334122101465,-0.051
5.300000078976154,-0.07
5.306666745742162,-0.1
5.31333341250817,-0.123
5.320000079274178,-0.105
5.3266667460401855,-0.086
5.333333412806193,-0.071
5.340000079572201,-0.051
5.346666746338209,-0.034
5.353333413104217,-0.03
5.3600000798702245,-0.031
5.366666746636232,-0.027
5.373333413402239,-0.041
5.380000080168247,-0.053
5.386666746934255,-0.021
5.393333413700263,0.024
5.4000000804662704,0.056
5.406666747232278,0.061
5.413333413998286,0.065
5.420000080764294,0.088
5.426666747530302,0.115
5.433333414296309,0.13
5.440000081062317,0.119
5.446666747828325,0.112
5.453333414594333,0.078
5.460000081360341,0.037
5.4666667481263485,-0.01
5.473333414892355,-0.062
5.480000081658363,-0.112
5.486666748424371,-0.129
5.493333415190379,-0.143
5.500000081956387,-0.169
5.506666748722394,-0.211
5.513333415488402,-0.255
5.52000008225441,-0.222
5.526666749020418,-0.17
5.533333415786426,-0.129
5.540000082552433,-0.113
5.546666749318441,-0.099
5.553333416084449,-0.069
5.560000082850457,-0.033
5.566666749616465,0.007
5.573333416382472,-0.004
5.580000083148479,-0.012
5.586666749914487,0.0
5.593333416680495,0.027
5.600000083446503,0.058
5.606666750212511,0.04
5.613333416978518,0.023
5.620000083744526,0.017
5.626666750510534,0.025
5.633333417276542,0.032
5.6400000840425495,0.036
5.646666750808557,0.039
5.653333417574565,0.031
5.660000084340573,0.017
5.666666751106581,0.005
5.673333417872588,-0.001
5.680000084638595,-0.006
5.686666751404603,0.011
5.693333418170611,0.041
5.700000084936619,0.07
5.706666751702627,0.09
5.713333418468634,0.112
5.720000085234642,0.116
5.72666675200065,0.112
5.733333418766658,0.106
5.740000085532666,0.094
5.746666752298673,0.084
5.753333419064681,0.084
5.760000085830689,0.099
5.766666752596697,0.111
5.773333419362704,0.086
5.780000086128712,0.052
5.786666752894719,0.024
5.793333419660727,0.014
5.800000086426735,0.002
5.806666753192743,0.024
5.813333419958751,0.053
5.820000086724758,0.08
5.826666753490766,0.114
5.833333420256774,0.147
5.840000087022782,0.148
5.8466667537887895,0.138
5.853333420554797,0.136
5.860000087320805,0.131
5.866666754086813,0.13
5.87333342085282,0.152
5.880000087618828,0.176
5.886666754384835,0.191
5.893333421150843,0.171
5.900000087916851,0.151
5.906666754682859,0.144
5.913333421448867,0.143
5.920000088214874,0.136
5.926666754980882,0.096
5.93333342174689,0.06
5.940000088512898,0.03
5.946666755278906,0.0
5.9533334220449134,-0.022
5.960000088810921,-0.031
5.966666755576929,-0.041
5.973333422342936,-0.045
5.980000089108944,-0.039
5.986666755874952,-0.031
5.993333422640959,-0.031
6.000000089406967,-0.028
6.006666756172975,-0.012
6.013333422938983,0.025
6.020000089704991,0.063
6.026666756470998,0.111
6.033333423237006,0.157
6.040000090003014,0.153
6.046666756769022,0.094
6.05333342353503,0.036
6.060000090301037,0.008
6.066666757067045,-0.015
6.073333423833052,-0.041
6.08000009059906,-0.067
6.086666757365068,-0.093
6.093333424131076,-0.123
6.100000090897083,-0.15
6.106666757663091,-0.165
6.113333424429099,-0.176
6.120000091195107,-0.187
6.1266667579611145,-0.165
6.133333424727122,-0.13
6.14000009149313,-0.113
6.146666758259138,-0.137
6.153333425025146,-0.16
6.1600000917911535,-0.195
6.166666758557161,-0.232
6.173333425323168,-0.257
6.180000092089176,-0.253
6.186666758855184,-0.249
6.193333425621192,-0.238
6.200000092387199,-0.233
6.206666759153207,-0.231
6.213333425919215,-0.227
6.220000092685223,-0.224
6.226666759451231,-0.218
6.233333426217238,-0.202
6.240000092983246,-0.177
6.246666759749254,-0.126
6.253333426515262,-0.073
6.26000009328127,-0.036
6.266666760047277,-0.011
6.273333426813284,0.014
6.280000093579292,-0.01
6.2866667603453,-0.032
6.293333427111308,-0.028
6.300000093877316,-0.01
6.306666760643323,0.002
6.313333427409331,0.025
6.320000094175339,0.047
6.326666760941347,0.068
6.3333334277073545,0.083
6.340000094473362,0.098
6.34666676123937,0.117
6.353333428005378,0.136
6.360000094771386,0.138
6.3666667615373935,0.129
6.373333428303401,0.121
6.380000095069408,0.07
6.386666761835416,0.016
6.393333428601424,-0.031
6.400000095367432,-0.068
6.406666762133439,-0.105
6.413333428899447,-0.151
6.420000095665455,-0.199
6.426666762431463,-0.237
6.433333429197471,-0.26
6.440000095963478,-0.283
6.446666762729486,-0.268
6.453333429495494,-0.243
6.460000096261502,-0.213
6.46666676302751,-0.159
6.473333429793517,-0.109
6.480000096559524,-0.074
6.486666763325532,-0.04
6.49333343009154,-0.009
6.500000096857548,0.0
6.506666763623556,0.013
6.513333430389563,0.034
6.520000097155571,0.051
6.526666763921579,0.048
6.533333430687587,0.022
6.540000097453595,-0.009
6.546666764219602,-0.016
6.55333343098561,-0.02
6.560000097751618,-0.038
6.566666764517626,-0.051
6.573333431283634,-0.071
6.5800000980496405,-0.088
6.586666764815648,-0.101
6.593333431581656,-0.11
6.600000098347664,-0.128
6.606666765113672,-0.147
6.61333343187968,-0.139
6.620000098645687,-0.11
6.626666765411695,-0.082
6.633333432177703,-0.085
6.640000098943711,-0.09
6.646666765709719,-0.077
6.653333432475726,-0.044
6.660000099241734,-0.017
6.666666766007742,-0.001
6.67333343277375,0.013
6.680000099539757,0.017
6.686666766305764,0.006
6.693333433071772,-0.007
6.70000009983778,-0.047
6.706666766603788,-0.089
6.713333433369796,-0.103
6.720000100135803,-0.096
6.726666766901811,-0.089
6.733333433667819,-0.11
6.740000100433827,-0.131
6.746666767199835,-0.146
6.753333433965842,-0.146
6.76000010073185,-0.146
6.766666767497858,-0.115
6.773333434263866,-0.084
6.780000101029873,-0.053
6.7866667677958805,-0.023
6.793333434561888,0.008
6.800000101327896,0.009
6.806666768093904,-0.001
6.813333434859912,-0.015
6.82000010162592,-0.019
6.826666768391927,-0.023
6.833333435157935,0.001
6.840000101923943,0.033
6.846666768689951,0.049
6.853333435455959,0.025
6.860000102221966,0.0
6.866666768987974,0.011
6.873333435753982,0.034
6.880000102519989,0.049
6.886666769285997,0.045
6.893333436052004,0.039
6.900000102818012,0.059
6.90666676958402,0.088
6.913333436350028,0.119
6.920000103116036,0.117
6.926666769882043,0.119
6.933333436648051,0.132
6.940000103414059,0.153
6.946666770180067,0.182
6.953333436946075,0.196
6.960000103712082,0.212
6.96666677047809,0.225
6.973333437244098,0.241
6.980000104010105,0.259
6.986666770776113,0.265
6.993333437542121,0.273
7.000000104308128,0.247
7.006666771074136,0.208
7.013333437840144,0.167
7.020000104606152,0.159
7.02666677137216,0.149
7.033333438138167,0.114
7.040000104904175,0.061
7.046666771670183,0.006
7.053333438436191,0.005
7.060000105202199,0.005
7.066666771968206,0.003
7.073333438734214,-0.002
7.080000105500221,-0.008
7.086666772266229,-0.022
7.093333439032237,-0.029
7.1000001057982445,-0.012
7.106666772564252,0.01
7.11333343933026,0.034
7.120000106096268,0.091
7.126666772862276,0.149
7.133333439628284,0.175
7.140000106394291,0.145
7.146666773160299,0.114
7.153333439926307,0.081
7.160000106692315,0.049
7.1666667734583225,0.031
7.17333344022433,0.067
7.180000106990337,0.1
7.186666773756345,0.138
7.193333440522353,0.164
7.200000107288361,0.165
7.206666774054368,0.103
7.213333440820376,0.037
7.220000107586384,0.017
7.226666774352392,0.015
7.2333334411184,0.022
7.240000107884407,0.065
7.246666774650415,0.107
7.253333441416423,0.119
7.260000108182431,0.118
7.266666774948439,0.112
7.273333441714446,0.052
7.280000108480453,-0.011
7.286666775246461,-0.007
7.293333442012469,0.033
7.300000108778477,0.076
7.306666775544484,0.108
7.313333442310492,0.144
7.3200001090765,0.127
7.326666775842508,0.08
7.333333442608516,0.034
7.3400001093745235,0.038
7.346666776140531,0.042
7.353333442906539,0.045
7.360000109672547,0.05
7.366666776438555,0.056
7.373333443204562,0.025
7.380000109970569,-0.007
7.386666776736577,-0.022
7.393333443502585,-0.024
7.400000110268593,-0.029
7.406666777034601,0.01
7.413333443800608,0.056
7.420000110566616,0.084
7.426666777332624,0.087
7.433333444098632,0.091
7.44000011086464,0.078
7.446666777630647,0.065
7.453333444396655,0.076
7.460000111162663,0.12
7.466666777928671,0.163
7.473333444694679,0.161
7.480000111460685,0.153
7.486666778226693,0.141
7.493333444992701,0.119
7.500000111758709,0.099
7.506666778524717,0.072
7.513333445290723,0.048
7.520000112056732,0.028
7.52666677882274,0.031
7.533333445588748,0.034
7.540000112354756,0.031
7.546666779120764,0.017
7.553333445886771,0.002
7.560000112652779,-0.002
7.566666779418787,-0.007
7.573333446184795,-0.031
7.580000112950802,-0.058
7.5866667797168095,-0.072
7.593333446482817,-0.06
7.600000113248825,-0.045
7.606666780014833,-0.027
7.613333446780841,-0.01
7.620000113546848,-0.004
7.626666780312856,-0.044
7.633333447078864,-0.085
7.640000113844872,-0.096
7.64666678061088,-0.094
7.653333447376887,-0.09
7.660000114142895,-0.064
7.666666780908903,-0.038
7.673333447674911,-0.034
7.680000114440918,-0.049
7.686666781206926,-0.064
7.693333447972933,-0.069
7.700000114738941,-0.077
7.706666781504949,-0.074
7.713333448270957,-0.057
7.720000115036965,-0.039
7.726666781802972,-0.049
7.73333344856898,-0.062
7.740000115334988,-0.064
7.746666782100996,-0.055
7.753333448867004,-0.048
7.760000115633011,-0.011
7.766666782399019,0.025
7.773333449165027,0.048
7.780000115931034,0.058
7.786666782697042,0.067
7.7933334494630495,0.086
7.800000116229057,0.105
7.806666782995065,0.121
7.813333449761073,0.128
7.820000116527081,0.136
7.826666783293088,0.131
7.833333450059096,0.123
7.840000116825104,0.107
7.846666783591112,0.072
7.85333345035712,0.038
7.860000117123127,0.038
7.866666783889135,0.045
7.873333450655143,0.05
7.88000011742115,0.042
7.886666784187158,0.036
7.893333450953166,0.026
7.900000117719173,0.017
7.906666784485181,-0.001
7.913333451251189,-0.033
7.920000118017197,-0.066
7.926666784783205,-0.07
7.933333451549212,-0.064
7.94000011831522,-0.052
7.946666785081228,-0.036
7.953333451847236,-0.02
7.960000118613244,0.0
7.966666785379251,0.024
7.973333452145259,0.044
7.980000118911266,0.062
7.986666785677274,0.08
7.993333452443282,0.102
8.00000011920929,0.134
8.006666785975298,0.164
8.013333452741305,0.149
8.020000119507314,0.134
8.02666678627332,0.104
8.033333453039328,0.056
8.040000119805336,0.014
8.046666786571343,0.007
8.053333453337352,0.001
8.060000120103359,-0.007
8.066666786869368,-0.013
8.073333453635374,-0.02
8.080000120401383,-0.033
8.08666678716739,-0.045
8.093333453933399,-0.06
8.100000120699406,-0.067
8.106666787465414,-0.076
8.113333454231421,-0.071
8.12000012099743,-0.067
8.126666787763437,-0.062
8.133333454529444,-0.069
8.140000121295452,-0.075
8.14666678806146,-0.071
8.153333454827468,-0.063
8.160000121593475,-0.063
8.166666788359484,-0.067
8.17333345512549,-0.07
8.1800001218915,-0.011
8.186666788657506,0.048
8.193333455423515,0.097
8.200000122189522,0.126
8.20666678895553,0.152
8.213333455721537,0.126
8.220000122487546,0.091
8.226666789253553,0.061
8.23333345601956,0.038
8.240000122785569,0.016
8.246666789551576,0.042
