time_min,absorb_mau
0.0,-0.006
0.0266666670640309,-0.157
0.0533333341280619,-0.315
0.0800000011920929,-0.441
0.1066666682561238,-0.443
0.1333333353201548,-0.336
0.1600000023841858,-0.396
0.1866666694482167,-0.334
0.2133333365122477,-0.378
0.2400000035762786,-0.283
0.2666666706403096,-0.27
0.2933333377043406,-0.215
0.3200000047683716,-0.279
0.3466666718324026,-0.276
0.3733333388964335,-0.349
0.4000000059604645,-0.293
0.4266666730244954,-0.374
0.4533333400885264,-0.305
0.4800000071525573,-0.31
0.5066666742165884,-0.295
0.5333333412806193,-0.237
0.5600000083446502,-0.292
0.5866666754086812,-0.165
0.6133333424727122,0.274
0.6400000095367432,1.33
0.6666666766007742,3.537
0.6933333436648051,7.049
0.7200000107288361,11.91
0.746666677792867,18.487
0.773333344856898,26.801
0.800000011920929,38.29
0.8266666789849599,53.46
0.8533333460489909,74.598
0.8800000131130219,103.571
0.9066666801770528,139.769
0.933333347241084,181.027
0.9600000143051148,221.674
0.9866666813691456,256.483
1.0133333484331768,280.939
1.0400000154972078,292.526
1.0666666825612383,290.583
1.0933333496252695,279.107
1.1200000166893005,259.672
1.1466666837533317,236.175
1.1733333508173625,211.5
1.2000000178813934,186.306
1.2266666849454244,162.946
1.2533333520094554,142.06
1.2800000190734864,122.847
1.3066666861375174,106.605
1.3333333532015483,92.216
1.360000020265579,81.059
1.3866666873296103,71.928
1.4133333543936413,64.539
1.4400000214576725,58.481
1.4666666885217032,53.416
1.493333355585734,49.406
1.520000022649765,46.092
1.546666689713796,43.4
1.573333356777827,41.257
1.600000023841858,39.472
1.626666690905889,38.179
1.65333335796992,37.199
1.6800000250339509,36.458
1.7066666920979818,36.051
1.7333333591620128,35.806
1.7600000262260438,35.855
1.7866666932900748,35.803
1.8133333603541055,35.802
1.8400000274181367,35.744
1.866666694482168,35.908
1.8933333615461987,36.068
1.9200000286102292,36.364
1.9466666956742604,36.494
1.9733333627382916,36.661
2.0000000298023224,36.813
2.0266666968663536,36.993
2.0533333639303843,37.418
2.0800000309944155,37.672
2.1066666980584463,38.011
2.133333365122477,38.041
2.1600000321865083,37.932
2.186666699250539,37.796
2.2133333663145702,37.585
2.240000033378601,37.342
2.266666700442632,37.119
2.293333367506663,36.92
2.320000034570694,36.841
2.346666701634725,36.738
2.373333368698756,36.536
2.400000035762787,36.381
2.426666702826818,36.041
2.453333369890849,35.952
2.48000003695488,35.86
2.506666704018911,35.882
2.533333371082942,35.822
2.5600000381469727,35.693
2.5866667052110035,35.636
2.6133333722750347,35.677
2.640000039339065,35.593
2.6666667064030967,35.561
2.6933333734671274,35.412
2.720000040531158,35.366
2.7466667075951894,35.198
2.7733333746592206,35.024
2.800000041723252,34.796
2.8266667087872825,34.702
2.8533333758513133,34.555
2.8800000429153445,34.319
2.9066667099793757,34.181
2.9333333770434065,34.007
2.960000044107437,33.89
2.986666711171468,33.556
3.013333378235499,33.236
3.04000004529953,33.034
3.066666712363561,32.836
3.093333379427592,32.74
3.120000046491623,32.584
3.146666713555654,32.474
3.173333380619685,32.219
3.200000047683716,32.01
3.226666714747747,31.931
3.253333381811778,31.827
3.280000048875809,31.697
3.30666671593984,31.425
3.333333383003871,31.002
3.3600000500679017,30.598
3.386666717131933,30.226
3.413333384195964,29.938
3.4400000512599944,29.652
3.4666667183240256,29.168
3.4933333853880564,28.862
3.520000052452088,28.451
3.5466667195161183,28.169
3.573333386580149,27.785
3.6000000536441803,27.409
3.626666720708212,27.093
3.653333387772242,26.911
3.6800000548362735,26.743
3.706666721900304,26.521
3.733333388964336,26.316
3.760000056028366,26.219
3.786666723092397,26.092
3.813333390156428,25.961
3.840000057220459,25.535
3.86666672428449,25.284
3.893333391348521,24.933
3.920000058412552,24.699
3.946666725476583,24.362
3.973333392540614,23.996
4.000000059604645,23.782
4.026666726668676,23.533
4.053333393732707,23.3
4.0800000607967375,23.03
4.106666727860769,22.7
4.1333333949248,22.315
4.160000061988831,22.036
4.186666729052861,21.83
4.213333396116893,21.667
4.240000063180924,21.399
4.266666730244954,21.107
4.293333397308985,21.012
4.3200000643730165,20.87
4.346666731437048,20.779
4.373333398501078,20.57
4.400000065565109,20.506
4.4266667326291405,20.231
4.453333399693172,20.044
4.480000066757202,19.812
4.506666733821233,19.641
4.533333400885264,19.496
4.560000067949296,19.18
4.586666735013326,18.891
4.613333402077357,18.48
4.640000069141388,18.334
4.66666673620542,18.052
4.69333340326945,17.961
4.720000070333481,17.694
4.746666737397512,17.569
4.773333404461543,17.268
4.800000071525574,17.136
4.826666738589605,17.068
4.853333405653636,16.886
4.880000072717666,16.75
4.906666739781698,16.708
4.933333406845729,16.687
4.96000007390976,16.659
4.98666674097379,16.551
5.013333408037822,16.433
5.040000075101853,16.309
5.066666742165884,15.988
5.093333409229914,15.806
5.1200000762939455,15.677
5.146666743357977,15.683
5.173333410422007,15.525
5.200000077486038,15.391
5.226666744550069,15.101
5.253333411614101,14.966
5.280000078678131,14.739
5.306666745742162,14.716
5.333333412806193,14.61
5.3600000798702245,14.497
5.386666746934255,14.246
5.413333413998286,14.003
5.440000081062317,13.845
5.4666667481263485,13.654
5.493333415190379,13.492
5.52000008225441,13.317
5.546666749318441,13.184
5.573333416382472,13.133
5.600000083446503,12.956
5.626666750510534,12.914
5.653333417574565,12.662
5.680000084638595,12.509
5.706666751702627,12.268
5.733333418766658,12.254
5.760000085830689,12.123
5.786666752894719,12.013
5.813333419958751,11.901
5.840000087022782,11.641
5.866666754086813,11.671
5.893333421150843,11.543
5.920000088214874,11.517
5.946666755278906,11.37
5.973333422342936,11.195
6.000000089406967,11.235
6.026666756470998,11.102
6.05333342353503,11.043
6.08000009059906,10.956
6.106666757663091,10.845
6.133333424727122,10.759
6.1600000917911535,10.641
6.186666758855184,10.486
6.213333425919215,10.482
6.240000092983246,10.482
6.266666760047277,10.456
6.293333427111308,10.428
6.320000094175339,10.185
6.34666676123937,9.952
6.373333428303401,9.83
6.400000095367432,9.693
6.426666762431463,9.681
6.453333429495494,9.414
6.480000096559524,9.217
6.506666763623556,8.924
6.533333430687587,8.936
6.560000097751618,8.769
6.586666764815648,8.792
6.61333343187968,8.642
6.640000098943711,8.538
6.666666766007742,8.512
6.693333433071772,8.452
6.720000100135803,8.387
6.746666767199835,8.377
6.773333434263866,8.203
6.800000101327896,8.214
6.826666768391927,8.071
6.853333435455959,8.06
6.880000102519989,7.967
6.90666676958402,8.011
6.933333436648051,7.822
6.960000103712082,7.873
6.986666770776113,7.731
7.013333437840144,7.651
7.040000104904175,7.505
7.066666771968206,7.407
7.093333439032237,7.476
7.120000106096268,7.42
7.146666773160299,7.271
7.17333344022433,7.142
7.200000107288361,7.034
7.226666774352392,6.995
7.253333441416423,6.998
7.280000108480453,6.898
7.306666775544484,6.813
7.333333442608516,6.72
7.360000109672547,6.665
7.386666776736577,6.692
7.413333443800608,6.672
7.44000011086464,6.566
7.466666777928671,6.552
7.493333444992701,6.492
7.520000112056732,6.588
7.546666779120764,6.421
7.573333446184795,6.37
7.600000113248825,6.174
7.626666780312856,6.138
7.653333447376887,6.029
7.680000114440918,6.007
7.706666781504949,5.904
7.73333344856898,5.858
7.760000115633011,5.879
7.786666782697042,5.923
7.813333449761073,5.859
7.840000116825104,5.743
7.866666783889135,5.626
7.893333450953166,5.564
7.920000118017197,5.564
7.946666785081228,5.457
7.973333452145259,5.418
8.00000011920929,5.378
8.02666678627332,5.338
8.053333453337352,5.343
8.080000120401383,5.215
8.106666787465414,5.262
8.133333454529444,5.257
8.160000121593475,5.283
8.186666788657506,5.193
8.213333455721537,5.145
8.240000122785569,5.083
8.2666667898496,4.988
8.293333456913631,4.829
8.320000123977662,4.668
8.346666791041692,4.674
8.373333458105723,4.695
8.400000125169754,4.895
8.426666792233785,4.83
8.453333459297816,4.803
8.480000126361848,4.757
8.506666793425879,4.643
8.533333460489908,4.618
8.56000012755394,4.49
8.58666679461797,4.544
8.613333461682002,4.633
8.640000128746033,4.593
8.666666795810064,4.606
8.693333462874095,4.504
8.720000129938127,4.513
8.746666797002156,4.381
8.773333464066187,4.307
8.800000131130219,4.188
8.82666679819425,4.156
8.853333465258281,4.107
8.880000132322312,4.04
8.906666799386343,3.881
8.933333466450373,3.918
8.960000133514404,3.945
8.986666800578435,4.111
9.013333467642466,4.021
9.040000134706498,4.005
9.066666801770529,3.968
9.09333346883456,4.051
9.120000135898591,3.952
9.14666680296262,3.88
9.173333470026652,3.868
9.200000137090685,3.786
9.226666804154714,3.687
9.253333471218744,3.615
9.280000138282777,3.635
9.306666805346808,3.629
9.33333347241084,3.568
9.360000139474868,3.486
9.3866668065389,3.547
9.41333347360293,3.557
9.440000140666962,3.583
9.466666807730991,3.552
9.493333474795024,3.496
9.520000141859056,3.408
9.546666808923083,3.426
9.573333475987116,3.475
9.600000143051147,3.534
9.62666681011518,3.409
9.65333347717921,3.331
9.68000014424324,3.255
9.706666811307272,3.279
9.733333478371303,3.253
9.760000145435331,3.166
9.786666812499364,3.15
9.813333479563395,3.096
9.840000146627428,3.06
9.866666813691458,3.072
9.893333480755487,3.081
9.92000014781952,3.043
9.94666681488355,3.04
9.97333348194758,2.919
10.000000149011612,2.822
10.026666816075643,2.77
10.053333483139674,2.785
10.080000150203706,2.758
10.106666817267737,2.896
10.133333484331768,2.939
10.160000151395796,2.92
10.186666818459829,2.897
10.21333348552386,2.9
10.240000152587893,2.914
10.266666819651922,2.813
10.293333486715952,2.791
10.320000153779985,2.805
10.346666820844014,2.835
10.373333487908043,2.726
10.400000154972076,2.727
10.426666822036108,2.692
10.45333348910014,2.708
10.48000015616417,2.556
10.5066668232282,2.474
10.533333490292232,2.43
10.560000157356262,2.401
10.586666824420291,2.363
10.613333491484324,2.39
10.640000158548355,2.392
10.666666825612388,2.311
10.693333492676418,2.267
10.720000159740447,2.278
10.746666826804478,2.355
10.77333349386851,2.301
10.80000016093254,2.115
10.826666827996572,2.013
10.853333495060603,2.11
10.880000162124634,2.237
10.906666829188666,2.311
10.933333496252695,2.291
10.960000163316726,2.241
10.986666830380758,2.307
11.013333497444789,2.309
11.04000016450882,2.276
11.066666831572851,2.191
11.093333498636882,2.204
11.120000165700914,2.301
11.146666832764945,2.221
11.173333499828974,2.073
11.200000166893004,2.055
11.226666833957037,2.126
11.253333501021068,2.152
11.2800001680851,2.135
11.30666683514913,2.104
11.33333350221316,2.042
11.36000016927719,1.955
11.386666836341222,1.918
11.413333503405251,2.01
11.440000170469284,1.992
11.466666837533316,1.914
11.493333504597349,1.828
11.520000171661378,1.824
11.546666838725407,1.826
11.57333350578944,1.88
11.60000017285347,1.939
11.6266668399175,1.964
11.653333506981532,1.942
11.680000174045563,1.927
11.706666841109596,1.842
11.733333508173626,1.802
11.760000175237655,1.728
11.786666842301686,1.783
11.813333509365718,1.876
11.840000176429747,1.904
11.86666684349378,1.921
11.893333510557811,1.803
11.920000177621842,1.716
11.946666844685872,1.588
11.973333511749903,1.464
12.000000178813934,1.461
12.026666845877966,1.466
12.053333512941997,1.616
12.080000180006028,1.648
12.10666684707006,1.747
12.13333351413409,1.729
12.16000018119812,1.767
12.186666848262153,1.748
12.213333515326182,1.665
12.240000182390212,1.544
12.266666849454245,1.507
12.293333516518276,1.412
12.320000183582309,1.4
12.346666850646336,1.378
12.373333517710368,1.496
12.4000001847744,1.645
12.42666685183843,1.69
12.45333351890246,1.525
12.480000185966492,1.501
12.506666853030524,1.408
12.533333520094557,1.367
12.560000187158584,1.365
12.586666854222615,1.399
12.613333521286648,1.449
12.640000188350678,1.367
12.666666855414707,1.295
12.69333352247874,1.359
12.720000189542771,1.435
12.746666856606804,1.519
12.773333523670832,1.421
12.800000190734863,1.364
12.826666857798894,1.26
12.853333524862926,1.243
12.880000191926957,1.254
12.906666858990988,1.287
12.93333352605502,1.296
12.960000193119049,1.372
12.98666686018308,1.414
13.013333527247111,1.416
13.040000194311142,1.428
13.066666861375174,1.358
13.093333528439205,1.329
13.120000195503236,1.332
13.146666862567267,1.336
13.173333529631297,1.359
13.200000196695328,1.356
13.22666686375936,1.377
13.25333353082339,1.396
13.28000019788742,1.374
13.306666864951453,1.248
13.333333532015484,1.239
13.360000199079511,1.166
13.386666866143544,1.207
13.413333533207576,1.204
13.440000200271609,1.213
13.466666867335638,1.217
13.49333353439967,1.222
13.5200002014637,1.226
13.546666868527732,1.12
13.57333353559176,1.133
13.600000202655792,1.041
13.626666869719823,1.152
13.653333536783856,1.097
13.680000203847886,1.102
13.706666870911915,1.069
13.733333537975948,1.107
13.760000205039978,1.128
13.786666872104009,1.175
13.81333353916804,1.28
13.840000206232071,1.331
13.866666873296102,1.359
13.893333540360134,1.249
13.920000207424165,1.24
13.946666874488196,1.246
13.973333541552226,1.285
14.000000208616257,1.258
14.026666875680288,1.284
14.05333354274432,1.187
14.08000020980835,1.198
14.106666876872382,1.167
14.133333543936413,1.125
14.160000211000442,1.078
14.186666878064472,1.032
14.213333545128505,0.941
14.240000212192536,0.866
14.266666879256569,0.809
14.293333546320598,0.809
14.32000021338463,0.809
14.34666688044866,0.87
14.37333354751269,0.969
14.40000021457672,0.96
14.426666881640752,1.001
14.453333548704784,1.036
14.480000215768817,0.899
14.506666882832846,0.845
14.533333549896875,0.85
14.560000216960908,0.859
14.586666884024938,0.857
14.613333551088967,0.743
14.640000218153,0.692
14.666666885217031,0.608
14.693333552281064,0.603
14.720000219345094,0.649
14.746666886409123,0.75
14.773333553473154,0.79
14.800000220537186,0.759
14.826666887601217,0.785
14.853333554665248,0.849
14.88000022172928,0.954
14.90666688879331,0.895
14.933333555857342,0.836
14.960000222921373,0.787
14.986666889985402,0.787
15.013333557049434,0.839
15.040000224113465,0.732
15.066666891177496,0.727
15.093333558241527,0.648
15.120000225305558,0.701
15.14666689236959,0.745
15.17333355943362,0.683
15.20000022649765,0.812
15.22666689356168,0.894
15.253333560625713,0.977
15.280000227689744,0.891
15.306666894753777,0.765
15.333333561817806,0.757
15.360000228881836,0.809
15.386666895945869,0.795
15.413333563009898,0.79
15.44000023007393,0.751
15.46666689713796,0.812
15.493333564201992,0.934
15.520000231266025,0.922
15.546666898330054,0.936
15.573333565394083,0.927
15.600000232458116,0.919
15.626666899522146,0.783
15.653333566586175,0.659
15.680000233650208,0.596
15.70666690071424,0.65
15.73333356777827,0.586
15.7600002348423,0.608
15.786666901906331,0.58
15.813333568970362,0.58
15.840000236034394,0.474
15.866666903098425,0.475
15.893333570162456,0.457
15.920000237226487,0.474
15.946666904290518,0.541
15.973333571354548,0.535
16.00000023841858,0.563
16.02666690548261,0.537
16.05333357254664,0.641
16.080000239610673,0.648
16.106666906674704,0.619
16.133333573738735,0.511
16.160000240802766,0.511
16.186666907866798,0.547
16.21333357493083,0.714
16.24000024199486,0.728
16.266666909058888,0.751
16.29333357612292,0.629
16.32000024318695,0.639
16.34666691025098,0.604
16.373333577315012,0.662
16.400000244379044,0.648
16.426666911443075,0.582
16.453333578507106,0.474
16.480000245571137,0.52
16.50666691263517,0.593
16.5333335796992,0.529
16.56000024676323,0.534
16.586666913827262,0.481
16.613333580891293,0.574
16.640000247955324,0.627
16.666666915019352,0.6
16.693333582083383,0.55
16.720000249147414,0.514
16.746666916211446,0.478
16.773333583275477,0.514
16.800000250339508,0.437
16.82666691740354,0.56
16.85333358446757,0.631
16.8800002515316,0.668
16.906666918595633,0.571
16.933333585659664,0.531
16.960000252723695,0.531
16.986666919787726,0.553
17.013333586851758,0.52
17.04000025391579,0.614
17.066666920979817,0.678
17.093333588043848,0.67
17.12000025510788,0.553
17.14666692217191,0.435
17.17333358923594,0.471
17.200000256299973,0.507
17.226666923364004,0.623
17.253333590428035,0.572
17.280000257492066,0.604
17.306666924556097,0.587
17.33333359162013,0.511
17.36000025868416,0.635
17.38666692574819,0.632
17.413333592812222,0.878
17.440000259876253,0.833
17.46666692694028,0.678
17.493333594004312,0.439
17.520000261068343,0.368
17.546666928132375,0.485
17.573333595196406,0.674
17.600000262260437,0.573
17.626666929324468,0.539
17.6533335963885,0.456
17.68000026345253,0.512
17.706666930516562,0.398
17.733333597580593,0.417
17.760000264644624,0.438
17.786666931708655,0.469
17.813333598772687,0.422
17.840000265836718,0.344
17.866666932900745,0.404
17.893333599964777,0.557
17.920000267028808,0.594
17.94666693409284,0.663
17.97333360115687,0.611
18.0000002682209,0.65
18.026666935284933,0.602
18.053333602348964,0.57
18.080000269412995,0.589
18.106666936477023,0.506
18.133333603541057,0.541
18.16000027060509,0.399
18.18666693766912,0.366
18.21333360473315,0.222
18.240000271797182,0.223
18.266666938861214,0.26
18.29333360592524,0.343
18.320000272989272,0.438
18.346666940053304,0.33
18.37333360711733,0.265
18.40000027418137,0.279
18.4266669412454,0.463
18.45333360830943,0.629
18.48000027537346,0.661
18.50666694243749,0.716
18.53333360950152,0.654
18.560000276565557,0.672
18.586666943629584,0.489
18.613333610693616,0.528
18.640000277757647,0.425
18.66666694482168,0.44
18.693333611885706,0.428
18.720000278949737,0.431
18.746666946013768,0.474
18.7733336130778,0.46
18.80000028014183,0.469
18.82666694720586,0.461
18.853333614269893,0.536
18.880000281333924,0.475
18.906666948397955,0.496
18.933333615461983,0.509
18.960000282526018,0.621
18.98666694959005,0.699
19.01333361665408,0.712
19.04000028371811,0.59
19.066666950782142,0.529
19.09333361784617,0.47
19.1200002849102,0.511
19.146666951974236,0.414
19.173333619038264,0.379
19.20000028610229,0.345
19.22666695316633,0.438
19.25333362023036,0.388
19.28000028729439,0.352
19.30666695435842,0.207
19.33333362142245,0.195
19.36000028848648,0.291
19.386666955550517,0.333
19.413333622614545,0.362
19.440000289678576,0.314
19.466666956742607,0.313
19.493333623806635,0.396
19.520000290870662,0.463
19.546666957934697,0.409
19.573333624998728,0.433
19.60000029206276,0.345
19.62666695912679,0.363
19.653333626190825,0.314
19.680000293254853,0.35
19.706666960318884,0.395
19.733333627382915,0.258
19.760000294446947,0.215
19.786666961510974,0.245
19.81333362857501,0.333
19.84000029563904,0.442
19.86666696270307,0.441
19.8933336297671,0.395
19.92000029683113,0.253
19.94666696389516,0.174
19.973333630959196,0.252
20.000000298023224,0.378
20.02666696508725,0.404
20.053333632151286,0.347
20.08000029921532,0.292
20.10666696627935,0.354
20.13333363334338,0.29
20.16000030040741,0.25
20.18666696747144,0.225
20.213333634535477,0.218
20.240000301599505,0.261
20.266666968663536,0.243
20.293333635727564,0.321
20.320000302791595,0.398
20.346666969855622,0.463
20.373333636919657,0.385
20.40000030398369,0.267
20.42666697104772,0.276
20.45333363811175,0.23
20.480000305175786,0.215
20.506666972239813,0.159
20.533333639303844,0.129
20.56000030636788,0.147
20.586666973431907,-0.009
20.613333640495934,0.052
20.64000030755997,0.087
20.666666974624,0.273
20.693333641688028,0.323
20.72000030875206,0.391
20.74666697581609,0.269
20.77333364288012,0.289
20.800000309944156,0.392
20.826666977008184,0.444
20.85333364407221,0.503
20.880000311136246,0.36
20.90666697820028,0.275
20.93333364526431,0.269
20.96000031232834,0.303
20.98666697939237,0.365
21.0133336464564,0.407
21.040000313520437,0.45
21.066666980584465,0.464
21.093333647648493,0.428
21.120000314712524,0.358
21.146666981776555,0.321
21.173333648840583,0.168
21.200000315904617,0.136
21.22666698296865,0.159
21.25333365003268,0.297
21.28000031709671,0.371
21.306666984160746,0.337
21.333333651224773,0.426
21.360000318288805,0.445
21.38666698535284,0.448
21.413333652416867,0.378
21.440000319480895,0.324
21.46666698654493,0.441
21.49333365360896,0.451
21.520000320672988,0.41
21.54666698773702,0.295
21.57333365480105,0.145
21.60000032186508,0.054
21.626666988929117,-0.01
21.653333655993144,0.074
21.680000323057172,0.094
21.706666990121207,0.16
21.73333365718524,0.204
21.76000032424927,0.186
21.7866669913133,0.231
21.81333365837733,0.232
21.840000325441363,0.242
21.866666992505397,0.319
21.89333365956942,0.307
21.920000326633453,0.26
21.946666993697484,0.122
21.973333660761515,-0.036
22.000000327825543,-0.069
22.026666994889577,0.027
22.05333366195361,0.053
22.08000032901764,0.149
22.10666699608167,0.083
22.133333663145702,0.101
22.160000330209733,0.112
22.186666997273765,0.0
22.2133336643378,-0.012
22.240000331401827,-0.125
22.26666699846586,-0.122
22.29333366552989,-0.094
22.32000033259392,-0.054
22.34666699965795,0.096
22.37333366672198,0.208
22.40000033378601,0.167
22.42666700085004,0.184
22.453333667914077,0.001
22.480000334978104,0.104
22.506667002042136,0.059
22.533333669106167,0.204
22.5600003361702,0.186
22.58666700323423,0.228
22.61333367029826,0.136
22.64000033736229,0.12
22.666667004426323,0.186
22.69333367149035,0.235
22.72000033855438,0.131
22.746667005618413,-0.018
22.773333672682444,-0.155
22.800000339746475,-0.146
22.826667006810503,-0.082
22.853333673874538,-0.014
22.88000034093857,-0.073
22.9066670080026,-0.044
22.93333367506663,0.037
22.960000342130662,0.173
22.986667009194694,0.287
23.013333676258725,0.287
23.04000034332276,0.252
23.066667010386787,0.203
23.09333367745081,0.131
23.12000034451485,0.175
23.14666701157888,0.124
23.17333367864291,0.211
23.20000034570694,0.251
23.22666701277097,0.314
23.253333679835,0.294
23.280000346899037,0.135
23.306667013963065,0.108
23.333333681027096,0.016
23.360000348091127,0.12
23.38666701515516,0.113
23.41333368221919,0.195
23.44000034928322,0.178
23.46666701634725,-0.026
23.49333368341128,-0.084
23.52000035047531,-0.148
23.54666701753934,-0.1
23.573333684603373,-0.093
23.600000351667404,-0.105
23.626667018731435,-0.048
23.653333685795467,-0.077
23.680000352859494,0.015
23.70666701992353,0.002
23.73333368698756,0.116
23.76000035405159,0.117
23.786667021115623,0.056
23.81333368817965,0.002
23.840000355243685,-0.085
23.86666702230772,-0.016
23.893333689371744,-0.108
23.92000035643577,-0.046
23.946667023499806,0.03
23.97333369056384,0.07
24.00000035762787,0.203
24.0266670246919,0.123
24.05333369175593,0.144
24.08000035881996,0.074
24.106667025883997,-0.01
24.133333692948025,-0.051
24.160000360012056,-0.052
24.186667027076087,0.078
24.21333369414012,-0.027
24.24000036120415,-0.022
24.26666702826818,-0.104
24.29333369533221,-0.03
24.32000036239624,-0.068
24.34666702946027,0.062
24.373333696524305,0.076
24.400000363588333,0.137
24.426667030652364,-0.012
24.4533336977164,-0.002
24.480000364780427,0.01
24.506667031844454,0.183
24.53333369890849,0.215
24.56000036597252,0.28
24.58666703303655,0.104
24.613333700100583,0.075
24.64000036716461,-0.006
24.666667034228645,0.074
24.693333701292676,0.126
24.720000368356704,0.07
24.74666703542073,0.123
24.773333702484766,0.064
24.8000003695488,0.117
24.82666703661283,0.208
24.85333370367686,0.246
24.88000037074089,0.288
24.90666703780492,0.109
24.933333704868957,0.018
24.960000371932985,0.04
24.986667038997016,0.047
25.013333706061047,0.08
25.04000037312508,0.041
25.06666704018911,0.03
25.093333707253137,0.069
25.12000037431717,0.152
25.1466670413812,0.182
25.17333370844523,0.154
25.200000375509266,0.085
25.226667042573293,0.042
25.253333709637324,0.1
25.28000037670136,0.002
25.306667043765387,-0.01
25.333333710829415,0.016
25.36000037789345,0.058
25.38666704495748,0.054
25.41333371202151,-0.079
25.440000379085543,-0.148
25.46666704614957,-0.092
25.493333713213605,0.02
25.520000380277637,0.048
25.546667047341664,-0.017
25.573333714405692,-0.012
25.600000381469727,-0.129
25.62666704853376,-0.167
25.65333371559779,-0.186
25.68000038266182,-0.165
25.70666704972585,-0.074
25.733333716789883,0.031
25.760000383853917,0.007
25.786667050917945,-0.061
25.813333717981976,-0.291
25.840000385046007,-0.295
25.86666705211004,-0.265
25.89333371917407,-0.164
25.920000386238097,-0.15
25.94666705330213,-0.124
25.97333372036616,-0.05
26.00000038743019,-0.011
26.026667054494222,-0.122
26.053333721558253,-0.236
26.080000388622285,-0.352
26.10666705568632,-0.287
26.133333722750347,-0.248
26.16000038981438,-0.172
26.18666705687841,-0.199
26.21333372394244,-0.127
26.240000391006472,-0.059
26.266667058070503,-0.043
26.29333372513453,-0.201
26.32000039219856,-0.209
26.346667059262597,-0.203
26.373333726326624,-0.085
26.400000393390656,-0.106
26.426667060454687,-0.11
26.45333372751872,-0.106
26.48000039458275,-0.115
26.50666706164678,-0.143
26.53333372871081,-0.192
26.560000395774843,-0.151
26.586667062838877,-0.141
26.613333729902905,-0.047
26.640000396966936,-0.053
26.666667064030968,-0.071
26.693333731095,-0.078
26.720000398159023,-0.053
26.746667065223058,-0.057
26.77333373228709,-0.132
26.80000039935112,-0.118
26.82666706641515,-0.171
26.853333733479182,-0.109
26.880000400543214,-0.171
26.906667067607245,-0.251
26.93333373467128,-0.265
26.960000401735307,-0.249
26.98666706879934,-0.303
27.01333373586337,-0.307
27.0400004029274,-0.239
27.066667069991432,-0.224
27.093333737055463,-0.094
27.12000040411949,-0.159
27.14666707118352,-0.103
27.173333738247557,-0.131
27.200000405311584,-0.031
27.226667072375616,-0.005
27.253333739439647,0.021
27.28000040650368,-0.081
27.30666707356771,-0.129
27.33333374063174,-0.155
27.36000040769577,-0.242
27.386667074759803,-0.212
27.413333741823838,-0.216
27.440000408887865,-0.134
27.466667075951896,-0.245
27.493333743015928,-0.234
27.520000410079955,-0.177
27.546667077143987,-0.118
27.573333744208018,-0.176
27.60000041127205,-0.186
27.62666707833608,-0.221
27.65333374540011,-0.196
27.680000412464143,-0.251
27.706667079528174,-0.283
27.733333746592205,-0.235
