time_min,absorb_mau
0.0,0.0
0.0066666667660077,-0.001
0.0133333335320154,-0.005
0.0200000002980232,-0.011
0.0266666670640309,-0.015
0.0333333338300387,-0.027
0.0400000005960464,-0.038
0.0466666673620541,-0.037
0.0533333341280619,-0.027
0.0600000008940696,-0.017
0.0666666676600774,-0.068
0.0733333344260851,-0.118
0.0800000011920929,-0.143
0.0866666679581006,-0.142
0.0933333347241083,-0.142
0.1000000014901161,-0.181
0.1066666682561238,-0.219
0.1133333350221316,-0.245
0.1200000017881393,-0.249
0.1266666685541471,-0.255
0.1333333353201548,-0.25
0.1400000020861625,-0.247
0.1466666688521703,-0.256
0.153333335618178,-0.25
0.1600000023841858,-0.246
0.1666666691501935,-0.24
0.1733333359162013,-0.244
0.180000002682209,-0.246
0.1866666694482167,-0.224
0.1933333362142245,-0.201
0.2000000029802322,-0.197
0.2066666697462399,-0.203
0.2133333365122477,-0.205
0.2200000032782554,-0.218
0.2266666700442632,-0.229
0.2333333368102709,-0.233
0.2400000035762786,-0.22
0.2466666703422864,-0.205
0.2533333371082942,-0.229
0.2600000038743019,-0.25
0.2666666706403096,-0.259
0.2733333374063174,-0.261
0.2800000041723251,-0.265
0.2866666709383328,-0.279
0.2933333377043406,-0.294
0.3000000044703483,-0.306
0.3066666712363561,-0.323
0.3133333380023638,-0.344
0.3200000047683716,-0.34
0.3266666715343793,-0.337
0.3333333383003871,-0.337
0.3400000050663948,-0.34
0.3466666718324026,-0.339
0.3533333385984103,-0.331
0.360000005364418,-0.321
0.3666666721304258,-0.305
0.3733333388964335,-0.282
0.3800000056624412,-0.261
0.386666672428449,-0.283
0.3933333391944567,-0.31
0.4000000059604645,-0.237
0.4066666727264722,-0.087
0.4133333394924799,0.054
0.4200000062584877,1.122
0.4266666730244954,2.243
0.4333333397905032,4.559
0.4400000065565109,8.002
0.4466666733225187,11.444
0.4533333400885264,17.659
0.4600000068545342,23.564
0.4666666736205419,30.872
0.4733333403865497,38.747
0.4800000071525573,46.621
0.4866666739185651,54.59
0.4933333406845728,62.136
0.5000000074505806,70.026
0.5066666742165884,76.487
0.5133333409825961,82.961
0.5200000077486039,86.889
0.5266666745146116,89.911
0.5333333412806193,92.444
0.5400000080466271,92.056
0.5466666748126348,91.669
0.5533333415786426,89.576
0.5600000083446502,86.843
0.566666675110658,84.048
0.5733333418766657,80.242
0.5800000086426735,76.622
0.5866666754086812,72.878
0.593333342174689,69.223
0.6000000089406967,65.523
0.6066666757067045,62.28
0.6133333424727122,59.038
0.62000000923872,55.873
0.6266666760047277,52.916
0.6333333427707355,49.927
0.6400000095367432,47.349
0.6466666763027509,44.774
0.6533333430687587,42.352
0.6600000098347664,40.151
0.6666666766007742,37.913
0.6733333433667819,36.037
0.6800000101327897,34.257
0.6866666768987973,32.429
0.6933333436648051,30.776
0.7000000104308128,29.107
0.7066666771968206,27.656
0.7133333439628283,26.256
0.7200000107288361,24.906
0.7266666774948438,23.728
0.7333333442608516,22.546
0.7400000110268593,21.47
0.746666677792867,20.443
0.7533333445588748,19.442
0.7600000113248825,18.579
0.7666666780908903,17.712
0.773333344856898,16.982
0.7800000116229058,16.304
0.7866666783889135,15.641
0.7933333451549213,15.09
0.800000011920929,14.539
0.8066666786869368,14.038
0.8133333454529444,13.566
0.8200000122189522,13.115
0.8266666789849599,12.747
0.8333333457509677,12.381
0.8400000125169754,12.03
0.8466666792829832,11.701
0.8533333460489909,11.362
0.8600000128149986,11.052
0.8666666795810064,10.741
0.8733333463470141,10.481
0.8800000131130219,10.255
0.8866666798790296,10.019
0.8933333466450374,9.787
0.9000000134110451,9.555
0.9066666801770528,9.328
0.9133333469430606,9.108
0.9200000137090684,8.881
0.926666680475076,8.677
0.933333347241084,8.472
0.9400000140070917,8.297
0.9466666807730992,8.149
0.953333347539107,7.994
0.9600000143051148,7.84
0.9666666810711224,7.686
0.9733333478371302,7.573
0.980000014603138,7.495
0.9866666813691456,7.411
0.9933333481351536,7.301
1.0000000149011612,7.186
1.006666681667169,7.091
1.0133333484331768,7.019
1.0200000151991844,6.939
1.0266666819651922,6.833
1.0333333487312,6.723
1.0400000154972078,6.647
1.0466666822632154,6.597
1.0533333490292232,6.549
1.060000015795231,6.442
1.0666666825612383,6.328
1.0733333493272463,6.238
1.080000016093254,6.175
1.086666682859262,6.115
1.0933333496252695,5.984
1.100000016391277,5.846
1.1066666831572851,5.747
1.113333349923293,5.687
1.1200000166893005,5.628
1.1266666834553083,5.491
1.133333350221316,5.355
1.140000016987324,5.231
1.1466666837533317,5.161
1.1533333505193393,5.092
1.160000017285347,5.026
1.1666666840513549,4.963
1.1733333508173625,4.9
1.1800000175833705,4.893
1.186666684349378,4.882
1.1933333511153856,4.817
1.2000000178813934,4.74
1.2066666846474012,4.666
1.213333351413409,4.642
1.2200000181794166,4.62
1.2266666849454244,4.559
1.2333333517114322,4.484
1.24000001847744,4.397
1.2466666852434476,4.283
1.2533333520094554,4.169
1.2600000187754632,4.101
1.266666685541471,4.052
1.2733333523074786,3.992
1.2800000190734864,3.918
1.2866666858394942,3.846
1.2933333526055018,3.763
1.3000000193715096,3.677
1.3066666861375174,3.597
1.3133333529035252,3.544
1.3200000196695327,3.492
1.3266666864355403,3.42
1.3333333532015483,3.345
1.340000019967556,3.273
1.3466666867335635,3.155
1.3533333534995715,3.038
1.360000020265579,2.966
1.3666666870315871,2.94
1.3733333537975947,2.911
1.3800000205636025,2.873
1.3866666873296103,2.835
1.393333354095618,2.772
1.4000000208616257,2.683
1.4066666876276337,2.594
1.4133333543936413,2.569
1.4200000211596489,2.552
1.4266666879256569,2.53
1.4333333546916645,2.501
1.4400000214576725,2.473
1.4466666882236798,2.449
1.4533333549896876,2.419
1.4600000217556954,2.372
1.4666666885217032,2.313
1.4733333552877108,2.255
1.4800000220537186,2.265
1.4866666888197264,2.287
1.493333355585734,2.288
1.5000000223517418,2.249
1.5066666891177496,2.21
1.5133333558837574,2.154
1.520000022649765,2.098
1.5266666894157728,2.045
1.5333333561817806,1.998
1.5400000229477884,1.947
1.546666689713796,1.902
1.5533333564798038,1.871
1.5600000232458116,1.826
1.5666666900118194,1.755
1.573333356777827,1.677
1.5800000235438347,1.655
1.5866666903098423,1.659
1.5933333570758503,1.656
1.600000023841858,1.66
1.6066666906078657,1.662
1.6133333573738735,1.633
1.620000024139881,1.584
1.626666690905889,1.533
1.6333333576718967,1.509
1.6400000244379045,1.485
1.646666691203912,1.47
1.65333335796992,1.46
1.6600000247359277,1.451
1.6666666915019357,1.425
1.673333358267943,1.398
1.6800000250339509,1.371
1.6866666917999589,1.353
1.6933333585659665,1.337
1.700000025331974,1.361
1.7066666920979818,1.386
1.7133333588639896,1.417
1.7200000256299972,1.454
1.726666692396005,1.492
1.7333333591620128,1.472
1.7400000259280206,1.451
1.7466666926940282,1.427
1.753333359460036,1.395
1.7600000262260438,1.363
1.7666666929920516,1.372
1.7733333597580592,1.387
1.780000026524067,1.388
1.7866666932900748,1.366
1.7933333600560826,1.342
1.80000002682209,1.333
1.806666693588098,1.324
1.8133333603541055,1.319
1.820000027120113,1.336
1.826666693886121,1.355
1.833333360652129,1.364
1.8400000274181367,1.371
1.8466666941841443,1.388
1.853333360950152,1.412
1.86000002771616,1.436
1.866666694482168,1.461
1.8733333612481755,1.487
1.880000028014183,1.501
1.886666694780191,1.485
1.8933333615461987,1.466
1.9000000283122065,1.465
1.906666695078214,1.474
1.9133333618442216,1.487
1.9200000286102292,1.535
1.9266666953762368,1.581
1.933333362142245,1.587
1.9400000289082528,1.569
1.9466666956742604,1.547
1.953333362440268,1.516
1.960000029206276,1.485
1.966666695972284,1.527
1.9733333627382916,1.613
1.9800000295042992,1.685
1.986666696270307,1.712
1.9933333630363148,1.734
2.0000000298023224,1.748
2.00666669656833,1.748
2.013333363334338,1.749
2.020000030100346,1.773
2.0266666968663536,1.799
2.033333363632361,1.832
2.0400000303983687,1.877
2.0466666971643765,1.923
2.0533333639303843,1.905
2.060000030696392,1.877
2.0666666974624,1.862
2.073333364228408,1.87
2.0800000309944155,1.881
2.086666697760423,1.89
2.0933333645264307,1.897
2.1000000312924385,1.897
2.1066666980584463,1.883
2.113333364824454,1.87
2.120000031590462,1.863
2.1266666983564697,1.857
2.133333365122477,1.849
2.140000031888485,1.831
2.1466666986544927,1.813
2.1533333654205005,1.813
2.1600000321865083,1.818
2.166666698952516,1.823
2.173333365718524,1.838
2.180000032484532,1.85
2.186666699250539,1.839
2.193333366016547,1.826
2.200000032782554,1.813
2.2066666995485624,1.81
2.2133333663145702,1.804
2.220000033080578,1.799
2.226666699846586,1.794
2.233333366612593,1.783
2.240000033378601,1.776
2.246666700144609,1.764
2.2533333669106166,1.748
2.2600000336766244,1.728
2.266666700442632,1.703
2.27333336720864,1.699
2.280000033974648,1.694
2.286666700740655,1.678
2.293333367506663,1.654
2.3000000342726707,1.631
2.3066667010386785,1.629
2.3133333678046863,1.625
2.320000034570694,1.64
2.326666701336702,1.669
2.3333333681027097,1.694
2.340000034868717,1.697
2.346666701634725,1.698
2.3533333684007327,1.687
2.3600000351667405,1.674
2.3666667019327483,1.661
2.373333368698756,1.672
2.380000035464764,1.684
2.3866667022307717,1.673
2.393333368996779,1.629
2.400000035762787,1.586
2.4066667025287947,1.546
2.4133333692948025,1.5
2.4200000360608103,1.456
2.426666702826818,1.418
2.433333369592826,1.381
2.440000036358833,1.362
2.446666703124841,1.352
2.453333369890849,1.361
2.4600000366568566,1.381
2.4666667034228644,1.404
2.473333370188872,1.438
2.48000003695488,1.477
2.4866667037208874,1.509
2.493333370486895,1.517
2.500000037252903,1.524
2.506666704018911,1.505
2.5133333707849186,1.487
2.5200000375509264,1.47
2.526666704316934,1.463
2.533333371082942,1.456
2.5400000378489493,1.415
2.546666704614957,1.359
2.553333371380965,1.309
2.5600000381469727,1.286
2.5666667049129805,1.263
2.5733333716789883,1.217
2.580000038444996,1.167
2.5866667052110035,1.123
2.5933333719770117,1.137
2.600000038743019,1.154
2.606666705509027,1.146
2.6133333722750347,1.129
2.6200000390410425,1.118
2.6266667058070503,1.145
2.633333372573058,1.173
2.640000039339065,1.167
2.6466667061050733,1.139
2.653333372871081,1.11
2.660000039637089,1.124
2.6666667064030967,1.141
2.6733333731691045,1.117
2.6800000399351123,1.059
2.68666670670112,1.005
2.6933333734671274,1.013
2.7000000402331352,1.026
2.706666706999143,1.02
2.713333373765151,0.987
2.720000040531158,0.955
2.7266667072971664,0.937
2.7333333740631742,0.925
2.7400000408291816,0.903
2.7466667075951894,0.866
2.753333374361197,0.83
2.760000041127205,0.871
2.766666707893213,0.92
2.7733333746592206,0.94
2.7800000414252284,0.903
2.786666708191236,0.866
2.7933333749572435,0.866
2.800000041723252,0.869
2.806666708489259,0.849
2.813333375255267,0.812
2.8200000420212747,0.768
2.8266667087872825,0.784
2.8333333755532903,0.81
2.8400000423192977,0.824
2.846666709085305,0.8
2.8533333758513133,0.771
2.860000042617321,0.738
2.866666709383329,0.716
2.8733333761493367,0.699
2.8800000429153445,0.665
2.886666709681352,0.632
2.89333337644736,0.598
2.9000000432133675,0.578
2.9066667099793757,0.559
2.913333376745383,0.519
2.920000043511391,0.473
2.9266667102773987,0.443
2.9333333770434065,0.422
2.940000043809414,0.401
2.9466667105754216,0.431
2.953333377341429,0.464
2.960000044107437,0.455
2.966666710873445,0.42
2.973333377639453,0.382
2.9800000444054606,0.388
2.986666711171468,0.397
2.993333377937476,0.417
3.000000044703484,0.437
3.0066667114694914,0.454
3.013333378235499,0.44
3.020000045001507,0.422
3.026666711767515,0.407
3.0333333785335226,0.394
3.04000004529953,0.381
3.0466667120655377,0.376
3.053333378831545,0.379
3.0600000455975533,0.395
3.066666712363561,0.425
3.073333379129569,0.454
3.0800000458955767,0.442
3.086666712661584,0.422
3.093333379427592,0.394
3.1000000461936,0.381
3.1066667129596075,0.365
3.1133333797256157,0.342
3.120000046491623,0.317
3.126666713257631,0.288
3.1333333800236387,0.264
3.140000046789646,0.241
3.146666713555654,0.228
3.1533333803216617,0.21
3.160000047087669,0.193
3.1666667138536773,0.204
3.173333380619685,0.209
3.180000047385693,0.174
3.1866667141517007,0.135
3.193333380917708,0.099
3.200000047683716,0.065
3.206666714449724,0.032
3.2133333812157314,0.025
3.220000047981739,0.031
3.226666714747747,0.036
3.233333381513755,0.027
3.240000048279762,0.016
3.24666671504577,-0.012
3.253333381811778,-0.052
3.2600000485777856,-0.092
3.2666667153437934,-0.071
3.273333382109801,-0.051
3.280000048875809,-0.009
3.286666715641817,0.043
3.293333382407824,0.091
3.300000049173832,0.082
3.30666671593984,0.073
3.3133333827058475,0.053
3.320000049471856,0.023
3.326666716237863,-0.005
3.333333383003871,0.006
3.3400000497698783,0.019
3.346666716535886,0.03
3.353333383301894,0.042
3.3600000500679017,0.054
3.366666716833909,-0.002
3.3733333835999173,-0.064
3.380000050365925,-0.106
3.386666717131933,-0.118
3.3933333838979403,-0.129
3.400000050663948,-0.111
3.406666717429956,-0.091
3.413333384195964,-0.086
3.4200000509619715,-0.117
3.4266667177279797,-0.145
3.433333384493987,-0.168
3.4400000512599944,-0.19
3.446666718026002,-0.199
3.45333338479201,-0.176
3.460000051558018,-0.152
3.4666667183240256,-0.168
3.4733333850900334,-0.192
3.480000051856041,-0.213
3.486666718622049,-0.228
3.4933333853880564,-0.247
3.500000052154064,-0.254
3.506666718920072,-0.255
3.51333338568608,-0.251
3.520000052452088,-0.235
3.5266667192180954,-0.219
3.533333385984103,-0.233
3.5400000527501105,-0.258
3.5466667195161183,-0.275
3.553333386282126,-0.235
3.560000053048134,-0.196
3.5666667198141417,-0.189
3.573333386580149,-0.201
3.5800000533461573,-0.205
3.586666720112165,-0.18
3.5933333868781725,-0.154
3.6000000536441803,-0.13
3.606666720410188,-0.109
3.613333387176196,-0.094
3.620000053942204,-0.071
3.626666720708212,-0.049
3.6333333874742193,-0.043
3.640000054240226,-0.054
3.6466667210062345,-0.061
3.653333387772242,-0.014
3.66000005453825,0.034
3.666666721304258,0.05
3.6733333880702657,0.03
3.6800000548362735,0.011
3.686666721602281,-0.04
3.6933333883682886,-0.092
3.700000055134296,-0.132
3.706666721900304,-0.148
3.713333388666312,-0.165
3.72000005543232,-0.157
3.726666722198328,-0.147
3.733333388964336,-0.148
3.740000055730343,-0.177
3.746666722496351,-0.205
3.7533333892623584,-0.229
3.760000056028366,-0.245
3.766666722794374,-0.257
3.773333389560382,-0.247
3.7800000563263896,-0.239
3.786666723092397,-0.231
3.7933333898584047,-0.224
3.800000056624413,-0.211
3.80666672339042,-0.203
3.813333390156428,-0.193
3.820000056922436,-0.227
3.826666723688444,-0.266
3.833333390454452,-0.299
3.840000057220459,-0.293
3.8466667239864663,-0.289
3.8533333907524745,-0.246
3.8600000575184814,-0.198
3.86666672428449,-0.155
3.873333391050498,-0.132
3.8800000578165057,-0.109
3.8866667245825135,-0.11
3.893333391348521,-0.122
3.9000000581145287,-0.128
3.906666724880537,-0.066
3.913333391646544,-0.004
3.920000058412552,0.016
3.92666672517856,0.013
3.933333391944568,0.015
3.940000058710575,-0.012
3.946666725476583,-0.041
3.953333392242591,-0.068
3.9600000590085984,-0.086
3.966666725774606,-0.102
3.973333392540614,-0.109
3.980000059306622,-0.112
3.9866667260726296,-0.105
3.993333392838637,-0.097
4.000000059604645,-0.09
4.006666726370653,-0.055
4.01333339313666,-0.014
4.020000059902668,0.034
4.026666726668676,0.08
4.033333393434684,0.126
4.040000060200692,0.145
4.046666726966699,0.167
4.053333393732707,0.174
4.060000060498715,0.166
4.066666727264722,0.158
4.07333339403073,0.16
4.0800000607967375,0.155
4.086666727562745,0.141
4.093333394328753,0.125
4.100000061094761,0.107
4.106666727860769,0.099
4.1133333946267765,0.085
4.120000061392784,0.052
4.126666728158792,0.006
4.1333333949248,-0.039
4.140000061690808,-0.026
4.146666728456816,0.0
4.153333395222823,0.011
4.160000061988831,-0.036
4.166666728754838,-0.081
4.173333395520846,-0.104
4.180000062286854,-0.119
4.186666729052861,-0.135
4.193333395818869,-0.178
4.200000062584877,-0.221
4.206666729350885,-0.223
4.213333396116893,-0.198
4.2200000628829,-0.174
4.226666729648908,-0.174
4.233333396414916,-0.176
4.240000063180924,-0.176
4.246666729946932,-0.168
4.253333396712939,-0.158
4.260000063478947,-0.161
4.266666730244954,-0.163
4.273333397010962,-0.162
4.28000006377697,-0.162
4.2866667305429775,-0.168
4.293333397308985,-0.178
4.300000064074993,-0.192
4.306666730841001,-0.225
4.313333397607009,-0.273
4.3200000643730165,-0.315
4.326666731139024,-0.274
4.333333397905032,-0.231
4.34000006467104,-0.205
4.346666731437048,-0.19
4.353333398203056,-0.176
4.360000064969063,-0.18
4.36666673173507,-0.186
4.373333398501078,-0.182
4.380000065267086,-0.164
4.386666732033094,-0.147
4.3933333987991015,-0.115
4.400000065565109,-0.079
4.406666732331117,-0.057
4.413333399097125,-0.08
4.420000065863133,-0.101
4.4266667326291405,-0.135
4.433333399395148,-0.164
4.440000066161156,-0.175
4.446666732927164,-0.165
4.453333399693172,-0.153
4.46000006645918,-0.148
4.466666733225186,-0.146
4.473333399991194,-0.14
4.480000066757202,-0.135
4.48666673352321,-0.128
4.493333400289218,-0.156
4.500000067055225,-0.188
4.506666733821233,-0.215
4.513333400587241,-0.19
4.520000067353249,-0.167
4.526666734119257,-0.189
4.533333400885264,-0.224
4.540000067651272,-0.242
4.54666673441728,-0.228
4.553333401183288,-0.209
4.560000067949296,-0.227
4.566666734715303,-0.256
4.57333340148131,-0.279
4.580000068247318,-0.26
4.586666735013326,-0.239
4.593333401779334,-0.222
4.6000000685453415,-0.21
4.606666735311349,-0.194
4.613333402077357,-0.124
4.620000068843365,-0.052
4.626666735609373,-0.016
4.6333334023753805,-0.012
4.640000069141388,-0.01
4.646666735907396,0.049
4.653333402673404,0.112
4.660000069439412,0.144
4.66666673620542,0.153
4.673333402971426,0.157
4.680000069737434,0.139
4.686666736503442,0.117
4.69333340326945,0.083
4.700000070035458,0.031
4.706666736801465,-0.02
4.713333403567473,-0.055
4.720000070333481,-0.087
4.726666737099489,-0.131
4.733333403865497,-0.198
4.740000070631504,-0.263
4.746666737397512,-0.265
4.75333340416352,-0.259
4.760000070929528,-0.257
4.766666737695536,-0.255
4.773333404461543,-0.252
4.78000007122755,-0.26
4.786666737993558,-0.268
4.793333404759566,-0.273
4.800000071525574,-0.266
4.8066667382915815,-0.263
4.813333405057589,-0.234
4.820000071823597,-0.198
4.826666738589605,-0.185
4.833333405355613,-0.242
4.8400000721216205,-0.297
4.846666738887628,-0.295
4.853333405653636,-0.276
4.860000072419644,-0.268
4.866666739185652,-0.277
4.873333405951659,-0.285
4.880000072717666,-0.307
4.886666739483674,-0.337
4.893333406249682,-0.362
4.90000007301569,-0.377
4.906666739781698,-0.393
4.9133334065477055,-0.394
4.920000073313713,-0.378
4.926666740079721,-0.369
4.933333406845729,-0.423
4.940000073611737,-0.48
4.9466667403777445,-0.493
4.953333407143752,-0.475
4.96000007390976,-0.455
4.966666740675768,-0.44
4.973333407441775,-0.424
4.980000074207783,-0.439
4.98666674097379,-0.482
4.993333407739798,-0.519
5.000000074505806,-0.495
5.006666741271814,-0.467
5.013333408037822,-0.438
5.020000074803829,-0.402
5.026666741569837,-0.365
5.033333408335845,-0.352
5.040000075101853,-0.345
5.046666741867861,-0.327
5.053333408633868,-0.305
5.060000075399876,-0.281
5.066666742165884,-0.219
5.073333408931891,-0.15
5.080000075697899,-0.106
5.0866667424639065,-0.107
5.093333409229914,-0.109
5.100000075995922,-0.119
5.10666674276193,-0.128
5.113333409527938,-0.115
5.1200000762939455,-0.07
5.126666743059953,-0.027
5.133333409825961,-0.036
5.140000076591969,-0.056
5.146666743357977,-0.09
5.1533334101239845,-0.142
5.160000076889992,-0.197
5.166666743656,-0.225
5.173333410422007,-0.243
5.180000077188015,-0.245
5.186666743954023,-0.191
5.19333341072003,-0.139
5.200000077486038,-0.156
5.206666744252046,-0.205
5.213333411018054,-0.245
5.220000077784062,-0.231
5.226666744550069,-0.214
5.233333411316077,-0.2
5.240000078082085,-0.182
5.246666744848093,-0.161
5.253333411614101,-0.151
5.260000078380108,-0.139
5.266666745146116,-0.157
5.273333411912123,-0.202
5.280000078678131,-0.247
5.286666745444139,-0.259
5.2933334122101465,-0.268
5.300000078976154,-0.265
5.306666745742162,-0.258
5.31333341250817,-0.256
5.320000079274178,-0.249
5.3266667460401855,-0.242
5.333333412806193,-0.224
5.340000079572201,-0.199
5.346666746338209,-0.175
5.353333413104217,-0.174
5.3600000798702245,-0.172
5.366666746636232,-0.161
5.373333413402239,-0.135
5.380000080168247,-0.11
5.386666746934255,-0.107
5.393333413700263,-0.11
5.4000000804662704,-0.122
5.406666747232278,-0.138
5.413333413998286,-0.153
5.420000080764294,-0.185
5.426666747530302,-0.223
5.433333414296309,-0.252
5.440000081062317,-0.261
5.446666747828325,-0.268
5.453333414594333,-0.299
5.460000081360341,-0.335
5.4666667481263485,-0.346
5.473333414892355,-0.321
5.480000081658363,-0.292
5.486666748424371,-0.29
5.493333415190379,-0.286
5.500000081956387,-0.277
5.506666748722394,-0.264
5.513333415488402,-0.249
5.52000008225441,-0.211
5.526666749020418,-0.167
5.533333415786426,-0.127
5.540000082552433,-0.065
5.546666749318441,-0.007
5.553333416084449,0.001
5.560000082850457,-0.025
5.566666749616465,-0.049
5.573333416382472,-0.023
5.580000083148479,0.004
5.586666749914487,0.011
5.593333416680495,0.003
5.600000083446503,0.001
5.606666750212511,0.015
5.613333416978518,0.027
5.620000083744526,0.04
5.626666750510534,0.054
5.633333417276542,0.065
5.6400000840425495,0.051
5.646666750808557,0.04
5.653333417574565,0.04
5.660000084340573,0.051
5.666666751106581,0.061
5.673333417872588,0.084
5.680000084638595,0.108
5.686666751404603,0.108
5.693333418170611,0.07
5.700000084936619,0.03
5.706666751702627,0.016
5.713333418468634,0.003
5.720000085234642,-0.022
5.72666675200065,-0.048
5.733333418766658,-0.075
5.740000085532666,-0.127
5.746666752298673,-0.186
5.753333419064681,-0.228
5.760000085830689,-0.246
5.766666752596697,-0.262
5.773333419362704,-0.287
5.780000086128712,-0.308
5.786666752894719,-0.319
5.793333419660727,-0.328
5.800000086426735,-0.335
5.806666753192743,-0.318
5.813333419958751,-0.289
5.820000086724758,-0.263
5.826666753490766,-0.24
5.833333420256774,-0.216
5.840000087022782,-0.206
5.8466667537887895,-0.206
5.853333420554797,-0.205
5.860000087320805,-0.202
5.866666754086813,-0.195
5.87333342085282,-0.204
5.880000087618828,-0.225
5.886666754384835,-0.25
5.893333421150843,-0.26
5.900000087916851,-0.273
5.906666754682859,-0.25
5.913333421448867,-0.208
5.920000088214874,-0.17
5.926666754980882,-0.198
5.93333342174689,-0.226
5.940000088512898,-0.225
5.946666755278906,-0.209
5.9533334220449134,-0.195
5.960000088810921,-0.209
5.966666755576929,-0.228
5.973333422342936,-0.212
5.980000089108944,-0.173
5.986666755874952,-0.137
5.993333422640959,-0.175
6.000000089406967,-0.216
6.006666756172975,-0.223
6.013333422938983,-0.185
6.020000089704991,-0.148
6.026666756470998,-0.185
6.033333423237006,-0.227
6.040000090003014,-0.257
6.046666756769022,-0.266
6.05333342353503,-0.276
6.060000090301037,-0.315
6.066666757067045,-0.363
6.073333423833052,-0.388
6.08000009059906,-0.374
6.086666757365068,-0.357
6.093333424131076,-0.349
6.100000090897083,-0.346
6.106666757663091,-0.342
6.113333424429099,-0.31
6.120000091195107,-0.28
6.1266667579611145,-0.219
6.133333424727122,-0.156
6.14000009149313,-0.119
6.146666758259138,-0.144
6.153333425025146,-0.166
6.1600000917911535,-0.173
6.166666758557161,-0.181
6.173333425323168,-0.186
6.180000092089176,-0.183
6.186666758855184,-0.181
6.193333425621192,-0.172
6.200000092387199,-0.157
6.206666759153207,-0.148
6.213333425919215,-0.205
6.220000092685223,-0.259
6.226666759451231,-0.268
6.233333426217238,-0.241
6.240000092983246,-0.22
6.246666759749254,-0.256
6.253333426515262,-0.292
6.26000009328127,-0.343
6.266666760047277,-0.407
6.273333426813284,-0.469
6.280000093579292,-0.517
6.2866667603453,-0.563
6.293333427111308,-0.585
6.300000093877316,-0.581
6.306666760643323,-0.58
6.313333427409331,-0.618
6.320000094175339,-0.657
6.326666760941347,-0.679
6.3333334277073545,-0.675
6.340000094473362,-0.671
6.34666676123937,-0.65
6.353333428005378,-0.627
6.360000094771386,-0.598
6.3666667615373935,-0.563
6.373333428303401,-0.529
6.380000095069408,-0.534
6.386666761835416,-0.543
6.393333428601424,-0.549
6.400000095367432,-0.53
6.406666762133439,-0.512
6.413333428899447,-0.509
6.420000095665455,-0.51
6.426666762431463,-0.5
6.433333429197471,-0.476
6.440000095963478,-0.453
6.446666762729486,-0.446
6.453333429495494,-0.445
6.460000096261502,-0.458
6.46666676302751,-0.489
6.473333429793517,-0.519
6.480000096559524,-0.502
6.486666763325532,-0.473
6.49333343009154,-0.442
6.500000096857548,-0.423
6.506666763623556,-0.401
6.513333430389563,-0.406
6.520000097155571,-0.427
6.526666763921579,-0.445
6.533333430687587,-0.452
6.540000097453595,-0.459
6.546666764219602,-0.437
6.55333343098561,-0.393
6.560000097751618,-0.349
6.566666764517626,-0.336
6.573333431283634,-0.324
6.5800000980496405,-0.329
6.586666764815648,-0.34
6.593333431581656,-0.347
6.600000098347664,-0.332
6.606666765113672,-0.315
6.61333343187968,-0.307
6.620000098645687,-0.309
6.626666765411695,-0.307
6.633333432177703,-0.308
6.640000098943711,-0.306
6.646666765709719,-0.309
6.653333432475726,-0.319
6.660000099241734,-0.33
6.666666766007742,-0.304
6.67333343277375,-0.273
6.680000099539757,-0.247
6.686666766305764,-0.228
6.693333433071772,-0.209
6.70000009983778,-0.208
6.706666766603788,-0.205
6.713333433369796,-0.208
6.720000100135803,-0.213
6.726666766901811,-0.22
6.733333433667819,-0.247
6.740000100433827,-0.278
6.746666767199835,-0.297
6.753333433965842,-0.306
6.76000010073185,-0.314
6.766666767497858,-0.315
6.773333434263866,-0.316
6.780000101029873,-0.33
6.7866667677958805,-0.364
6.793333434561888,-0.397
6.800000101327896,-0.373
6.806666768093904,-0.336
6.813333434859912,-0.303
6.82000010162592,-0.263
6.826666768391927,-0.225
6.833333435157935,-0.209
6.840000101923943,-0.206
6.846666768689951,-0.206
6.853333435455959,-0.239
6.860000102221966,-0.269
6.866666768987974,-0.251
6.873333435753982,-0.2
6.880000102519989,-0.148
6.886666769285997,-0.157
6.893333436052004,-0.164
6.900000102818012,-0.171
6.90666676958402,-0.176
6.913333436350028,-0.18
6.920000103116036,-0.182
6.926666769882043,-0.184
6.933333436648051,-0.166
6.940000103414059,-0.131
6.946666770180067,-0.094
6.953333436946075,-0.084
6.960000103712082,-0.076
6.96666677047809,-0.084
6.973333437244098,-0.106
6.980000104010105,-0.131
6.986666770776113,-0.169
6.993333437542121,-0.206
7.000000104308128,-0.228
7.006666771074136,-0.235
7.013333437840144,-0.242
7.020000104606152,-0.28
7.02666677137216,-0.321
7.033333438138167,-0.353
7.040000104904175,-0.372
7.046666771670183,-0.392
7.053333438436191,-0.381
7.060000105202199,-0.363
7.066666771968206,-0.341
7.073333438734214,-0.298
7.080000105500221,-0.255
7.086666772266229,-0.223
7.093333439032237,-0.198
7.1000001057982445,-0.184
7.106666772564252,-0.182
7.11333343933026,-0.179
7.120000106096268,-0.173
7.126666772862276,-0.171
7.133333439628284,-0.175
7.140000106394291,-0.215
7.146666773160299,-0.254
7.153333439926307,-0.28
7.160000106692315,-0.302
7.1666667734583225,-0.33
7.17333344022433,-0.346
7.180000106990337,-0.371
7.186666773756345,-0.367
7.193333440522353,-0.346
7.200000107288361,-0.325
7.206666774054368,-0.336
7.213333440820376,-0.346
7.220000107586384,-0.331
7.226666774352392,-0.3
7.2333334411184,-0.272
7.240000107884407,-0.281
7.246666774650415,-0.29
7.253333441416423,-0.306
7.260000108182431,-0.326
7.266666774948439,-0.344
7.273333441714446,-0.348
7.280000108480453,-0.351
7.286666775246461,-0.359
7.293333442012469,-0.368
7.300000108778477,-0.377
7.306666775544484,-0.385
7.313333442310492,-0.396
7.3200001090765,-0.394
7.326666775842508,-0.369
7.333333442608516,-0.345
7.3400001093745235,-0.343
7.346666776140531,-0.342
7.353333442906539,-0.34
7.360000109672547,-0.343
7.366666776438555,-0.346
7.373333443204562,-0.336
7.380000109970569,-0.321
7.386666776736577,-0.308
7.393333443502585,-0.307
7.400000110268593,-0.305
7.406666777034601,-0.327
7.413333443800608,-0.352
7.420000110566616,-0.357
7.426666777332624,-0.331
7.433333444098632,-0.3
7.44000011086464,-0.314
