time_min,absorb_mau
0.0,-0.028
0.0016666666915019,-0.041
0.0033333333830038,-0.052
0.0050000000745058,-0.065
0.0066666667660077,-0.078
0.0083333334575096,-0.091
0.0100000001490116,-0.106
0.0116666668405135,-0.116
0.0133333335320154,-0.126
0.0150000002235174,-0.13
0.0166666669150193,-0.136
0.0183333336065212,-0.14
0.0200000002980232,-0.145
0.0216666669895251,-0.152
0.023333333681027,-0.156
0.025000000372529,-0.161
0.0266666670640309,-0.167
0.0283333337555329,-0.173
0.0300000004470348,-0.175
0.0316666671385367,-0.176
0.0333333338300387,-0.178
0.0350000005215406,-0.18
0.0366666672130425,-0.181
0.0383333339045445,-0.183
0.0400000005960464,-0.184
0.0416666672875483,-0.186
0.0433333339790503,-0.188
0.0450000006705522,-0.189
0.0466666673620541,-0.19
0.0483333340535561,-0.187
0.050000000745058,-0.185
0.0516666674365599,-0.184
0.0533333341280619,-0.182
0.0550000008195638,-0.18
0.0566666675110658,-0.179
0.0583333342025677,-0.177
0.0600000008940696,-0.175
0.0616666675855716,-0.173
0.0633333342770735,-0.175
0.0650000009685754,-0.186
0.0666666676600774,-0.196
0.0683333343515793,-0.205
0.0700000010430812,-0.212
0.0716666677345832,-0.221
0.0733333344260851,-0.229
0.075000001117587,-0.238
0.076666667809089,-0.247
0.0783333345005909,-0.256
0.0800000011920929,-0.264
0.0816666678835948,-0.254
0.0833333345750967,-0.24
0.0850000012665987,-0.226
0.0866666679581006,-0.212
0.0883333346496025,-0.199
0.0900000013411045,-0.185
0.0916666680326064,-0.172
0.0933333347241083,-0.158
0.0950000014156103,-0.144
0.0966666681071122,-0.133
0.0983333347986141,-0.138
0.1000000014901161,-0.139
0.101666668181618,-0.145
0.1033333348731199,-0.15
0.1050000015646219,-0.155
0.1066666682561238,-0.16
0.1083333349476258,-0.165
0.1100000016391277,-0.17
0.1116666683306296,-0.175
0.1133333350221316,-0.177
0.1150000017136335,-0.186
0.1166666684051354,-0.197
0.1183333350966374,-0.204
0.1200000017881393,-0.213
0.1216666684796412,-0.222
0.1233333351711432,-0.231
0.1250000018626451,-0.24
0.1266666685541471,-0.249
0.128333335245649,-0.258
0.1300000019371509,-0.267
0.1316666686286529,-0.281
0.1333333353201548,-0.286
0.1350000020116567,-0.303
0.1366666687031587,-0.315
0.1383333353946606,-0.328
0.1400000020861625,-0.34
0.1416666687776645,-0.353
0.1433333354691664,-0.365
0.1450000021606683,-0.378
0.1466666688521703,-0.39
0.1483333355436722,-0.403
0.1500000022351741,-0.407
0.1516666689266761,-0.413
0.153333335618178,-0.419
0.15500000230968,-0.424
0.1566666690011819,-0.429
0.1583333356926838,-0.434
0.1600000023841858,-0.439
0.1616666690756877,-0.445
0.1633333357671896,-0.45
0.1650000024586916,-0.446
0.1666666691501935,-0.45
0.1683333358416954,-0.455
0.1700000025331974,-0.458
0.1716666692246993,-0.462
0.1733333359162013,-0.465
0.1750000026077032,-0.469
0.1766666692992051,-0.472
0.178333335990707,-0.476
0.180000002682209,-0.479
0.1816666693737109,-0.487
0.1833333360652129,-0.477
0.1850000027567148,-0.479
0.1866666694482167,-0.476
0.1883333361397187,-0.473
0.1900000028312206,-0.47
0.1916666695227225,-0.467
0.1933333362142245,-0.464
0.1950000029057264,-0.461
0.1966666695972283,-0.458
0.1983333362887303,-0.452
0.2000000029802322,-0.446
0.2016666696717342,-0.441
0.2033333363632361,-0.435
0.205000003054738,-0.429
0.2066666697462399,-0.423
0.2083333364377419,-0.417
0.2100000031292438,-0.41
0.2116666698207458,-0.404
0.2133333365122477,-0.398
0.2150000032037496,-0.392
0.2166666698952516,-0.382
0.2183333365867535,-0.377
0.2200000032782554,-0.37
0.2216666699697574,-0.363
0.2233333366612593,-0.356
0.2250000033527612,-0.349
0.2266666700442632,-0.342
0.2283333367357651,-0.335
0.2300000034272671,-0.328
0.231666670118769,-0.322
0.2333333368102709,-0.323
0.2350000035017728,-0.317
0.2366666701932748,-0.314
0.2383333368847767,-0.31
0.2400000035762786,-0.307
0.2416666702677806,-0.303
0.2433333369592825,-0.3
0.2450000036507845,-0.296
0.2466666703422864,-0.293
0.2483333370337883,-0.288
0.2500000037252903,-0.284
0.2516666704167922,-0.283
0.2533333371082942,-0.283
0.2550000037997961,-0.282
0.256666670491298,-0.282
0.2583333371828,-0.282
0.2600000038743019,-0.282
0.2616666705658038,-0.282
0.2633333372573058,-0.281
0.2650000039488077,-0.287
0.2666666706403096,-0.299
0.2683333373318116,-0.309
0.2700000040233135,-0.319
0.2716666707148155,-0.33
0.2733333374063174,-0.34
0.2750000040978193,-0.351
0.2766666707893213,-0.361
0.2783333374808232,-0.372
0.2800000041723251,-0.382
0.2816666708638271,-0.392
0.283333337555329,-0.398
0.285000004246831,-0.408
0.2866666709383328,-0.415
0.2883333376298348,-0.423
0.2900000043213367,-0.431
0.2916666710128387,-0.439
0.2933333377043406,-0.448
0.2950000043958425,-0.456
0.2966666710873445,-0.464
0.2983333377788464,-0.471
0.3000000044703483,-0.458
0.3016666711618503,-0.453
0.3033333378533522,-0.447
0.3050000045448541,-0.439
0.3066666712363561,-0.431
0.308333337927858,-0.423
0.31000000461936,-0.415
0.3116666713108619,-0.408
0.3133333380023638,-0.4
0.3150000046938658,-0.392
0.3166666713853677,-0.4
0.3183333380768696,-0.397
0.3200000047683716,-0.398
0.3216666714598735,-0.399
0.3233333381513754,-0.399
0.3250000048428774,-0.4
0.3266666715343793,-0.4
0.3283333382258813,-0.401
0.3300000049173832,-0.401
0.3316666716088851,-0.402
0.3333333383003871,-0.402
0.335000004991889,-0.41
0.3366666716833909,-0.422
0.3383333383748929,-0.43
0.3400000050663948,-0.438
0.3416666717578968,-0.447
0.3433333384493987,-0.455
0.3450000051409006,-0.463
0.3466666718324026,-0.472
0.3483333385239044,-0.48
0.3500000052154064,-0.486
0.3516666719069083,-0.478
0.3533333385984103,-0.469
0.3550000052899122,-0.461
0.3566666719814141,-0.452
0.3583333386729161,-0.444
0.360000005364418,-0.435
0.3616666720559199,-0.427
0.3633333387474219,-0.419
0.3650000054389238,-0.41
0.3666666721304258,-0.401
0.3683333388219277,-0.394
0.3700000055134296,-0.39
0.3716666722049316,-0.385
0.3733333388964335,-0.38
0.3750000055879354,-0.374
0.3766666722794374,-0.369
0.3783333389709393,-0.364
0.3800000056624412,-0.359
0.3816666723539432,-0.354
0.3833333390454451,-0.351
0.3850000057369471,-0.362
0.386666672428449,-0.371
0.3883333391199509,-0.384
0.3900000058114529,-0.396
0.3916666725029548,-0.408
0.3933333391944567,-0.42
0.3950000058859587,-0.433
0.3966666725774606,-0.445
0.3983333392689626,-0.457
0.4000000059604645,-0.475
0.4016666726519664,-0.48
0.4033333393434684,-0.488
0.4050000060349703,-0.494
0.4066666727264722,-0.499
0.4083333394179742,-0.505
0.4100000061094761,-0.511
0.411666672800978,-0.517
0.4133333394924799,-0.523
0.4150000061839819,-0.529
0.4166666728754838,-0.534
0.4183333395669857,-0.533
0.4200000062584877,-0.529
0.4216666729499896,-0.527
0.4233333396414916,-0.525
0.4250000063329935,-0.524
0.4266666730244954,-0.522
0.4283333397159974,-0.52
0.4300000064074993,-0.519
0.4316666730990012,-0.517
0.4333333397905032,-0.513
0.4350000064820051,-0.497
0.436666673173507,-0.488
0.438333339865009,-0.476
0.4400000065565109,-0.464
0.4416666732480129,-0.452
0.4433333399395148,-0.44
0.4450000066310167,-0.429
0.4466666733225187,-0.417
0.4483333400140206,-0.405
0.4500000067055225,-0.394
0.4516666733970245,-0.392
0.4533333400885264,-0.393
0.4550000067800283,-0.393
0.4566666734715303,-0.393
0.4583333401630322,-0.394
0.4600000068545342,-0.394
0.4616666735460361,-0.394
0.463333340237538,-0.394
0.46500000692904,-0.394
0.4666666736205419,-0.394
0.4683333403120438,-0.385
0.4700000070035457,-0.383
0.4716666736950477,-0.377
0.4733333403865497,-0.371
0.4750000070780515,-0.365
0.4766666737695535,-0.359
0.4783333404610554,-0.353
0.4800000071525573,-0.348
0.4816666738440593,-0.342
0.4833333405355612,-0.336
0.4850000072270632,-0.326
0.4866666739185651,-0.318
0.488333340610067,-0.309
0.490000007301569,-0.298
0.4916666739930709,-0.288
0.4933333406845728,-0.277
0.4950000073760748,-0.266
0.4966666740675767,-0.256
0.4983333407590787,-0.245
0.5000000074505806,-0.234
0.5016666741420825,-0.232
0.5033333408335845,-0.231
0.5050000075250864,-0.232
0.5066666742165884,-0.234
0.5083333409080902,-0.235
0.5100000075995922,-0.237
0.5116666742910941,-0.238
0.5133333409825961,-0.24
0.515000007674098,-0.241
0.5166666743656,-0.243
0.5183333410571019,-0.238
0.5200000077486039,-0.241
0.5216666744401057,-0.244
0.5233333411316077,-0.248
0.5250000078231096,-0.251
0.5266666745146116,-0.255
0.5283333412061135,-0.258
0.5300000078976155,-0.262
0.5316666745891174,-0.265
0.5333333412806193,-0.269
0.5350000079721212,-0.259
0.5366666746636232,-0.228
0.5383333413551251,-0.195
0.5400000080466271,-0.163
0.541666674738129,-0.132
0.543333341429631,-0.1
0.5450000081211329,-0.068
0.5466666748126348,-0.037
0.5483333415041367,-0.005
0.5500000081956387,0.025
0.5516666748871406,0.075
0.5533333415786426,0.154
0.5550000082701445,0.231
0.5566666749616465,0.306
0.5583333416531483,0.38
0.5600000083446502,0.454
0.5616666750361522,0.529
0.5633333417276541,0.603
0.5650000084191561,0.678
0.566666675110658,0.752
0.56833334180216,0.862
0.570000008493662,1.025
0.5716666751851638,1.198
0.5733333418766657,1.366
0.5750000085681677,1.534
0.5766666752596696,1.702
0.5783333419511716,1.87
0.5800000086426735,2.038
0.5816666753341755,2.206
0.5833333420256774,2.374
0.5850000087171793,2.599
0.5866666754086812,2.972
0.5883333421001832,3.354
0.5900000087916851,3.73
0.5916666754831871,4.106
0.593333342174689,4.482
0.595000008866191,4.858
0.5966666755576928,5.235
0.5983333422491948,5.611
0.6000000089406967,5.987
0.6016666756321987,6.419
0.6033333423237006,7.097
0.6050000090152026,7.791
0.6066666757067045,8.606
0.6083333423982065,9.15
0.6100000090897083,9.83
0.6116666757812103,10.51
0.6133333424727122,11.189
0.6150000091642142,12.005
0.6166666758557161,12.685
0.6183333425472181,13.273
0.62000000923872,14.421
0.6216666759302218,15.806
0.6233333426217238,16.949
0.6250000093132257,17.863
0.6266666760047277,19.006
0.6283333426962296,20.377
0.6300000093877316,21.291
0.6316666760792335,22.434
0.6333333427707355,23.805
0.6350000094622373,24.719
0.6366666761537393,26.518
0.6383333428452412,28.322
0.6400000095367432,30.46
0.6416666762282451,31.887
0.6433333429197471,33.671
0.645000009611249,35.454
0.6466666763027509,37.238
0.6483333429942528,39.378
0.6500000096857548,41.161
0.6516666763772567,42.588
0.6533333430687587,45.064
0.6550000097602606,48.106
0.6566666764517626,50.619
0.6583333431432645,52.629
0.6600000098347664,55.142
0.6616666765262683,58.157
0.6633333432177703,60.167
0.6650000099092722,62.68
0.6666666766007742,65.695
0.6683333432922761,68.207
0.6700000099837781,70.904
0.6716666766752799,74.173
0.6733333433667819,78.037
0.6750000100582838,81.266
0.6766666767497858,83.85
0.6783333434412877,87.079
0.6800000101327897,90.308
0.6816666768242916,93.537
0.6833333435157936,97.413
0.6850000102072954,99.996
0.6866666768987973,103.95
0.6883333435902993,108.799
0.6900000102818012,112.783
0.6916666769733032,115.983
0.6933333436648051,119.982
0.6950000103563071,124.781
0.6966666770478089,127.981
0.6983333437393109,131.981
0.7000000104308128,136.78
0.7016666771223148,140.78
0.7033333438138167,144.591
0.7050000105053187,149.263
0.7066666771968206,154.73
0.7083333438883226,159.305
0.7100000105798244,162.965
0.7116666772713264,168.455
0.7133333439628283,172.115
0.7150000106543303,176.69
0.7166666773458322,182.18
0.7183333440373342,186.754
0.7200000107288361,190.894
0.721666677420338,196.981
0.7233333441118399,201.871
0.7250000108033419,206.783
0.7266666774948438,210.712
0.7283333441863458,216.606
0.7300000108778477,220.535
0.7316666775693497,225.447
0.7333333442608516,231.341
0.7350000109523535,236.253
0.7366666776438554,240.579
0.7383333443353574,246.007
0.7400000110268593,252.167
0.7416666777183613,257.312
0.7433333444098632,261.428
0.7450000111013652,266.573
0.746666677792867,271.717
0.748333344484369,276.862
0.7500000111758709,283.036
0.7516666778673728,288.181
0.7533333445588748,292.453
0.7550000112503767,297.916
0.7566666779418787,303.99
0.7583333446333806,309.061
0.7600000113248825,313.118
0.7616666780163844,318.189
0.7633333447078864,324.275
0.7650000113993883,328.332
0.7666666780908903,334.417
0.7683333447823922,339.488
0.7700000114738942,343.61
0.771666678165396,348.84
0.773333344856898,354.438
0.7750000115483999,359.111
0.7766666782399019,362.85
0.7783333449314038,367.523
0.7800000116229058,373.131
0.7816666783144077,376.87
0.7833333450059097,382.478
0.7850000116974115,387.152
0.7866666783889135,390.89
0.7883333450804154,395.588
0.7900000117719174,400.434
0.7916666784634193,404.482
0.7933333451549213,407.721
0.7950000118464232,411.769
0.7966666785379252,416.626
0.798333345229427,419.865
0.800000011920929,424.723
0.8016666786124309,428.771
0.8033333453039329,432.009
0.8050000119954348,436.093
0.8066666786869368,440.149
0.8083333453784387,443.526
0.8100000120699405,446.235
0.8116666787614425,449.62
0.8133333454529444,453.683
0.8150000121444464,457.069
0.8166666788359483,460.455
0.8183333455274503,463.841
0.8200000122189522,467.227
0.8216666789104542,469.883
0.823333345601956,472.9
0.825000012293458,475.396
0.8266666789849599,477.909
0.8283333456764619,480.421
0.8300000123679638,482.934
0.8316666790594658,484.944
0.8333333457509677,487.457
0.8350000124424696,490.472
0.8366666791339715,492.984
0.8383333458254735,495.018
0.8400000125169754,497.061
0.8416666792084774,498.74
0.8433333458999793,500.433
0.8450000125914813,501.788
0.8466666792829832,503.821
0.8483333459744851,505.515
0.850000012665987,507.208
0.851666679357489,508.902
0.8533333460489909,510.596
0.8550000127404929,512.137
0.8566666794319948,513.027
0.8583333461234968,513.892
0.8600000128149986,514.776
0.8616666795065006,515.661
0.8633333461980025,516.545
0.8650000128895045,517.253
0.8666666795810064,518.314
0.8683333462725084,519.199
0.8700000129640103,520.083
0.8716666796555123,520.67
0.8733333463470141,521.009
0.875000013038516,521.205
0.876666679730018,521.409
0.87833334642152,521.572
0.8800000131130219,521.816
0.8816666798045238,522.02
0.8833333464960258,522.224
0.8850000131875276,522.428
0.8866666798790296,522.631
0.8883333465705315,522.646
0.8900000132620335,522.179
0.8916666799535354,521.677
0.8933333466450374,521.18
0.8950000133365393,520.684
0.8966666800280413,520.188
0.8983333467195431,519.79
0.9000000134110451,519.195
0.901666680102547,518.698
0.903333346794049,518.202
0.9050000134855508,517.691
0.9066666801770528,516.433
0.9083333468685548,515.335
0.9100000135600568,514.237
0.9116666802515586,513.359
0.9133333469430606,512.042
0.9150000136345624,510.944
0.9166666803260644,509.846
0.9183333470175664,508.748
0.9200000137090684,507.651
0.9216666804005704,506.379
0.9233333470920722,504.756
0.925000013783574,503.144
0.926666680475076,501.533
0.928333347166578,499.922
0.93000001385808,498.311
0.931666680549582,496.7
0.933333347241084,495.088
0.9350000139325856,493.477
0.9366666806240876,491.866
0.9383333473155896,490.529
0.9400000140070917,488.035
0.9416666806985936,486.019
0.9433333473900954,484.005
0.9450000140815974,482.394
0.9466666807730992,479.977
0.9483333474646012,477.963
0.9500000141561032,475.948
0.9516666808476052,473.934
0.953333347539107,471.92
0.955000014230609,469.803
0.9566666809221108,467.384
0.9583333476136128,465.072
0.9600000143051148,462.773
0.9616666809966168,460.471
0.9633333476881186,458.169
0.9650000143796206,455.867
0.9666666810711224,453.566
0.9683333477626244,451.264
0.9700000144541264,448.962
0.9716666811456284,447.121
0.9733333478371302,443.872
0.9750000145286322,441.314
0.976666681220134,438.781
0.978333347911636,436.749
0.980000014603138,433.702
0.98166668129464,431.162
0.983333347986142,428.622
0.9850000146776438,426.082
0.9866666813691456,423.542
0.9883333480606477,421.002
0.9900000147521496,418.09
0.9916666814436516,415.458
0.9933333481351536,412.846
0.9950000148266556,410.226
0.9966666815181574,407.606
0.9983333482096592,404.985
1.0000000149011612,402.365
1.0016666815926631,399.745
1.003333348284165,397.125
1.005000014975667,394.504
1.006666681667169,391.511
1.008333348358671,388.82
1.010000015050173,386.169
1.0116666817416748,383.503
1.0133333484331768,380.836
1.0150000151246787,378.17
1.0166666818161805,375.504
1.0183333485076824,373.37
1.0200000151991844,370.171
1.0216666818906863,367.504
1.0233333485821885,364.43
1.0250000152736902,361.669
1.0266666819651922,358.945
1.028333348656694,356.21
1.030000015348196,353.475
1.031666682039698,350.74
1.0333333487312,348.006
1.035000015422702,345.271
1.036666682114204,342.536
1.0383333488057058,339.801
1.0400000154972078,336.658
1.0416666821887095,333.822
1.0433333488802117,331.029
1.0450000155717134,328.222
1.0466666822632154,325.415
1.0483333489547173,322.607
1.0500000156462193,319.8
1.0516666823377212,317.554
1.0533333490292232,314.185
1.055000015720725,311.378
1.056666682412227,308.283
1.058333349103729,306.003
1.060000015795231,302.75
1.061666682486733,300.018
1.0633333491782349,297.287
1.0650000158697368,295.101
1.0666666825612383,291.823
1.0683333492527405,289.091
1.0700000159442424,286.36
1.0716666826357444,283.628
1.0733333493272463,280.713
1.0750000160187485,277.964
1.0766666827102502,275.357
1.0783333494017522,272.735
1.080000016093254,270.114
1.081666682784756,267.493
1.083333349476258,264.871
1.08500001616776,262.774
1.086666682859262,259.628
1.088333349550764,257.007
1.0900000162422658,254.23
1.0916666829337676,252.045
1.0933333496252695,249.047
1.0950000163167717,246.542
1.0966666830082734,244.036
1.0983333496997754,242.031
1.100000016391277,239.024
1.1016666830827793,236.518
1.1033333497742812,234.013
1.1050000164657832,231.507
1.1066666831572851,228.89
1.108333349848787,226.329
1.110000016540289,224.044
1.111666683231791,221.743
1.113333349923293,219.442
1.1150000166147949,217.141
1.1166666833062966,214.84
1.1183333499977983,213.0
1.1200000166893005,210.238
1.1216666833808024,207.938
1.1233333500723044,205.568
1.1250000167638063,203.631
1.1266666834553083,201.179
1.1283333501468102,199.138
1.1300000168383122,197.095
1.131666683529814,195.461
1.133333350221316,193.01
1.135000016912818,190.967
1.13666668360432,188.925
1.138333350295822,186.882
1.140000016987324,184.81
1.1416666836788258,182.644
1.1433333503703276,180.788
1.1450000170618295,178.931
1.1466666837533317,177.072
1.1483333504448334,175.213
1.1500000171363354,173.354
1.151666683827837,171.867
1.1533333505193393,169.636
1.1550000172108412,167.777
1.1566666839023432,165.918
1.1583333505938451,164.25
1.160000017285347,162.142
1.161666683976849,160.404
1.163333350668351,158.657
1.165000017359853,157.26
1.1666666840513549,155.164
1.1683333507428566,153.418
1.1700000174343586,151.672
1.1716666841258605,149.925
1.1733333508173625,148.179
1.1750000175088644,146.294
1.1766666842003664,144.697
1.1783333508918683,143.126
1.1800000175833705,141.544
1.1816666842748722,139.962
1.1833333509663742,138.381
1.185000017657876,137.116
1.186666684349378,135.218
1.18833335104088,133.636
1.190000017732382,132.054
1.191666684423884,130.662
1.1933333511153856,128.917
1.1950000178068876,127.514
1.1966666844983895,126.102
1.1983333511898917,124.973
1.2000000178813934,123.28
1.2016666845728954,121.869
1.203333351264397,120.457
1.2050000179558993,119.046
1.2066666846474012,117.635
1.2083333513389032,116.082
1.2100000180304051,114.791
1.211666684721907,113.518
1.213333351413409,112.239
1.215000018104911,110.961
1.216666684796413,109.682
1.2183333514879149,108.659
1.2200000181794166,107.125
1.2216666848709186,105.846
1.2233333515624203,104.568
1.2250000182539225,103.482
1.2266666849454244,102.024
1.2283333516369264,100.904
1.2300000183284283,99.776
1.2316666850199305,98.874
1.2333333517114322,97.521
1.2350000184029342,96.393
1.236666685094436,95.265
1.238333351785938,94.138
1.24000001847744,93.01
1.241666685168942,91.815
1.2433333518604437,90.761
1.2450000185519456,89.778
1.2466666852434476,88.789
1.2483333519349495,87.8
1.2500000186264515,86.811
1.2516666853179534,86.019
1.2533333520094554,84.832
1.2550000187009571,83.843
1.2566666853924593,82.854
1.2583333520839612,82.034
1.2600000187754632,80.827
1.2616666854669651,79.956
1.263333352158467,79.07
1.265000018849969,78.36
1.266666685541471,77.296
1.2683333522329727,76.41
1.270000018924475,75.523
1.2716666856159766,74.637
1.2733333523074786,73.75
1.2750000189989803,72.829
1.2766666856904825,71.939
1.2783333523819844,71.147
1.2800000190734864,70.353
1.2816666857649883,69.558
1.2833333524564905,68.763
1.2850000191479922,67.968
1.2866666858394942,67.173
1.288333352530996,66.378
1.290000019222498,65.583
1.291666685914,64.947
1.2933333526055018,63.971
1.2950000192970037,63.288
1.2966666859885057,62.605
1.2983333526800076,62.057
1.3000000193715096,61.234
1.3016666860630115,60.549
1.3033333527545137,59.864
1.3050000194460154,59.178
1.3066666861375174,58.493
1.3083333528290193,57.797
1.3100000195205213,57.082
1.3116666862120232,56.457
1.3133333529035252,55.837
1.315000019595027,55.217
1.316666686286529,54.596
1.3183333529780308,53.976
1.3200000196695327,53.355
1.321666686361035,52.735
1.3233333530525366,52.114
1.3250000197440386,51.494
1.3266666864355403,50.81
1.3283333531270425,50.229
1.3300000198185444,49.649
1.3316666865100464,49.067
1.3333333532015483,48.485
1.3350000198930505,47.903
1.3366666865845522,47.321
1.3383333532760542,46.738
1.340000019967556,46.156
1.341666686659058,45.574
1.3433333533505598,44.965
1.3450000200420618,44.459
1.3466666867335635,43.956
1.3483333534250657,43.452
1.3500000201165676,42.948
1.3516666868080696,42.444
1.3533333534995715,41.94
1.3550000201910737,41.436
1.3566666868825754,40.932
1.3583333535740774,40.428
1.360000020265579,39.892
1.3616666869570813,39.449
1.3633333536485832,39.008
1.3650000203400852,38.567
1.3666666870315871,38.125
1.3683333537230888,37.684
1.3700000204145908,37.242
1.3716666871060927,36.889
1.3733333537975947,36.359
1.3750000204890966,35.918
1.3766666871805986,35.443
1.3783333538721003,35.033
1.3800000205636025,34.634
1.3816666872551044,34.231
1.3833333539466064,33.829
1.3850000206381083,33.426
1.3866666873296103,33.024
1.3883333540211122,32.621
1.3900000207126142,32.219
1.391666687404116,31.817
1.393333354095618,31.393
1.3950000207871198,31.033
1.3966666874786218,30.693
1.3983333541701235,30.347
1.4000000208616257,30.002
1.4016666875531276,29.657
1.4033333542446296,29.312
1.4050000209361315,28.966
1.4066666876276337,28.621
1.4083333543191354,28.276
1.4100000210106374,27.908
1.411666687702139,27.586
1.4133333543936413,27.287
1.4150000210851432,26.986
1.4166666877766452,26.686
1.418333354468147,26.386
1.4200000211596489,26.086
1.4216666878511508,25.786
1.4233333545426528,25.486
1.4250000212341547,25.186
1.4266666879256569,24.874
1.4283333546171586,24.577
1.4300000213086606,24.311
1.4316666880001625,24.045
1.4333333546916645,23.778
1.4350000213831664,23.511
1.4366666880746684,23.244
1.4383333547661703,22.977
1.4400000214576725,22.71
1.4416666881491742,22.444
1.443333354840676,22.169
1.445000021532178,21.881
1.4466666882236798,21.627
1.4483333549151818,21.375
1.4500000216066835,21.122
1.4516666882981857,20.869
1.4533333549896876,20.616
1.4550000216811896,20.363
1.4566666883726915,20.11
1.4583333550641937,19.858
1.4600000217556954,19.603
1.4616666884471974,19.359
1.463333355138699,19.15
1.4650000218302013,18.945
1.4666666885217032,18.739
1.468333355213205,18.532
1.470000021904707,18.326
1.4716666885962089,18.119
1.4733333552877108,17.913
1.4750000219792128,17.706
1.4766666886707147,17.5
1.4783333553622169,17.274
1.4800000220537186,17.081
1.4816666887452206,16.888
1.4833333554367223,16.694
1.4850000221282245,16.499
1.4866666888197264,16.305
1.4883333555112284,16.111
1.4900000222027303,15.917
1.4916666888942325,15.723
1.493333355585734,15.529
1.495000022277236,15.317
1.496666688968738,15.152
1.4983333556602398,14.984
1.5000000223517418,14.816
1.5016666890432435,14.649
1.5033333557347457,14.482
1.5050000224262476,14.314
1.5066666891177496,14.147
1.5083333558092515,13.98
1.5100000225007535,13.812
1.5116666891922554,13.622
1.5133333558837574,13.461
1.5150000225752591,13.297
1.5166666892667613,13.134
1.518333355958263,12.971
1.520000022649765,12.809
1.521666689341267,12.646
1.5233333560327689,12.484
1.5250000227242708,12.321
1.5266666894157728,12.158
1.5283333561072747,11.993
1.530000022798777,11.869
1.5316666894902786,11.754
1.5333333561817806,11.635
1.5350000228732823,11.516
1.5366666895647845,11.398
1.5383333562562864,11.279
1.5400000229477884,11.161
1.5416666896392903,11.042
1.543333356330792,10.923
1.545000023022294,10.796
1.546666689713796,10.672
1.548333356405298,10.554
1.5500000230968,10.435
1.5516666897883018,10.317
1.5533333564798038,10.198
1.5550000231713057,10.079
1.5566666898628077,9.96
1.5583333565543096,9.841
1.5600000232458116,9.722
1.5616666899373135,9.598
1.5633333566288157,9.49
1.5650000233203174,9.389
1.5666666900118194,9.288
1.568333356703321,9.188
1.570000023394823,9.087
1.571666690086325,8.986
1.573333356777827,8.885
1.5750000234693289,8.784
1.5766666901608308,8.683
1.5783333568523328,8.578
1.5800000235438347,8.49
1.581666690235337,8.409
1.5833333569268386,8.33
1.5850000236183406,8.25
1.5866666903098423,8.17
1.5883333570013445,8.09
1.5900000236928464,8.01
1.5916666903843484,7.93
1.5933333570758503,7.85
1.595000023767352,7.761
1.596666690458854,7.674
1.598333357150356,7.601
1.600000023841858,7.527
1.60166669053336,7.453
1.6033333572248618,7.38
1.6050000239163638,7.306
1.6066666906078657,7.232
1.6083333572993677,7.159
1.6100000239908696,7.085
1.6116666906823716,7.008
1.6133333573738735,6.932
1.6150000240653757,6.858
1.6166666907568774,6.784
1.6183333574483794,6.71
1.620000024139881,6.636
1.621666690831383,6.562
1.623333357522885,6.488
1.625000024214387,6.414
1.626666690905889,6.34
1.6283333575973908,6.263
1.6300000242888928,6.187
1.6316666909803947,6.123
1.6333333576718967,6.059
1.6350000243633986,5.994
1.6366666910549006,5.929
1.6383333577464023,5.864
1.6400000244379045,5.798
1.6416666911294064,5.733
1.6433333578209084,5.668
1.64500002451241,5.603
1.646666691203912,5.53
1.648333357895414,5.464
1.650000024586916,5.396
1.651666691278418,5.33
1.65333335796992,5.263
1.6550000246614218,5.197
1.6566666913529238,5.131
1.6583333580444255,5.064
1.6600000247359277,4.998
1.6616666914274296,4.932
1.6633333581189316,4.855
1.6650000248104335,4.795
1.6666666915019357,4.731
1.6683333581934374,4.667
1.6700000248849391,4.602
1.671666691576441,4.538
1.673333358267943,4.473
1.675000024959445,4.408
1.676666691650947,4.344
1.678333358342449,4.279
1.6800000250339509,4.217
1.6816666917254528,4.172
1.6833333584169548,4.129
1.6850000251084567,4.087
1.6866666917999589,4.044
1.6883333584914606,4.002
1.6900000251829626,3.96
1.6916666918744645,3.917
1.6933333585659665,3.875
1.6950000252574682,3.833
1.69666669194897,3.788
1.698333358640472,3.743
1.700000025331974,3.703
1.701666692023476,3.661
1.703333358714978,3.62
1.70500002540648,3.578
1.7066666920979818,3.537
1.7083333587894838,3.495
1.7100000254809855,3.454
1.7116666921724877,3.412
1.7133333588639896,3.371
1.7150000255554916,3.338
1.7166666922469935,3.305
1.7183333589384957,3.272
1.7200000256299972,3.239
1.7216666923214992,3.206
1.723333359013001,3.174
1.725000025704503,3.141
1.726666692396005,3.108
1.728333359087507,3.075
1.730000025779009,3.038
1.7316666924705109,3.007
1.7333333591620128,2.98
1.7350000258535148,2.951
1.7366666925450167,2.923
1.7383333592365189,2.895
1.7400000259280206,2.867
1.7416666926195226,2.839
1.7433333593110245,2.811
1.7450000260025262,2.783
1.7466666926940282,2.755
1.74833335938553,2.735
1.750000026077032,2.705
1.751666692768534,2.683
1.753333359460036,2.66
1.755000026151538,2.637
1.75666669284304,2.614
1.7583333595345418,2.591
1.7600000262260438,2.569
1.7616666929175455,2.546
1.7633333596090477,2.521
1.7650000263005496,2.481
1.7666666929920516,2.452
1.7683333596835535,2.419
1.7700000263750553,2.387
1.7716666930665572,2.355
1.7733333597580592,2.322
1.7750000264495611,2.29
1.776666693141063,2.257
1.778333359832565,2.225
1.780000026524067,2.196
1.781666693215569,2.173
1.7833333599070709,2.157
1.7850000265985728,2.141
1.7866666932900748,2.124
1.7883333599815767,2.108
1.790000026673079,2.091
1.7916666933645806,2.074
1.7933333600560826,2.058
1.7950000267475843,2.041
1.7966666934390862,2.025
1.7983333601305882,1.995
1.80000002682209,1.969
1.801666693513592,1.941
1.803333360205094,1.914
1.805000026896596,1.886
1.806666693588098,1.859
1.8083333602796,1.832
1.8100000269711016,1.804
1.811666693662604,1.777
1.8133333603541055,1.75
1.815000027045608,1.719
1.8166666937371097,1.706
1.818333360428612,1.684
1.820000027120113,1.665
1.8216666938116155,1.645
1.8233333605031168,1.625
1.8250000271946192,1.605
1.826666693886121,1.585
1.828333360577623,1.565
1.830000027269125,1.546
1.831666693960627,1.524
1.833333360652129,1.507
1.8350000273436309,1.492
1.8366666940351328,1.475
1.8383333607266348,1.458
1.8400000274181367,1.441
1.841666694109639,1.424
1.8433333608011409,1.407
1.8450000274926424,1.39
1.8466666941841443,1.373
1.8483333608756465,1.355
1.850000027567148,1.353
1.8516666942586504,1.35
1.853333360950152,1.347
1.855000027641654,1.344
1.856666694333156,1.34
1.858333361024658,1.337
1.86000002771616,1.334
1.8616666944076616,1.331
1.863333361099164,1.327
1.8650000277906655,1.321
1.866666694482168,1.298
1.8683333611736697,1.282
1.8700000278651716,1.264
1.8716666945566731,1.245
1.8733333612481755,1.226
1.8750000279396768,1.208
1.8766666946311792,1.189
1.8783333613226807,1.17
1.880000028014183,1.151
1.881666694705685,1.125
1.883333361397187,1.11
1.885000028088689,1.093
1.886666694780191,1.077
1.8883333614716928,1.06
1.8900000281631948,1.044
1.8916666948546967,1.027
1.8933333615461987,1.01
1.8950000282377004,0.994
1.8966666949292024,0.977
1.8983333616207043,0.966
1.9000000283122065,0.966
1.901666695003708,0.951
1.9033333616952104,0.944
1.905000028386712,0.937
1.906666695078214,0.93
1.908333361769716,0.923
1.910000028461218,0.916
1.91166669515272,0.909
1.9133333618442216,0.902
1.915000028535724,0.892
1.9166666952272255,0.887
1.918333361918728,0.869
1.9200000286102292,0.856
1.9216666953017316,0.844
1.9233333619932331,0.832
1.9250000286847355,0.82
1.9266666953762368,0.808
1.9283333620677392,0.796
1.9300000287592407,0.784
1.931666695450743,0.776
1.933333362142245,0.765
1.935000028833747,0.749
1.936666695525249,0.738
1.938333362216751,0.727
1.9400000289082528,0.716
1.9416666955997548,0.704
1.9433333622912567,0.693
1.9450000289827585,0.682
1.9466666956742604,0.671
1.9483333623657624,0.659
1.9500000290572643,0.644
1.9516666957487665,0.63
1.953333362440268,0.618
1.9550000291317704,0.605
1.956666695823272,0.593
1.958333362514774,0.58
1.960000029206276,0.568
1.961666695897778,0.553
1.96333336258928,0.543
1.9650000292807817,0.531
1.966666695972284,0.526
1.9683333626637856,0.536
1.9700000293552875,0.539
1.9716666960467892,0.543
1.9733333627382916,0.548
1.9750000294297931,0.553
1.9766666961212955,0.556
1.9783333628127973,0.561
1.9800000295042992,0.565
1.9816666961958007,0.569
1.983333362887303,0.57
1.985000029578805,0.568
1.986666696270307,0.567
1.988333362961809,0.565
1.990000029653311,0.563
1.9916666963448129,0.56
1.9933333630363148,0.558
1.9950000297278163,0.555
1.9966666964193185,0.553
1.9983333631108204,0.55
2.0000000298023224,0.543
2.001666696493825,0.531
2.0033333631853263,0.53
2.0050000298768285,0.524
2.00666669656833,0.518
2.008333363259832,0.512
2.010000029951334,0.507
2.011666696642836,0.5
2.013333363334338,0.494
2.01500003002584,0.489
2.016666696717342,0.488
2.018333363408844,0.484
2.020000030100346,0.489
2.0216666967918475,0.489
2.0233333634833497,0.49
2.0250000301748514,0.49
2.0266666968663536,0.49
2.0283333635578558,0.49
2.030000030249357,0.49
2.031666696940859,0.49
2.033333363632361,0.489
2.035000030323863,0.489
2.036666697015365,0.493
2.038333363706867,0.497
2.0400000303983687,0.499
2.041666697089871,0.503
2.0433333637813726,0.505
2.045000030472875,0.508
2.0466666971643765,0.511
2.0483333638558787,0.514
2.0500000305473804,0.514
2.0516666972388826,0.503
2.0533333639303843,0.487
2.0550000306218865,0.475
2.056666697313388,0.465
2.05833336400489,0.451
2.060000030696392,0.441
2.061666697387894,0.429
2.063333364079396,0.417
2.0650000307708978,0.403
2.0666666974624,0.396
2.0683333641539017,0.393
2.070000030845404,0.384
2.0716666975369056,0.378
2.073333364228408,0.374
2.075000030919909,0.366
2.076666697611412,0.362
2.0783333643029134,0.355
2.0800000309944155,0.348
2.0816666976859173,0.342
2.083333364377419,0.335
2.085000031068921,0.324
2.086666697760423,0.324
2.088333364451925,0.32
2.090000031143427,0.317
2.091666697834929,0.314
2.0933333645264307,0.31
2.095000031217933,0.306
2.0966666979094346,0.301
2.098333364600937,0.298
2.1000000312924385,0.296
2.1016666979839407,0.294
2.1033333646754424,0.297
2.1050000313669446,0.296
2.1066666980584463,0.296
2.108333364749948,0.295
2.11000003144145,0.294
2.111666698132952,0.293
2.113333364824454,0.292
2.115000031515956,0.291
2.116666698207458,0.289
2.11833336489896,0.275
2.120000031590462,0.27
2.121666698281964,0.263
2.123333364973466,0.258
2.1250000316649675,0.251
2.1266666983564697,0.243
2.1283333650479714,0.237
2.1300000317394736,0.229
2.131666698430976,0.222
2.133333365122477,0.218
2.1350000318139792,0.217
2.136666698505481,0.224
2.138333365196983,0.229
2.140000031888485,0.233
2.141666698579987,0.237
2.1433333652714888,0.243
2.145000031962991,0.247
2.1466666986544927,0.253
2.148333365345995,0.258
2.150000032037497,0.262
2.1516666987289987,0.258
2.1533333654205005,0.249
2.155000032112002,0.24
2.1566666988035044,0.233
2.158333365495006,0.225
2.1600000321865083,0.214
2.16166669887801,0.207
2.163333365569512,0.197
2.165000032261014,0.189
2.166666698952516,0.182
2.168333365644018,0.171
2.17000003233552,0.177
2.1716666990270217,0.175
2.173333365718524,0.175
2.1750000324100256,0.174
2.176666699101528,0.174
2.178333365793029,0.173
2.180000032484532,0.173
2.1816666991760334,0.172
2.183333365867535,0.172
2.1850000325590373,0.173
2.186666699250539,0.163
2.188333365942041,0.152
2.190000032633543,0.144
2.191666699325045,0.137
2.193333366016547,0.127
2.195000032708049,0.119
2.1966666993995507,0.112
2.198333366091053,0.102
2.200000032782554,0.093
2.201666699474057,0.084
2.2033333661655585,0.083
2.2050000328570607,0.081
2.2066666995485624,0.079
2.208333366240064,0.077
2.2100000329315663,0.076
2.211666699623068,0.074
2.2133333663145702,0.073
2.215000033006072,0.071
2.216666699697574,0.07
2.218333366389076,0.076
2.220000033080578,0.079
2.22166669977208,0.082
2.223333366463582,0.085
2.225000033155084,0.088
2.226666699846586,0.091
2.228333366538088,0.094
2.2300000332295897,0.097
2.2316666999210915,0.101
2.233333366612593,0.104
2.235000033304096,0.102
2.236666699995597,0.1
2.2383333666870997,0.097
2.240000033378601,0.095
2.241666700070103,0.093
2.243333366761605,0.092
2.245000033453107,0.09
2.246666700144609,0.089
2.248333366836111,0.087
2.2500000335276127,0.085
2.251666700219115,0.085
2.2533333669106166,0.083
2.2550000336021188,0.075
2.2566667002936205,0.071
2.258333366985122,0.066
2.2600000336766244,0.062
2.261666700368126,0.058
2.2633333670596283,0.054
2.26500003375113,0.049
2.266666700442632,0.045
2.268333367134134,0.042
2.270000033825636,0.04
2.271666700517138,0.038
2.27333336720864,0.035
2.2750000339001417,0.033
2.276666700591644,0.031
2.2783333672831456,0.029
2.280000033974648,0.026
2.281666700666149,0.024
2.283333367357652,0.022
2.2850000340491534,0.018
2.286666700740655,0.017
2.2883333674321573,0.018
2.290000034123659,0.018
2.291666700815161,0.018
2.293333367506663,0.017
2.295000034198165,0.017
2.296666700889667,0.017
2.298333367581169,0.017
2.3000000342726707,0.017
2.301666700964173,0.019
2.303333367655674,0.012
2.305000034347177,-0.005
2.3066667010386785,-0.019
2.3083333677301807,-0.032
2.3100000344216824,-0.042
2.311666701113184,-0.058
2.3133333678046863,-0.071
2.315000034496188,-0.084
2.3166667011876902,-0.098
2.318333367879192,-0.109
2.320000034570694,-0.116
2.321666701262196,-0.11
2.323333367953698,-0.108
2.3250000346452,-0.106
2.326666701336702,-0.104
2.328333368028204,-0.102
2.330000034719706,-0.1
2.331666701411208,-0.098
2.3333333681027097,-0.095
2.3350000347942115,-0.093
2.336666701485713,-0.099
2.338333368177216,-0.096
2.340000034868717,-0.096
2.3416667015602197,-0.097
2.343333368251721,-0.097
2.345000034943223,-0.098
2.346666701634725,-0.099
2.348333368326227,-0.1
2.350000035017729,-0.1
2.351666701709231,-0.101
2.3533333684007327,-0.105
2.355000035092235,-0.105
2.3566667017837366,-0.109
2.358333368475239,-0.113
2.3600000351667405,-0.116
2.3616667018582422,-0.12
2.3633333685497444,-0.122
2.365000035241246,-0.126
2.3666667019327483,-0.13
2.36833336862425,-0.133
2.370000035315752,-0.141
2.371666702007254,-0.141
2.373333368698756,-0.144
2.375000035390258,-0.147
2.37666670208176,-0.15
2.3783333687732617,-0.154
2.380000035464764,-0.157
2.3816667021562656,-0.16
2.383333368847768,-0.163
2.385000035539269,-0.167
2.3866667022307717,-0.167
2.388333368922273,-0.163
2.390000035613775,-0.155
2.3916667023052773,-0.149
2.393333368996779,-0.144
2.395000035688281,-0.138
2.396666702379783,-0.134
2.398333369071285,-0.127
2.400000035762787,-0.122
2.401666702454289,-0.116
2.4033333691457908,-0.117
2.405000035837293,-0.126
2.4066667025287947,-0.135
2.408333369220297,-0.144
2.4100000359117986,-0.151
2.4116667026033003,-0.162
2.4133333692948025,-0.171
2.415000035986304,-0.18
2.4166667026778064,-0.189
2.418333369369308,-0.198
2.4200000360608103,-0.208
2.421666702752312,-0.205
2.423333369443814,-0.213
2.425000036135316,-0.216
2.426666702826818,-0.22
2.42833336951832,-0.223
2.430000036209822,-0.226
2.431666702901324,-0.23
2.433333369592826,-0.233
2.435000036284328,-0.237
2.4366667029758293,-0.239
2.4383333696673315,-0.235
2.440000036358833,-0.235
2.4416667030503354,-0.234
2.443333369741837,-0.233
2.4450000364333397,-0.231
2.446666703124841,-0.23
2.448333369816343,-0.229
2.450000036507845,-0.227
2.451666703199347,-0.226
2.453333369890849,-0.227
2.455000036582351,-0.216
2.4566667032738527,-0.216
2.458333369965355,-0.212
2.4600000366568566,-0.208
2.4616667033483584,-0.204
2.4633333700398605,-0.2
2.4650000367313623,-0.196
2.4666667034228644,-0.192
2.468333370114366,-0.188
2.4700000368058683,-0.184
2.47166670349737,-0.181
2.473333370188872,-0.187
2.475000036880374,-0.189
2.476666703571876,-0.191
2.478333370263378,-0.194
2.48000003695488,-0.196
2.4816667036463818,-0.198
2.483333370337884,-0.201
2.4850000370293857,-0.203
2.4866667037208874,-0.207
2.4883333704123896,-0.216
2.4900000371038917,-0.22
2.491666703795393,-0.226
2.493333370486895,-0.231
2.4950000371783974,-0.236
2.496666703869899,-0.24
2.4983333705614013,-0.245
2.500000037252903,-0.25
2.501666703944405,-0.255
2.503333370635907,-0.258
2.505000037327409,-0.247
2.506666704018911,-0.242
2.508333370710413,-0.237
2.5100000374019147,-0.231
2.5116667040934164,-0.223
2.5133333707849186,-0.216
2.5150000374764203,-0.21
2.5166667041679225,-0.203
2.518333370859424,-0.196
2.5200000375509264,-0.189
2.521666704242428,-0.189
2.5233333709339303,-0.195
2.525000037625432,-0.197
2.526666704316934,-0.201
2.528333371008436,-0.204
2.530000037699938,-0.208
2.53166670439144,-0.212
2.533333371082942,-0.215
2.535000037774444,-0.219
2.536666704465945,-0.223
2.538333371157448,-0.227
2.5400000378489493,-0.229
2.5416667045404515,-0.232
2.543333371231953,-0.236
2.5450000379234554,-0.239
2.546666704614957,-0.243
2.5483333713064598,-0.247
2.550000037997961,-0.249
2.551666704689463,-0.254
2.553333371380965,-0.257
2.555000038072467,-0.264
2.556666704763969,-0.272
2.558333371455471,-0.277
2.5600000381469727,-0.283
2.5616667048384745,-0.289
2.5633333715299766,-0.296
2.5650000382214784,-0.302
2.5666667049129805,-0.308
2.5683333716044823,-0.314
2.5700000382959844,-0.321
2.571666704987486,-0.324
2.5733333716789883,-0.315
2.57500003837049,-0.306
2.576666705061992,-0.297
2.578333371753494,-0.287
2.580000038444996,-0.278
2.581666705136498,-0.269
2.583333371828,-0.261
2.5850000385195018,-0.25
2.5866667052110035,-0.241
2.5883333719025057,-0.239
2.5900000385940074,-0.252
2.5916667052855096,-0.274
2.5933333719770117,-0.292
2.595000038668513,-0.309
2.596666705360015,-0.324
2.5983333720515174,-0.345
2.600000038743019,-0.362
2.6016667054345213,-0.38
2.603333372126023,-0.398
2.605000038817525,-0.41
2.606666705509027,-0.417
2.608333372200529,-0.421
2.610000038892031,-0.425
2.6116667055835325,-0.429
2.6133333722750347,-0.434
2.6150000389665364,-0.438
2.6166667056580386,-0.441
2.6183333723495403,-0.446
2.6200000390410425,-0.451
2.621666705732544,-0.456
2.6233333724240464,-0.454
2.625000039115548,-0.456
2.6266667058070503,-0.457
2.628333372498552,-0.458
2.630000039190054,-0.46
2.631666705881556,-0.461
2.633333372573058,-0.463
2.63500003926456,-0.464
2.6366667059560616,-0.465
2.638333372647564,-0.465
2.640000039339065,-0.469
2.641666706030568,-0.472
2.6433333727220694,-0.473
2.6450000394135715,-0.474
2.6466667061050733,-0.475
2.6483333727965754,-0.476
2.650000039488077,-0.477
2.65166670617958,-0.478
2.653333372871081,-0.479
2.6550000395625832,-0.478
2.656666706254085,-0.482
2.658333372945587,-0.486
2.660000039637089,-0.489
2.6616667063285906,-0.493
2.6633333730200928,-0.496
2.6650000397115945,-0.501
2.6666667064030967,-0.505
2.6683333730945984,-0.509
2.670000039786101,-0.513
2.6716667064776023,-0.517
2.6733333731691045,-0.516
2.675000039860606,-0.5
2.6766667065521084,-0.491
2.67833337324361,-0.48
2.6800000399351123,-0.468
2.681666706626614,-0.457
2.683333373318116,-0.448
2.685000040009618,-0.435
2.68666670670112,-0.424
2.688333373392622,-0.412
2.6900000400841235,-0.409
2.6916667067756257,-0.399
2.6933333734671274,-0.393
2.6950000401586296,-0.389
2.6966667068501318,-0.385
2.698333373541633,-0.38
2.7000000402331352,-0.376
2.7016667069246374,-0.371
