time_min,absorb_mau
0.0,-0.018
0.0300000004470348,-0.01
0.0600000008940696,-0.072
0.0900000013411045,-0.058
0.1200000017881393,-0.134
0.1500000022351741,-0.091
0.180000002682209,-0.133
0.2100000031292438,-0.13
0.2400000035762786,-0.184
0.2700000040233135,-0.188
0.3000000044703483,-0.183
0.3300000049173832,-0.164
0.360000005364418,-0.14
0.3900000058114529,-0.23
0.4200000062584877,-0.134
0.4500000067055225,-0.075
0.4800000071525573,0.018
0.5100000075995922,0.004
0.5400000080466271,-0.073
0.570000008493662,-0.098
0.6000000089406967,-0.124
0.6300000093877316,-0.094
0.6600000098347664,-0.095
0.6900000102818012,-0.026
0.7200000107288361,0.186
0.7500000111758709,0.717
0.7800000116229058,1.737
0.8100000120699405,3.653
0.8400000125169754,6.665
0.8700000129640103,10.903
0.9000000134110451,16.44
0.93000001385808,22.744
0.9600000143051148,29.332
0.9900000147521496,35.257
1.0200000151991844,40.05
1.0500000156462193,43.375
1.080000016093254,45.011
1.110000016540289,45.57
1.140000016987324,45.324
1.1700000174343586,44.838
1.2000000178813934,44.266
1.2300000183284283,43.868
1.2600000187754632,43.759
1.290000019222498,43.953
1.3200000196695327,44.472
1.3500000201165676,45.225
1.3800000205636025,46.226
1.4100000210106374,47.44
1.4400000214576725,48.883
1.470000021904707,50.306
1.5000000223517418,51.777
1.530000022798777,53.231
1.5600000232458116,54.743
1.5900000236928464,56.152
1.620000024139881,57.511
1.650000024586916,58.703
1.6800000250339509,59.785
1.7100000254809855,60.761
1.7400000259280206,61.747
1.7700000263750553,62.705
1.80000002682209,63.591
1.830000027269125,64.415
1.86000002771616,65.118
1.8900000281631948,65.868
1.9200000286102292,66.412
1.9500000290572643,66.861
1.9800000295042992,67.041
2.010000029951334,67.129
2.0400000303983687,67.228
2.070000030845404,67.251
2.1000000312924385,67.181
2.1300000317394736,66.973
2.1600000321865083,66.717
2.190000032633543,66.338
2.220000033080578,65.883
2.2500000335276127,65.457
2.280000033974648,65.04
2.3100000344216824,64.565
2.340000034868717,64.032
2.370000035315752,63.485
2.400000035762787,63.077
2.430000036209822,62.611
2.4600000366568566,62.102
2.4900000371038917,61.469
2.5200000375509264,60.748
2.550000037997961,59.958
2.580000038444996,59.085
2.610000038892031,58.125
2.640000039339065,57.189
2.670000039786101,56.195
2.7000000402331352,55.203
2.7300000406801703,54.269
2.760000041127205,53.452
2.79000004157424,52.68
2.8200000420212747,51.843
2.8500000424683094,51.017
2.8800000429153445,50.154
2.910000043362379,49.333
2.940000043809414,48.592
2.970000044256449,48.04
3.000000044703484,47.433
3.0300000451505187,46.747
3.0600000455975533,46.082
3.090000046044588,45.421
3.120000046491623,44.888
3.1500000469386578,44.226
3.180000047385693,43.541
3.2100000478327275,42.647
3.240000048279762,41.791
3.2700000487267973,41.03
3.300000049173832,40.311
3.330000049620867,39.606
3.3600000500679017,38.911
3.3900000505149364,38.189
3.4200000509619715,37.525
3.450000051409006,36.883
3.480000051856041,36.198
3.510000052303076,35.516
3.5400000527501105,34.854
3.5700000531971456,34.418
3.6000000536441803,33.939
3.630000054091216,33.523
3.66000005453825,32.924
3.6900000549852847,32.323
3.72000005543232,31.659
3.7500000558793545,31.038
3.7800000563263896,30.482
3.810000056773424,29.945
3.840000057220459,29.383
3.870000057667494,28.818
3.9000000581145287,28.139
3.930000058561564,27.599
3.9600000590085984,27.034
3.990000059455633,26.596
4.020000059902668,26.155
4.050000060349703,25.637
4.0800000607967375,25.23
4.110000061243773,24.775
4.140000061690808,24.44
4.170000062137842,24.09
4.200000062584877,23.763
4.230000063031912,23.417
4.260000063478947,23.045
4.290000063925982,22.761
4.3200000643730165,22.373
4.350000064820051,21.97
4.380000065267086,21.428
4.410000065714121,20.973
4.440000066161156,20.557
4.470000066608191,20.265
4.500000067055225,19.943
4.53000006750226,19.564
4.560000067949296,19.102
4.59000006839633,18.727
4.620000068843365,18.395
4.6500000692904,18.074
4.680000069737434,17.779
4.71000007018447,17.527
4.740000070631504,17.373
4.770000071078539,17.191
4.800000071525574,17.073
4.830000071972608,16.822
4.860000072419644,16.492
4.890000072866679,16.224
4.920000073313713,15.979
4.950000073760748,15.78
4.980000074207783,15.462
5.010000074654818,15.263
5.040000075101853,15.034
5.070000075548887,14.821
5.100000075995922,14.545
5.130000076442957,14.258
5.160000076889992,13.985
5.190000077337027,13.691
5.220000077784062,13.44
5.250000078231096,13.234
5.280000078678131,13.111
5.310000079125167,12.922
5.340000079572201,12.845
5.370000080019236,12.664
5.4000000804662704,12.52
5.430000080913305,12.268
5.460000081360341,12.17
5.490000081807375,12.032
5.52000008225441,11.795
5.550000082701445,11.57
5.580000083148479,11.361
5.610000083595515,11.197
5.6400000840425495,11.001
5.670000084489584,10.825
5.700000084936619,10.602
5.7300000853836535,10.489
5.760000085830689,10.352
5.790000086277724,10.377
5.820000086724758,10.231
5.850000087171793,10.134
5.880000087618828,9.911
5.910000088065863,9.861
5.940000088512898,9.807
5.9700000889599325,9.796
6.000000089406967,9.725
6.030000089854002,9.621
6.060000090301037,9.413
6.090000090748072,9.145
6.120000091195107,8.989
6.150000091642141,8.861
6.180000092089176,8.806
6.210000092536212,8.599
6.240000092983246,8.486
6.270000093430281,8.351
6.300000093877316,8.309
6.33000009432435,8.181
6.360000094771386,8.034
6.39000009521842,7.804
6.420000095665455,7.719
6.45000009611249,7.648
6.480000096559524,7.637
6.51000009700656,7.565
6.540000097453595,7.485
6.570000097900629,7.405
6.600000098347664,7.334
6.6300000987946985,7.241
6.660000099241734,7.209
6.690000099688769,7.138
6.720000100135803,7.055
6.750000100582838,6.87
6.780000101029873,6.759
6.810000101476908,6.705
6.840000101923943,6.676
6.870000102370978,6.552
6.900000102818012,6.412
6.930000103265047,6.281
6.960000103712082,6.206
6.990000104159117,6.055
7.020000104606152,5.995
7.050000105053186,5.959
7.080000105500221,5.927
7.110000105947257,5.788
7.140000106394291,5.753
7.170000106841326,5.708
7.200000107288361,5.792
7.230000107735395,5.698
7.260000108182431,5.654
7.2900001086294655,5.59
7.3200001090765,5.522
7.350000109523535,5.427
7.380000109970569,5.235
7.410000110417605,5.222
7.44000011086464,5.24
7.470000111311674,5.252
7.500000111758709,5.226
7.530000112205744,5.144
7.560000112652779,5.042
7.590000113099814,4.963
7.620000113546848,4.982
7.650000113993883,5.036
7.680000114440918,5.082
7.710000114887953,5.058
7.740000115334988,4.921
7.770000115782023,4.811
7.800000116229057,4.75
7.830000116676092,4.777
7.860000117123127,4.751
7.890000117570162,4.624
7.920000118017197,4.521
7.950000118464231,4.454
7.980000118911266,4.553
8.0100001193583,4.543
8.040000119805336,4.457
8.070000120252372,4.312
8.100000120699406,4.243
8.130000121146441,4.257
8.160000121593475,4.32
8.19000012204051,4.368
8.220000122487546,4.3
8.25000012293458,4.227
8.280000123381615,4.168
8.31000012382865,4.1
8.340000124275685,4.009
8.37000012472272,3.926
8.400000125169754,3.838
8.43000012561679,3.788
8.460000126063823,3.789
8.490000126510859,3.868
8.520000126957894,3.817
8.550000127404928,3.738
8.580000127851964,3.586
8.610000128298998,3.484
8.640000128746033,3.473
8.670000129193069,3.583
8.700000129640102,3.621
8.730000130087138,3.555
8.760000130534172,3.452
8.790000130981207,3.365
8.820000131428243,3.396
8.850000131875277,3.343
8.880000132322312,3.447
8.910000132769346,3.382
8.940000133216381,3.414
8.970000133663417,3.393
9.00000013411045,3.317
9.030000134557486,3.271
9.06000013500452,3.219
9.090000135451556,3.15
9.120000135898591,3.134
9.150000136345623,3.124
9.18000013679266,3.171
9.210000137239694,3.137
9.24000013768673,3.022
9.270000138133764,2.921
9.3000001385808,2.899
9.330000139027836,3.055
9.360000139474868,3.138
9.390000139921904,3.161
9.42000014036894,3.146
9.450000140815972,3.055
9.480000141263009,2.988
9.510000141710044,2.884
9.540000142157078,2.849
9.570000142604114,2.885
9.600000143051147,2.968
9.630000143498185,2.984
9.660000143945217,2.858
9.690000144392252,2.764
9.720000144839288,2.731
9.750000145286322,2.817
9.780000145733355,2.873
9.810000146180393,2.881
9.840000146627428,2.822
9.870000147074462,2.769
9.900000147521496,2.705
9.930000147968531,2.666
9.960000148415563,2.609
9.9900001488626,2.628
10.020000149309636,2.686
10.05000014975667,2.676
10.080000150203706,2.661
10.11000015065074,2.621
10.140000151097777,2.674
10.17000015154481,2.701
10.200000151991844,2.744
10.23000015243888,2.685
10.260000152885912,2.683
10.290000153332947,2.554
10.320000153779985,2.529
10.350000154227018,2.492
10.380000154674054,2.521
10.410000155121088,2.473
10.440000155568123,2.441
10.47000015601516,2.389
10.500000156462193,2.371
10.530000156909228,2.404
10.560000157356262,2.399
10.590000157803296,2.292
10.620000158250331,2.24
10.650000158697368,2.241
10.680000159144402,2.295
10.710000159591436,2.25
10.740000160038472,2.284
10.770000160485507,2.339
10.80000016093254,2.407
10.830000161379576,2.306
10.86000016182661,2.294
10.890000162273646,2.201
10.92000016272068,2.228
10.950000163167717,2.194
10.98000016361475,2.2
11.010000164061784,2.13
11.04000016450882,2.086
11.070000164955855,2.072
11.10000016540289,2.132
11.130000165849925,2.116
11.16000016629696,2.178
11.190000166743994,2.199
11.22000016719103,2.239
11.250000167638063,2.224
11.2800001680851,2.238
11.310000168532133,2.231
11.340000168979168,2.181
11.370000169426204,2.171
11.400000169873238,2.18
11.430000170320271,2.244
11.460000170767309,2.253
11.490000171214342,2.207
11.520000171661378,2.156
11.550000172108412,2.125
11.580000172555447,2.159
11.61000017300248,2.211
11.640000173449517,2.336
11.670000173896552,2.318
11.700000174343586,2.293
11.730000174790622,2.217
11.760000175237655,2.219
11.79000017568469,2.188
11.820000176131726,2.191
11.85000017657876,2.178
11.880000177025796,2.191
11.91000017747283,2.07
11.940000177919863,2.144
11.9700001783669,2.194
12.000000178813934,2.334
12.03000017926097,2.322
12.060000179708004,2.341
12.09000018015504,2.343
12.120000180602077,2.308
12.150000181049109,2.187
12.180000181496144,2.176
12.210000181943178,2.098
12.240000182390212,2.114
12.270000182837247,2.071
12.300000183284284,2.069
12.330000183731318,1.972
12.360000184178352,1.849
12.390000184625388,1.758
12.420000185072425,1.864
12.450000185519457,1.998
12.480000185966492,2.035
12.510000186413526,1.993
12.540000186860562,2.044
12.570000187307595,2.044
12.600000187754633,2.022
12.630000188201668,1.905
12.6600001886487,1.975
12.690000189095736,2.039
12.720000189542771,2.099
12.750000189989803,2.076
12.78000019043684,1.999
12.810000190883876,1.968
12.84000019133091,1.923
12.870000191777946,1.921
12.90000019222498,1.955
12.930000192672017,1.958
12.960000193119049,1.957
12.990000193566084,1.914
13.02000019401312,1.957
13.050000194460154,1.947
13.08000019490719,1.932
13.110000195354225,1.871
13.140000195801258,1.829
13.170000196248294,1.74
13.200000196695328,1.742
13.230000197142363,1.774
13.260000197589395,1.797
13.290000198036433,1.746
13.320000198483468,1.762
13.350000198930502,1.75
13.380000199377536,1.763
13.410000199824571,1.773
13.440000200271609,1.9
13.470000200718642,1.875
13.500000201165676,1.77
13.530000201612712,1.601
13.560000202059744,1.604
13.59000020250678,1.713
13.620000202953817,1.755
13.65000020340085,1.661
13.680000203847886,1.603
13.71000020429492,1.589
13.740000204741955,1.732
13.77000020518899,1.74
13.800000205636024,1.831
13.83000020608306,1.786
13.860000206530094,1.706
13.89000020697713,1.671
13.920000207424165,1.628
13.9500002078712,1.74
13.980000208318234,1.71
14.010000208765268,1.698
14.040000209212304,1.554
14.07000020965934,1.531
14.100000210106373,1.523
14.130000210553408,1.509
14.160000211000442,1.491
14.190000211447478,1.513
14.220000211894511,1.532
14.250000212341549,1.542
14.280000212788584,1.548
14.310000213235616,1.625
14.340000213682652,1.673
14.370000214129687,1.729
14.40000021457672,1.728
14.430000215023757,1.603
14.46000021547079,1.46
14.490000215917826,1.415
14.520000216364862,1.428
14.550000216811895,1.444
14.580000217258933,1.437
14.610000217705965,1.462
14.640000218153,1.563
14.670000218600036,1.591
14.70000021904707,1.599
14.730000219494103,1.52
14.76000021994114,1.418
14.790000220388174,1.387
14.82000022083521,1.437
14.850000221282244,1.517
14.88000022172928,1.526
14.910000222176311,1.583
14.940000222623349,1.652
14.970000223070384,1.691
15.000000223517418,1.607
15.030000223964452,1.499
15.060000224411487,1.483
15.090000224858525,1.423
15.120000225305558,1.449
15.150000225752592,1.345
15.180000226199628,1.33
15.21000022664666,1.296
15.240000227093695,1.371
15.270000227540732,1.288
15.300000227987766,1.287
15.330000228434802,1.256
15.360000228881836,1.344
15.390000229328871,1.386
15.420000229775908,1.32
15.45000023022294,1.304
15.480000230669976,1.251
15.51000023111701,1.327
15.540000231564044,1.277
15.57000023201108,1.256
15.600000232458116,1.183
15.63000023290515,1.169
15.660000233352184,1.138
15.69000023379922,1.135
15.720000234246257,1.031
15.750000234693289,1.077
15.780000235140324,0.997
15.810000235587358,1.08
15.840000236034394,1.031
15.87000023648143,1.124
15.900000236928465,1.143
15.9300002373755,1.134
15.960000237822532,1.13
15.990000238269568,1.15
16.0200002387166,1.205
16.050000239163637,1.154
16.080000239610673,1.14
16.11000024005771,1.142
16.140000240504744,1.125
16.170000240951776,1.148
16.20000024139881,1.121
16.230000241845847,1.152
16.260000242292882,1.132
16.290000242739918,1.146
16.32000024318695,1.129
16.350000243633986,1.066
16.38000024408102,1.019
16.410000244528057,0.986
16.440000244975092,1.078
16.470000245422124,1.135
16.50000024586916,1.175
16.530000246316195,1.102
16.56000024676323,1.002
16.590000247210266,0.966
16.6200002476573,1.008
16.650000248104334,1.013
16.68000024855137,1.044
16.710000248998405,1.036
16.74000024944544,1.025
16.770000249892473,0.98
16.800000250339508,0.98
16.830000250786544,1.003
16.86000025123358,0.989
16.890000251680615,0.934
16.920000252127647,0.912
16.950000252574682,0.937
16.980000253021718,0.959
17.010000253468753,1.027
17.04000025391579,0.96
17.07000025436282,0.863
17.100000254809856,0.831
17.130000255256892,0.873
17.160000255703928,0.906
17.190000256150963,0.948
17.220000256597995,1.03
17.25000025704503,1.058
17.280000257492066,0.923
17.3100002579391,0.863
17.340000258386137,0.851
17.37000025883317,0.899
17.400000259280205,0.881
17.43000025972724,0.903
17.460000260174276,1.017
17.49000026062131,0.967
17.520000261068343,0.861
17.55000026151538,0.724
17.580000261962414,0.734
17.61000026240945,0.818
17.640000262856486,0.736
17.670000263303518,0.634
17.700000263750553,0.572
17.73000026419759,0.724
17.760000264644624,0.772
17.79000026509166,0.762
17.82000026553869,0.771
17.850000265985727,0.813
17.880000266432763,0.822
17.9100002668798,0.861
17.940000267326834,0.861
17.970000267773866,0.911
18.0000002682209,0.903
18.030000268667937,0.912
18.060000269114973,0.818
18.090000269562008,0.692
18.12000027000904,0.661
18.15000027045608,0.736
18.18000027090311,0.856
18.210000271350147,0.827
18.240000271797182,0.701
18.27000027224421,0.607
18.30000027269125,0.625
18.330000273138285,0.633
18.36000027358532,0.593
18.39000027403236,0.544
18.42000027447939,0.62
18.450000274926424,0.694
18.48000027537346,0.764
18.51000027582049,0.753
18.54000027626753,0.754
18.570000276714563,0.703
18.6000002771616,0.668
18.630000277608637,0.592
18.66000027805567,0.537
18.690000278502705,0.439
18.720000278949737,0.53
18.75000027939677,0.618
18.780000279843808,0.66
18.810000280290843,0.619
18.84000028073788,0.609
18.87000028118491,0.647
18.900000281631947,0.705
18.930000282078986,0.775
18.960000282526018,0.802
18.990000282973053,0.809
19.020000283420085,0.698
19.05000028386712,0.637
19.08000028431416,0.584
19.110000284761192,0.609
19.140000285208227,0.64
19.17000028565526,0.685
19.20000028610229,0.694
19.23000028654933,0.705
19.26000028699637,0.709
19.2900002874434,0.778
19.320000287890437,0.788
19.35000028833747,0.741
19.380000288784505,0.634
19.41000028923154,0.56
19.440000289678576,0.516
19.470000290125608,0.539
19.500000290572643,0.653
19.53000029101968,0.693
19.560000291466714,0.758
19.59000029191375,0.773
19.620000292360785,0.862
19.650000292807817,0.85
19.680000293254853,0.816
19.71000029370189,0.71
19.740000294148924,0.673
19.77000029459596,0.568
19.80000029504299,0.566
19.830000295490027,0.583
19.860000295937063,0.614
19.8900002963841,0.637
19.92000029683113,0.685
19.95000029727817,0.617
19.9800002977252,0.591
20.01000029817224,0.558
20.040000298619272,0.627
20.070000299066304,0.61
20.10000029951334,0.669
20.130000299960376,0.699
20.16000030040741,0.664
20.190000300854447,0.659
20.22000030130148,0.605
20.250000301748518,0.696
20.28000030219555,0.759
20.310000302642585,0.789
20.34000030308962,0.702
20.370000303536653,0.601
20.40000030398369,0.571
20.430000304430724,0.55
20.46000030487776,0.581
20.490000305324795,0.541
20.520000305771827,0.541
20.550000306218863,0.534
20.580000306665895,0.623
20.610000307112934,0.626
20.64000030755997,0.663
20.670000308007,0.654
20.70000030845404,0.662
20.730000308901072,0.614
20.760000309348108,0.573
20.790000309795143,0.54
20.820000310242172,0.545
20.85000031068921,0.577
20.880000311136246,0.565
20.91000031158328,0.593
20.94000031203032,0.601
20.97000031247735,0.617
21.000000312924385,0.588
21.03000031337142,0.521
21.060000313818456,0.516
21.09000031426549,0.512
21.120000314712524,0.556
21.15000031515956,0.432
21.180000315606595,0.488
21.21000031605363,0.526
21.240000316500662,0.635
21.270000316947694,0.6
21.300000317394733,0.605
21.33000031784177,0.627
21.360000318288805,0.581
21.39000031873584,0.526
21.420000319182872,0.495
21.450000319629908,0.525
21.480000320076943,0.439
21.51000032052398,0.389
21.54000032097101,0.428
21.570000321418046,0.532
21.60000032186508,0.583
21.63000032231212,0.474
21.660000322759156,0.419
21.69000032320619,0.392
21.72000032365322,0.488
21.750000324100256,0.423
21.78000032454729,0.47
21.810000324994327,0.484
21.840000325441363,0.584
21.870000325888395,0.562
21.90000032633543,0.57
21.930000326782466,0.528
21.9600003272295,0.577
21.990000327676537,0.574
22.02000032812357,0.624
22.050000328570604,0.554
22.08000032901764,0.549
22.110000329464675,0.52
22.14000032991171,0.561
22.170000330358743,0.612
22.20000033080578,0.653
22.23000033125281,0.632
22.26000033169985,0.565
22.290000332146885,0.486
22.32000033259392,0.433
22.350000333040956,0.508
22.38000033348799,0.529
22.410000333935024,0.511
22.44000033438206,0.522
22.47000033482909,0.625
22.500000335276127,0.706
22.53000033572316,0.815
22.5600003361702,0.692
22.590000336617237,0.594
22.620000337064265,0.438
22.6500003375113,0.433
22.680000337958337,0.415
22.71000033840537,0.414
22.740000338852408,0.339
22.77000033929944,0.374
22.800000339746475,0.458
22.83000034019351,0.621
22.860000340640543,0.532
22.890000341087585,0.469
22.92000034153461,0.366
22.95000034198165,0.375
22.980000342428685,0.355
23.01000034287572,0.392
23.04000034332276,0.325
23.070000343769788,0.301
23.100000344216824,0.249
23.13000034466386,0.279
23.16000034511089,0.283
23.19000034555793,0.245
23.22000034600496,0.278
23.250000346452,0.192
23.280000346899037,0.204
23.31000034734607,0.26
23.340000347793104,0.256
23.370000348240136,0.267
23.40000034868717,0.257
23.430000349134207,0.268
23.460000349581243,0.24
23.49000035002828,0.251
23.52000035047531,0.349
23.550000350922343,0.348
23.58000035136938,0.348
23.610000351816417,0.32
23.640000352263453,0.287
23.670000352710485,0.218
23.70000035315752,0.193
23.73000035360456,0.232
23.76000035405159,0.313
23.790000354498627,0.383
23.82000035494566,0.381
23.85000035539269,0.36
23.88000035583973,0.282
23.91000035628677,0.321
23.9400003567338,0.297
23.970000357180837,0.275
24.00000035762787,0.23
24.030000358074904,0.228
24.06000035852194,0.238
24.09000035896897,0.252
24.120000359416007,0.29
24.150000359863043,0.237
24.18000036031008,0.169
24.210000360757117,0.08
24.24000036120415,0.192
24.27000036165118,0.31
24.300000362098217,0.482
24.330000362545253,0.376
24.360000362992288,0.313
24.390000363439324,0.194
24.42000036388636,0.254
24.45000036433339,0.141
24.480000364780427,0.122
24.510000365227462,0.087
24.540000365674494,0.152
24.57000036612153,0.255
24.600000366568565,0.214
24.6300003670156,0.284
24.66000036746264,0.318
24.690000367909672,0.369
24.720000368356704,0.335
24.75000036880374,0.333
24.78000036925077,0.373
24.81000036969781,0.32
24.84000037014485,0.276
24.87000037059188,0.251
24.900000371038917,0.243
24.93000037148595,0.244
24.960000371932985,0.159
24.99000037238002,0.134
25.02000037282705,0.104
25.050000373274088,0.131
25.080000373721123,0.172
25.11000037416816,0.195
25.140000374615195,0.269
25.170000375062227,0.3
25.200000375509266,0.361
25.230000375956298,0.432
25.260000376403333,0.437
25.29000037685037,0.304
25.3200003772974,0.29
25.35000037774444,0.314
25.380000378191472,0.383
25.410000378638507,0.345
25.440000379085543,0.318
25.47000037953257,0.322
25.50000037997961,0.341
25.53000038042665,0.358
25.56000038087368,0.417
25.59000038132072,0.312
25.62000038176775,0.353
25.650000382214785,0.344
25.68000038266182,0.416
25.710000383108856,0.266
25.74000038355589,0.262
25.770000384002923,0.195
25.80000038444996,0.225
25.830000384896994,0.197
25.86000038534403,0.179
25.890000385791065,0.241
25.920000386238097,0.287
25.950000386685133,0.355
25.98000038713217,0.268
26.010000387579204,0.317
26.04000038802624,0.343
26.07000038847327,0.325
26.100000388920307,0.284
26.130000389367343,0.323
26.16000038981438,0.332
26.19000039026141,0.334
26.22000039070845,0.24
26.25000039115548,0.184
26.28000039160252,0.193
26.310000392049552,0.236
26.340000392496588,0.331
26.37000039294362,0.23
26.400000393390656,0.269
26.43000039383769,0.196
26.460000394284727,0.264
26.49000039473176,0.268
26.520000395178798,0.305
26.55000039562583,0.268
26.580000396072865,0.293
26.6100003965199,0.218
26.640000396966936,0.234
26.67000039741397,0.161
26.700000397861004,0.191
26.73000039830804,0.187
26.760000398755075,0.162
26.79000039920211,0.11
26.820000399649143,0.062
26.850000400096175,0.074
26.880000400543214,0.137
26.91000040099025,0.202
26.940000401437285,0.233
26.97000040188432,0.202
27.000000402331352,0.223
27.030000402778388,0.143
27.060000403225423,0.109
27.09000040367246,0.074
27.12000040411949,0.145
27.150000404566526,0.202
27.18000040501356,0.2
27.2100004054606,0.185
27.240000405907637,0.206
27.270000406354665,0.179
27.3000004068017,0.232
27.330000407248736,0.167
27.36000040769577,0.231
27.390000408142807,0.171
27.42000040858984,0.229
27.450000409036875,0.192
27.48000040948391,0.117
27.510000409930942,0.061
27.54000041037798,0.07
27.570000410825013,0.221
27.60000041127205,0.21
27.630000411719084,0.191
27.66000041216612,0.17
27.69000041261316,0.188
27.720000413060188,0.196
27.750000413507223,0.215
27.78000041395426,0.158
27.81000041440129,0.174
27.84000041484833,0.161
27.87000041529536,0.22
27.9000004157424,0.223
27.930000416189436,0.251
27.96000041663647,0.188
27.990000417083504,0.185
28.020000417530536,0.166
28.05000041797757,0.244
28.080000418424607,0.269
28.110000418871643,0.296
28.14000041931868,0.248
28.17000041976571,0.082
28.200000420212746,0.061
28.23000042065978,0.113
28.260000421106817,0.174
28.29000042155385,0.114
28.320000422000884,0.097
28.35000042244792,0.149
28.380000422894955,0.154
28.41000042334199,0.199
28.440000423789023,0.153
28.47000042423606,0.186
28.50000042468309,0.18
28.53000042513013,0.11
28.560000425577165,0.102
28.5900004260242,0.11
28.620000426471236,0.198
28.650000426918268,0.202
28.680000427365304,0.145
28.71000042781234,0.01
28.74000042825937,-0.044
28.770000428706407,0.054
28.80000042915344,0.157
28.83000042960048,0.187
28.860000430047517,0.072
28.89000043049455,0.122
28.92000043094158,0.187
28.950000431388617,0.184
28.98000043183565,0.153
29.010000432282688,0.07
29.040000432729723,0.119
29.070000433176755,0.059
29.10000043362379,0.115
29.130000434070823,0.017
29.160000434517865,0.05
29.190000434964897,0.037
29.22000043541193,0.098
29.250000435858965,0.117
29.280000436306,0.15
29.31000043675304,0.153
29.34000043720007,0.175
29.370000437647104,0.182
29.40000043809414,0.232
29.43000043854117,0.243
29.46000043898821,0.183
29.49000043943525,0.038
29.52000043988228,-0.003
29.550000440329317,-0.026
29.58000044077635,0.012
29.610000441223384,0.05
29.64000044167042,0.066
29.67000044211745,-0.018
29.700000442564487,0.004
29.730000443011523,0.036
29.76000044345856,0.091
29.790000443905598,-0.036
29.820000444352623,-0.044
29.85000044479966,-0.008
29.880000445246697,0.035
29.910000445693733,-0.037
29.94000044614077,-0.054
29.9700004465878,-0.053
30.00000044703484,0.037
30.03000044748187,0.024
30.060000447928907,0.016
30.090000448375942,0.047
30.12000044882297,0.044
30.15000044927001,0.143
30.18000044971705,0.108
30.21000045016408,0.134
30.24000045061112,0.027
30.27000045105815,0.046
30.300000451505184,0.05
30.33000045195222,0.033
30.36000045239925,-0.022
30.39000045284629,-0.105
30.420000453293323,-0.119
30.45000045374036,-0.09
30.480000454187397,-0.07
30.51000045463443,0.01
30.540000455081465,-0.045
30.570000455528497,0.037
30.600000455975533,0.048
30.630000456422568,0.178
30.660000456869604,0.106
30.69000045731664,0.04
30.72000045776367,-0.005
30.750000458210707,0.018
30.780000458657742,0.059
30.810000459104774,0.093
30.840000459551813,0.134
30.870000459998845,0.117
30.90000046044588,0.072
30.93000046089292,0.001
30.960000461339952,-0.003
30.990000461786988,0.006
31.02000046223402,0.01
31.05000046268105,0.041
31.08000046312809,0.061
31.11000046357513,0.054
31.14000046402216,0.044
31.170000464469197,0.096
31.20000046491623,0.122
31.230000465363265,0.138
31.2600004658103,0.029
31.290000466257336,-0.016
31.320000466704368,-0.032
31.350000467151403,-0.009
31.38000046759844,0.003
31.410000468045475,-0.025
31.44000046849251,-0.028
31.470000468939546,-0.053
31.500000469386578,0.012
31.530000469833613,0.004
31.56000047028065,0.054
31.590000470727684,-0.03
31.62000047117472,-0.025
31.650000471621752,0.0
31.680000472068787,0.001
31.710000472515823,-0.032
31.74000047296286,-0.099
31.77000047340989,-0.166
31.80000047385693,-0.208
31.83000047430396,-0.158
31.860000474751,-0.105
31.890000475198036,0.036
31.920000475645065,0.102
31.9500004760921,0.063
31.980000476539136,0.009
32.01000047698617,-0.021
32.0400004774332,0.065
32.07000047788024,0.043
32.100000478327274,-0.004
32.13000047877431,-0.078
32.160000479221345,-0.038
32.19000047966838,-0.083
32.22000048011542,-0.066
