time_min,absorb_mau
0.0,0.0
0.0033333333830038,0.0
0.0066666667660077,0.0
0.0100000001490116,-0.013
0.0133333335320154,-0.029
0.0166666669150193,-0.045
0.0200000002980232,-0.06
0.023333333681027,-0.077
0.0266666670640309,-0.077
0.0300000004470348,-0.075
0.0333333338300387,-0.072
0.0366666672130425,-0.068
0.0400000005960464,-0.064
0.0433333339790503,-0.063
0.0466666673620541,-0.062
0.050000000745058,-0.061
0.0533333341280619,-0.061
0.0566666675110658,-0.06
0.0600000008940696,-0.061
0.0633333342770735,-0.061
0.0666666676600774,-0.061
0.0700000010430812,-0.061
0.0733333344260851,-0.062
0.076666667809089,-0.065
0.0800000011920929,-0.071
0.0833333345750967,-0.077
0.0866666679581006,-0.082
0.0900000013411045,-0.088
0.0933333347241083,-0.091
0.0966666681071122,-0.075
0.1000000014901161,-0.063
0.1033333348731199,-0.049
0.1066666682561238,-0.035
0.1100000016391277,-0.03
0.1133333350221316,-0.039
0.1166666684051354,-0.05
0.1200000017881393,-0.06
0.1233333351711432,-0.073
0.1266666685541471,-0.082
0.1300000019371509,-0.089
0.1333333353201548,-0.095
0.1366666687031587,-0.102
0.1400000020861625,-0.109
0.1433333354691664,-0.105
0.1466666688521703,-0.104
0.1500000022351741,-0.097
0.153333335618178,-0.092
0.1566666690011819,-0.085
0.1600000023841858,-0.081
0.1633333357671896,-0.085
0.1666666691501935,-0.087
0.1700000025331974,-0.09
0.1733333359162013,-0.092
0.1766666692992051,-0.094
0.180000002682209,-0.097
0.1833333360652129,-0.101
0.1866666694482167,-0.104
0.1900000028312206,-0.108
0.1933333362142245,-0.11
0.1966666695972283,-0.091
0.2000000029802322,-0.076
0.2033333363632361,-0.058
0.2066666697462399,-0.042
0.2100000031292438,-0.027
0.2133333365122477,-0.022
0.2166666698952516,-0.017
0.2200000032782554,-0.012
0.2233333366612593,-0.007
0.2266666700442632,-0.002
0.2300000034272671,-0.005
0.2333333368102709,-0.011
0.2366666701932748,-0.017
0.2400000035762786,-0.023
0.2433333369592825,-0.028
0.2466666703422864,-0.02
0.2500000037252903,-0.008
0.2533333371082942,0.002
0.256666670491298,0.014
0.2600000038743019,0.025
0.2633333372573058,0.029
0.2666666706403096,0.036
0.2700000040233135,0.042
0.2733333374063174,0.048
0.2766666707893213,0.053
0.2800000041723251,0.056
0.283333337555329,0.054
0.2866666709383328,0.053
0.2900000043213367,0.051
0.2933333377043406,0.049
0.2966666710873445,0.048
0.3000000044703483,0.047
0.3033333378533522,0.047
0.3066666712363561,0.048
0.31000000461936,0.048
0.3133333380023638,0.048
0.3166666713853677,0.049
0.3200000047683716,0.049
0.3233333381513754,0.049
0.3266666715343793,0.049
0.3300000049173832,0.048
0.3333333383003871,0.042
0.3366666716833909,0.037
0.3400000050663948,0.033
0.3433333384493987,0.028
0.3466666718324026,0.023
0.3500000052154064,0.019
0.3533333385984103,0.015
0.3566666719814141,0.011
0.360000005364418,0.007
0.3633333387474219,0.008
0.3666666721304258,0.012
0.3700000055134296,0.014
0.3733333388964335,0.017
0.3766666722794374,0.019
0.3800000056624412,0.051
0.3833333390454451,0.094
0.386666672428449,0.14
0.3900000058114529,0.185
0.3933333391944567,0.231
0.3966666725774606,0.354
0.4000000059604645,0.523
0.4033333393434684,0.691
0.4066666727264722,0.858
0.4100000061094761,1.026
0.4133333394924799,1.414
0.4166666728754838,1.974
0.4200000062584877,2.525
0.4233333396414916,3.076
0.4266666730244954,3.627
0.4300000064074993,4.611
0.4333333397905032,5.969
0.436666673173507,7.322
0.4400000065565109,8.674
0.4433333399395148,10.026
0.4466666733225187,11.98
0.4500000067055225,14.586
0.4533333400885264,17.171
0.4566666734715303,19.757
0.4600000068545342,22.343
0.463333340237538,25.684
0.4666666736205419,30.025
0.4700000070035457,34.333
0.4733333403865497,38.641
0.4766666737695535,42.95
0.4800000071525573,48.035
0.4833333405355612,54.268
0.4866666739185651,60.475
0.490000007301569,66.682
0.4933333406845728,72.89
0.4966666740675767,79.597
0.5000000074505806,87.199
0.5033333408335845,94.775
0.5066666742165884,102.352
0.5100000075995922,109.928
0.5133333409825961,117.951
0.5166666743656,126.66
0.5200000077486039,135.309
0.5233333411316077,143.957
0.5266666745146116,152.606
0.5300000078976155,161.597
0.5333333412806193,170.952
0.5366666746636232,180.163
0.5400000080466271,189.374
0.543333341429631,198.585
0.5466666748126348,208.088
0.5500000081956387,217.958
0.5533333415786426,227.537
0.5566666749616465,237.116
0.5600000083446502,246.695
0.5633333417276541,256.613
0.566666675110658,268.203
0.570000008493662,279.368
0.5733333418766657,290.533
0.5766666752596696,301.698
0.5800000086426735,313.106
0.5833333420256774,328.424
0.5866666754086812,343.17
0.5900000087916851,357.927
0.593333342174689,372.685
0.5966666755576928,387.442
0.6000000089406967,407.801
0.6033333423237006,427.476
0.6066666757067045,447.166
0.6100000090897083,466.856
0.6133333424727122,486.546
0.6166666758557161,511.14
0.62000000923872,535.282
0.6233333426217238,559.445
0.6266666760047277,583.608
0.6300000093877316,607.771
0.6333333427707355,634.079
0.6366666761537393,659.708
0.6400000095367432,685.379
0.6433333429197471,711.051
0.6466666763027509,736.723
0.6500000096857548,760.321
0.6533333430687587,781.948
0.6566666764517626,803.63
0.6600000098347664,825.312
0.6633333432177703,846.994
0.6666666766007742,863.72
0.6700000099837781,876.638
0.6733333433667819,889.659
0.6766666767497858,902.679
0.6800000101327897,915.7
0.6833333435157936,922.547
0.6866666768987973,923.924
0.6900000102818012,925.404
0.6933333436648051,926.883
0.6966666770478089,928.363
0.7000000104308128,924.249
0.7033333438138167,914.247
0.7066666771968206,904.39
0.7100000105798244,894.532
0.7133333439628283,884.674
0.7166666773458322,870.851
0.7200000107288361,852.723
0.7233333441118399,834.678
0.7266666774948438,816.634
0.7300000108778477,798.589
0.7333333442608516,778.396
0.7366666776438554,757.02
0.7400000110268593,735.634
0.7433333444098632,714.248
0.746666677792867,692.862
0.7500000111758709,670.516
0.7533333445588748,649.524
0.7566666779418787,628.523
0.7600000113248825,607.521
0.7633333447078864,586.519
0.7666666780908903,565.006
0.7700000114738942,546.455
0.773333344856898,527.852
0.7766666782399019,509.249
0.7800000116229058,490.646
0.7833333450059097,471.892
0.7866666783889135,456.906
0.7900000117719174,441.913
0.7933333451549213,426.92
0.7966666785379252,411.927
0.800000011920929,396.473
0.8033333453039329,384.288
0.8066666786869368,372.11
0.8100000120699405,359.932
0.8133333454529444,347.753
0.8166666788359483,335.092
0.8200000122189522,325.18
0.823333345601956,315.289
0.8266666789849599,305.398
0.8300000123679638,295.506
0.8333333457509677,285.356
0.8366666791339715,277.337
0.8400000125169754,269.477
0.8433333458999793,261.617
0.8466666792829832,253.756
0.850000012665987,245.736
0.8533333460489909,239.313
0.8566666794319948,233.13
0.8600000128149986,226.948
0.8633333461980025,220.765
0.8666666795810064,214.479
0.8700000129640103,208.965
0.8733333463470141,203.675
0.876666679730018,198.385
0.8800000131130219,193.095
0.8833333464960258,187.729
0.8866666798790296,183.296
0.8900000132620335,179.213
0.8933333466450374,175.131
0.8966666800280413,170.64
0.9000000134110451,166.923
0.903333346794049,163.184
0.9066666801770528,160.418
0.9100000135600568,157.346
0.9133333469430606,153.966
0.9166666803260644,151.182
0.9200000137090684,148.135
0.9233333470920722,145.864
0.926666680475076,143.087
0.93000001385808,140.563
0.933333347241084,138.292
0.9366666806240876,135.637
0.9400000140070917,133.66
0.9433333473900954,131.24
0.9466666807730992,129.04
0.9500000141561032,127.06
0.953333347539107,124.768
0.9566666809221108,123.067
0.9600000143051148,120.986
0.9633333476881186,119.094
0.9666666810711224,117.201
0.9700000144541264,115.417
0.9733333478371302,113.838
0.976666681220134,112.249
0.980000014603138,110.819
0.983333347986142,109.071
0.9866666813691456,107.493
0.9900000147521496,106.074
0.9933333481351536,104.655
0.9966666815181574,103.378
1.0000000149011612,101.817
1.003333348284165,100.41
1.006666681667169,99.152
1.010000015050173,97.888
1.0133333484331768,96.751
1.0166666818161805,95.362
1.0200000151991844,94.091
1.0233333485821885,92.97
1.0266666819651922,91.844
1.030000015348196,90.831
1.0333333487312,89.592
1.036666682114204,88.519
1.0400000154972078,87.331
1.0433333488802117,86.355
1.0466666822632154,85.271
1.0500000156462193,84.079
1.0533333490292232,83.049
1.056666682412227,81.883
1.060000015795231,80.934
1.0633333491782349,79.88
1.0666666825612383,78.72
1.0700000159442424,77.749
1.0733333493272463,76.715
1.0766666827102502,75.87
1.080000016093254,74.93
1.083333349476258,73.896
1.086666682859262,72.978
1.0900000162422658,71.951
1.0933333496252695,71.108
1.0966666830082734,70.171
1.100000016391277,69.14
1.1033333497742812,68.225
1.1066666831572851,67.167
1.110000016540289,66.307
1.113333349923293,65.353
1.1166666833062966,64.302
1.1200000166893005,63.409
1.1233333500723044,62.445
1.1266666834553083,61.656
1.1300000168383122,60.781
1.133333350221316,59.817
1.13666668360432,58.976
1.140000016987324,58.063
1.1433333503703276,57.315
1.1466666837533317,56.4
1.1500000171363354,55.568
1.1533333505193393,54.67
1.1566666839023432,53.819
1.160000017285347,52.961
1.163333350668351,52.104
1.1666666840513549,51.247
1.1700000174343586,50.356
1.1733333508173625,49.577
1.1766666842003664,48.8
1.1800000175833705,48.023
1.1833333509663742,47.247
1.186666684349378,46.432
1.190000017732382,45.743
1.1933333511153856,45.06
1.1966666844983895,44.377
1.2000000178813934,43.694
1.203333351264397,42.969
1.2066666846474012,42.268
1.2100000180304051,41.572
1.213333351413409,40.876
1.216666684796413,40.179
1.2200000181794166,39.457
1.2233333515624203,38.783
1.2266666849454244,38.126
1.2300000183284283,37.469
1.2333333517114322,36.813
1.236666685094436,36.128
1.24000001847744,35.48
1.2433333518604437,34.856
1.2466666852434476,34.232
1.2500000186264515,33.608
1.2533333520094554,32.975
1.2566666853924593,32.381
1.2600000187754632,31.811
1.263333352158467,31.24
1.266666685541471,30.669
1.270000018924475,30.091
1.2733333523074786,29.533
1.2766666856904825,29.007
1.2800000190734864,28.482
1.2833333524564905,27.956
1.2866666858394942,27.425
1.290000019222498,26.916
1.2933333526055018,26.441
1.2966666859885057,25.969
1.3000000193715096,25.496
1.3033333527545137,25.024
1.3066666861375174,24.564
1.3100000195205213,24.152
1.3133333529035252,23.735
1.316666686286529,23.319
1.3200000196695327,22.902
1.3233333530525366,22.494
1.3266666864355403,22.136
1.3300000198185444,21.779
1.3333333532015483,21.421
1.3366666865845522,21.063
1.340000019967556,20.676
1.3433333533505598,20.311
1.3466666867335635,19.946
1.3500000201165676,19.58
1.3533333534995715,19.215
1.3566666868825754,18.874
1.360000020265579,18.57
1.3633333536485832,18.266
1.3666666870315871,17.962
1.3700000204145908,17.658
1.3733333537975947,17.324
1.3766666871805986,17.016
1.3800000205636025,16.707
1.3833333539466064,16.398
1.3866666873296103,16.088
1.3900000207126142,15.776
1.393333354095618,15.493
1.3966666874786218,15.207
1.4000000208616257,14.922
1.4033333542446296,14.636
1.4066666876276337,14.354
1.4100000210106374,14.112
1.4133333543936413,13.869
1.4166666877766452,13.626
1.4200000211596489,13.383
1.4233333545426528,13.117
1.4266666879256569,12.877
1.4300000213086606,12.634
1.4333333546916645,12.391
1.4366666880746684,12.148
1.4400000214576725,11.907
1.443333354840676,11.686
1.4466666882236798,11.462
1.4500000216066835,11.238
1.4533333549896876,11.015
1.4566666883726915,10.78
1.4600000217556954,10.595
1.463333355138699,10.411
1.4666666885217032,10.226
1.470000021904707,10.041
1.4733333552877108,9.853
1.4766666886707147,9.688
1.4800000220537186,9.522
1.4833333554367223,9.357
1.4866666888197264,9.191
1.4900000222027303,9.012
1.493333355585734,8.848
1.496666688968738,8.681
1.5000000223517418,8.515
1.5033333557347457,8.349
1.5066666891177496,8.173
1.5100000225007535,8.056
1.5133333558837574,7.936
1.5166666892667613,7.817
1.520000022649765,7.697
1.5233333560327689,7.573
1.5266666894157728,7.45
1.530000022798777,7.325
1.5333333561817806,7.199
1.5366666895647845,7.074
1.5400000229477884,6.946
1.543333356330792,6.848
1.546666689713796,6.756
1.5500000230968,6.665
1.5533333564798038,6.573
1.5566666898628077,6.479
1.5600000232458116,6.391
1.5633333566288157,6.304
1.5666666900118194,6.218
1.570000023394823,6.131
1.573333356777827,6.041
1.5766666901608308,5.962
1.5800000235438347,5.889
1.5833333569268386,5.816
1.5866666903098423,5.743
1.5900000236928464,5.669
1.5933333570758503,5.613
1.596666690458854,5.559
1.600000023841858,5.506
1.6033333572248618,5.453
1.6066666906078657,5.4
1.6100000239908696,5.336
1.6133333573738735,5.272
1.6166666907568774,5.209
1.620000024139881,5.147
1.623333357522885,5.084
1.626666690905889,5.003
1.6300000242888928,4.933
1.6333333576718967,4.86
1.6366666910549006,4.788
1.6400000244379045,4.715
1.6433333578209084,4.666
1.646666691203912,4.62
1.650000024586916,4.574
1.65333335796992,4.529
1.6566666913529238,4.484
1.6600000247359277,4.435
1.6633333581189316,4.391
1.6666666915019357,4.348
1.6700000248849391,4.305
1.673333358267943,4.263
1.676666691650947,4.217
1.6800000250339509,4.167
1.6833333584169548,4.12
1.6866666917999589,4.072
1.6900000251829626,4.024
1.6933333585659665,3.969
1.69666669194897,3.918
1.700000025331974,3.867
1.703333358714978,3.816
1.7066666920979818,3.765
1.7100000254809855,3.735
1.7133333588639896,3.715
1.7166666922469935,3.699
1.7200000256299972,3.682
1.723333359013001,3.666
1.726666692396005,3.638
1.730000025779009,3.593
1.7333333591620128,3.55
1.7366666925450167,3.507
1.7400000259280206,3.463
1.7433333593110245,3.419
1.7466666926940282,3.387
1.750000026077032,3.354
1.753333359460036,3.321
1.75666669284304,3.288
1.7600000262260438,3.26
1.7633333596090477,3.237
1.7666666929920516,3.215
1.7700000263750553,3.193
1.7733333597580592,3.171
1.776666693141063,3.141
1.780000026524067,3.116
1.7833333599070709,3.091
1.7866666932900748,3.067
1.790000026673079,3.042
1.7933333600560826,3.02
1.7966666934390862,2.993
1.80000002682209,2.967
1.803333360205094,2.94
1.806666693588098,2.914
1.8100000269711016,2.889
1.8133333603541055,2.882
1.8166666937371097,2.873
1.820000027120113,2.863
1.8233333605031168,2.854
1.826666693886121,2.842
1.830000027269125,2.837
1.833333360652129,2.831
1.8366666940351328,2.825
1.8400000274181367,2.819
1.8433333608011409,2.803
1.8466666941841443,2.763
1.850000027567148,2.723
1.853333360950152,2.683
1.856666694333156,2.643
1.86000002771616,2.605
1.863333361099164,2.599
1.866666694482168,2.593
1.8700000278651716,2.587
1.8733333612481755,2.581
1.8766666946311792,2.578
1.880000028014183,2.57
1.883333361397187,2.562
1.886666694780191,2.555
1.8900000281631948,2.547
1.8933333615461987,2.541
1.8966666949292024,2.519
1.9000000283122065,2.498
1.9033333616952104,2.477
1.906666695078214,2.456
1.910000028461218,2.434
1.9133333618442216,2.413
1.9166666952272255,2.393
1.9200000286102292,2.373
1.9233333619932331,2.353
1.9266666953762368,2.328
1.9300000287592407,2.314
1.933333362142245,2.307
1.936666695525249,2.298
1.9400000289082528,2.29
1.9433333622912567,2.284
1.9466666956742604,2.278
1.9500000290572643,2.271
1.953333362440268,2.263
1.956666695823272,2.256
1.960000029206276,2.248
1.96333336258928,2.237
1.966666695972284,2.227
1.9700000293552875,2.216
1.9733333627382916,2.204
1.9766666961212955,2.192
1.9800000295042992,2.173
1.983333362887303,2.163
1.986666696270307,2.149
1.990000029653311,2.135
1.9933333630363148,2.121
1.9966666964193185,2.105
2.0000000298023224,2.09
2.0033333631853263,2.076
2.00666669656833,2.061
2.010000029951334,2.047
2.013333363334338,2.048
2.016666696717342,2.06
2.020000030100346,2.071
2.0233333634833497,2.083
2.0266666968663536,2.095
2.030000030249357,2.097
2.033333363632361,2.094
2.036666697015365,2.09
2.0400000303983687,2.086
2.0433333637813726,2.082
2.0466666971643765,2.068
2.0500000305473804,2.057
2.0533333639303843,2.043
2.056666697313388,2.03
2.060000030696392,2.016
2.063333364079396,1.986
2.0666666974624,1.952
2.070000030845404,1.919
2.073333364228408,1.885
2.076666697611412,1.852
2.0800000309944155,1.827
2.083333364377419,1.798
2.086666697760423,1.774
2.090000031143427,1.749
2.0933333645264307,1.725
2.0966666979094346,1.718
2.1000000312924385,1.703
2.1033333646754424,1.694
2.1066666980584463,1.685
2.11000003144145,1.676
2.113333364824454,1.668
2.116666698207458,1.652
2.120000031590462,1.64
2.123333364973466,1.627
2.1266666983564697,1.615
2.1300000317394736,1.604
2.133333365122477,1.599
2.136666698505481,1.594
2.140000031888485,1.589
2.1433333652714888,1.584
2.1466666986544927,1.587
2.150000032037497,1.6
2.1533333654205005,1.62
2.1566666988035044,1.639
2.1600000321865083,1.659
2.163333365569512,1.675
2.166666698952516,1.691
2.17000003233552,1.704
2.173333365718524,1.717
2.176666699101528,1.73
2.180000032484532,1.745
2.183333365867535,1.738
2.186666699250539,1.732
2.190000032633543,1.726
2.193333366016547,1.72
2.1966666993995507,1.714
2.200000032782554,1.708
2.2033333661655585,1.703
2.2066666995485624,1.699
2.2100000329315663,1.694
2.2133333663145702,1.689
2.216666699697574,1.683
2.220000033080578,1.676
2.223333366463582,1.669
2.226666699846586,1.663
2.2300000332295897,1.652
2.233333366612593,1.624
2.236666699995597,1.597
2.240000033378601,1.57
2.243333366761605,1.543
2.246666700144609,1.519
2.2500000335276127,1.504
2.2533333669106166,1.491
2.2566667002936205,1.478
2.2600000336766244,1.464
2.2633333670596283,1.452
2.266666700442632,1.437
2.270000033825636,1.42
2.27333336720864,1.403
2.276666700591644,1.387
2.280000033974648,1.371
2.283333367357652,1.36
2.286666700740655,1.349
2.290000034123659,1.339
2.293333367506663,1.328
2.296666700889667,1.319
2.3000000342726707,1.308
2.303333367655674,1.3
2.3066667010386785,1.289
2.3100000344216824,1.28
2.3133333678046863,1.271
2.3166667011876902,1.27
2.320000034570694,1.278
2.323333367953698,1.286
2.326666701336702,1.295
2.330000034719706,1.302
2.3333333681027097,1.308
2.336666701485713,1.308
2.340000034868717,1.309
2.343333368251721,1.309
2.346666701634725,1.309
2.350000035017729,1.298
2.3533333684007327,1.284
2.3566667017837366,1.272
2.3600000351667405,1.259
2.3633333685497444,1.245
2.3666667019327483,1.218
2.370000035315752,1.194
2.373333368698756,1.164
2.37666670208176,1.14
2.380000035464764,1.11
2.383333368847768,1.095
2.3866667022307717,1.071
2.390000035613775,1.053
2.393333368996779,1.037
2.396666702379783,1.016
2.400000035762787,1.006
2.4033333691457908,1.004
2.4066667025287947,1.0
2.4100000359117986,0.996
2.4133333692948025,0.991
2.4166667026778064,0.984
2.4200000360608103,0.965
2.423333369443814,0.951
2.426666702826818,0.936
2.430000036209822,0.919
2.433333369592826,0.921
2.4366667029758293,0.94
2.440000036358833,0.955
2.443333369741837,0.973
2.446666703124841,0.992
2.450000036507845,1.0
2.453333369890849,1.008
2.4566667032738527,1.015
2.4600000366568566,1.024
2.4633333700398605,1.033
2.4666667034228644,1.041
2.4700000368058683,1.04
2.473333370188872,1.04
2.476666703571876,1.041
2.48000003695488,1.041
2.483333370337884,1.041
2.4866667037208874,1.046
2.4900000371038917,1.047
2.493333370486895,1.048
2.496666703869899,1.049
2.500000037252903,1.051
2.503333370635907,1.059
2.506666704018911,1.068
2.5100000374019147,1.075
2.5133333707849186,1.084
2.5166667041679225,1.092
2.5200000375509264,1.08
2.5233333709339303,1.071
2.526666704316934,1.059
2.530000037699938,1.049
2.533333371082942,1.03
2.536666704465945,1.022
2.5400000378489493,1.012
2.543333371231953,1.004
2.546666704614957,0.993
2.550000037997961,0.988
2.553333371380965,0.979
2.556666704763969,0.974
2.5600000381469727,0.968
2.5633333715299766,0.963
2.5666667049129805,0.958
2.5700000382959844,0.964
2.5733333716789883,0.965
2.576666705061992,0.966
2.580000038444996,0.967
2.583333371828,0.967
2.5866667052110035,0.963
2.5900000385940074,0.96
2.5933333719770117,0.955
2.596666705360015,0.951
2.600000038743019,0.943
2.603333372126023,0.914
2.606666705509027,0.885
2.610000038892031,0.856
2.6133333722750347,0.827
2.6166667056580386,0.802
2.6200000390410425,0.809
2.6233333724240464,0.82
2.6266667058070503,0.833
2.630000039190054,0.845
2.633333372573058,0.858
2.6366667059560616,0.861
2.640000039339065,0.865
2.6433333727220694,0.869
2.6466667061050733,0.873
2.650000039488077,0.876
2.653333372871081,0.874
2.656666706254085,0.867
2.660000039637089,0.858
2.6633333730200928,0.85
2.6666667064030967,0.842
2.670000039786101,0.851
2.6733333731691045,0.86
2.6766667065521084,0.869
2.6800000399351123,0.879
2.683333373318116,0.888
2.68666670670112,0.904
2.6900000400841235,0.934
2.6933333734671274,0.961
2.6966667068501318,0.986
2.7000000402331352,1.016
2.703333373616139,1.036
2.706666706999143,1.044
2.710000040382147,1.054
2.713333373765151,1.063
2.7166667071481547,1.073
2.720000040531158,1.078
2.7233333739141625,1.079
2.7266667072971664,1.083
2.7300000406801703,1.086
2.7333333740631742,1.09
2.7366667074461777,1.089
2.7400000408291816,1.084
2.743333374212185,1.08
2.7466667075951894,1.075
2.7500000409781933,1.071
2.753333374361197,1.064
2.756666707744201,1.059
2.760000041127205,1.05
2.763333374510209,1.042
2.766666707893213,1.032
2.7700000412762167,1.021
2.7733333746592206,1.017
2.7766667080422245,1.012
2.7800000414252284,1.006
2.7833333748082323,1.0
2.786666708191236,0.99
2.79000004157424,0.974
2.7933333749572435,0.959
2.7966667083402474,0.946
2.800000041723252,0.929
2.8033333751062552,0.925
2.806666708489259,0.933
2.810000041872263,0.94
2.813333375255267,0.949
2.816666708638271,0.958
2.8200000420212747,0.961
2.823333375404278,0.964
2.8266667087872825,0.966
2.8300000421702864,0.968
2.8333333755532903,0.971
2.836666708936294,0.977
2.8400000423192977,0.984
2.8433333757023016,0.99
2.846666709085305,0.997
2.8500000424683094,1.003
2.8533333758513133,1.008
2.856666709234317,1.011
2.860000042617321,1.015
2.863333376000325,1.018
2.866666709383329,1.022
2.870000042766333,1.02
2.8733333761493367,1.016
2.8766667095323406,1.013
2.8800000429153445,1.008
2.8833333762983484,1.004
2.886666709681352,1.006
2.890000043064356,1.004
2.89333337644736,1.004
2.896666709830364,1.003
2.9000000432133675,1.002
2.903333376596372,0.999
2.9066667099793757,1.008
2.910000043362379,1.015
2.913333376745383,1.023
2.916666710128387,1.031
2.920000043511391,1.04
2.9233333768943948,1.041
2.9266667102773987,1.04
2.9300000436604026,1.039
2.9333333770434065,1.039
2.93666671042641,1.037
2.940000043809414,1.033
2.9433333771924177,1.031
2.9466667105754216,1.029
2.950000043958425,1.026
2.953333377341429,1.025
2.9566667107244333,1.022
2.960000044107437,1.025
2.963333377490441,1.027
2.966666710873445,1.029
2.970000044256449,1.032
2.973333377639453,1.007
2.9766667110224567,0.982
2.9800000444054606,0.952
2.9833333777884645,0.925
2.986666711171468,0.898
2.990000044554472,0.859
2.993333377937476,0.819
2.99666671132048,0.78
3.000000044703484,0.741
3.0033333780864875,0.702
3.0066667114694914,0.695
3.0100000448524957,0.687
3.013333378235499,0.679
3.016666711618503,0.67
3.020000045001507,0.662
3.023333378384511,0.632
3.026666711767515,0.606
3.0300000451505187,0.578
3.0333333785335226,0.55
3.036666711916526,0.522
3.04000004529953,0.515
3.043333378682534,0.511
3.0466667120655377,0.509
3.0500000454485416,0.507
3.053333378831545,0.504
3.056666712214549,0.506
3.0600000455975533,0.515
3.063333378980557,0.524
3.066666712363561,0.532
3.070000045746565,0.541
3.073333379129569,0.559
3.076666712512573,0.58
3.0800000458955767,0.604
3.0833333792785806,0.627
3.086666712661584,0.65
3.090000046044588,0.656
3.093333379427592,0.642
3.096666712810596,0.626
3.1000000461936,0.611
3.103333379576604,0.595
3.1066667129596075,0.594
3.1100000463426114,0.601
3.1133333797256157,0.614
3.116666713108619,0.626
3.120000046491623,0.639
3.123333379874627,0.65
3.126666713257631,0.646
3.130000046640635,0.643
3.1333333800236387,0.641
3.136666713406642,0.639
3.140000046789646,0.639
3.14333338017265,0.636
3.146666713555654,0.635
3.1500000469386578,0.635
3.1533333803216617,0.634
3.1566667137046656,0.639
3.160000047087669,0.637
3.1633333804706734,0.639
3.1666667138536773,0.641
3.170000047236681,0.642
3.173333380619685,0.646
3.176666714002689,0.643
3.180000047385693,0.644
3.1833333807686968,0.645
3.1866667141517007,0.645
3.190000047534704,0.646
3.193333380917708,0.654
3.196666714300712,0.66
3.200000047683716,0.666
3.20333338106672,0.672
3.206666714449724,0.675
3.2100000478327275,0.668
3.2133333812157314,0.662
3.2166667145987358,0.656
3.220000047981739,0.65
3.223333381364743,0.642
3.226666714747747,0.64
3.230000048130751,0.636
3.233333381513755,0.632
3.2366667148967587,0.627
3.240000048279762,0.627
3.243333381662766,0.628
3.24666671504577,0.629
3.250000048428774,0.631
3.253333381811778,0.632
3.2566667151947817,0.632
3.2600000485777856,0.64
3.263333381960789,0.647
3.2666667153437934,0.653
3.2700000487267973,0.66
3.273333382109801,0.668
3.276666715492805,0.66
3.280000048875809,0.653
3.283333382258813,0.646
3.286666715641817,0.64
3.29000004902482,0.635
3.293333382407824,0.644
3.296666715790828,0.659
3.300000049173832,0.672
3.303333382556836,0.686
3.30666671593984,0.699
3.310000049322844,0.718
3.3133333827058475,0.731
3.3166667160888514,0.747
3.320000049471856,0.762
3.3233333828548592,0.778
3.326666716237863,0.79
3.330000049620867,0.795
3.333333383003871,0.802
3.336666716386875,0.808
3.3400000497698783,0.815
3.343333383152882,0.814
3.346666716535886,0.808
3.35000004991889,0.804
3.353333383301894,0.8
3.356666716684898,0.797
3.3600000500679017,0.792
3.3633333834509056,0.79
3.366666716833909,0.788
3.3700000502169134,0.785
3.3733333835999173,0.783
3.376666716982921,0.779
3.380000050365925,0.772
3.383333383748929,0.764
3.386666717131933,0.756
3.3900000505149364,0.749
3.3933333838979403,0.741
3.396666717280944,0.735
3.400000050663948,0.728
3.403333384046952,0.721
3.406666717429956,0.713
3.41000005081296,0.708
3.413333384195964,0.701
3.416666717578968,0.694
3.4200000509619715,0.688
3.423333384344976,0.682
3.4266667177279797,0.673
3.430000051110983,0.672
3.433333384493987,0.669
3.436666717876991,0.666
3.4400000512599944,0.663
3.4433333846429983,0.67
3.446666718026002,0.686
3.450000051409006,0.701
3.45333338479201,0.717
3.456666718175014,0.732
3.460000051558018,0.736
3.4633333849410217,0.725
3.4666667183240256,0.715
3.470000051707029,0.706
3.4733333850900334,0.696
3.4766667184730373,0.691
3.480000051856041,0.695
3.483333385239045,0.696
3.486666718622049,0.697
3.4900000520050525,0.698
3.4933333853880564,0.703
3.4966667187710603,0.697
3.500000052154064,0.695
3.503333385537068,0.693
3.506666718920072,0.691
3.510000052303076,0.684
3.51333338568608,0.678
3.516666719069084,0.671
3.520000052452088,0.665
3.5233333858350915,0.658
3.5266667192180954,0.652
3.5300000526010997,0.633
3.533333385984103,0.614
3.536666719367107,0.596
3.5400000527501105,0.578
3.5433333861331144,0.563
3.5466667195161183,0.576
3.5500000528991222,0.588
3.553333386282126,0.601
3.55666671966513,0.614
3.560000053048134,0.624
3.563333386431138,0.62
3.5666667198141417,0.614
3.5700000531971456,0.607
3.573333386580149,0.601
3.576666719963153,0.593
3.5800000533461573,0.599
3.583333386729161,0.601
3.586666720112165,0.603
3.5900000534951686,0.605
3.5933333868781725,0.613
3.5966667202611764,0.636
3.6000000536441803,0.663
3.603333387027184,0.691
3.606666720410188,0.718
3.610000053793192,0.744
3.613333387176196,0.746
3.6166667205592,0.75
3.620000053942204,0.753
3.623333387325208,0.757
3.626666720708212,0.763
3.630000054091216,0.762
3.6333333874742193,0.76
3.636666720857223,0.758
3.640000054240226,0.756
3.643333387623231,0.755
3.6466667210062345,0.745
3.6500000543892384,0.74
3.653333387772242,0.733
3.656666721155246,0.727
3.66000005453825,0.722
3.663333387921254,0.707
3.666666721304258,0.692
3.6700000546872618,0.674
3.6733333880702657,0.658
3.6766667214532696,0.644
3.6800000548362735,0.628
3.683333388219277,0.61
3.686666721602281,0.588
3.6900000549852847,0.569
3.6933333883682886,0.549
3.696666721751293,0.552
3.700000055134296,0.561
3.7033333885173,0.571
3.706666721900304,0.58
3.710000055283308,0.59
3.713333388666312,0.583
3.716666722049316,0.567
3.72000005543232,0.554
3.723333388815324,0.542
3.726666722198328,0.527
3.730000055581332,0.532
3.733333388964336,0.543
3.7366667223473393,0.554
3.740000055730343,0.564
3.7433333891133462,0.576
3.746666722496351,0.592
3.7500000558793545,0.614
3.7533333892623584,0.634
3.7566667226453614,0.653
3.760000056028366,0.675
3.76333338941137,0.686
3.766666722794374,0.701
3.770000056177378,0.71
3.773333389560382,0.719
3.7766667229433857,0.73
3.7800000563263896,0.736
3.7833333897093935,0.732
3.786666723092397,0.731
3.790000056475401,0.729
3.7933333898584047,0.728
3.7966667232414086,0.736
3.800000056624413,0.757
3.803333390007416,0.776
3.80666672339042,0.797
3.810000056773424,0.821
3.813333390156428,0.833
3.816666723539432,0.835
3.820000056922436,0.835
3.82333339030544,0.836
3.826666723688444,0.837
3.830000057071448,0.835
3.833333390454452,0.829
3.836666723837456,0.823
3.840000057220459,0.816
3.843333390603463,0.808
3.8466667239864663,0.802
3.850000057369471,0.789
3.8533333907524745,0.78
3.8566667241354784,0.769
3.8600000575184814,0.759
3.863333390901486,0.739
3.86666672428449,0.71
3.870000057667494,0.682
3.873333391050498,0.654
3.876666724433502,0.626
3.8800000578165057,0.609
3.8833333911995096,0.609
3.8866667245825135,0.607
3.890000057965517,0.604
3.893333391348521,0.602
3.8966667247315248,0.599
3.9000000581145287,0.594
3.903333391497533,0.59
3.906666724880537,0.587
3.910000058263541,0.583
3.913333391646544,0.58
3.916666725029548,0.575
3.920000058412552,0.571
3.923333391795556,0.567
3.92666672517856,0.563
3.930000058561564,0.558
3.933333391944568,0.562
3.936666725327572,0.564
3.940000058710575,0.566
3.943333392093579,0.568
3.946666725476583,0.572
3.9500000588595863,0.585
3.953333392242591,0.603
3.9566667256255945,0.621
3.9600000590085984,0.639
3.9633333923916014,0.658
3.966666725774606,0.658
3.97000005915761,0.652
3.973333392540614,0.646
3.976666725923618,0.641
3.980000059306622,0.635
3.9833333926896257,0.628
3.9866667260726296,0.624
3.990000059455633,0.619
3.993333392838637,0.614
3.996666726221641,0.609
4.000000059604645,0.61
4.003333392987649,0.613
4.006666726370653,0.615
4.010000059753657,0.617
4.01333339313666,0.618
4.016666726519664,0.617
4.020000059902668,0.615
4.023333393285672,0.613
4.026666726668676,0.611
4.030000060051679,0.608
4.033333393434684,0.608
4.036666726817687,0.616
4.040000060200692,0.621
4.043333393583695,0.626
4.046666726966699,0.631
4.050000060349703,0.622
4.053333393732707,0.6
4.056666727115711,0.583
4.060000060498715,0.566
4.063333393881718,0.548
4.066666727264722,0.536
4.070000060647726,0.523
4.07333339403073,0.511
4.076666727413734,0.5
4.0800000607967375,0.488
4.083333394179742,0.476
4.086666727562745,0.464
4.09000006094575,0.452
4.093333394328753,0.439
4.096666727711757,0.426
4.100000061094761,0.406
4.103333394477765,0.382
4.106666727860769,0.358
4.110000061243773,0.335
4.1133333946267765,0.312
4.11666672800978,0.293
4.120000061392784,0.276
4.123333394775788,0.259
4.126666728158792,0.242
4.130000061541796,0.225
4.1333333949248,0.223
4.136666728307803,0.239
4.140000061690808,0.254
4.143333395073811,0.269
4.146666728456816,0.284
4.150000061839819,0.299
4.153333395222823,0.307
4.156666728605827,0.319
4.160000061988831,0.33
4.1633333953718346,0.341
4.166666728754838,0.345
4.170000062137842,0.349
4.173333395520846,0.35
4.17666672890385,0.351
4.180000062286854,0.352
4.183333395669858,0.345
4.186666729052861,0.343
4.190000062435866,0.339
4.193333395818869,0.336
4.196666729201874,0.332
4.200000062584877,0.343
4.203333395967881,0.356
4.206666729350885,0.372
4.210000062733889,0.387
4.213333396116893,0.403
4.216666729499896,0.411
4.2200000628829,0.404
4.223333396265904,0.395
4.226666729648908,0.386
4.230000063031912,0.377
4.233333396414916,0.367
4.23666672979792,0.342
4.240000063180924,0.321
4.243333396563927,0.301
4.246666729946932,0.28
4.250000063329935,0.268
4.253333396712939,0.273
4.256666730095943,0.279
4.260000063478947,0.285
4.263333396861951,0.291
4.266666730244954,0.299
4.270000063627959,0.318
4.273333397010962,0.34
4.276666730393966,0.362
4.28000006377697,0.384
4.283333397159974,0.408
4.2866667305429775,0.408
4.290000063925982,0.406
4.293333397308985,0.404
4.29666673069199,0.403
4.300000064074993,0.404
4.3033333974579975,0.407
4.306666730841001,0.414
4.310000064224005,0.421
4.313333397607009,0.428
4.316666730990012,0.433
4.3200000643730165,0.439
4.32333339775602,0.447
4.326666731139024,0.455
4.330000064522028,0.464
4.333333397905032,0.471
4.336666731288036,0.464
4.34000006467104,0.452
4.343333398054043,0.439
4.346666731437048,0.426
4.350000064820051,0.414
4.353333398203056,0.414
4.356666731586059,0.416
4.360000064969063,0.417
4.363333398352067,0.418
4.36666673173507,0.419
4.370000065118075,0.418
4.373333398501078,0.414
4.376666731884082,0.412
4.380000065267086,0.409
4.38333339865009,0.406
4.386666732033094,0.402
4.390000065416098,0.401
4.3933333987991015,0.399
4.396666732182106,0.396
4.400000065565109,0.394
4.403333398948114,0.388
4.406666732331117,0.386
4.410000065714121,0.384
4.413333399097125,0.383
4.416666732480128,0.381
4.420000065863133,0.381
4.423333399246136,0.386
4.4266667326291405,0.388
4.430000066012144,0.391
4.433333399395148,0.394
4.436666732778152,0.396
4.440000066161156,0.396
4.44333339954416,0.394
