time_min,absorb_mau
0.0,-0.012
0.0333333338300387,0.088
0.0666666676600774,0.239
0.1000000014901161,0.334
0.1333333353201548,0.24
0.1666666691501935,0.097
0.2000000029802322,0.02
0.2333333368102709,0.088
0.2666666706403096,0.245
0.3000000044703483,0.449
0.3333333383003871,0.489
0.3666666721304258,0.558
0.4000000059604645,0.383
0.4333333397905032,0.255
0.4666666736205419,0.239
0.5000000074505806,0.407
0.5333333412806193,0.616
0.566666675110658,1.123
0.6000000089406967,1.679
0.6333333427707355,2.582
0.6666666766007742,3.563
0.7000000104308128,4.993
0.7333333442608516,6.336
0.7666666780908903,7.887
0.800000011920929,9.619
0.8333333457509677,11.469
0.8666666795810064,12.987
0.9000000134110451,14.502
0.933333347241084,15.91
0.9666666810711224,17.205
1.0000000149011612,18.276
1.0333333487312,19.364
1.0666666825612383,20.373
1.100000016391277,21.488
1.133333350221316,22.454
1.1666666840513549,23.111
1.2000000178813934,23.749
1.2333333517114322,24.188
1.266666685541471,24.571
1.3000000193715096,24.669
1.3333333532015483,24.737
1.3666666870315871,24.729
1.4000000208616257,24.619
1.4333333546916645,24.462
1.4666666885217032,24.227
1.5000000223517418,24.088
1.5333333561817806,23.805
1.5666666900118194,23.42
1.600000023841858,22.971
1.6333333576718967,22.659
1.6666666915019357,22.446
1.700000025331974,21.991
1.7333333591620128,21.627
1.7666666929920516,21.381
1.80000002682209,21.044
1.833333360652129,20.734
1.866666694482168,20.43
1.9000000283122065,20.254
1.933333362142245,20.169
1.966666695972284,19.868
2.0000000298023224,19.515
2.033333363632361,19.456
2.0666666974624,19.458
2.1000000312924385,19.428
2.133333365122477,19.276
2.166666698952516,19.133
2.200000032782554,18.977
2.233333366612593,18.872
2.266666700442632,18.684
2.3000000342726707,18.46
2.3333333681027097,18.377
2.3666667019327483,18.16
2.400000035762787,17.853
2.433333369592826,17.673
2.4666667034228644,17.58
2.500000037252903,17.472
2.533333371082942,17.248
2.5666667049129805,17.284
2.600000038743019,17.167
2.633333372573058,17.084
2.6666667064030967,16.947
2.7000000402331352,16.906
2.7333333740631742,16.934
2.766666707893213,16.828
2.800000041723252,16.615
2.8333333755532903,16.463
2.866666709383329,16.438
2.9000000432133675,16.268
2.9333333770434065,16.027
2.966666710873445,15.953
3.000000044703484,15.957
3.0333333785335226,15.804
3.066666712363561,15.476
3.1000000461936,15.202
3.1333333800236387,15.042
3.1666667138536773,15.13
3.200000047683716,15.018
3.233333381513755,14.965
3.2666667153437934,15.064
3.300000049173832,15.0
3.333333383003871,14.874
3.366666716833909,14.685
3.400000050663948,14.329
3.433333384493987,14.269
3.4666667183240256,14.189
3.500000052154064,14.158
3.533333385984103,13.964
3.5666667198141417,13.866
3.6000000536441803,13.754
3.6333333874742193,13.7
3.666666721304258,13.509
3.700000055134296,13.308
3.733333388964336,13.076
3.766666722794374,12.917
3.800000056624413,12.854
3.833333390454452,12.889
3.86666672428449,12.804
3.9000000581145287,12.768
3.933333391944568,12.659
3.966666725774606,12.648
4.000000059604645,12.561
4.033333393434684,12.572
4.066666727264722,12.533
4.100000061094761,12.505
4.1333333949248,12.379
4.166666728754838,12.279
4.200000062584877,12.2
4.233333396414916,12.065
4.266666730244954,11.989
4.300000064074993,11.976
4.333333397905032,11.865
4.36666673173507,11.708
4.400000065565109,11.554
4.433333399395148,11.426
4.466666733225186,11.326
4.500000067055225,11.338
4.533333400885264,11.402
4.566666734715303,11.201
4.6000000685453415,11.015
4.6333334023753805,10.805
4.66666673620542,10.806
4.700000070035458,10.647
4.733333403865497,10.533
4.766666737695536,10.453
4.800000071525574,10.268
4.833333405355613,10.184
4.866666739185652,10.222
4.90000007301569,10.013
4.933333406845729,9.933
4.966666740675768,10.035
5.000000074505806,9.911
5.033333408335845,9.64
5.066666742165884,9.604
5.100000075995922,9.723
5.133333409825961,9.659
5.166666743656,9.533
5.200000077486038,9.408
5.233333411316077,9.344
5.266666745146116,9.155
5.300000078976154,9.212
5.333333412806193,9.16
5.366666746636232,9.012
5.4000000804662704,9.032
5.433333414296309,8.938
5.4666667481263485,8.876
5.500000081956387,8.714
5.533333415786426,8.589
5.566666749616465,8.488
5.600000083446503,8.481
5.633333417276542,8.573
5.666666751106581,8.431
5.700000084936619,8.328
5.733333418766658,8.155
5.766666752596697,8.11
5.800000086426735,7.942
5.833333420256774,7.958
5.866666754086813,7.758
5.900000087916851,7.699
5.93333342174689,7.537
5.966666755576929,7.523
6.000000089406967,7.477
6.033333423237006,7.457
6.066666757067045,7.433
6.100000090897083,7.379
6.133333424727122,7.21
6.166666758557161,7.229
6.200000092387199,7.234
6.233333426217238,7.163
6.266666760047277,7.026
6.300000093877316,7.168
6.3333334277073545,7.024
6.3666667615373935,6.961
6.400000095367432,6.904
6.433333429197471,6.923
6.46666676302751,6.771
6.500000096857548,6.81
6.533333430687587,6.674
6.566666764517626,6.566
6.600000098347664,6.517
6.633333432177703,6.467
6.666666766007742,6.438
6.70000009983778,6.54
6.733333433667819,6.615
6.766666767497858,6.526
6.800000101327896,6.329
6.833333435157935,6.112
6.866666768987974,6.056
6.900000102818012,6.143
6.933333436648051,6.228
6.96666677047809,6.372
7.000000104308128,6.249
7.033333438138167,6.061
7.066666771968206,5.982
7.1000001057982445,5.963
7.133333439628284,5.995
7.1666667734583225,5.999
7.200000107288361,6.053
7.2333334411184,5.894
7.266666774948439,5.875
7.300000108778477,5.821
7.333333442608516,5.847
7.366666776438555,5.876
7.400000110268593,5.896
7.433333444098632,5.915
7.466666777928671,5.792
7.500000111758709,5.71
7.533333445588748,5.63
7.566666779418787,5.598
7.600000113248825,5.597
7.633333447078864,5.576
7.666666780908903,5.55
7.700000114738941,5.498
7.73333344856898,5.491
7.766666782399019,5.45
7.800000116229057,5.347
7.833333450059096,5.217
7.866666783889135,4.984
7.900000117719173,4.884
7.933333451549212,5.042
7.966666785379251,5.26
8.00000011920929,5.31
8.033333453039328,5.136
8.066666786869368,5.206
8.100000120699406,5.049
8.133333454529444,4.923
8.166666788359484,4.72
8.200000122189522,4.758
8.23333345601956,4.931
8.2666667898496,4.899
8.300000123679638,4.782
8.333333457509676,4.698
8.366666791339716,4.66
8.400000125169754,4.691
8.433333458999792,4.582
8.466666792829832,4.697
8.50000012665987,4.653
8.533333460489908,4.642
8.566666794319948,4.609
8.600000128149986,4.87
8.633333461980024,4.749
8.666666795810064,4.59
8.700000129640102,4.533
8.73333346347014,4.511
8.76666679730018,4.477
8.800000131130219,4.476
8.833333464960257,4.392
8.866666798790297,4.177
8.900000132620335,4.111
8.933333466450373,4.209
8.966666800280413,4.14
9.00000013411045,4.081
9.033333467940489,4.183
9.066666801770529,4.185
9.100000135600569,4.172
9.133333469430609,4.154
9.166666803260645,4.071
9.200000137090685,4.183
9.233333470920725,4.186
9.26666680475076,4.084
9.3000001385808,3.867
9.33333347241084,3.933
9.366666806240875,3.938
9.400000140070915,3.926
9.433333473900955,3.944
9.466666807730991,4.025
9.500000141561031,4.081
9.533333475391071,3.962
9.56666680922111,3.814
9.600000143051147,3.829
9.633333476881187,3.822
9.666666810711224,3.78
9.700000144541264,3.731
9.733333478371303,3.673
9.766666812201342,3.742
9.80000014603138,3.78
9.83333347986142,3.832
9.866666813691458,3.882
9.900000147521496,3.749
9.933333481351536,3.726
9.966666815181574,3.686
10.000000149011612,3.689
10.033333482841652,3.566
10.06666681667169,3.457
10.100000150501728,3.531
10.133333484331768,3.598
10.166666818161806,3.556
10.200000151991844,3.618
10.233333485821884,3.522
10.266666819651922,3.41
10.30000015348196,3.339
10.333333487312,3.44
10.366666821142038,3.5
10.400000154972076,3.532
10.433333488802116,3.317
10.466666822632154,3.355
10.500000156462193,3.361
10.533333490292232,3.323
10.56666682412227,3.273
10.600000157952309,3.336
10.633333491782349,3.396
10.666666825612388,3.412
10.700000159442425,3.397
10.733333493272465,3.395
10.766666827102505,3.339
10.80000016093254,3.142
10.83333349476258,3.184
10.86666682859262,3.291
10.900000162422655,3.426
10.933333496252695,3.303
10.966666830082737,3.14
11.000000163912771,3.157
11.033333497742811,3.276
11.066666831572851,3.331
11.10000016540289,3.149
11.13333349923293,2.966
11.166666833062967,2.77
11.200000166893004,2.79
11.233333500723043,2.896
11.266666834553083,3.103
11.30000016838312,3.063
11.33333350221316,3.02
11.3666668360432,3.053
11.400000169873238,3.11
11.433333503703278,3.091
11.466666837533316,3.031
11.500000171363354,2.955
11.533333505193394,3.173
11.566666839023432,3.107
11.60000017285347,3.216
11.63333350668351,3.075
11.666666840513548,3.124
11.700000174343586,2.984
11.733333508173626,3.009
11.766666842003664,2.756
11.800000175833702,2.708
11.833333509663742,2.735
11.86666684349378,2.868
11.900000177323818,2.944
11.933333511153858,2.949
11.966666844983896,2.887
12.000000178813934,2.897
12.033333512643974,2.884
12.066666846474012,3.02
12.10000018030405,2.973
12.13333351413409,2.919
12.166666847964128,2.881
12.200000181794168,2.771
12.233333515624206,2.842
12.266666849454245,2.884
12.300000183284284,2.895
12.333333517114324,2.652
12.36666685094436,2.545
12.4000001847744,2.567
12.43333351860444,2.588
12.466666852434477,2.484
12.500000186264517,2.476
12.533333520094557,2.578
12.566666853924591,2.642
12.600000187754633,2.552
12.633333521584673,2.629
12.666666855414707,2.654
12.700000189244747,2.669
12.733333523074789,2.486
12.766666856904823,2.538
12.800000190734863,2.716
12.833333524564903,2.684
12.86666685839494,2.456
12.90000019222498,2.318
12.93333352605502,2.401
12.966666859885056,2.458
13.000000193715096,2.415
13.033333527545135,2.356
13.066666861375174,2.468
13.100000195205212,2.622
13.133333529035252,2.657
13.16666686286529,2.658
13.200000196695328,2.564
13.233333530525368,2.538
13.266666864355406,2.449
13.300000198185444,2.552
13.333333532015484,2.71
13.366666865845522,2.72
13.40000019967556,2.646
13.4333335335056,2.549
13.466666867335638,2.589
13.500000201165676,2.635
13.533333534995716,2.546
13.566666868825754,2.359
13.600000202655792,2.373
13.633333536485832,2.362
13.66666687031587,2.371
13.700000204145908,2.413
13.733333537975948,2.533
13.766666871805986,2.514
13.800000205636024,2.462
13.833333539466064,2.345
13.866666873296102,2.357
13.90000020712614,2.313
13.93333354095618,2.212
13.96666687478622,2.306
14.000000208616257,2.36
14.033333542446297,2.315
14.066666876276336,2.298
14.100000210106373,2.328
14.133333543936413,2.211
14.16666687776645,2.147
14.200000211596487,2.052
14.233333545426529,2.224
14.266666879256569,2.199
14.300000213086603,2.343
14.333333546916643,2.414
14.366666880746685,2.468
14.40000021457672,2.413
14.43333354840676,2.335
14.4666668822368,2.309
14.500000216066836,2.281
14.533333549896875,2.246
14.566666883726915,2.207
14.600000217556952,2.224
14.633333551386992,2.049
14.666666885217031,1.974
14.70000021904707,2.23
14.73333355287711,2.356
14.766666886707148,2.349
14.800000220537186,2.171
14.833333554367226,2.167
14.866666888197264,2.107
14.900000222027302,2.156
14.933333555857342,2.098
14.96666688968738,2.129
15.000000223517418,2.055
15.033333557347458,2.097
15.066666891177496,2.013
15.100000225007534,2.164
15.133333558837574,2.135
15.166666892667612,2.149
15.20000022649765,2.091
15.23333356032769,2.067
15.266666894157728,2.024
15.300000227987766,2.019
15.333333561817806,2.049
15.366666895647844,2.229
15.400000229477882,2.074
15.433333563307922,1.911
15.46666689713796,1.748
15.500000230968,1.794
15.533333564798038,1.972
15.566666898628077,2.048
15.600000232458116,2.069
15.633333566288156,1.99
15.666666900118193,1.96
15.70000023394823,1.976
15.73333356777827,1.957
15.766666901608309,1.825
15.800000235438349,1.891
15.833333569268389,1.848
15.866666903098425,1.796
15.900000236928465,1.766
15.933333570758505,1.782
15.96666690458854,1.818
16.00000023841858,1.763
16.03333357224862,1.807
16.066666906078655,1.888
16.100000239908695,1.829
16.133333573738735,1.711
16.16666690756877,1.695
16.20000024139881,1.697
16.23333357522885,1.79
16.266666909058888,1.912
16.300000242888927,1.931
16.333333576718967,1.722
16.366666910549004,1.623
16.400000244379044,1.783
16.433333578209083,1.997
16.46666691203912,1.871
16.50000024586916,1.595
16.5333335796992,1.629
16.566666913529236,1.568
16.600000247359276,1.629
16.633333581189316,1.482
16.666666915019352,1.509
16.700000248849392,1.406
16.733333582679432,1.545
16.766666916509468,1.663
16.800000250339508,1.868
16.833333584169548,1.781
16.866666917999584,1.851
16.900000251829624,1.656
16.933333585659664,1.506
16.9666669194897,1.527
17.00000025331974,1.513
17.03333358714978,1.435
17.066666920979817,1.485
17.100000254809856,1.7
17.133333588639896,1.766
17.166666922469933,1.715
17.200000256299973,1.629
17.233333590130012,1.63
17.26666692396005,1.546
17.30000025779009,1.418
17.33333359162013,1.44
17.366666925450165,1.477
17.400000259280205,1.513
17.433333593110245,1.417
17.46666692694028,1.33
17.50000026077032,1.391
17.53333359460036,1.559
17.566666928430397,1.632
17.600000262260437,1.519
17.633333596090477,1.451
17.666666929920513,1.262
17.700000263750553,1.242
17.733333597580593,1.321
17.76666693141063,1.422
17.80000026524067,1.269
17.83333359907071,1.162
17.866666932900745,1.225
17.900000266730785,1.378
17.933333600560825,1.577
17.96666693439086,1.415
18.0000002682209,1.333
18.03333360205094,1.229
18.066666935880978,1.256
18.100000269711018,1.308
18.133333603541057,1.432
18.16666693737109,1.512
18.200000271201134,1.421
18.233333605031174,1.434
18.266666938861214,1.417
18.30000027269125,1.37
18.33333360652129,1.386
18.36666694035133,1.303
18.40000027418137,1.269
18.43333360801141,1.179
18.46666694184145,1.286
18.50000027567148,1.187
18.53333360950152,1.302
18.56666694333156,1.301
18.6000002771616,1.322
18.63333361099164,1.358
18.66666694482168,1.221
18.700000278651714,1.108
18.733333612481758,1.131
18.766666946311798,1.188
18.80000028014183,1.164
18.83333361397187,1.154
18.86666694780191,1.318
18.900000281631947,1.396
18.933333615461983,1.339
18.966666949292023,1.377
19.000000283122063,1.344
19.033333616952103,1.336
19.066666950782142,1.256
19.10000028461218,1.196
19.13333361844222,1.236
19.16666695227226,1.286
19.20000028610229,1.39
19.23333361993233,1.339
19.26666695376237,1.466
19.30000028759241,1.455
19.33333362142245,1.389
19.36666695525249,1.265
19.400000289082527,1.242
19.433333622912567,1.108
19.466666956742607,1.11
19.500000290572643,1.047
19.533333624402683,1.207
19.566666958232723,1.21
19.60000029206276,1.226
19.6333336258928,1.135
19.66666695972284,1.027
19.70000029355288,0.951
19.733333627382915,0.888
19.766666961212955,1.02
19.80000029504299,1.117
19.83333362887303,1.148
19.86666696270307,1.141
19.900000296533108,1.135
19.933333630363148,1.19
19.966666964193188,1.103
20.000000298023224,1.141
20.033333631853264,1.061
20.066666965683304,1.176
20.10000029951334,1.111
20.13333363334338,1.003
20.16666696717342,0.979
20.200000301003456,0.988
20.233333634833496,1.078
20.266666968663536,1.021
20.30000030249357,0.995
20.33333363632361,0.994
20.36666697015365,0.97
20.40000030398369,1.1
20.43333363781373,1.086
20.466666971643768,1.024
20.500000305473804,1.102
20.533333639303844,1.159
20.566666973133884,1.158
20.60000030696392,0.963
20.63333364079396,0.854
20.666666974624,0.832
20.70000030845404,0.907
20.73333364228408,0.904
20.76666697611412,0.956
20.800000309944156,1.035
20.833333643774196,1.101
20.866666977604236,1.054
20.90000031143427,1.121
20.93333364526431,1.214
20.96666697909435,1.179
21.000000312924385,1.11
21.033333646754425,1.044
21.066666980584465,1.086
21.1000003144145,1.038
21.13333364824454,1.078
21.16666698207458,1.049
21.200000315904617,0.837
21.233333649734657,0.792
21.266666983564697,0.896
21.300000317394733,0.965
21.333333651224773,0.867
21.366666985054813,0.863
21.40000031888485,0.831
21.43333365271489,0.805
21.46666698654493,0.61
21.50000032037497,0.681
21.53333365420501,0.847
21.566666988035045,1.036
21.60000032186508,1.109
21.63333365569512,1.068
21.66666698952516,0.986
21.7000003233552,0.951
21.73333365718524,1.035
21.76666699101528,0.958
21.800000324845318,1.047
21.833333658675357,1.113
21.866666992505397,1.03
21.90000032633543,0.729
21.93333366016547,0.688
21.96666699399551,0.709
22.000000327825543,0.802
22.033333661655583,0.867
22.066666995485622,1.016
22.100000329315662,1.054
22.133333663145702,1.01
22.166666996975746,0.825
22.20000033080578,0.941
22.23333366463582,0.898
22.26666699846586,0.996
22.30000033229589,1.012
22.33333366612593,1.014
22.36666699995597,0.991
22.40000033378601,0.903
22.43333366761605,0.865
22.46666700144609,0.788
22.500000335276127,0.754
22.533333669106167,0.757
22.566667002936207,0.864
22.600000336766243,0.956
22.633333670596283,0.942
22.666667004426323,0.754
22.70000033825636,0.573
22.7333336720864,0.614
22.76666700591644,0.663
22.800000339746475,0.831
22.833333673576515,0.944
22.866667007406555,0.979
22.90000034123659,1.096
22.93333367506663,1.048
22.96666700889667,0.781
23.000000342726707,0.604
23.033333676556747,0.571
23.066667010386787,0.656
23.100000344216824,0.523
23.133333678046863,0.411
23.166667011876903,0.42
23.20000034570694,0.483
23.23333367953698,0.588
23.26666701336702,0.772
23.300000347197056,0.858
23.333333681027096,0.688
23.366667014857136,0.665
23.40000034868717,0.651
23.43333368251721,0.648
23.46666701634725,0.54
23.500000350177288,0.445
23.533333684007328,0.422
23.566667017837368,0.507
23.600000351667404,0.572
23.633333685497444,0.487
23.666667019327484,0.479
23.70000035315752,0.582
23.73333368698756,0.571
23.7666670208176,0.537
23.80000035464764,0.503
23.83333368847768,0.527
23.86666702230772,0.53
23.900000356137756,0.523
23.933333689967792,0.504
23.966667023797832,0.463
24.00000035762787,0.461
24.03333369145791,0.439
24.06666702528795,0.414
24.100000359117985,0.402
24.133333692948025,0.433
24.166667026778065,0.401
24.2000003606081,0.399
24.23333369443814,0.351
24.26666702826818,0.332
24.300000362098217,0.28
24.333333695928257,0.376
24.366667029758297,0.426
24.400000363588333,0.492
24.433333697418373,0.434
24.466667031248413,0.442
24.50000036507845,0.397
24.53333369890849,0.368
24.56666703273853,0.399
24.600000366568565,0.432
24.633333700398605,0.548
24.666667034228645,0.484
24.70000036805868,0.444
24.73333370188872,0.352
24.76666703571876,0.46
24.8000003695488,0.489
24.83333370337884,0.509
24.86666703720888,0.437
24.900000371038917,0.467
24.933333704868957,0.559
24.966667038698997,0.567
25.00000037252903,0.545
25.03333370635907,0.496
25.06666704018911,0.489
25.100000374019142,0.477
25.133333707849182,0.512
25.166667041679226,0.528
25.200000375509266,0.521
25.233333709339306,0.485
25.266667043169345,0.513
25.300000376999375,0.448
25.333333710829415,0.436
25.366667044659454,0.386
25.40000037848949,0.394
25.43333371231953,0.344
25.46666704614957,0.33
25.50000037997961,0.301
25.53333371380965,0.288
25.56666704763969,0.304
25.600000381469727,0.317
25.633333715299766,0.307
25.666667049129806,0.34
25.700000382959843,0.304
25.733333716789883,0.295
25.76666705061992,0.258
25.80000038444996,0.281
25.83333371828,0.261
25.86666705211004,0.26
25.900000385940075,0.191
25.933333719770115,0.215
25.966667053600155,0.31
26.00000038743019,0.385
26.03333372126023,0.352
26.06666705509027,0.239
26.100000388920307,0.249
26.133333722750347,0.191
26.166667056580387,0.293
26.200000390410423,0.278
26.233333724240463,0.225
26.266667058070503,0.221
26.30000039190054,0.235
26.33333372573058,0.359
26.36666705956062,0.423
26.400000393390656,0.462
26.433333727220692,0.614
26.46666706105073,0.576
26.50000039488077,0.417
26.53333372871081,0.332
26.56666706254085,0.305
26.600000396370888,0.297
26.633333730200928,0.273
26.666667064030968,0.402
26.700000397861004,0.5
26.733333731691044,0.518
26.766667065521084,0.542
26.80000039935112,0.531
26.83333373318116,0.468
26.8666670670112,0.387
26.90000040084124,0.418
26.93333373467128,0.381
26.96666706850132,0.258
27.000000402331352,0.208
27.033333736161392,0.341
27.066667069991432,0.39
27.10000040382147,0.46
27.13333373765151,0.42
27.166667071481548,0.331
27.200000405311584,0.223
27.233333739141624,0.269
27.266667072971664,0.238
27.3000004068017,0.295
27.33333374063174,0.309
27.36666707446178,0.328
27.400000408291817,0.277
27.433333742121857,0.305
27.466667075951896,0.258
27.500000409781933,0.267
27.533333743611973,0.263
27.566667077442013,0.3
27.60000041127205,0.26
27.63333374510209,0.219
27.66666707893213,0.182
27.700000412762165,0.148
27.733333746592205,0.099
27.766667080422245,0.106
27.80000041425228,0.203
27.83333374808232,0.243
27.86666708191236,0.266
27.9000004157424,0.189
27.93333374957244,0.194
27.96666708340248,0.165
28.000000417232517,0.21
28.033333751062557,0.26
28.066667084892597,0.226
28.10000041872263,0.212
28.13333375255267,0.234
28.16666708638271,0.278
28.200000420212746,0.245
28.233333754042786,0.218
28.266667087872825,0.167
28.300000421702865,0.092
28.3333337555329,0.088
28.36666708936294,0.191
28.400000423192974,0.185
28.433333757023014,0.178
28.466667090853058,0.133
28.50000042468309,0.167
28.53333375851313,0.189
28.56666709234317,0.114
28.60000042617321,0.08
28.63333376000325,0.097
28.66666709383329,0.148
28.700000427663326,0.169
28.73333376149337,0.221
28.76666709532341,0.314
28.80000042915344,0.27
28.83333376298348,0.219
28.86666709681352,0.163
28.90000043064356,0.137
28.9333337644736,0.078
28.96666709830364,0.042
29.000000432133675,0.121
29.033333765963715,0.146
29.066667099793754,0.155
29.10000043362379,0.178
29.13333376745383,0.223
29.16666710128387,0.226
29.200000435113907,0.219
29.233333768943947,0.166
29.266667102773987,0.145
29.300000436604023,0.165
29.333333770434063,0.191
29.366667104264103,0.192
29.40000043809414,0.264
29.43333377192418,0.285
29.46666710575422,0.158
29.50000043958425,0.131
29.53333377341429,0.113
29.56666710724433,0.126
29.60000044107437,0.073
29.63333377490441,0.099
29.66666710873445,0.126
29.700000442564487,0.238
29.733333776394527,0.261
29.766667110224567,0.221
29.800000444054604,0.154
29.833333777884643,0.083
29.866667111714683,0.213
29.90000044554472,0.203
29.93333377937476,0.183
29.9666671132048,0.189
30.00000044703484,0.19
30.03333378086488,0.092
30.06666711469492,0.063
30.100000448524952,0.103
30.133333782354992,0.171
30.16666711618503,0.198
30.200000450015068,0.137
30.233333783845108,0.127
30.266667117675148,0.092
30.300000451505184,0.077
30.333333785335224,0.055
30.366667119165264,0.057
30.4000004529953,-0.007
30.43333378682534,0.007
30.46666712065538,0.062
30.500000454485416,0.161
30.533333788315456,0.181
30.566667122145496,0.087
30.600000455975533,-0.053
30.63333378980557,-0.032
30.66666712363561,-0.018
30.70000045746565,0.055
30.73333379129569,0.052
30.76666712512573,0.112
30.800000458955765,0.126
30.833333792785805,0.11
30.866667126615845,0.083
30.90000046044588,0.063
30.93333379427592,0.011
30.96666712810596,-0.018
31.000000461936,0.01
31.03333379576604,0.074
31.06666712959608,0.146
31.100000463426117,0.147
31.133333797256157,0.088
31.166667131086196,0.008
31.20000046491623,-0.001
31.23333379874627,-0.017
31.26666713257631,-0.001
31.300000466406345,-0.038
31.333333800236385,-0.028
31.366667134066425,-0.057
31.40000046789646,-0.078
31.4333338017265,-0.133
31.46666713555654,-0.003
31.500000469386578,0.008
31.533333803216617,0.006
31.566667137046657,-0.064
31.600000470876694,-0.042
31.633333804706734,-0.059
31.666667138536774,-0.091
31.70000047236681,-0.016
31.73333380619685,-0.016
31.76666714002689,-0.061
31.80000047385693,-0.071
31.83333380768697,-0.103
31.86666714151701,-0.148
31.90000047534704,-0.136
31.93333380917708,-0.113
31.96666714300712,-0.091
32.00000047683716,-0.051
32.033333810667195,-0.082
32.06666714449724,-0.067
32.100000478327274,-0.104
32.13333381215731,-0.038
32.166667145987354,-0.09
32.20000047981739,-0.159
32.23333381364743,-0.222
32.26666714747747,-0.214
32.30000048130751,-0.213
32.33333381513754,-0.195
32.366667148967586,-0.169
32.40000048279762,-0.194
32.43333381662766,-0.191
32.4666671504577,-0.226
32.50000048428774,-0.154
32.533333818117775,-0.22
32.56666715194782,-0.223
32.600000485777855,-0.215
32.63333381960789,-0.161
32.666667153437935,-0.242
32.70000048726797,-0.246
32.73333382109801,-0.203
32.76666715492805,-0.143
32.80000048875809,-0.18
32.83333382258812,-0.213
32.86666715641817,-0.269
32.9000004902482,-0.262
32.93333382407824,-0.265
32.96666715790828,-0.274
33.00000049173832,-0.215
33.03333382556836,-0.243
33.0666671593984,-0.234
33.10000049322844,-0.286
33.13333382705847,-0.161
33.166667160888515,-0.159
33.20000049471855,-0.075
33.23333382854859,-0.096
33.26666716237863,-0.031
33.30000049620867,-0.023
33.333333830038704,-0.027
33.36666716386875,-0.108
33.400000497698784,-0.11
33.43333383152882,-0.145
33.466667165358864,-0.144
33.5000004991889,-0.215
33.533333833018936,-0.25
33.56666716684898,-0.329
33.600000500679016,-0.371
33.63333383450905,-0.236
33.666667168339096,-0.204
33.70000050216913,-0.113
33.73333383599917,-0.17
33.76666716982921,-0.144
33.80000050365925,-0.195
33.833333837489285,-0.178
33.86666717131933,-0.146
33.900000505149364,-0.118
33.9333338389794,-0.122
33.966667172809444,-0.154
34.00000050663948,-0.15
34.03333384046952,-0.224
34.06666717429956,-0.233
34.1000005081296,-0.223
34.13333384195963,-0.166
34.16666717578968,-0.139
34.20000050961971,-0.166
34.23333384344975,-0.26
34.26666717727979,-0.316
34.30000051110983,-0.282
34.333333844939865,-0.303
34.36666717876991,-0.292
34.400000512599945,-0.261
34.43333384642998,-0.17
34.466667180260025,-0.16
34.50000051409006,-0.217
34.5333338479201,-0.228
34.56666718175014,-0.188
34.60000051558018,-0.186
34.633333849410214,-0.225
34.66666718324026,-0.27
34.70000051707029,-0.176
34.73333385090033,-0.16
34.76666718473037,-0.148
34.80000051856041,-0.204
34.833333852390446,-0.235
34.86666718622049,-0.284
34.900000520050526,-0.346
34.93333385388056,-0.453
34.966667187710605,-0.359
35.00000052154064,-0.188
35.03333385537068,-0.125
35.06666718920072,-0.303
35.10000052303076,-0.256
35.133333856860794,-0.203
35.16666719069084,-0.228
35.200000524520874,-0.292
35.23333385835091,-0.271
35.266667192180954,-0.299
35.30000052601099,-0.35
35.33333385984103,-0.342
35.36666719367107,-0.293
35.400000527501106,-0.219
35.43333386133114,-0.157
35.466667195161186,-0.139
35.50000052899122,-0.131
35.53333386282126,-0.137
35.5666671966513,-0.115
35.60000053048134,-0.15
35.633333864311375,-0.15
35.66666719814142,-0.156
35.700000531971455,-0.179
35.73333386580149,-0.198
35.766667199631534,-0.191
35.80000053346157,-0.234
35.83333386729161,-0.135
35.86666720112165,0.0
35.90000053495169,-0.069
35.93333386878172,-0.256
35.96666720261177,-0.347
36.0000005364418,-0.339
36.03333387027184,-0.284
36.06666720410188,-0.116
36.10000053793192,-0.109
36.13333387176196,-0.205
36.166667205592,-0.238
36.20000053942204,-0.209
36.23333387325207,-0.202
36.26666720708212,-0.224
36.30000054091215,-0.262
36.33333387474219,-0.212
36.36666720857223,-0.075
36.40000054240227,-0.117
36.43333387623231,-0.206
36.46666721006235,-0.278
36.500000543892384,-0.292
36.53333387772243,-0.177
36.56666721155246,-0.222
36.6000005453825,-0.124
36.63333387921254,-0.181
36.66666721304258,-0.23
36.700000546872616,-0.156
36.73333388070266,-0.193
36.766667214532696,-0.104
36.80000054836273,-0.15
36.833333882192775,-0.093
36.86666721602281,-0.163
36.90000054985285,-0.196
36.93333388368289,-0.171
36.96666721751293,-0.158
37.00000055134296,-0.228
37.03333388517301,-0.288
37.06666721900304,-0.226
37.10000055283308,-0.24
37.13333388666312,-0.252
37.16666722049316,-0.215
37.2000005543232,-0.19
37.23333388815324,-0.203
37.26666722198328,-0.235
37.30000055581331,-0.263
37.33333388964336,-0.346
37.36666722347339,-0.393
37.40000055730343,-0.405
37.43333389113347,-0.351
37.46666722496351,-0.378
37.500000558793545,-0.395
37.53333389262359,-0.356
37.566667226453625,-0.265
37.60000056028366,-0.257
37.6333338941137,-0.225
37.66666722794374,-0.261
37.70000056177378,-0.239
37.73333389560382,-0.275
37.76666722943386,-0.285
37.80000056326389,-0.284
37.83333389709394,-0.283
37.86666723092397,-0.264
37.90000056475401,-0.288
37.93333389858405,-0.163
37.96666723241409,-0.131
38.000000566244125,-0.212
38.03333390007417,-0.205
38.066667233904205,-0.195
38.10000056773424,-0.193
38.133333901564285,-0.286
38.16666723539432,-0.257
38.20000056922436,-0.254
38.2333339030544,-0.208
38.26666723688444,-0.225
38.30000057071448,-0.22
38.33333390454452,-0.189
38.36666723837455,-0.275
38.40000057220459,-0.292
38.43333390603463,-0.28
38.46666723986467,-0.327
38.50000057369471,-0.301
38.53333390752475,-0.285
38.56666724135479,-0.216
38.60000057518482,-0.206
