time_min,absorb_mau
0.0,0.0
0.0100000001490116,-0.01
0.0200000002980232,-0.07
0.0300000004470348,-0.118
0.0400000005960464,-0.146
0.050000000745058,-0.163
0.0600000008940696,-0.18
0.0700000010430812,-0.197
0.0800000011920929,-0.213
0.0900000013411045,-0.222
0.1000000014901161,-0.202
0.1100000016391277,-0.158
0.1200000017881393,-0.151
0.1300000019371509,-0.155
0.1400000020861625,-0.172
0.1500000022351741,-0.186
0.1600000023841858,-0.194
0.1700000025331974,-0.201
0.180000002682209,-0.21
0.1900000028312206,-0.231
0.2000000029802322,-0.241
0.2100000031292438,-0.244
0.2200000032782554,-0.226
0.2300000034272671,-0.211
0.2400000035762786,-0.215
0.2500000037252903,-0.227
0.2600000038743019,-0.249
0.2700000040233135,-0.25
0.2800000041723251,-0.243
0.2900000043213367,-0.224
0.3000000044703483,-0.221
0.31000000461936,-0.235
0.3200000047683716,-0.22
0.3300000049173832,-0.201
0.3400000050663948,-0.217
0.3500000052154064,-0.23
0.360000005364418,-0.239
0.3700000055134296,-0.267
0.3800000056624412,-0.303
0.3900000058114529,-0.338
0.4000000059604645,-0.36
0.4100000061094761,-0.373
0.4200000062584877,-0.337
0.4300000064074993,-0.252
0.4400000065565109,0.178
0.4500000067055225,1.041
0.4600000068545342,2.652
0.4700000070035457,5.567
0.4800000071525573,9.089
0.490000007301569,14.764
0.5000000074505806,21.007
0.5100000075995922,28.475
0.5200000077486039,36.512
0.5300000078976155,44.809
0.5400000080466271,52.864
0.5500000081956387,60.573
0.5600000083446502,66.65
0.570000008493662,72.162
0.5800000086426735,76.313
0.5900000087916851,78.893
0.6000000089406967,80.863
0.6100000090897083,81.561
0.62000000923872,81.731
0.6300000093877316,81.282
0.6400000095367432,80.348
0.6500000096857548,79.148
0.6600000098347664,77.682
0.6700000099837781,76.063
0.6800000101327897,74.471
0.6900000102818012,72.849
0.7000000104308128,71.299
0.7100000105798244,69.827
0.7200000107288361,68.471
0.7300000108778477,67.285
0.7400000110268593,66.297
0.7500000111758709,65.363
0.7600000113248825,64.659
0.7700000114738942,64.058
0.7800000116229058,63.684
0.7900000117719174,63.419
0.800000011920929,63.236
0.8100000120699405,63.24
0.8200000122189522,63.284
0.8300000123679638,63.403
0.8400000125169754,63.558
0.850000012665987,63.735
0.8600000128149986,63.878
0.8700000129640103,64.034
0.8800000131130219,64.233
0.8900000132620335,64.356
0.9000000134110451,64.412
0.9100000135600568,64.399
0.9200000137090684,64.36
0.93000001385808,64.228
0.9400000140070917,64.007
0.9500000141561032,63.706
0.9600000143051148,63.334
0.9700000144541264,62.921
0.980000014603138,62.437
0.9900000147521496,61.911
1.0000000149011612,61.353
1.010000015050173,60.716
1.0200000151991844,60.052
1.030000015348196,59.398
1.0400000154972078,58.66
1.0500000156462193,57.816
1.060000015795231,56.914
1.0700000159442424,56.002
1.080000016093254,55.026
1.0900000162422658,54.034
1.100000016391277,53.057
1.110000016540289,52.043
1.1200000166893005,51.04
1.1300000168383122,50.066
1.140000016987324,49.086
1.1500000171363354,48.123
1.160000017285347,47.116
1.1700000174343586,46.122
1.1800000175833705,45.109
1.190000017732382,44.103
1.2000000178813934,43.156
1.2100000180304051,42.143
1.2200000181794166,41.118
1.2300000183284283,40.186
1.24000001847744,39.279
1.2500000186264515,38.436
1.2600000187754632,37.588
1.270000018924475,36.767
1.2800000190734864,35.94
1.290000019222498,35.12
1.3000000193715096,34.411
1.3100000195205213,33.663
1.3200000196695327,32.894
1.3300000198185444,32.161
1.340000019967556,31.45
1.3500000201165676,30.788
1.360000020265579,30.112
1.3700000204145908,29.455
1.3800000205636025,28.793
1.3900000207126142,28.144
1.4000000208616257,27.532
1.4100000210106374,26.924
1.4200000211596489,26.344
1.4300000213086606,25.782
1.4400000214576725,25.246
1.4500000216066835,24.732
1.4600000217556954,24.246
1.470000021904707,23.795
1.4800000220537186,23.321
1.4900000222027303,22.815
1.5000000223517418,22.338
1.5100000225007535,21.877
1.520000022649765,21.461
1.530000022798777,20.997
1.5400000229477884,20.551
1.5500000230968,20.173
1.5600000232458116,19.799
1.570000023394823,19.517
1.5800000235438347,19.2
1.5900000236928464,18.888
1.600000023841858,18.556
1.6100000239908696,18.212
1.620000024139881,17.933
1.6300000242888928,17.616
1.6400000244379045,17.289
1.650000024586916,16.961
1.6600000247359277,16.602
1.6700000248849391,16.256
1.6800000250339509,15.936
1.6900000251829626,15.666
1.700000025331974,15.385
1.7100000254809855,15.098
1.7200000256299972,14.813
1.730000025779009,14.529
1.7400000259280206,14.264
1.750000026077032,14.055
1.7600000262260438,13.88
1.7700000263750553,13.63
1.780000026524067,13.369
1.790000026673079,13.11
1.80000002682209,12.914
1.8100000269711016,12.762
1.820000027120113,12.582
1.830000027269125,12.394
1.8400000274181367,12.177
1.850000027567148,12.001
1.86000002771616,11.862
1.8700000278651716,11.776
1.880000028014183,11.679
1.8900000281631948,11.517
1.9000000283122065,11.362
1.910000028461218,11.225
1.9200000286102292,11.082
1.9300000287592407,10.942
1.9400000289082528,10.785
1.9500000290572643,10.61
1.960000029206276,10.413
1.9700000293552875,10.264
1.9800000295042992,10.134
1.990000029653311,10.012
2.0000000298023224,9.884
2.010000029951334,9.759
2.020000030100346,9.661
2.030000030249357,9.575
2.0400000303983687,9.505
2.0500000305473804,9.414
2.060000030696392,9.286
2.070000030845404,9.168
2.0800000309944155,9.057
2.090000031143427,9.001
2.1000000312924385,8.922
2.11000003144145,8.787
2.120000031590462,8.641
2.1300000317394736,8.493
2.140000031888485,8.425
2.150000032037497,8.352
2.1600000321865083,8.249
2.17000003233552,8.149
2.180000032484532,8.052
2.190000032633543,7.969
2.200000032782554,7.896
2.2100000329315663,7.85
2.220000033080578,7.78
2.2300000332295897,7.687
2.240000033378601,7.634
2.2500000335276127,7.586
2.2600000336766244,7.504
2.270000033825636,7.438
2.280000033974648,7.395
2.290000034123659,7.338
2.3000000342726707,7.281
2.3100000344216824,7.221
2.320000034570694,7.146
2.330000034719706,7.046
2.340000034868717,6.985
2.350000035017729,6.943
2.3600000351667405,6.916
2.370000035315752,6.879
2.380000035464764,6.832
2.390000035613775,6.759
2.400000035762787,6.68
2.4100000359117986,6.656
2.4200000360608103,6.631
2.430000036209822,6.591
2.440000036358833,6.53
2.450000036507845,6.455
2.4600000366568566,6.372
2.4700000368058683,6.301
2.48000003695488,6.258
2.4900000371038917,6.224
2.500000037252903,6.191
2.5100000374019147,6.102
2.5200000375509264,6.023
2.530000037699938,5.983
2.5400000378489493,5.957
2.550000037997961,5.948
2.5600000381469727,5.947
2.5700000382959844,5.941
2.580000038444996,5.867
2.5900000385940074,5.823
2.600000038743019,5.816
2.610000038892031,5.792
2.6200000390410425,5.755
2.630000039190054,5.692
2.640000039339065,5.641
2.650000039488077,5.604
2.660000039637089,5.555
2.670000039786101,5.507
2.6800000399351123,5.484
2.6900000400841235,5.449
2.7000000402331352,5.402
2.710000040382147,5.322
2.720000040531158,5.234
2.7300000406801703,5.159
2.7400000408291816,5.098
2.7500000409781933,5.083
2.760000041127205,5.078
2.7700000412762167,5.076
2.7800000414252284,5.058
2.79000004157424,5.056
2.800000041723252,5.108
2.810000041872263,5.123
2.8200000420212747,5.112
2.8300000421702864,5.091
2.8400000423192977,5.041
2.8500000424683094,4.935
2.860000042617321,4.826
2.870000042766333,4.734
2.8800000429153445,4.663
2.890000043064356,4.602
2.9000000432133675,4.562
2.910000043362379,4.522
2.920000043511391,4.477
2.9300000436604026,4.473
2.940000043809414,4.477
2.950000043958425,4.461
2.960000044107437,4.451
2.970000044256449,4.446
2.9800000444054606,4.424
2.990000044554472,4.396
3.000000044703484,4.368
3.0100000448524957,4.329
3.020000045001507,4.28
3.0300000451505187,4.263
3.04000004529953,4.261
3.0500000454485416,4.247
3.0600000455975533,4.227
3.070000045746565,4.209
3.0800000458955767,4.185
3.090000046044588,4.161
3.1000000461936,4.16
3.1100000463426114,4.15
3.120000046491623,4.115
3.130000046640635,4.041
3.140000046789646,3.944
3.1500000469386578,3.847
3.160000047087669,3.77
3.170000047236681,3.737
3.180000047385693,3.688
3.190000047534704,3.629
3.200000047683716,3.539
3.2100000478327275,3.467
3.220000047981739,3.458
3.230000048130751,3.469
3.240000048279762,3.5
3.250000048428774,3.495
3.2600000485777856,3.475
3.2700000487267973,3.455
3.280000048875809,3.455
3.29000004902482,3.488
3.300000049173832,3.51
3.310000049322844,3.519
3.320000049471856,3.457
3.330000049620867,3.405
3.3400000497698783,3.363
3.35000004991889,3.341
3.3600000500679017,3.322
3.3700000502169134,3.256
3.380000050365925,3.192
3.3900000505149364,3.134
3.400000050663948,3.094
3.41000005081296,3.071
3.4200000509619715,3.018
3.430000051110983,2.98
3.4400000512599944,2.967
3.450000051409006,2.976
3.460000051558018,3.005
3.470000051707029,3.015
3.480000051856041,3.008
3.4900000520050525,2.971
3.500000052154064,2.969
3.510000052303076,2.991
3.520000052452088,2.964
3.5300000526010997,2.93
3.5400000527501105,2.906
3.5500000528991222,2.872
3.560000053048134,2.828
3.5700000531971456,2.783
3.5800000533461573,2.752
3.5900000534951686,2.728
3.6000000536441803,2.724
3.610000053793192,2.744
3.620000053942204,2.736
3.630000054091216,2.716
3.640000054240226,2.676
3.6500000543892384,2.638
3.66000005453825,2.617
3.6700000546872618,2.577
3.6800000548362735,2.517
3.6900000549852847,2.38
3.700000055134296,2.289
3.710000055283308,2.276
3.72000005543232,2.252
3.730000055581332,2.228
3.740000055730343,2.24
3.7500000558793545,2.25
3.760000056028366,2.241
3.770000056177378,2.266
3.7800000563263896,2.317
3.790000056475401,2.276
3.800000056624413,2.234
3.810000056773424,2.222
3.820000056922436,2.208
3.830000057071448,2.193
3.840000057220459,2.146
3.850000057369471,2.094
3.8600000575184814,2.033
3.870000057667494,1.992
3.8800000578165057,1.968
3.890000057965517,1.946
3.9000000581145287,1.932
3.910000058263541,1.936
3.920000058412552,1.956
3.930000058561564,1.994
3.940000058710575,2.044
3.9500000588595863,2.089
3.9600000590085984,2.075
3.97000005915761,2.065
3.980000059306622,2.06
3.990000059455633,2.007
4.000000059604645,1.938
4.010000059753657,1.888
4.020000059902668,1.833
4.030000060051679,1.77
4.040000060200692,1.761
4.050000060349703,1.774
4.060000060498715,1.751
4.070000060647726,1.739
4.0800000607967375,1.759
4.09000006094575,1.762
4.100000061094761,1.755
4.110000061243773,1.771
4.120000061392784,1.769
4.130000061541796,1.719
4.140000061690808,1.694
4.150000061839819,1.689
4.160000061988831,1.67
4.170000062137842,1.656
4.180000062286854,1.66
4.190000062435866,1.654
4.200000062584877,1.638
4.210000062733889,1.664
4.2200000628829,1.676
4.230000063031912,1.623
4.240000063180924,1.6
4.250000063329935,1.605
4.260000063478947,1.589
4.270000063627959,1.571
4.28000006377697,1.559
4.290000063925982,1.553
4.300000064074993,1.55
4.310000064224005,1.584
4.3200000643730165,1.63
4.330000064522028,1.594
4.34000006467104,1.574
4.350000064820051,1.576
4.360000064969063,1.579
4.370000065118075,1.582
4.380000065267086,1.577
4.390000065416098,1.571
4.400000065565109,1.571
4.410000065714121,1.57
4.420000065863133,1.575
4.430000066012144,1.558
4.440000066161156,1.545
4.450000066310167,1.54
4.46000006645918,1.531
4.470000066608191,1.519
4.480000066757202,1.477
4.490000066906214,1.457
4.500000067055225,1.491
4.5100000672042375,1.525
4.520000067353249,1.559
4.53000006750226,1.6
4.540000067651272,1.626
4.550000067800283,1.621
4.560000067949296,1.617
4.570000068098307,1.623
4.580000068247318,1.603
4.59000006839633,1.588
4.6000000685453415,1.586
4.610000068694354,1.576
4.620000068843365,1.549
4.630000068992376,1.534
4.640000069141388,1.527
4.6500000692904,1.536
4.660000069439412,1.547
4.670000069588423,1.558
4.680000069737434,1.502
4.690000069886446,1.43
4.700000070035458,1.405
4.71000007018447,1.37
4.720000070333481,1.33
4.730000070482492,1.289
4.740000070631504,1.246
4.750000070780516,1.169
4.760000070929528,1.122
4.770000071078539,1.148
4.78000007122755,1.131
4.7900000713765625,1.086
4.800000071525574,1.075
4.810000071674586,1.075
4.820000071823597,1.091
4.830000071972608,1.097
4.8400000721216205,1.103
4.850000072270632,1.106
4.860000072419644,1.093
4.870000072568655,1.062
4.880000072717666,1.048
4.890000072866679,1.044
4.90000007301569,1.026
4.910000073164702,1.002
4.920000073313713,1.013
4.9300000734627245,1.016
4.940000073611737,1.008
4.950000073760748,1.033
4.96000007390976,1.056
4.970000074058771,1.003
4.980000074207783,0.968
4.990000074356795,0.955
5.000000074505806,0.965
5.010000074654818,0.983
5.020000074803829,0.975
5.030000074952841,0.968
5.040000075101853,0.961
5.050000075250864,0.988
5.060000075399876,1.036
5.070000075548887,1.032
5.080000075697899,1.013
5.090000075846911,0.969
5.100000075995922,0.93
5.110000076144934,0.894
5.1200000762939455,0.896
5.130000076442957,0.886
5.140000076591969,0.85
5.15000007674098,0.806
5.160000076889992,0.758
5.170000077039004,0.76
5.180000077188015,0.772
5.190000077337027,0.793
5.200000077486038,0.794
5.21000007763505,0.773
5.220000077784062,0.737
5.230000077933073,0.704
5.240000078082085,0.681
5.250000078231096,0.639
5.260000078380108,0.575
5.27000007852912,0.544
5.280000078678131,0.514
5.290000078827143,0.476
5.300000078976154,0.455
5.310000079125167,0.464
5.320000079274178,0.522
5.330000079423189,0.591
5.340000079572201,0.639
5.350000079721212,0.666
5.3600000798702245,0.65
5.370000080019236,0.662
5.380000080168247,0.682
5.390000080317259,0.628
5.4000000804662704,0.578
5.410000080615283,0.524
5.420000080764294,0.521
5.430000080913305,0.546
5.440000081062317,0.548
5.4500000812113285,0.548
5.460000081360341,0.532
5.470000081509352,0.551
5.480000081658363,0.606
5.490000081807375,0.621
5.500000081956387,0.627
5.510000082105399,0.601
5.52000008225441,0.595
5.530000082403421,0.607
5.540000082552433,0.583
5.550000082701445,0.563
5.560000082850457,0.577
5.570000082999468,0.591
5.580000083148479,0.603
5.590000083297491,0.582
5.600000083446503,0.554
5.610000083595515,0.532
5.620000083744526,0.495
5.630000083893537,0.452
5.6400000840425495,0.425
5.650000084191561,0.398
5.660000084340573,0.366
5.670000084489584,0.35
5.680000084638595,0.357
5.690000084787608,0.376
5.700000084936619,0.397
5.710000085085631,0.453
5.720000085234642,0.471
5.7300000853836535,0.417
5.740000085532666,0.397
5.750000085681677,0.391
5.760000085830689,0.403
5.7700000859797,0.414
5.780000086128712,0.423
5.790000086277724,0.415
5.800000086426735,0.403
5.810000086575747,0.477
5.820000086724758,0.547
5.83000008687377,0.557
5.840000087022782,0.546
5.850000087171793,0.516
5.860000087320805,0.476
5.870000087469816,0.429
5.880000087618828,0.393
5.89000008776784,0.356
5.900000087916851,0.314
5.910000088065863,0.28
5.920000088214874,0.256
5.930000088363886,0.263
5.940000088512898,0.266
5.950000088661909,0.264
5.960000088810921,0.24
5.9700000889599325,0.219
5.980000089108944,0.201
5.990000089257956,0.197
6.000000089406967,0.214
6.010000089555979,0.202
6.020000089704991,0.18
6.030000089854002,0.152
6.040000090003014,0.159
6.050000090152025,0.227
6.060000090301037,0.291
6.070000090450049,0.352
6.08000009059906,0.367
6.090000090748072,0.388
6.100000090897083,0.431
6.110000091046095,0.428
6.120000091195107,0.402
6.130000091344118,0.385
6.14000009149313,0.363
6.150000091642141,0.314
6.1600000917911535,0.278
6.170000091940165,0.253
6.180000092089176,0.217
6.190000092238188,0.19
6.200000092387199,0.213
6.210000092536212,0.225
6.220000092685223,0.216
6.230000092834234,0.173
6.240000092983246,0.143
6.2500000931322575,0.181
6.26000009328127,0.194
6.270000093430281,0.184
6.280000093579292,0.178
6.290000093728304,0.172
6.300000093877316,0.144
6.310000094026328,0.152
6.320000094175339,0.212
6.33000009432435,0.199
6.340000094473362,0.155
6.350000094622374,0.139
6.360000094771386,0.147
6.370000094920397,0.185
6.380000095069408,0.232
6.39000009521842,0.286
6.400000095367432,0.265
6.410000095516444,0.256
6.420000095665455,0.281
6.430000095814466,0.288
6.440000095963478,0.288
6.45000009611249,0.277
6.460000096261502,0.268
6.470000096410513,0.26
6.480000096559524,0.237
6.4900000967085365,0.21
6.500000096857548,0.177
6.51000009700656,0.144
6.520000097155571,0.147
6.530000097304582,0.132
6.540000097453595,0.098
6.550000097602606,0.055
6.560000097751618,0.02
6.570000097900629,0.057
6.5800000980496405,0.06
6.590000098198653,0.031
6.600000098347664,0.031
6.610000098496676,0.035
6.620000098645687,0.039
6.6300000987946985,0.036
6.640000098943711,0.025
6.650000099092722,0.034
6.660000099241734,0.042
6.670000099390745,0.093
6.680000099539757,0.127
6.690000099688769,0.131
6.70000009983778,0.145
6.710000099986792,0.165
6.720000100135803,0.202
6.730000100284815,0.217
6.740000100433827,0.181
6.750000100582838,0.143
6.76000010073185,0.107
6.7700001008808615,0.135
6.780000101029873,0.141
6.790000101178885,0.093
6.800000101327896,0.039
6.810000101476908,-0.02
6.82000010162592,-0.073
6.830000101774931,-0.108
6.840000101923943,-0.096
6.850000102072954,-0.095
6.860000102221966,-0.111
6.870000102370978,-0.135
6.880000102519989,-0.143
6.890000102669001,-0.137
6.900000102818012,-0.115
6.910000102967024,-0.079
6.920000103116036,-0.072
6.930000103265047,-0.071
6.940000103414059,-0.06
6.95000010356307,-0.024
6.960000103712082,0.048
6.970000103861094,0.09
6.980000104010105,0.123
6.990000104159117,0.137
7.000000104308128,0.15
7.0100001044571405,0.16
7.020000104606152,0.115
7.030000104755163,0.048
7.040000104904175,-0.046
7.050000105053186,-0.106
7.060000105202199,-0.113
7.07000010535121,-0.129
7.080000105500221,-0.149
7.090000105649233,-0.167
7.1000001057982445,-0.174
7.110000105947257,-0.15
7.120000106096268,-0.13
7.130000106245279,-0.105
7.140000106394291,-0.094
7.150000106543303,-0.09
7.160000106692315,-0.083
7.170000106841326,-0.071
7.180000106990337,-0.06
7.190000107139349,-0.041
7.200000107288361,-0.025
7.210000107437373,0.012
7.220000107586384,0.038
7.230000107735395,0.049
7.240000107884407,0.044
7.250000108033419,0.038
7.260000108182431,0.025
7.270000108331442,-0.02
7.280000108480453,-0.095
7.2900001086294655,-0.148
7.300000108778477,-0.189
7.310000108927489,-0.199
7.3200001090765,-0.194
7.330000109225511,-0.166
7.3400001093745235,-0.169
7.350000109523535,-0.179
7.360000109672547,-0.15
7.370000109821558,-0.124
7.380000109970569,-0.109
7.390000110119582,-0.131
7.400000110268593,-0.172
7.410000110417605,-0.203
7.420000110566616,-0.218
7.4300001107156275,-0.191
7.44000011086464,-0.197
7.450000111013651,-0.217
7.460000111162663,-0.211
7.470000111311674,-0.187
7.480000111460685,-0.119
7.490000111609698,-0.085
7.500000111758709,-0.075
7.510000111907721,-0.074
7.520000112056732,-0.071
7.530000112205744,-0.018
7.540000112354756,0.015
7.550000112503767,0.032
7.560000112652779,-0.01
7.57000011280179,-0.063
7.580000112950802,-0.083
7.590000113099814,-0.132
7.600000113248825,-0.207
7.610000113397837,-0.25
7.620000113546848,-0.282
7.63000011369586,-0.282
7.640000113844872,-0.299
7.650000113993883,-0.334
7.660000114142895,-0.372
7.670000114291906,-0.403
7.680000114440918,-0.329
7.69000011458993,-0.28
7.700000114738941,-0.276
7.710000114887953,-0.286
7.720000115036965,-0.306
7.730000115185976,-0.28
7.740000115334988,-0.25
7.750000115483999,-0.216
7.760000115633011,-0.254
7.770000115782023,-0.336
7.780000115931034,-0.347
7.790000116080046,-0.355
7.800000116229057,-0.363
7.810000116378069,-0.342
7.820000116527081,-0.304
7.830000116676092,-0.299
7.840000116825104,-0.305
7.850000116974115,-0.315
7.860000117123127,-0.3
7.870000117272139,-0.274
7.88000011742115,-0.234
7.890000117570162,-0.216
7.900000117719173,-0.282
7.910000117868186,-0.342
7.920000118017197,-0.385
7.930000118166208,-0.32
7.94000011831522,-0.242
7.950000118464231,-0.266
7.960000118613244,-0.296
7.970000118762255,-0.335
7.980000118911266,-0.305
7.990000119060278,-0.254
8.00000011920929,-0.238
8.0100001193583,-0.245
8.020000119507314,-0.298
8.030000119656325,-0.325
8.040000119805336,-0.336
8.050000119954348,-0.309
8.060000120103359,-0.302
8.070000120252372,-0.337
8.080000120401383,-0.351
8.090000120550394,-0.347
8.100000120699406,-0.306
8.110000120848417,-0.261
8.12000012099743,-0.203
8.130000121146441,-0.212
8.140000121295452,-0.268
8.150000121444464,-0.325
8.160000121593475,-0.366
8.170000121742488,-0.381
8.1800001218915,-0.416
8.19000012204051,-0.476
8.200000122189522,-0.514
8.210000122338533,-0.545
8.220000122487546,-0.547
8.230000122636557,-0.502
8.240000122785569,-0.413
8.25000012293458,-0.378
8.260000123083591,-0.354
8.270000123232604,-0.327
8.280000123381615,-0.307
8.290000123530627,-0.306
8.300000123679638,-0.31
8.31000012382865,-0.308
8.320000123977662,-0.311
8.330000124126673,-0.318
8.340000124275685,-0.321
8.350000124424696,-0.315
8.360000124573707,-0.306
8.37000012472272,-0.275
8.380000124871732,-0.231
8.390000125020743,-0.161
8.400000125169754,-0.138
8.410000125318765,-0.147
8.420000125467778,-0.129
8.43000012561679,-0.118
8.4400001257658,-0.129
8.450000125914812,-0.139
8.460000126063823,-0.154
8.470000126212836,-0.206
8.480000126361848,-0.259
8.490000126510859,-0.299
8.50000012665987,-0.332
8.510000126808881,-0.357
8.520000126957894,-0.371
8.530000127106906,-0.392
8.540000127255917,-0.451
8.550000127404928,-0.465
8.56000012755394,-0.439
8.570000127702952,-0.448
8.580000127851964,-0.455
8.590000128000975,-0.452
8.600000128149986,-0.457
8.610000128298998,-0.472
8.62000012844801,-0.44
8.630000128597022,-0.401
8.640000128746033,-0.439
8.650000128895044,-0.479
8.660000129044056,-0.51
8.670000129193069,-0.514
8.68000012934208,-0.51
8.690000129491091,-0.488
8.700000129640102,-0.465
8.710000129789114,-0.46
8.720000129938127,-0.456
8.730000130087138,-0.45
8.74000013023615,-0.392
8.75000013038516,-0.346
8.760000130534172,-0.335
8.770000130683185,-0.325
8.780000130832196,-0.315
8.790000130981207,-0.388
8.800000131130219,-0.444
8.81000013127923,-0.439
8.820000131428243,-0.431
8.830000131577254,-0.422
8.840000131726265,-0.444
8.850000131875277,-0.471
8.860000132024288,-0.518
8.8700001321733,-0.543
8.880000132322312,-0.542
8.890000132471323,-0.531
8.900000132620335,-0.535
8.910000132769346,-0.569
8.920000132918359,-0.589
8.93000013306737,-0.582
8.940000133216381,-0.551
8.950000133365393,-0.511
8.960000133514404,-0.421
8.970000133663417,-0.384
8.980000133812428,-0.42
8.99000013396144,-0.404
9.00000013411045,-0.373
9.010000134259462,-0.377
9.020000134408477,-0.385
9.030000134557486,-0.396
9.040000134706498,-0.449
9.050000134855509,-0.517
9.06000013500452,-0.543
9.070000135153531,-0.544
9.080000135302544,-0.526
9.090000135451556,-0.5
9.100000135600569,-0.462
9.110000135749578,-0.452
9.120000135898591,-0.427
9.130000136047602,-0.358
9.140000136196614,-0.331
9.150000136345623,-0.329
9.160000136494636,-0.414
9.17000013664365,-0.497
9.18000013679266,-0.525
9.190000136941672,-0.532
9.200000137090685,-0.519
9.210000137239694,-0.592
9.220000137388707,-0.66
9.23000013753772,-0.636
9.24000013768673,-0.589
9.25000013783574,-0.521
9.260000137984752,-0.542
9.270000138133764,-0.587
9.280000138282777,-0.659
9.290000138431788,-0.694
9.3000001385808,-0.67
9.31000013872981,-0.64
9.320000138878823,-0.616
9.330000139027836,-0.62
9.340000139176846,-0.618
9.350000139325855,-0.589
9.360000139474868,-0.552
9.37000013962388,-0.514
9.380000139772893,-0.503
9.390000139921904,-0.502
9.400000140070915,-0.525
9.410000140219926,-0.554
9.42000014036894,-0.581
9.43000014051795,-0.604
9.440000140666962,-0.627
9.450000140815972,-0.663
9.460000140964985,-0.668
9.470000141113998,-0.656
9.480000141263009,-0.639
9.49000014141202,-0.639
9.500000141561031,-0.685
9.510000141710044,-0.674
9.520000141859056,-0.62
9.530000142008069,-0.591
9.540000142157078,-0.575
9.55000014230609,-0.608
9.5600001424551,-0.659
9.570000142604114,-0.727
9.580000142753123,-0.673
9.590000142902136,-0.59
9.600000143051147,-0.581
9.61000014320016,-0.584
9.620000143349172,-0.588
9.630000143498185,-0.594
9.640000143647194,-0.594
9.650000143796206,-0.548
9.660000143945217,-0.526
9.67000014409423,-0.557
9.68000014424324,-0.604
9.690000144392252,-0.662
9.700000144541264,-0.735
9.710000144690277,-0.778
9.720000144839288,-0.765
9.7300001449883,-0.772
9.74000014513731,-0.791
9.750000145286322,-0.77
9.760000145435331,-0.752
9.770000145584346,-0.732
9.780000145733355,-0.686
9.790000145882368,-0.617
9.80000014603138,-0.593
9.810000146180393,-0.594
9.820000146329404,-0.625
9.830000146478415,-0.669
9.840000146627428,-0.724
9.850000146776438,-0.771
9.860000146925447,-0.813
9.870000147074462,-0.822
9.880000147223472,-0.839
9.890000147372485,-0.863
9.900000147521496,-0.848
9.910000147670509,-0.828
9.92000014781952,-0.821
9.930000147968531,-0.809
9.940000148117544,-0.783
9.950000148266554,-0.802
9.960000148415563,-0.836
9.970000148564578,-0.863
9.98000014871359,-0.898
9.9900001488626,-0.944
10.000000149011612,-0.956
10.010000149160623,-0.954
10.020000149309636,-0.968
10.030000149458647,-0.969
10.04000014960766,-0.941
10.05000014975667,-0.925
10.06000014990568,-0.914
10.070000150054694,-0.922
10.080000150203706,-0.929
10.090000150352717,-0.944
10.100000150501728,-0.974
10.11000015065074,-1.011
10.120000150799752,-1.016
10.130000150948764,-1.016
10.140000151097777,-1.005
10.150000151246786,-0.971
10.160000151395796,-0.918
10.17000015154481,-0.883
10.180000151693822,-0.857
10.190000151842831,-0.801
10.200000151991844,-0.761
10.210000152140855,-0.736
10.220000152289868,-0.729
10.23000015243888,-0.735
10.240000152587893,-0.784
10.250000152736902,-0.827
10.260000152885912,-0.864
10.270000153034928,-0.842
10.280000153183938,-0.811
10.290000153332947,-0.807
10.30000015348196,-0.82
10.310000153630972,-0.849
10.320000153779985,-0.834
10.330000153928996,-0.794
10.340000154078009,-0.804
10.350000154227018,-0.81
10.36000015437603,-0.838
10.370000154525044,-0.892
10.380000154674054,-0.952
10.390000154823063,-0.931
10.400000154972076,-0.905
10.410000155121088,-0.879
10.4200001552701,-0.837
10.430000155419112,-0.783
10.440000155568123,-0.823
10.450000155717134,-0.853
10.460000155866146,-0.816
10.47000015601516,-0.784
10.48000015616417,-0.76
10.49000015631318,-0.752
10.500000156462193,-0.769
10.510000156611204,-0.846
10.520000156760217,-0.882
10.530000156909228,-0.877
10.54000015705824,-0.913
10.55000015720725,-0.947
10.560000157356262,-0.953
10.570000157505277,-0.985
10.580000157654286,-1.042
10.590000157803296,-0.987
10.600000157952309,-0.903
10.61000015810132,-0.874
10.620000158250331,-0.813
10.630000158399344,-0.712
10.640000158548355,-0.747
10.650000158697368,-0.825
10.660000158846378,-0.802
10.670000158995393,-0.791
10.680000159144402,-0.814
10.690000159293414,-0.798
10.700000159442425,-0.765
10.710000159591436,-0.849
10.720000159740447,-0.919
10.73000015988946,-0.927
10.740000160038472,-0.916
10.750000160187485,-0.907
10.760000160336494,-0.969
10.770000160485507,-1.011
10.780000160634518,-1.019
10.79000016078353,-1.046
10.80000016093254,-1.072
10.810000161081552,-1.038
10.820000161230563,-0.994
10.830000161379576,-0.987
10.840000161528588,-0.956
10.8500001616776,-0.898
10.86000016182661,-0.875
10.870000161975623,-0.866
10.880000162124634,-0.798
10.890000162273646,-0.77
10.900000162422655,-0.781
10.910000162571668,-0.796
