time_min,absorb_mau
0.0,0.0
0.0266666670640309,0.065
0.0533333341280619,0.183
0.0800000011920929,0.189
0.1066666682561238,0.134
0.1333333353201548,0.106
0.1600000023841858,0.109
0.1866666694482167,0.123
0.2133333365122477,0.148
0.2400000035762786,0.065
0.2666666706403096,0.109
0.2933333377043406,0.087
0.3200000047683716,0.088
0.3466666718324026,0.114
0.3733333388964335,0.123
0.4000000059604645,0.19
0.4266666730244954,0.321
0.4533333400885264,0.311
0.4800000071525573,0.458
0.5066666742165884,0.787
0.5333333412806193,1.777
0.5600000083446502,3.372
0.5866666754086812,5.983
0.6133333424727122,9.297
0.6400000095367432,13.88
0.6666666766007742,19.13
0.6933333436648051,25.607
0.7200000107288361,33.373
0.746666677792867,42.063
0.773333344856898,51.559
0.800000011920929,60.961
0.8266666789849599,69.875
0.8533333460489909,77.944
0.8800000131130219,85.227
0.9066666801770528,91.954
0.933333347241084,98.367
0.9600000143051148,105.345
0.9866666813691456,112.794
1.0133333484331768,121.513
1.0400000154972078,130.835
1.0666666825612383,140.812
1.0933333496252695,150.118
1.1200000166893005,157.919
1.1466666837533317,162.669
1.1733333508173625,164.442
1.2000000178813934,162.843
1.2266666849454244,158.215
1.2533333520094554,151.259
1.2800000190734864,142.268
1.3066666861375174,132.199
1.3333333532015483,121.755
1.360000020265579,111.37
1.3866666873296103,101.847
1.4133333543936413,92.861
1.4400000214576725,84.807
1.4666666885217032,77.291
1.493333355585734,70.409
1.520000022649765,64.088
1.546666689713796,58.482
1.573333356777827,53.576
1.600000023841858,49.196
1.626666690905889,45.257
1.65333335796992,41.697
1.6800000250339509,38.375
1.7066666920979818,35.547
1.7333333591620128,33.05
1.7600000262260438,30.995
1.7866666932900748,29.289
1.8133333603541055,27.778
1.8400000274181367,26.403
1.866666694482168,25.278
1.8933333615461987,24.27
1.9200000286102292,23.582
1.9466666956742604,22.96
1.9733333627382916,22.406
2.0000000298023224,21.953
2.0266666968663536,21.494
2.0533333639303843,21.213
2.0800000309944155,20.955
2.1066666980584463,20.737
2.133333365122477,20.444
2.1600000321865083,20.166
2.186666699250539,19.885
2.2133333663145702,19.605
2.240000033378601,19.201
2.266666700442632,18.774
2.293333367506663,18.35
2.320000034570694,17.862
2.346666701634725,17.334
2.373333368698756,16.824
2.400000035762787,16.34
2.426666702826818,15.924
2.453333369890849,15.43
2.48000003695488,14.822
2.506666704018911,14.178
2.533333371082942,13.602
2.5600000381469727,13.16
2.5866667052110035,12.728
2.6133333722750347,12.285
2.640000039339065,11.784
2.6666667064030967,11.279
2.6933333734671274,10.866
2.720000040531158,10.524
2.7466667075951894,10.171
2.7733333746592206,9.847
2.800000041723252,9.476
2.8266667087872825,9.321
2.8533333758513133,9.08
2.8800000429153445,8.806
2.9066667099793757,8.448
2.9333333770434065,8.145
2.960000044107437,8.047
2.986666711171468,7.979
3.013333378235499,7.972
3.04000004529953,7.842
3.066666712363561,7.682
3.093333379427592,7.559
3.120000046491623,7.405
3.146666713555654,7.415
3.173333380619685,7.367
3.200000047683716,7.362
3.226666714747747,7.369
3.253333381811778,7.333
3.280000048875809,7.361
3.30666671593984,7.208
3.333333383003871,7.12
3.3600000500679017,7.066
3.386666717131933,7.038
3.413333384195964,7.053
3.4400000512599944,6.911
3.4666667183240256,6.96
3.4933333853880564,6.97
3.520000052452088,7.057
3.5466667195161183,7.097
3.573333386580149,7.004
3.6000000536441803,6.974
3.626666720708212,6.923
3.653333387772242,6.914
3.6800000548362735,7.053
3.706666721900304,7.199
3.733333388964336,7.294
3.760000056028366,7.425
3.786666723092397,7.285
3.813333390156428,7.334
3.840000057220459,7.367
3.86666672428449,7.421
3.893333391348521,7.507
3.920000058412552,7.396
3.946666725476583,7.39
3.973333392540614,7.415
4.000000059604645,7.449
4.026666726668676,7.611
4.053333393732707,7.57
4.0800000607967375,7.611
4.106666727860769,7.63
4.1333333949248,7.622
4.160000061988831,7.722
4.186666729052861,7.666
4.213333396116893,7.752
4.240000063180924,7.646
4.266666730244954,7.752
4.293333397308985,7.748
4.3200000643730165,7.88
4.346666731437048,7.889
4.373333398501078,7.92
4.400000065565109,7.936
4.4266667326291405,7.912
4.453333399693172,7.901
4.480000066757202,7.854
4.506666733821233,7.785
4.533333400885264,7.747
4.560000067949296,7.72
4.586666735013326,7.853
4.613333402077357,7.775
4.640000069141388,7.84
4.66666673620542,7.704
4.69333340326945,7.736
4.720000070333481,7.595
4.746666737397512,7.54
4.773333404461543,7.395
4.800000071525574,7.401
4.826666738589605,7.369
4.853333405653636,7.486
4.880000072717666,7.485
4.906666739781698,7.398
4.933333406845729,7.407
4.96000007390976,7.478
4.98666674097379,7.417
5.013333408037822,7.354
5.040000075101853,7.177
5.066666742165884,7.098
5.093333409229914,6.999
5.1200000762939455,6.994
5.146666743357977,6.93
5.173333410422007,6.895
5.200000077486038,6.885
5.226666744550069,6.732
5.253333411614101,6.77
5.280000078678131,6.688
5.306666745742162,6.578
5.333333412806193,6.552
5.3600000798702245,6.417
5.386666746934255,6.555
5.413333413998286,6.585
5.440000081062317,6.651
5.4666667481263485,6.557
5.493333415190379,6.424
5.52000008225441,6.456
5.546666749318441,6.515
5.573333416382472,6.373
5.600000083446503,6.154
5.626666750510534,6.037
5.653333417574565,6.053
5.680000084638595,6.097
5.706666751702627,5.942
5.733333418766658,5.834
5.760000085830689,5.751
5.786666752894719,5.696
5.813333419958751,5.579
5.840000087022782,5.567
5.866666754086813,5.629
5.893333421150843,5.672
5.920000088214874,5.629
5.946666755278906,5.485
5.973333422342936,5.429
6.000000089406967,5.187
6.026666756470998,5.264
6.05333342353503,5.151
6.08000009059906,5.208
6.106666757663091,5.185
6.133333424727122,5.124
6.1600000917911535,5.055
6.186666758855184,4.969
6.213333425919215,5.079
6.240000092983246,5.222
6.266666760047277,5.211
6.293333427111308,5.002
6.320000094175339,4.834
6.34666676123937,4.841
6.373333428303401,4.94
6.400000095367432,4.912
6.426666762431463,4.876
6.453333429495494,4.675
6.480000096559524,4.634
6.506666763623556,4.606
6.533333430687587,4.749
6.560000097751618,4.728
6.586666764815648,4.685
6.61333343187968,4.64
6.640000098943711,4.603
6.666666766007742,4.59
6.693333433071772,4.579
6.720000100135803,4.561
6.746666767199835,4.542
6.773333434263866,4.476
6.800000101327896,4.439
6.826666768391927,4.324
6.853333435455959,4.267
6.880000102519989,4.321
6.90666676958402,4.424
6.933333436648051,4.471
6.960000103712082,4.374
6.986666770776113,4.239
7.013333437840144,4.136
7.040000104904175,4.139
7.066666771968206,4.249
7.093333439032237,4.262
7.120000106096268,4.334
7.146666773160299,4.315
7.17333344022433,4.204
7.200000107288361,4.15
7.226666774352392,4.178
7.253333441416423,4.294
7.280000108480453,4.401
7.306666775544484,4.361
7.333333442608516,4.255
7.360000109672547,4.203
7.386666776736577,4.192
7.413333443800608,4.241
7.44000011086464,4.206
7.466666777928671,4.105
7.493333444992701,4.003
7.520000112056732,4.023
7.546666779120764,4.06
7.573333446184795,4.084
7.600000113248825,4.132
7.626666780312856,3.983
7.653333447376887,4.001
7.680000114440918,3.979
7.706666781504949,4.016
7.73333344856898,3.963
7.760000115633011,3.848
7.786666782697042,3.825
7.813333449761073,3.868
7.840000116825104,3.814
7.866666783889135,3.824
7.893333450953166,3.779
7.920000118017197,3.802
7.946666785081228,3.822
7.973333452145259,3.923
8.00000011920929,3.89
8.02666678627332,3.909
8.053333453337352,3.735
8.080000120401383,3.831
8.106666787465414,3.797
8.133333454529444,3.721
8.160000121593475,3.68
8.186666788657506,3.655
8.213333455721537,3.819
8.240000122785569,3.822
8.2666667898496,3.774
8.293333456913631,3.747
8.320000123977662,3.671
8.346666791041692,3.607
8.373333458105723,3.655
8.400000125169754,3.659
8.426666792233785,3.76
8.453333459297816,3.78
8.480000126361848,3.856
8.506666793425879,3.71
8.533333460489908,3.726
8.56000012755394,3.718
8.58666679461797,3.795
8.613333461682002,3.601
8.640000128746033,3.505
8.666666795810064,3.419
8.693333462874095,3.493
8.720000129938127,3.368
8.746666797002156,3.402
8.773333464066187,3.444
8.800000131130219,3.546
8.82666679819425,3.578
8.853333465258281,3.494
8.880000132322312,3.405
8.906666799386343,3.28
8.933333466450373,3.25
8.960000133514404,3.269
8.986666800578435,3.337
9.013333467642466,3.326
9.040000134706498,3.261
9.066666801770529,3.124
9.09333346883456,3.132
9.120000135898591,3.068
9.14666680296262,3.129
9.173333470026652,3.116
9.200000137090685,3.057
9.226666804154714,2.949
9.253333471218744,2.953
9.280000138282777,3.071
9.306666805346808,3.079
9.33333347241084,2.94
9.360000139474868,3.002
9.3866668065389,3.016
9.41333347360293,3.174
9.440000140666962,3.085
9.466666807730991,3.011
9.493333474795024,2.903
9.520000141859056,2.974
9.546666808923083,3.032
9.573333475987116,3.038
9.600000143051147,2.927
9.62666681011518,2.897
9.65333347717921,2.854
9.68000014424324,2.939
9.706666811307272,2.858
9.733333478371303,2.972
9.760000145435331,2.98
9.786666812499364,2.966
9.813333479563395,3.016
9.840000146627428,2.95
9.866666813691458,3.012
9.893333480755487,3.005
9.92000014781952,2.934
9.94666681488355,2.847
9.97333348194758,2.774
10.000000149011612,2.889
10.026666816075643,2.93
10.053333483139674,2.968
10.080000150203706,2.979
10.106666817267737,3.027
10.133333484331768,3.033
10.160000151395796,3.018
10.186666818459829,2.997
10.21333348552386,2.946
10.240000152587893,3.054
10.266666819651922,3.017
10.293333486715952,3.142
10.320000153779985,2.962
10.346666820844014,3.039
10.373333487908043,2.94
10.400000154972076,3.048
10.426666822036108,3.03
10.45333348910014,3.084
10.48000015616417,3.098
10.5066668232282,2.98
10.533333490292232,2.916
10.560000157356262,2.929
10.586666824420291,2.974
10.613333491484324,3.034
10.640000158548355,2.912
10.666666825612388,2.81
10.693333492676418,2.695
10.720000159740447,2.661
10.746666826804478,2.601
10.77333349386851,2.707
10.80000016093254,2.658
10.826666827996572,2.652
10.853333495060603,2.712
10.880000162124634,2.722
10.906666829188666,2.801
10.933333496252695,2.696
10.960000163316726,2.604
10.986666830380758,2.496
11.013333497444789,2.49
11.04000016450882,2.583
11.066666831572851,2.662
11.093333498636882,2.72
11.120000165700914,2.66
11.146666832764945,2.565
11.173333499828974,2.523
11.200000166893004,2.457
11.226666833957037,2.628
11.253333501021068,2.739
11.2800001680851,2.806
11.30666683514913,2.713
11.33333350221316,2.387
11.36000016927719,2.303
11.386666836341222,2.367
11.413333503405251,2.407
11.440000170469284,2.399
11.466666837533316,2.265
11.493333504597349,2.246
11.520000171661378,2.267
11.546666838725407,2.427
11.57333350578944,2.447
11.60000017285347,2.454
11.6266668399175,2.289
11.653333506981532,2.192
11.680000174045563,2.146
11.706666841109596,2.05
11.733333508173626,2.056
11.760000175237655,2.027
11.786666842301686,2.133
11.813333509365718,2.21
11.840000176429747,2.26
11.86666684349378,2.354
11.893333510557811,2.282
11.920000177621842,2.261
11.946666844685872,2.263
11.973333511749903,2.375
12.000000178813934,2.517
12.026666845877966,2.481
12.053333512941997,2.435
12.080000180006028,2.374
12.10666684707006,2.388
12.13333351413409,2.418
12.16000018119812,2.389
12.186666848262153,2.395
12.213333515326182,2.318
12.240000182390212,2.344
12.266666849454245,2.359
12.293333516518276,2.425
12.320000183582309,2.438
12.346666850646336,2.396
12.373333517710368,2.242
12.4000001847744,2.244
12.42666685183843,2.247
12.45333351890246,2.376
12.480000185966492,2.403
12.506666853030524,2.359
12.533333520094557,2.317
12.560000187158584,2.278
12.586666854222615,2.252
12.613333521286648,2.288
12.640000188350678,2.292
12.666666855414707,2.266
12.69333352247874,2.162
12.720000189542771,2.179
12.746666856606804,2.163
12.773333523670832,2.261
12.800000190734863,2.187
12.826666857798894,2.204
12.853333524862926,2.139
12.880000191926957,2.18
12.906666858990988,2.222
12.93333352605502,2.286
12.960000193119049,2.235
12.98666686018308,2.25
13.013333527247111,2.085
13.040000194311142,2.2
13.066666861375174,2.154
13.093333528439205,2.179
13.120000195503236,2.132
13.146666862567267,2.097
13.173333529631297,2.263
13.200000196695328,2.287
13.22666686375936,2.319
13.25333353082339,2.199
13.28000019788742,2.214
13.306666864951453,2.23
13.333333532015484,2.288
13.360000199079511,2.267
13.386666866143544,2.214
13.413333533207576,2.169
13.440000200271609,2.246
13.466666867335638,2.337
13.49333353439967,2.311
13.5200002014637,2.247
13.546666868527732,2.144
13.57333353559176,2.291
13.600000202655792,2.405
13.626666869719823,2.428
13.653333536783856,2.303
13.680000203847886,2.272
13.706666870911915,2.32
13.733333537975948,2.356
13.760000205039978,2.389
13.786666872104009,2.359
13.81333353916804,2.333
13.840000206232071,2.208
13.866666873296102,2.179
13.893333540360134,2.185
13.920000207424165,2.293
13.946666874488196,2.164
13.973333541552226,2.071
14.000000208616257,2.055
14.026666875680288,1.996
14.05333354274432,2.13
14.08000020980835,2.051
14.106666876872382,2.053
14.133333543936413,2.121
14.160000211000442,2.153
14.186666878064472,2.217
14.213333545128505,2.014
14.240000212192536,1.998
14.266666879256569,1.984
14.293333546320598,2.156
14.32000021338463,2.207
14.34666688044866,2.191
14.37333354751269,2.105
14.40000021457672,2.091
14.426666881640752,2.149
14.453333548704784,2.233
14.480000215768817,2.112
14.506666882832846,2.069
14.533333549896875,2.042
14.560000216960908,2.069
14.586666884024938,2.054
14.613333551088967,2.009
14.640000218153,2.066
14.666666885217031,2.079
14.693333552281064,2.035
14.720000219345094,1.993
14.746666886409123,1.941
14.773333553473154,2.038
14.800000220537186,2.171
14.826666887601217,2.151
14.853333554665248,2.066
14.88000022172928,2.053
14.90666688879331,2.065
14.933333555857342,1.979
14.960000222921373,1.953
14.986666889985402,1.809
15.013333557049434,1.913
15.040000224113465,1.839
15.066666891177496,1.841
15.093333558241527,1.725
15.120000225305558,1.819
15.14666689236959,1.9
15.17333355943362,2.087
15.20000022649765,2.117
15.22666689356168,2.057
15.253333560625713,2.048
15.280000227689744,2.044
15.306666894753777,2.179
15.333333561817806,2.14
15.360000228881836,2.07
15.386666895945869,1.879
15.413333563009898,1.868
15.44000023007393,1.818
15.46666689713796,1.945
15.493333564201992,1.981
15.520000231266025,2.02
15.546666898330054,2.041
15.573333565394083,1.956
15.600000232458116,1.935
15.626666899522146,1.912
15.653333566586175,1.937
15.680000233650208,1.949
15.70666690071424,1.931
15.73333356777827,1.84
15.7600002348423,1.867
15.786666901906331,1.905
15.813333568970362,2.098
15.840000236034394,2.077
15.866666903098425,2.003
15.893333570162456,1.918
15.920000237226487,1.872
15.946666904290518,1.943
15.973333571354548,2.028
16.00000023841858,2.021
16.02666690548261,1.952
16.05333357254664,1.887
16.080000239610673,1.827
16.106666906674704,1.852
16.133333573738735,1.887
16.160000240802766,1.881
16.186666907866798,1.807
16.21333357493083,1.771
16.24000024199486,1.738
16.266666909058888,1.811
16.29333357612292,1.869
16.32000024318695,1.794
16.34666691025098,1.794
16.373333577315012,1.788
16.400000244379044,1.861
16.426666911443075,1.732
16.453333578507106,1.754
16.480000245571137,1.773
16.50666691263517,1.967
16.5333335796992,1.923
16.56000024676323,1.876
16.586666913827262,1.782
16.613333580891293,1.741
16.640000247955324,1.778
16.666666915019352,1.781
16.693333582083383,1.819
16.720000249147414,1.732
16.746666916211446,1.83
16.773333583275477,1.791
16.800000250339508,1.855
16.82666691740354,1.878
16.85333358446757,1.892
16.8800002515316,1.823
16.906666918595633,1.729
16.933333585659664,1.7
16.960000252723695,1.618
16.986666919787726,1.713
17.013333586851758,1.729
17.04000025391579,1.853
17.066666920979817,1.886
17.093333588043848,1.851
17.12000025510788,1.854
17.14666692217191,1.769
17.17333358923594,1.81
17.200000256299973,1.77
17.226666923364004,1.818
17.253333590428035,1.823
17.280000257492066,1.715
17.306666924556097,1.746
17.33333359162013,1.638
17.36000025868416,1.71
17.38666692574819,1.669
17.413333592812222,1.735
17.440000259876253,1.788
17.46666692694028,1.719
17.493333594004312,1.723
17.520000261068343,1.643
17.546666928132375,1.638
17.573333595196406,1.715
17.600000262260437,1.715
17.626666929324468,1.754
17.6533335963885,1.684
17.68000026345253,1.696
17.706666930516562,1.698
17.733333597580593,1.631
17.760000264644624,1.68
17.786666931708655,1.668
17.813333598772687,1.657
17.840000265836718,1.57
17.866666932900745,1.478
17.893333599964777,1.424
17.920000267028808,1.429
17.94666693409284,1.578
17.97333360115687,1.643
18.0000002682209,1.591
18.026666935284933,1.641
18.053333602348964,1.598
18.080000269412995,1.664
18.106666936477023,1.64
18.133333603541057,1.617
18.16000027060509,1.607
18.18666693766912,1.707
18.21333360473315,1.69
18.240000271797182,1.778
18.266666938861214,1.823
18.29333360592524,1.762
18.320000272989272,1.688
18.346666940053304,1.596
18.37333360711733,1.542
18.40000027418137,1.598
18.4266669412454,1.685
18.45333360830943,1.774
18.48000027537346,1.758
18.50666694243749,1.778
18.53333360950152,1.758
18.560000276565557,1.735
18.586666943629584,1.677
18.613333610693616,1.583
18.640000277757647,1.579
18.66666694482168,1.564
18.693333611885706,1.572
18.720000278949737,1.526
18.746666946013768,1.602
18.7733336130778,1.584
18.80000028014183,1.653
18.82666694720586,1.575
18.853333614269893,1.66
18.880000281333924,1.737
18.906666948397955,1.675
18.933333615461983,1.535
18.960000282526018,1.491
18.98666694959005,1.628
19.01333361665408,1.864
19.04000028371811,1.831
19.066666950782142,1.762
19.09333361784617,1.629
19.1200002849102,1.625
19.146666951974236,1.563
19.173333619038264,1.501
19.20000028610229,1.442
19.22666695316633,1.441
19.25333362023036,1.702
19.28000028729439,1.666
19.30666695435842,1.735
19.33333362142245,1.546
19.36000028848648,1.499
19.386666955550517,1.44
19.413333622614545,1.358
19.440000289678576,1.449
19.466666956742607,1.484
19.493333623806635,1.583
19.520000290870662,1.553
19.546666957934697,1.621
19.573333624998728,1.661
19.60000029206276,1.767
19.62666695912679,1.685
19.653333626190825,1.708
19.680000293254853,1.607
19.706666960318884,1.652
19.733333627382915,1.645
19.760000294446947,1.653
19.786666961510974,1.659
19.81333362857501,1.612
19.84000029563904,1.594
19.86666696270307,1.557
19.8933336297671,1.635
19.92000029683113,1.712
19.94666696389516,1.7
19.973333630959196,1.66
20.000000298023224,1.632
20.02666696508725,1.705
20.053333632151286,1.662
20.08000029921532,1.642
20.10666696627935,1.535
20.13333363334338,1.495
20.16000030040741,1.457
20.18666696747144,1.406
20.213333634535477,1.48
20.240000301599505,1.541
20.266666968663536,1.669
20.293333635727564,1.672
20.320000302791595,1.592
20.346666969855622,1.514
20.373333636919657,1.481
20.40000030398369,1.452
20.42666697104772,1.457
20.45333363811175,1.49
20.480000305175786,1.553
20.506666972239813,1.479
20.533333639303844,1.498
20.56000030636788,1.458
20.586666973431907,1.609
20.613333640495934,1.693
20.64000030755997,1.657
20.666666974624,1.52
20.693333641688028,1.329
20.72000030875206,1.377
20.74666697581609,1.385
20.77333364288012,1.308
20.800000309944156,1.212
20.826666977008184,1.145
20.85333364407221,1.199
20.880000311136246,1.202
20.90666697820028,1.286
20.93333364526431,1.425
20.96000031232834,1.609
20.98666697939237,1.628
21.0133336464564,1.534
21.040000313520437,1.372
21.066666980584465,1.395
21.093333647648493,1.435
21.120000314712524,1.554
21.146666981776555,1.556
21.173333648840583,1.53
21.200000315904617,1.472
21.22666698296865,1.436
21.25333365003268,1.304
21.28000031709671,1.304
21.306666984160746,1.334
21.333333651224773,1.597
21.360000318288805,1.711
21.38666698535284,1.715
21.413333652416867,1.567
21.440000319480895,1.352
21.46666698654493,1.188
21.49333365360896,1.259
21.520000320672988,1.33
21.54666698773702,1.375
21.57333365480105,1.38
21.60000032186508,1.486
21.626666988929117,1.499
21.653333655993144,1.373
21.680000323057172,1.375
21.706666990121207,1.299
21.73333365718524,1.347
21.76000032424927,1.223
21.7866669913133,1.249
21.81333365837733,1.302
21.840000325441363,1.266
21.866666992505397,1.211
21.89333365956942,1.194
21.920000326633453,1.352
21.946666993697484,1.427
21.973333660761515,1.434
22.000000327825543,1.313
22.026666994889577,1.183
22.05333366195361,1.067
22.08000032901764,1.071
22.10666699608167,1.146
22.133333663145702,1.202
22.160000330209733,1.346
22.186666997273765,1.381
22.2133336643378,1.325
22.240000331401827,1.245
22.26666699846586,1.299
22.29333366552989,1.353
22.32000033259392,1.462
22.34666699965795,1.29
22.37333366672198,1.284
22.40000033378601,1.331
22.42666700085004,1.446
22.453333667914077,1.425
22.480000334978104,1.392
22.506667002042136,1.469
22.533333669106167,1.543
22.5600003361702,1.494
22.58666700323423,1.432
22.61333367029826,1.395
22.64000033736229,1.403
22.666667004426323,1.448
22.69333367149035,1.479
22.72000033855438,1.481
22.746667005618413,1.437
22.773333672682444,1.341
22.800000339746475,1.271
22.826667006810503,1.299
22.853333673874538,1.288
22.88000034093857,1.184
22.9066670080026,1.307
22.93333367506663,1.42
22.960000342130662,1.569
22.986667009194694,1.571
23.013333676258725,1.531
23.04000034332276,1.475
23.066667010386787,1.404
23.09333367745081,1.184
23.12000034451485,1.062
23.14666701157888,1.051
23.17333367864291,1.184
23.20000034570694,1.298
23.22666701277097,1.32
23.253333679835,1.364
23.280000346899037,1.354
23.306667013963065,1.467
23.333333681027096,1.452
23.360000348091127,1.499
23.38666701515516,1.427
23.41333368221919,1.33
23.44000034928322,1.165
23.46666701634725,1.14
23.49333368341128,1.11
23.52000035047531,1.216
23.54666701753934,1.251
23.573333684603373,1.324
23.600000351667404,1.348
23.626667018731435,1.316
23.653333685795467,1.292
23.680000352859494,1.245
23.70666701992353,1.197
23.73333368698756,1.33
23.76000035405159,1.366
23.786667021115623,1.4
23.81333368817965,1.273
23.840000355243685,1.258
23.86666702230772,1.348
23.893333689371744,1.444
23.92000035643577,1.469
23.946667023499806,1.42
23.97333369056384,1.333
24.00000035762787,1.239
24.0266670246919,1.154
24.05333369175593,1.233
24.08000035881996,1.244
24.106667025883997,1.404
24.133333692948025,1.382
24.160000360012056,1.267
24.186667027076087,1.143
24.21333369414012,0.984
24.24000036120415,1.051
24.26666702826818,1.15
24.29333369533221,1.138
24.32000036239624,1.283
24.34666702946027,1.277
24.373333696524305,1.299
24.400000363588333,1.346
24.426667030652364,1.289
24.4533336977164,1.338
24.480000364780427,1.267
24.506667031844454,1.154
24.53333369890849,1.133
24.56000036597252,1.081
24.58666703303655,1.181
24.613333700100583,1.232
24.64000036716461,1.322
24.666667034228645,1.351
24.693333701292676,1.318
24.720000368356704,1.339
24.74666703542073,1.254
24.773333702484766,1.236
24.8000003695488,1.225
24.82666703661283,1.186
24.85333370367686,1.208
24.88000037074089,1.088
24.90666703780492,1.183
24.933333704868957,1.247
24.960000371932985,1.376
24.986667038997016,1.387
25.013333706061047,1.381
25.04000037312508,1.271
25.06666704018911,1.261
25.093333707253137,1.208
25.12000037431717,1.259
25.1466670413812,1.164
25.17333370844523,1.203
25.200000375509266,1.263
25.226667042573293,1.271
25.253333709637324,1.212
25.28000037670136,1.14
25.306667043765387,1.178
25.333333710829415,1.144
25.36000037789345,1.102
25.38666704495748,1.215
25.41333371202151,1.247
25.440000379085543,1.378
25.46666704614957,1.297
25.493333713213605,1.302
25.520000380277637,1.221
25.546667047341664,1.108
25.573333714405692,0.988
25.600000381469727,1.049
25.62666704853376,1.064
25.65333371559779,1.091
25.68000038266182,1.087
25.70666704972585,1.083
25.733333716789883,1.12
25.760000383853917,1.086
25.786667050917945,0.971
25.813333717981976,1.099
25.840000385046007,1.142
25.86666705211004,1.178
25.89333371917407,1.186
25.920000386238097,1.038
25.94666705330213,1.011
25.97333372036616,0.882
26.00000038743019,0.934
26.026667054494222,0.969
26.053333721558253,1.069
26.080000388622285,1.044
26.10666705568632,1.116
26.133333722750347,1.09
26.16000038981438,1.098
26.18666705687841,1.077
26.21333372394244,1.042
26.240000391006472,1.047
26.266667058070503,1.184
26.29333372513453,1.31
26.32000039219856,1.256
26.346667059262597,1.206
26.373333726326624,1.15
26.400000393390656,1.148
26.426667060454687,1.071
26.45333372751872,1.046
26.48000039458275,1.196
26.50666706164678,1.293
26.53333372871081,1.314
26.560000395774843,1.164
26.586667062838877,1.073
26.613333729902905,1.003
26.640000396966936,0.99
26.666667064030968,1.024
26.693333731095,1.044
26.720000398159023,1.078
26.746667065223058,0.976
26.77333373228709,1.024
26.80000039935112,1.043
26.82666706641515,1.033
26.853333733479182,1.011
26.880000400543214,1.044
26.906667067607245,1.166
26.93333373467128,1.207
26.960000401735307,1.191
26.98666706879934,1.059
27.01333373586337,1.121
27.0400004029274,1.066
27.066667069991432,1.144
27.093333737055463,1.164
27.12000040411949,1.158
27.14666707118352,1.082
27.173333738247557,1.01
27.200000405311584,1.004
27.226667072375616,1.016
27.253333739439647,0.987
27.28000040650368,0.967
27.30666707356771,1.002
27.33333374063174,1.036
27.36000040769577,1.005
27.386667074759803,1.001
27.413333741823838,1.011
27.440000408887865,0.928
27.466667075951896,0.953
27.493333743015928,1.003
27.520000410079955,1.14
27.546667077143987,1.178
27.573333744208018,1.171
27.60000041127205,1.079
27.62666707833608,1.031
27.65333374540011,0.96
