time_min,absorb_mau
0.0,0.005
0.0266666670640309,0.033
0.0533333341280619,0.073
0.0800000011920929,0.131
0.1066666682561238,0.175
0.1333333353201548,0.161
0.1600000023841858,0.169
0.1866666694482167,0.122
0.2133333365122477,0.148
0.2400000035762786,0.077
0.2666666706403096,0.11
0.2933333377043406,0.094
0.3200000047683716,0.105
0.3466666718324026,0.111
0.3733333388964335,0.072
0.4000000059604645,0.125
0.4266666730244954,0.136
0.4533333400885264,0.112
0.4800000071525573,0.055
0.5066666742165884,0.002
0.5333333412806193,-0.025
0.5600000083446502,0.084
0.5866666754086812,0.25
0.6133333424727122,0.566
0.6400000095367432,1.207
0.6666666766007742,2.445
0.6933333436648051,4.495
0.7200000107288361,7.725
0.746666677792867,12.079
0.773333344856898,17.966
0.800000011920929,25.58
0.8266666789849599,36.946
0.8533333460489909,52.474
0.8800000131130219,73.44
0.9066666801770528,99.59
0.933333347241084,128.823
0.9600000143051148,158.103
0.9866666813691456,183.668
1.0133333484331768,201.489
1.0400000154972078,211.236
1.0666666825612383,212.37
1.0933333496252695,205.566
1.1200000166893005,193.37
1.1466666837533317,176.812
1.1733333508173625,158.48
1.2000000178813934,139.918
1.2266666849454244,122.072
1.2533333520094554,105.734
1.2800000190734864,90.93
1.3066666861375174,77.751
1.3333333532015483,66.207
1.360000020265579,56.743
1.3866666873296103,48.428
1.4133333543936413,41.464
1.4400000214576725,35.447
1.4666666885217032,30.545
1.493333355585734,26.82
1.520000022649765,23.891
1.546666689713796,21.488
1.573333356777827,19.469
1.600000023841858,17.812
1.626666690905889,16.34
1.65333335796992,15.207
1.6800000250339509,14.13
1.7066666920979818,13.327
1.7333333591620128,12.465
1.7600000262260438,11.69
1.7866666932900748,10.9
1.8133333603541055,10.141
1.8400000274181367,9.441
1.866666694482168,8.735
1.8933333615461987,8.287
1.9200000286102292,7.855
1.9466666956742604,7.427
1.9733333627382916,6.902
2.0000000298023224,6.284
2.0266666968663536,5.78
2.0533333639303843,5.393
2.0800000309944155,5.039
2.1066666980584463,4.719
2.133333365122477,4.49
2.1600000321865083,4.296
2.186666699250539,4.212
2.2133333663145702,4.031
2.240000033378601,3.984
2.266666700442632,3.697
2.293333367506663,3.519
2.320000034570694,3.307
2.346666701634725,3.281
2.373333368698756,3.346
2.400000035762787,3.374
2.426666702826818,3.412
2.453333369890849,3.409
2.48000003695488,3.406
2.506666704018911,3.318
2.533333371082942,3.155
2.5600000381469727,3.044
2.5866667052110035,3.095
2.6133333722750347,3.184
2.640000039339065,3.252
2.6666667064030967,3.231
2.6933333734671274,3.229
2.720000040531158,3.259
2.7466667075951894,3.259
2.7733333746592206,3.196
2.800000041723252,3.077
2.8266667087872825,3.008
2.8533333758513133,2.934
2.8800000429153445,3.057
2.9066667099793757,3.097
2.9333333770434065,3.225
2.960000044107437,3.223
2.986666711171468,3.131
3.013333378235499,3.131
3.04000004529953,3.094
3.066666712363561,3.11
3.093333379427592,3.132
3.120000046491623,3.198
3.146666713555654,3.178
3.173333380619685,3.171
3.200000047683716,3.171
3.226666714747747,3.152
3.253333381811778,3.106
3.280000048875809,3.065
3.30666671593984,3.179
3.333333383003871,3.172
3.3600000500679017,3.171
3.386666717131933,3.063
3.413333384195964,3.102
3.4400000512599944,3.108
3.4666667183240256,3.121
3.4933333853880564,3.235
3.520000052452088,3.213
3.5466667195161183,3.293
3.573333386580149,3.192
3.6000000536441803,3.193
3.626666720708212,3.141
3.653333387772242,3.188
3.6800000548362735,3.204
3.706666721900304,3.209
3.733333388964336,3.258
3.760000056028366,3.221
3.786666723092397,3.308
3.813333390156428,3.311
3.840000057220459,3.424
3.86666672428449,3.411
3.893333391348521,3.424
3.920000058412552,3.467
3.946666725476583,3.439
3.973333392540614,3.418
4.000000059604645,3.296
4.026666726668676,3.333
4.053333393732707,3.458
4.0800000607967375,3.627
4.106666727860769,3.684
4.1333333949248,3.749
4.160000061988831,3.697
4.186666729052861,3.561
4.213333396116893,3.54
4.240000063180924,3.526
4.266666730244954,3.692
4.293333397308985,3.76
4.3200000643730165,3.873
4.346666731437048,3.84
4.373333398501078,3.883
4.400000065565109,3.859
4.4266667326291405,3.847
4.453333399693172,3.832
4.480000066757202,3.807
4.506666733821233,4.033
4.533333400885264,4.11
4.560000067949296,4.247
4.586666735013326,4.248
4.613333402077357,4.194
4.640000069141388,4.177
4.66666673620542,4.187
4.69333340326945,4.173
4.720000070333481,4.122
4.746666737397512,4.186
4.773333404461543,4.205
4.800000071525574,4.281
4.826666738589605,4.296
4.853333405653636,4.435
4.880000072717666,4.539
4.906666739781698,4.374
4.933333406845729,4.291
4.96000007390976,4.212
4.98666674097379,4.369
5.013333408037822,4.502
5.040000075101853,4.583
5.066666742165884,4.561
5.093333409229914,4.565
5.1200000762939455,4.476
5.146666743357977,4.553
5.173333410422007,4.695
5.200000077486038,4.886
5.226666744550069,4.985
5.253333411614101,4.841
5.280000078678131,4.826
5.306666745742162,4.82
5.333333412806193,4.987
5.3600000798702245,5.054
5.386666746934255,4.931
5.413333413998286,4.853
5.440000081062317,4.732
5.4666667481263485,4.839
5.493333415190379,4.776
5.52000008225441,4.734
5.546666749318441,4.614
5.573333416382472,4.715
5.600000083446503,4.862
5.626666750510534,5.025
5.653333417574565,5.002
5.680000084638595,5.055
5.706666751702627,5.101
5.733333418766658,5.238
5.760000085830689,5.27
5.786666752894719,5.207
5.813333419958751,5.152
5.840000087022782,5.07
5.866666754086813,5.047
5.893333421150843,4.966
5.920000088214874,5.058
5.946666755278906,5.097
5.973333422342936,5.296
6.000000089406967,5.341
6.026666756470998,5.435
6.05333342353503,5.422
6.08000009059906,5.38
6.106666757663091,5.272
6.133333424727122,5.113
6.1600000917911535,5.166
6.186666758855184,5.207
6.213333425919215,5.356
6.240000092983246,5.358
6.266666760047277,5.458
6.293333427111308,5.551
6.320000094175339,5.541
6.34666676123937,5.513
6.373333428303401,5.406
6.400000095367432,5.46
6.426666762431463,5.423
6.453333429495494,5.489
6.480000096559524,5.471
6.506666763623556,5.487
6.533333430687587,5.427
6.560000097751618,5.46
6.586666764815648,5.447
6.61333343187968,5.498
6.640000098943711,5.391
6.666666766007742,5.391
6.693333433071772,5.41
6.720000100135803,5.469
6.746666767199835,5.416
6.773333434263866,5.444
6.800000101327896,5.491
6.826666768391927,5.638
6.853333435455959,5.722
6.880000102519989,5.704
6.90666676958402,5.645
6.933333436648051,5.592
6.960000103712082,5.606
6.986666770776113,5.696
7.013333437840144,5.757
7.040000104904175,5.695
7.066666771968206,5.522
7.093333439032237,5.499
7.120000106096268,5.522
7.146666773160299,5.587
7.17333344022433,5.562
7.200000107288361,5.469
7.226666774352392,5.34
7.253333441416423,5.286
7.280000108480453,5.199
7.306666775544484,5.183
7.333333442608516,5.178
7.360000109672547,5.219
7.386666776736577,5.266
7.413333443800608,5.271
7.44000011086464,5.267
7.466666777928671,5.218
7.493333444992701,5.269
7.520000112056732,5.196
7.546666779120764,5.199
7.573333446184795,5.254
7.600000113248825,5.459
7.626666780312856,5.418
7.653333447376887,5.332
7.680000114440918,5.149
7.706666781504949,5.097
7.73333344856898,5.104
7.760000115633011,5.166
7.786666782697042,5.243
7.813333449761073,5.261
7.840000116825104,5.319
7.866666783889135,5.356
7.893333450953166,5.373
7.920000118017197,5.301
7.946666785081228,5.305
7.973333452145259,5.345
8.00000011920929,5.371
8.02666678627332,5.274
8.053333453337352,5.095
8.080000120401383,5.03
8.106666787465414,5.073
8.133333454529444,5.018
8.160000121593475,4.944
8.186666788657506,5.037
8.213333455721537,5.132
8.240000122785569,5.155
8.2666667898496,5.126
8.293333456913631,5.032
8.320000123977662,5.074
8.346666791041692,4.951
8.373333458105723,5.04
8.400000125169754,4.977
8.426666792233785,5.021
8.453333459297816,4.941
8.480000126361848,4.994
8.506666793425879,5.054
8.533333460489908,5.239
8.56000012755394,5.222
8.58666679461797,5.236
8.613333461682002,5.12
8.640000128746033,4.989
8.666666795810064,4.998
8.693333462874095,4.995
8.720000129938127,5.021
8.746666797002156,4.932
8.773333464066187,4.858
8.800000131130219,4.863
8.82666679819425,4.879
8.853333465258281,4.844
8.880000132322312,4.851
8.906666799386343,4.759
8.933333466450373,4.732
8.960000133514404,4.643
8.986666800578435,4.681
9.013333467642466,4.758
9.040000134706498,4.704
9.066666801770529,4.761
9.09333346883456,4.777
9.120000135898591,4.936
9.14666680296262,4.967
9.173333470026652,5.036
9.200000137090685,5.099
9.226666804154714,5.001
9.253333471218744,4.875
9.280000138282777,4.783
9.306666805346808,4.891
9.33333347241084,4.951
9.360000139474868,4.963
9.3866668065389,4.834
9.41333347360293,4.813
9.440000140666962,4.87
9.466666807730991,4.902
9.493333474795024,4.98
9.520000141859056,4.835
9.546666808923083,4.85
9.573333475987116,4.867
9.600000143051147,4.997
9.62666681011518,5.06
9.65333347717921,4.998
9.68000014424324,4.803
9.706666811307272,4.644
9.733333478371303,4.68
9.760000145435331,4.802
9.786666812499364,5.042
9.813333479563395,4.867
9.840000146627428,4.806
9.866666813691458,4.697
9.893333480755487,4.734
9.92000014781952,4.809
9.94666681488355,4.823
9.97333348194758,4.985
10.000000149011612,4.902
10.026666816075643,4.949
10.053333483139674,4.836
10.080000150203706,4.847
10.106666817267737,4.885
10.133333484331768,4.956
10.160000151395796,4.964
10.186666818459829,4.98
10.21333348552386,4.958
10.240000152587893,4.834
10.266666819651922,4.852
10.293333486715952,4.803
10.320000153779985,4.845
10.346666820844014,4.739
10.373333487908043,4.604
10.400000154972076,4.553
10.426666822036108,4.614
10.45333348910014,4.69
10.48000015616417,4.795
10.5066668232282,4.791
10.533333490292232,4.675
10.560000157356262,4.635
10.586666824420291,4.658
10.613333491484324,4.742
10.640000158548355,4.778
10.666666825612388,4.748
10.693333492676418,4.702
10.720000159740447,4.691
10.746666826804478,4.59
10.77333349386851,4.623
10.80000016093254,4.738
10.826666827996572,4.774
10.853333495060603,4.838
10.880000162124634,4.767
10.906666829188666,4.844
10.933333496252695,4.88
10.960000163316726,4.762
10.986666830380758,4.787
11.013333497444789,4.74
11.04000016450882,4.896
11.066666831572851,4.911
11.093333498636882,4.992
11.120000165700914,5.009
11.146666832764945,4.951
11.173333499828974,4.898
11.200000166893004,4.729
11.226666833957037,4.648
11.253333501021068,4.584
11.2800001680851,4.684
11.30666683514913,4.876
11.33333350221316,4.925
11.36000016927719,4.946
11.386666836341222,4.815
11.413333503405251,4.754
11.440000170469284,4.677
11.466666837533316,4.719
11.493333504597349,4.702
11.520000171661378,4.743
11.546666838725407,4.732
11.57333350578944,4.906
11.60000017285347,4.813
11.6266668399175,4.711
11.653333506981532,4.585
11.680000174045563,4.696
11.706666841109596,4.807
11.733333508173626,4.731
11.760000175237655,4.739
11.786666842301686,4.774
11.813333509365718,4.912
11.840000176429747,4.908
11.86666684349378,4.833
11.893333510557811,4.642
11.920000177621842,4.557
11.946666844685872,4.569
11.973333511749903,4.65
12.000000178813934,4.751
12.026666845877966,4.78
12.053333512941997,4.89
12.080000180006028,4.846
12.10666684707006,4.728
12.13333351413409,4.656
12.16000018119812,4.679
12.186666848262153,4.668
12.213333515326182,4.656
12.240000182390212,4.54
12.266666849454245,4.43
12.293333516518276,4.498
12.320000183582309,4.532
12.346666850646336,4.627
12.373333517710368,4.49
12.4000001847744,4.401
12.42666685183843,4.382
12.45333351890246,4.451
12.480000185966492,4.385
12.506666853030524,4.383
12.533333520094557,4.223
12.560000187158584,4.175
12.586666854222615,4.175
12.613333521286648,4.187
12.640000188350678,4.263
12.666666855414707,4.352
12.69333352247874,4.416
12.720000189542771,4.393
12.746666856606804,4.307
12.773333523670832,4.299
12.800000190734863,4.242
12.826666857798894,4.236
12.853333524862926,4.045
12.880000191926957,4.124
12.906666858990988,4.192
12.93333352605502,4.272
12.960000193119049,4.299
12.98666686018308,4.238
13.013333527247111,4.283
13.040000194311142,4.271
13.066666861375174,4.226
13.093333528439205,4.26
13.120000195503236,4.243
13.146666862567267,4.405
13.173333529631297,4.416
13.200000196695328,4.521
13.22666686375936,4.418
13.25333353082339,4.401
13.28000019788742,4.368
13.306666864951453,4.37
13.333333532015484,4.369
13.360000199079511,4.351
13.386666866143544,4.467
13.413333533207576,4.441
13.440000200271609,4.379
13.466666867335638,4.271
13.49333353439967,4.365
13.5200002014637,4.314
13.546666868527732,4.34
13.57333353559176,4.392
13.600000202655792,4.451
13.626666869719823,4.478
13.653333536783856,4.375
13.680000203847886,4.281
13.706666870911915,4.24
13.733333537975948,4.163
13.760000205039978,4.181
13.786666872104009,4.287
13.81333353916804,4.423
13.840000206232071,4.421
13.866666873296102,4.39
13.893333540360134,4.317
13.920000207424165,4.177
13.946666874488196,4.075
13.973333541552226,4.081
14.000000208616257,4.014
14.026666875680288,3.95
14.05333354274432,4.027
14.08000020980835,4.121
14.106666876872382,4.217
14.133333543936413,4.16
14.160000211000442,4.08
14.186666878064472,4.167
14.213333545128505,4.107
14.240000212192536,4.118
14.266666879256569,3.981
14.293333546320598,3.917
14.32000021338463,4.004
14.34666688044866,4.066
14.37333354751269,4.149
14.40000021457672,4.005
14.426666881640752,4.011
14.453333548704784,4.062
14.480000215768817,4.073
14.506666882832846,4.089
14.533333549896875,3.978
14.560000216960908,3.915
14.586666884024938,3.891
14.613333551088967,3.907
14.640000218153,3.979
14.666666885217031,3.898
14.693333552281064,3.839
14.720000219345094,3.904
14.746666886409123,3.984
14.773333553473154,4.084
14.800000220537186,4.071
14.826666887601217,4.054
14.853333554665248,4.032
14.88000022172928,4.002
14.90666688879331,3.801
14.933333555857342,3.841
14.960000222921373,3.723
14.986666889985402,3.793
15.013333557049434,3.814
15.040000224113465,3.827
15.066666891177496,3.899
15.093333558241527,3.817
15.120000225305558,3.809
15.14666689236959,3.807
15.17333355943362,3.868
15.20000022649765,3.813
15.22666689356168,3.775
15.253333560625713,3.67
15.280000227689744,3.611
15.306666894753777,3.634
15.333333561817806,3.656
15.360000228881836,3.809
15.386666895945869,3.864
15.413333563009898,4.02
15.44000023007393,3.916
15.46666689713796,3.864
15.493333564201992,3.708
15.520000231266025,3.811
15.546666898330054,3.897
15.573333565394083,3.946
15.600000232458116,3.866
15.626666899522146,3.804
15.653333566586175,3.756
15.680000233650208,3.785
15.70666690071424,3.787
15.73333356777827,3.711
15.7600002348423,3.649
15.786666901906331,3.637
15.813333568970362,3.616
15.840000236034394,3.636
15.866666903098425,3.706
15.893333570162456,3.751
15.920000237226487,3.742
15.946666904290518,3.553
15.973333571354548,3.51
16.00000023841858,3.516
16.02666690548261,3.605
16.05333357254664,3.539
16.080000239610673,3.544
16.106666906674704,3.53
16.133333573738735,3.51
16.160000240802766,3.42
16.186666907866798,3.339
16.21333357493083,3.5
16.24000024199486,3.614
16.266666909058888,3.591
16.29333357612292,3.467
16.32000024318695,3.39
16.34666691025098,3.523
16.373333577315012,3.418
16.400000244379044,3.379
16.426666911443075,3.254
16.453333578507106,3.31
16.480000245571137,3.269
16.50666691263517,3.275
16.5333335796992,3.35
16.56000024676323,3.336
16.586666913827262,3.322
16.613333580891293,3.205
16.640000247955324,3.206
16.666666915019352,3.24
16.693333582083383,3.351
16.720000249147414,3.285
16.746666916211446,3.225
16.773333583275477,3.124
16.800000250339508,3.107
16.82666691740354,3.203
16.85333358446757,3.216
16.8800002515316,3.326
16.906666918595633,3.337
16.933333585659664,3.261
16.960000252723695,3.254
16.986666919787726,3.267
17.013333586851758,3.2
17.04000025391579,3.144
17.066666920979817,3.079
17.093333588043848,3.139
17.12000025510788,3.108
17.14666692217191,3.04
17.17333358923594,2.998
17.200000256299973,3.051
17.226666923364004,3.138
17.253333590428035,3.183
17.280000257492066,3.103
17.306666924556097,3.033
17.33333359162013,3.046
17.36000025868416,3.001
17.38666692574819,3.029
17.413333592812222,2.961
17.440000259876253,2.953
17.46666692694028,2.967
17.493333594004312,3.004
17.520000261068343,3.014
17.546666928132375,3.035
17.573333595196406,2.965
17.600000262260437,3.014
17.626666929324468,2.98
17.6533335963885,3.031
17.68000026345253,3.122
17.706666930516562,3.12
17.733333597580593,3.174
17.760000264644624,3.069
17.786666931708655,2.969
17.813333598772687,2.955
17.840000265836718,3.01
17.866666932900745,3.074
17.893333599964777,3.161
17.920000267028808,3.19
17.94666693409284,3.193
17.97333360115687,3.137
18.0000002682209,3.041
18.026666935284933,2.935
18.053333602348964,2.88
18.080000269412995,2.923
18.106666936477023,2.951
18.133333603541057,3.036
18.16000027060509,2.986
18.18666693766912,3.004
18.21333360473315,2.938
18.240000271797182,3.039
18.266666938861214,2.964
18.29333360592524,2.963
18.320000272989272,2.788
18.346666940053304,2.861
18.37333360711733,2.85
18.40000027418137,2.888
18.4266669412454,2.824
18.45333360830943,2.817
18.48000027537346,2.946
18.50666694243749,3.015
18.53333360950152,3.115
18.560000276565557,2.97
18.586666943629584,2.902
18.613333610693616,2.806
18.640000277757647,2.77
18.66666694482168,2.854
18.693333611885706,2.919
18.720000278949737,2.865
18.746666946013768,2.778
18.7733336130778,2.635
18.80000028014183,2.684
18.82666694720586,2.657
18.853333614269893,2.729
18.880000281333924,2.793
18.906666948397955,2.755
18.933333615461983,2.731
18.960000282526018,2.694
18.98666694959005,2.696
19.01333361665408,2.636
19.04000028371811,2.608
19.066666950782142,2.71
19.09333361784617,2.761
19.1200002849102,2.741
19.146666951974236,2.694
19.173333619038264,2.711
19.20000028610229,2.714
19.22666695316633,2.56
19.25333362023036,2.584
19.28000028729439,2.673
19.30666695435842,2.678
19.33333362142245,2.759
19.36000028848648,2.777
19.386666955550517,2.964
19.413333622614545,2.903
19.440000289678576,2.86
19.466666956742607,2.738
19.493333623806635,2.762
19.520000290870662,2.657
19.546666957934697,2.631
19.573333624998728,2.599
