time_min,absorb_mau
0.0,0.001
0.0100000001490116,0.005
0.0200000002980232,-0.011
0.0300000004470348,-0.026
0.0400000005960464,-0.033
0.050000000745058,-0.046
0.0600000008940696,-0.068
0.0700000010430812,-0.071
0.0800000011920929,-0.077
0.0900000013411045,-0.125
0.1000000014901161,-0.15
0.1100000016391277,-0.14
0.1200000017881393,-0.173
0.1300000019371509,-0.221
0.1400000020861625,-0.25
0.1500000022351741,-0.261
0.1600000023841858,-0.255
0.1700000025331974,-0.23
0.180000002682209,-0.19
0.1900000028312206,-0.192
0.2000000029802322,-0.183
0.2100000031292438,-0.141
0.2200000032782554,-0.113
0.2300000034272671,-0.095
0.2400000035762786,-0.138
0.2500000037252903,-0.186
0.2600000038743019,-0.236
0.2700000040233135,-0.256
0.2800000041723251,-0.257
0.2900000043213367,-0.269
0.3000000044703483,-0.277
0.31000000461936,-0.266
0.3200000047683716,-0.252
0.3300000049173832,-0.233
0.3400000050663948,-0.22
0.3500000052154064,-0.217
0.360000005364418,-0.259
0.3700000055134296,-0.285
0.3800000056624412,-0.291
0.3900000058114529,-0.28
0.4000000059604645,-0.253
0.4100000061094761,-0.147
0.4200000062584877,0.095
0.4300000064074993,0.502
0.4400000065565109,1.611
0.4500000067055225,3.069
0.4600000068545342,5.996
0.4700000070035457,9.876
0.4800000071525573,15.103
0.490000007301569,22.718
0.5000000074505806,31.327
0.5100000075995922,44.005
0.5200000077486039,58.081
0.5300000078976155,74.556
0.5400000080466271,93.312
0.5500000081956387,112.961
0.5600000083446502,135.019
0.570000008493662,158.074
0.5800000086426735,182.758
0.5900000087916851,210.675
0.6000000089406967,239.751
0.6100000090897083,275.258
0.62000000923872,313.211
0.6300000093877316,356.637
0.6400000095367432,404.924
0.6500000096857548,455.989
0.6600000098347664,511.607
0.6700000099837781,567.441
0.6800000101327897,619.512
0.6900000102818012,667.746
0.7000000104308128,709.855
0.7100000105798244,739.476
0.7200000107288361,763.351
0.7300000108778477,769.147
0.7400000110268593,766.983
0.7500000111758709,753.967
0.7600000113248825,730.623
0.7700000114738942,702.236
0.7800000116229058,665.168
0.7900000117719174,625.258
0.800000011920929,585.602
0.8100000120699405,547.254
0.8200000122189522,508.479
0.8300000123679638,472.114
0.8400000125169754,435.925
0.850000012665987,404.739
0.8600000128149986,376.858
0.8700000129640103,350.433
0.8800000131130219,326.043
0.8900000132620335,303.695
0.9000000134110451,284.408
0.9100000135600568,266.819
0.9200000137090684,251.071
0.93000001385808,237.259
0.9400000140070917,224.187
0.9500000141561032,213.44
0.9600000143051148,202.591
0.9700000144541264,193.087
0.980000014603138,184.881
0.9900000147521496,176.545
1.0000000149011612,169.516
1.010000015050173,162.856
1.0200000151991844,156.878
1.030000015348196,151.359
1.0400000154972078,146.041
1.0500000156462193,141.257
1.060000015795231,136.534
1.0700000159442424,132.135
1.080000016093254,127.967
1.0900000162422658,123.912
1.100000016391277,120.015
1.110000016540289,116.247
1.1200000166893005,112.832
1.1300000168383122,109.6
1.140000016987324,106.491
1.1500000171363354,103.555
1.160000017285347,100.593
1.1700000174343586,97.743
1.1800000175833705,95.017
1.190000017732382,92.443
1.2000000178813934,89.826
1.2100000180304051,87.209
1.2200000181794166,84.705
1.2300000183284283,82.313
1.24000001847744,80.082
1.2500000186264515,77.932
1.2600000187754632,75.814
1.270000018924475,73.825
1.2800000190734864,71.834
1.290000019222498,69.92
1.3000000193715096,68.035
1.3100000195205213,66.17
1.3200000196695327,64.383
1.3300000198185444,62.651
1.340000019967556,61.041
1.3500000201165676,59.405
1.360000020265579,57.797
1.3700000204145908,56.297
1.3800000205636025,54.809
1.3900000207126142,53.407
1.4000000208616257,52.021
1.4100000210106374,50.655
1.4200000211596489,49.311
1.4300000213086606,47.997
1.4400000214576725,46.803
1.4500000216066835,45.637
1.4600000217556954,44.495
1.470000021904707,43.43
1.4800000220537186,42.354
1.4900000222027303,41.332
1.5000000223517418,40.335
1.5100000225007535,39.37
1.520000022649765,38.458
1.530000022798777,37.543
1.5400000229477884,36.652
1.5500000230968,35.783
1.5600000232458116,34.952
1.570000023394823,34.189
1.5800000235438347,33.444
1.5900000236928464,32.751
1.600000023841858,32.044
1.6100000239908696,31.356
1.620000024139881,30.749
1.6300000242888928,30.15
1.6400000244379045,29.552
1.650000024586916,28.976
1.6600000247359277,28.442
1.6700000248849391,27.923
1.6800000250339509,27.407
1.6900000251829626,26.951
1.700000025331974,26.481
1.7100000254809855,26.014
1.7200000256299972,25.555
1.730000025779009,25.115
1.7400000259280206,24.714
1.750000026077032,24.319
1.7600000262260438,23.95
1.7700000263750553,23.582
1.780000026524067,23.216
1.790000026673079,22.806
1.80000002682209,22.432
1.8100000269711016,22.137
1.820000027120113,21.8
1.830000027269125,21.446
1.8400000274181367,21.088
1.850000027567148,20.717
1.86000002771616,20.352
1.8700000278651716,20.012
1.880000028014183,19.702
1.8900000281631948,19.336
1.9000000283122065,18.983
1.910000028461218,18.683
1.9200000286102292,18.378
1.9300000287592407,18.08
1.9400000289082528,17.849
1.9500000290572643,17.634
1.960000029206276,17.438
1.9700000293552875,17.249
1.9800000295042992,17.074
1.990000029653311,16.877
2.0000000298023224,16.681
2.010000029951334,16.493
2.020000030100346,16.288
2.030000030249357,16.067
2.0400000303983687,15.844
2.0500000305473804,15.628
2.060000030696392,15.456
2.070000030845404,15.289
2.0800000309944155,15.139
2.090000031143427,14.979
2.1000000312924385,14.821
2.11000003144145,14.677
2.120000031590462,14.524
2.1300000317394736,14.385
2.140000031888485,14.267
2.150000032037497,14.151
2.1600000321865083,13.981
2.17000003233552,13.806
2.180000032484532,13.636
2.190000032633543,13.518
2.200000032782554,13.418
2.2100000329315663,13.288
2.220000033080578,13.137
2.2300000332295897,12.945
2.240000033378601,12.798
2.2500000335276127,12.679
2.2600000336766244,12.577
2.270000033825636,12.475
2.280000033974648,12.34
2.290000034123659,12.196
2.3000000342726707,12.068
2.3100000344216824,11.939
2.320000034570694,11.818
2.330000034719706,11.69
2.340000034868717,11.564
2.350000035017729,11.45
2.3600000351667405,11.291
2.370000035315752,11.136
2.380000035464764,11.027
2.390000035613775,10.918
2.400000035762787,10.813
2.4100000359117986,10.687
2.4200000360608103,10.55
2.430000036209822,10.416
2.440000036358833,10.296
2.450000036507845,10.219
2.4600000366568566,10.143
2.4700000368058683,10.068
2.48000003695488,9.984
2.4900000371038917,9.916
2.500000037252903,9.875
2.5100000374019147,9.783
2.5200000375509264,9.673
2.530000037699938,9.601
2.5400000378489493,9.525
2.550000037997961,9.437
2.5600000381469727,9.35
2.5700000382959844,9.27
2.580000038444996,9.224
2.5900000385940074,9.186
2.600000038743019,9.189
2.610000038892031,9.157
2.6200000390410425,9.099
2.630000039190054,9.038
2.640000039339065,8.965
2.650000039488077,8.886
2.660000039637089,8.779
2.670000039786101,8.654
2.6800000399351123,8.549
2.6900000400841235,8.446
2.7000000402331352,8.352
2.710000040382147,8.269
2.720000040531158,8.202
2.7300000406801703,8.132
2.7400000408291816,8.057
2.7500000409781933,7.989
2.760000041127205,7.911
2.7700000412762167,7.839
2.7800000414252284,7.771
2.79000004157424,7.705
2.800000041723252,7.629
2.810000041872263,7.574
2.8200000420212747,7.558
2.8300000421702864,7.517
2.8400000423192977,7.466
2.8500000424683094,7.423
2.860000042617321,7.394
2.870000042766333,7.389
2.8800000429153445,7.347
2.890000043064356,7.293
2.9000000432133675,7.241
2.910000043362379,7.192
2.920000043511391,7.167
2.9300000436604026,7.147
2.940000043809414,7.128
2.950000043958425,7.06
2.960000044107437,6.993
2.970000044256449,6.959
2.9800000444054606,6.93
2.990000044554472,6.9
3.000000044703484,6.878
3.0100000448524957,6.85
3.020000045001507,6.8
3.0300000451505187,6.754
3.04000004529953,6.72
3.0500000454485416,6.666
3.0600000455975533,6.624
3.070000045746565,6.606
3.0800000458955767,6.548
3.090000046044588,6.449
3.1000000461936,6.381
3.1100000463426114,6.318
3.120000046491623,6.219
3.130000046640635,6.149
3.140000046789646,6.12
3.1500000469386578,6.03
3.160000047087669,5.909
3.170000047236681,5.851
3.180000047385693,5.789
3.190000047534704,5.713
3.200000047683716,5.692
3.2100000478327275,5.7
3.220000047981739,5.686
3.230000048130751,5.657
3.240000048279762,5.625
3.250000048428774,5.59
3.2600000485777856,5.561
3.2700000487267973,5.549
3.280000048875809,5.532
3.29000004902482,5.474
3.300000049173832,5.401
3.310000049322844,5.316
3.320000049471856,5.231
3.330000049620867,5.157
3.3400000497698783,5.105
3.35000004991889,5.065
3.3600000500679017,5.028
3.3700000502169134,4.95
3.380000050365925,4.872
3.3900000505149364,4.822
3.400000050663948,4.8
3.41000005081296,4.812
3.4200000509619715,4.773
3.430000051110983,4.713
3.4400000512599944,4.58
3.450000051409006,4.476
3.460000051558018,4.42
3.470000051707029,4.363
3.480000051856041,4.304
3.4900000520050525,4.19
3.500000052154064,4.106
3.510000052303076,4.083
3.520000052452088,4.065
3.5300000526010997,4.051
3.5400000527501105,4.009
3.5500000528991222,3.95
3.560000053048134,3.877
3.5700000531971456,3.822
3.5800000533461573,3.777
3.5900000534951686,3.713
3.6000000536441803,3.653
3.610000053793192,3.623
3.620000053942204,3.592
3.630000054091216,3.563
3.640000054240226,3.572
3.6500000543892384,3.579
3.66000005453825,3.558
3.6700000546872618,3.531
3.6800000548362735,3.496
3.6900000549852847,3.503
3.700000055134296,3.516
3.710000055283308,3.532
3.72000005543232,3.535
3.730000055581332,3.522
3.740000055730343,3.518
3.7500000558793545,3.512
3.760000056028366,3.51
3.770000056177378,3.494
3.7800000563263896,3.459
3.790000056475401,3.392
3.800000056624413,3.32
3.810000056773424,3.261
3.820000056922436,3.201
3.830000057071448,3.143
3.840000057220459,3.081
3.850000057369471,3.023
3.8600000575184814,2.981
3.870000057667494,2.949
3.8800000578165057,2.943
3.890000057965517,2.94
3.9000000581145287,2.936
3.910000058263541,2.934
3.920000058412552,2.937
3.930000058561564,2.953
3.940000058710575,2.952
3.9500000588595863,2.939
3.9600000590085984,2.878
3.97000005915761,2.813
3.980000059306622,2.739
3.990000059455633,2.689
4.000000059604645,2.656
4.010000059753657,2.633
4.020000059902668,2.604
4.030000060051679,2.547
4.040000060200692,2.538
4.050000060349703,2.574
4.060000060498715,2.6
4.070000060647726,2.623
4.0800000607967375,2.614
4.09000006094575,2.628
4.100000061094761,2.661
4.110000061243773,2.666
4.120000061392784,2.666
4.130000061541796,2.655
4.140000061690808,2.629
4.150000061839819,2.592
4.160000061988831,2.606
4.170000062137842,2.627
4.180000062286854,2.564
4.190000062435866,2.516
4.200000062584877,2.514
4.210000062733889,2.518
4.2200000628829,2.52
4.230000063031912,2.514
4.240000063180924,2.494
4.250000063329935,2.429
4.260000063478947,2.447
4.270000063627959,2.511
4.28000006377697,2.505
4.290000063925982,2.491
4.300000064074993,2.458
4.310000064224005,2.473
4.3200000643730165,2.525
4.330000064522028,2.536
4.34000006467104,2.524
4.350000064820051,2.397
4.360000064969063,2.322
4.370000065118075,2.294
4.380000065267086,2.26
4.390000065416098,2.217
4.400000065565109,2.124
4.410000065714121,2.056
4.420000065863133,2.023
4.430000066012144,2.018
4.440000066161156,2.018
4.450000066310167,1.966
4.46000006645918,1.92
4.470000066608191,1.883
4.480000066757202,1.882
4.490000066906214,1.887
4.500000067055225,1.836
4.5100000672042375,1.806
4.520000067353249,1.807
4.53000006750226,1.817
4.540000067651272,1.832
4.550000067800283,1.804
4.560000067949296,1.778
4.570000068098307,1.746
4.580000068247318,1.773
4.59000006839633,1.837
4.6000000685453415,1.875
4.610000068694354,1.905
4.620000068843365,1.933
4.630000068992376,1.993
4.640000069141388,2.078
4.6500000692904,2.098
4.660000069439412,2.117
4.670000069588423,2.124
4.680000069737434,2.124
4.690000069886446,2.113
4.700000070035458,2.148
4.71000007018447,2.184
4.720000070333481,2.146
4.730000070482492,2.141
4.740000070631504,2.171
4.750000070780516,2.166
4.760000070929528,2.153
4.770000071078539,2.152
4.78000007122755,2.133
4.7900000713765625,2.084
4.800000071525574,2.016
4.810000071674586,1.954
4.820000071823597,1.921
4.830000071972608,1.891
4.8400000721216205,1.871
4.850000072270632,1.801
4.860000072419644,1.717
4.870000072568655,1.728
4.880000072717666,1.748
4.890000072866679,1.803
4.90000007301569,1.824
4.910000073164702,1.825
4.920000073313713,1.819
4.9300000734627245,1.821
4.940000073611737,1.845
4.950000073760748,1.782
4.96000007390976,1.658
4.970000074058771,1.661
4.980000074207783,1.675
4.990000074356795,1.699
5.000000074505806,1.725
5.010000074654818,1.749
5.020000074803829,1.724
5.030000074952841,1.715
5.040000075101853,1.814
5.050000075250864,1.83
5.060000075399876,1.754
5.070000075548887,1.717
5.080000075697899,1.688
5.090000075846911,1.622
5.100000075995922,1.582
5.110000076144934,1.574
5.1200000762939455,1.574
5.130000076442957,1.562
5.140000076591969,1.605
5.15000007674098,1.637
5.160000076889992,1.642
5.170000077039004,1.66
5.180000077188015,1.688
5.190000077337027,1.732
5.200000077486038,1.748
5.21000007763505,1.7
5.220000077784062,1.685
5.230000077933073,1.684
5.240000078082085,1.597
5.250000078231096,1.512
5.260000078380108,1.438
5.27000007852912,1.395
5.280000078678131,1.374
5.290000078827143,1.379
5.300000078976154,1.377
5.310000079125167,1.327
5.320000079274178,1.363
5.330000079423189,1.469
5.340000079572201,1.477
5.350000079721212,1.486
5.3600000798702245,1.514
5.370000080019236,1.554
5.380000080168247,1.605
5.390000080317259,1.609
5.4000000804662704,1.611
5.410000080615283,1.558
5.420000080764294,1.536
5.430000080913305,1.566
5.440000081062317,1.579
5.4500000812113285,1.576
5.460000081360341,1.566
5.470000081509352,1.538
5.480000081658363,1.51
5.490000081807375,1.512
5.500000081956387,1.515
5.510000082105399,1.475
5.52000008225441,1.446
5.530000082403421,1.418
5.540000082552433,1.362
5.550000082701445,1.285
5.560000082850457,1.254
5.570000082999468,1.24
5.580000083148479,1.23
5.590000083297491,1.234
5.600000083446503,1.257
5.610000083595515,1.276
5.620000083744526,1.278
5.630000083893537,1.259
5.6400000840425495,1.285
5.650000084191561,1.346
5.660000084340573,1.354
5.670000084489584,1.352
5.680000084638595,1.376
5.690000084787608,1.38
5.700000084936619,1.359
5.710000085085631,1.318
5.720000085234642,1.292
5.7300000853836535,1.286
5.740000085532666,1.278
5.750000085681677,1.264
5.760000085830689,1.256
5.7700000859797,1.235
5.780000086128712,1.132
5.790000086277724,1.096
5.800000086426735,1.168
5.810000086575747,1.19
5.820000086724758,1.186
5.83000008687377,1.202
5.840000087022782,1.192
5.850000087171793,1.144
5.860000087320805,1.111
5.870000087469816,1.104
5.880000087618828,1.095
5.89000008776784,1.08
5.900000087916851,1.071
5.910000088065863,1.071
5.920000088214874,1.074
5.930000088363886,1.107
5.940000088512898,1.163
5.950000088661909,1.281
5.960000088810921,1.342
5.9700000889599325,1.352
5.980000089108944,1.306
5.990000089257956,1.272
6.000000089406967,1.261
6.010000089555979,1.264
6.020000089704991,1.276
6.030000089854002,1.234
6.040000090003014,1.19
6.050000090152025,1.192
6.060000090301037,1.202
6.070000090450049,1.23
6.08000009059906,1.222
6.090000090748072,1.198
6.100000090897083,1.178
6.110000091046095,1.164
6.120000091195107,1.17
6.130000091344118,1.13
6.14000009149313,1.074
6.150000091642141,1.062
6.1600000917911535,1.062
6.170000091940165,1.074
6.180000092089176,1.066
6.190000092238188,1.05
6.200000092387199,1.092
6.210000092536212,1.136
6.220000092685223,1.184
6.230000092834234,1.178
6.240000092983246,1.144
6.2500000931322575,1.1
6.26000009328127,1.063
6.270000093430281,1.051
6.280000093579292,1.027
6.290000093728304,0.991
6.300000093877316,0.989
6.310000094026328,0.989
6.320000094175339,1.017
6.33000009432435,1.054
6.340000094473362,1.091
6.350000094622374,1.142
6.360000094771386,1.181
6.370000094920397,1.147
6.380000095069408,1.11
6.39000009521842,1.068
6.400000095367432,1.096
6.410000095516444,1.135
6.420000095665455,1.139
6.430000095814466,1.101
6.440000095963478,1.02
6.45000009611249,0.98
6.460000096261502,0.966
6.470000096410513,0.996
6.480000096559524,0.981
6.4900000967085365,0.901
6.500000096857548,0.878
6.51000009700656,0.871
6.520000097155571,0.867
6.530000097304582,0.863
6.540000097453595,0.861
6.550000097602606,0.847
6.560000097751618,0.821
6.570000097900629,0.837
6.5800000980496405,0.828
6.590000098198653,0.745
6.600000098347664,0.741
6.610000098496676,0.786
6.620000098645687,0.829
6.6300000987946985,0.861
6.640000098943711,0.838
6.650000099092722,0.851
6.660000099241734,0.887
6.670000099390745,0.959
6.680000099539757,1.03
6.690000099688769,1.032
6.70000009983778,1.018
6.710000099986792,0.992
6.720000100135803,1.048
6.730000100284815,1.108
6.740000100433827,1.09
6.750000100582838,1.088
6.76000010073185,1.102
6.7700001008808615,1.071
6.780000101029873,1.037
6.790000101178885,1.065
6.800000101327896,1.059
6.810000101476908,0.998
6.82000010162592,0.983
6.830000101774931,0.977
6.840000101923943,0.874
6.850000102072954,0.811
6.860000102221966,0.823
6.870000102370978,0.782
6.880000102519989,0.718
6.890000102669001,0.742
6.900000102818012,0.757
6.910000102967024,0.749
6.920000103116036,0.774
6.930000103265047,0.827
6.940000103414059,0.823
6.95000010356307,0.805
6.960000103712082,0.818
6.970000103861094,0.809
6.980000104010105,0.776
6.990000104159117,0.765
7.000000104308128,0.766
7.0100001044571405,0.789
7.020000104606152,0.812
7.030000104755163,0.832
7.040000104904175,0.866
7.050000105053186,0.905
7.060000105202199,0.906
7.07000010535121,0.912
7.080000105500221,0.916
7.090000105649233,0.915
7.1000001057982445,0.912
7.110000105947257,0.93
7.120000106096268,0.942
7.130000106245279,0.95
7.140000106394291,0.96
7.150000106543303,0.971
7.160000106692315,0.963
7.170000106841326,0.948
7.180000106990337,0.924
7.190000107139349,0.91
7.200000107288361,0.897
7.210000107437373,0.853
7.220000107586384,0.822
7.230000107735395,0.812
7.240000107884407,0.817
7.250000108033419,0.832
7.260000108182431,0.823
7.270000108331442,0.82
7.280000108480453,0.808
7.2900001086294655,0.791
7.300000108778477,0.779
7.310000108927489,0.774
7.3200001090765,0.758
7.330000109225511,0.716
7.3400001093745235,0.695
7.350000109523535,0.697
7.360000109672547,0.717
7.370000109821558,0.731
7.380000109970569,0.753
7.390000110119582,0.769
7.400000110268593,0.773
7.410000110417605,0.819
7.420000110566616,0.872
7.4300001107156275,0.873
7.44000011086464,0.879
7.450000111013651,0.874
7.460000111162663,0.843
7.470000111311674,0.813
7.480000111460685,0.807
7.490000111609698,0.803
7.500000111758709,0.799
7.510000111907721,0.773
7.520000112056732,0.744
7.530000112205744,0.645
7.540000112354756,0.587
7.550000112503767,0.619
7.560000112652779,0.662
7.57000011280179,0.703
7.580000112950802,0.651
7.590000113099814,0.614
7.600000113248825,0.625
7.610000113397837,0.634
7.620000113546848,0.65
7.63000011369586,0.68
7.640000113844872,0.693
7.650000113993883,0.67
7.660000114142895,0.665
7.670000114291906,0.684
7.680000114440918,0.64
7.69000011458993,0.62
7.700000114738941,0.676
7.710000114887953,0.71
7.720000115036965,0.707
7.730000115185976,0.701
7.740000115334988,0.7
7.750000115483999,0.711
7.760000115633011,0.731
7.770000115782023,0.771
7.780000115931034,0.788
7.790000116080046,0.788
7.800000116229057,0.744
7.810000116378069,0.703
7.820000116527081,0.664
7.830000116676092,0.66
7.840000116825104,0.664
7.850000116974115,0.721
7.860000117123127,0.759
7.870000117272139,0.757
7.88000011742115,0.779
7.890000117570162,0.813
7.900000117719173,0.843
7.910000117868186,0.855
7.920000118017197,0.827
7.930000118166208,0.778
7.94000011831522,0.713
7.950000118464231,0.69
7.960000118613244,0.675
7.970000118762255,0.669
7.980000118911266,0.664
7.990000119060278,0.663
8.00000011920929,0.691
8.0100001193583,0.709
8.020000119507314,0.721
8.030000119656325,0.724
8.040000119805336,0.717
8.050000119954348,0.689
8.060000120103359,0.672
8.070000120252372,0.701
8.080000120401383,0.68
8.090000120550394,0.608
8.100000120699406,0.628
8.110000120848417,0.66
8.12000012099743,0.671
8.130000121146441,0.695
8.140000121295452,0.739
8.150000121444464,0.722
8.160000121593475,0.677
8.170000121742488,0.669
8.1800001218915,0.672
8.19000012204051,0.669
8.200000122189522,0.665
8.210000122338533,0.662
8.220000122487546,0.605
8.230000122636557,0.562
8.240000122785569,0.549
8.25000012293458,0.584
8.260000123083591,0.651
8.270000123232604,0.592
8.280000123381615,0.536
8.290000123530627,0.498
8.300000123679638,0.502
8.31000012382865,0.533
8.320000123977662,0.555
8.330000124126673,0.561
8.340000124275685,0.499
8.350000124424696,0.474
8.360000124573707,0.481
8.37000012472272,0.501
8.380000124871732,0.522
8.390000125020743,0.542
8.400000125169754,0.537
8.410000125318765,0.514
8.420000125467778,0.502
8.43000012561679,0.506
8.4400001257658,0.538
8.450000125914812,0.532
8.460000126063823,0.484
8.470000126212836,0.412
8.480000126361848,0.341
8.490000126510859,0.382
8.50000012665987,0.426
8.510000126808881,0.482
8.520000126957894,0.495
8.530000127106906,0.487
8.540000127255917,0.548
8.550000127404928,0.578
8.56000012755394,0.561
8.570000127702952,0.55
8.580000127851964,0.531
8.590000128000975,0.472
8.600000128149986,0.444
8.610000128298998,0.475
8.62000012844801,0.495
8.630000128597022,0.505
8.640000128746033,0.549
8.650000128895044,0.605
8.660000129044056,0.619
8.670000129193069,0.639
8.68000012934208,0.671
8.690000129491091,0.671
8.700000129640102,0.646
8.710000129789114,0.585
8.720000129938127,0.544
8.730000130087138,0.526
8.74000013023615,0.472
8.75000013038516,0.414
8.760000130534172,0.424
8.770000130683185,0.392
8.780000130832196,0.313
8.790000130981207,0.333
8.800000131130219,0.379
8.81000013127923,0.392
8.820000131428243,0.395
8.830000131577254,0.386
8.840000131726265,0.396
8.850000131875277,0.402
8.860000132024288,0.437
8.8700001321733,0.447
8.880000132322312,0.4
8.890000132471323,0.405
8.900000132620335,0.436
8.910000132769346,0.421
8.920000132918359,0.415
8.93000013306737,0.399
8.940000133216381,0.389
8.950000133365393,0.388
8.960000133514404,0.377
8.970000133663417,0.364
8.980000133812428,0.323
8.99000013396144,0.341
9.00000013411045,0.407
9.010000134259462,0.378
9.020000134408477,0.344
9.030000134557486,0.307
9.040000134706498,0.317
9.050000134855509,0.364
9.06000013500452,0.392
9.070000135153531,0.41
9.080000135302544,0.385
9.090000135451556,0.364
9.100000135600569,0.359
9.110000135749578,0.361
9.120000135898591,0.37
9.130000136047602,0.355
9.140000136196614,0.347
9.150000136345623,0.349
9.160000136494636,0.322
9.17000013664365,0.295
9.18000013679266,0.34
9.190000136941672,0.353
9.200000137090685,0.325
9.210000137239694,0.329
9.220000137388707,0.336
9.23000013753772,0.263
9.24000013768673,0.212
9.25000013783574,0.218
9.260000137984752,0.212
9.270000138133764,0.193
9.280000138282777,0.249
9.290000138431788,0.297
9.3000001385808,0.274
9.31000013872981,0.304
9.320000138878823,0.378
9.330000139027836,0.379
9.340000139176846,0.384
9.350000139325855,0.41
9.360000139474868,0.428
9.37000013962388,0.44
9.380000139772893,0.433
9.390000139921904,0.424
9.400000140070915,0.417
9.410000140219926,0.385
9.42000014036894,0.344
9.43000014051795,0.327
9.440000140666962,0.304
9.450000140815972,0.289
9.460000140964985,0.256
9.470000141113998,0.212
9.480000141263009,0.177
9.49000014141202,0.143
9.500000141561031,0.187
9.510000141710044,0.217
9.520000141859056,0.206
9.530000142008069,0.122
9.540000142157078,0.017
9.55000014230609,0.033
9.5600001424551,0.061
9.570000142604114,0.098
9.580000142753123,0.129
9.590000142902136,0.156
9.600000143051147,0.128
9.61000014320016,0.114
9.620000143349172,0.168
9.630000143498185,0.2
9.640000143647194,0.204
9.650000143796206,0.128
9.660000143945217,0.06
9.67000014409423,0.036
9.68000014424324,0.023
9.690000144392252,0.025
9.700000144541264,0.061
9.710000144690277,0.105
9.720000144839288,0.123
9.7300001449883,0.168
9.74000014513731,0.243
9.750000145286322,0.268
9.760000145435331,0.268
9.770000145584346,0.241
9.780000145733355,0.2
9.790000145882368,0.138
9.80000014603138,0.113
9.810000146180393,0.098
9.820000146329404,0.096
9.830000146478415,0.1
9.840000146627428,0.113
9.850000146776438,0.121
9.860000146925447,0.133
9.870000147074462,0.133
9.880000147223472,0.137
9.890000147372485,0.128
9.900000147521496,0.12
9.910000147670509,0.108
9.92000014781952,0.084
9.930000147968531,0.082
9.940000148117544,0.158
9.950000148266554,0.23
9.960000148415563,0.305
9.970000148564578,0.27
9.98000014871359,0.24
9.9900001488626,0.239
10.000000149011612,0.206
10.010000149160623,0.15
10.020000149309636,0.116
10.030000149458647,0.093
10.04000014960766,0.083
10.05000014975667,0.108
10.06000014990568,0.175
10.070000150054694,0.197
10.080000150203706,0.204
10.090000150352717,0.274
10.100000150501728,0.316
10.11000015065074,0.312
10.120000150799752,0.308
10.130000150948764,0.301
10.140000151097777,0.293
10.150000151246786,0.286
10.160000151395796,0.278
10.17000015154481,0.218
10.180000151693822,0.14
10.190000151842831,0.135
10.200000151991844,0.116
10.210000152140855,0.073
10.220000152289868,0.016
10.23000015243888,-0.043
10.240000152587893,-0.057
10.250000152736902,-0.062
10.260000152885912,-0.019
10.270000153034928,0.017
10.280000153183938,0.038
10.290000153332947,0.018
10.30000015348196,0.013
10.310000153630972,0.06
10.320000153779985,0.086
10.330000153928996,0.087
10.340000154078009,0.083
10.350000154227018,0.09
10.36000015437603,0.112
10.370000154525044,0.127
10.380000154674054,0.148
10.390000154823063,0.149
10.400000154972076,0.143
10.410000155121088,0.129
10.4200001552701,0.138
10.430000155419112,0.171
10.440000155568123,0.148
10.450000155717134,0.099
10.460000155866146,0.117
10.47000015601516,0.11
10.48000015616417,0.077
10.49000015631318,0.065
10.500000156462193,0.06
10.510000156611204,0.027
10.520000156760217,0.012
10.530000156909228,0.033
10.54000015705824,-0.006
10.55000015720725,-0.072
10.560000157356262,-0.029
10.570000157505277,0.004
10.580000157654286,0.003
10.590000157803296,-0.014
10.600000157952309,-0.039
10.61000015810132,-0.062
10.620000158250331,-0.075
