time_min,absorb_mau
0.0,-0.002
0.0016666666915019,-0.002
0.0033333333830038,-0.002
0.0050000000745058,-0.002
0.0066666667660077,-0.005
0.0083333334575096,-0.005
0.0100000001490116,-0.005
0.0116666668405135,-0.006
0.0133333335320154,-0.006
0.0150000002235174,-0.007
0.0166666669150193,-0.008
0.0183333336065212,-0.009
0.0200000002980232,-0.01
0.0216666669895251,-0.011
0.023333333681027,-0.01
0.025000000372529,-0.007
0.0266666670640309,0.002
0.0283333337555329,0.008
0.0300000004470348,0.012
0.0316666671385367,0.018
0.0333333338300387,0.025
0.0350000005215406,0.03
0.0366666672130425,0.037
0.0383333339045445,0.043
0.0400000005960464,0.048
0.0416666672875483,0.051
0.0433333339790503,0.06
0.0450000006705522,0.065
0.0466666673620541,0.069
0.0483333340535561,0.076
0.050000000745058,0.081
0.0516666674365599,0.086
0.0533333341280619,0.092
0.0550000008195638,0.097
0.0566666675110658,0.105
0.0583333342025677,0.109
0.0600000008940696,0.114
0.0616666675855716,0.12
0.0633333342770735,0.126
0.0650000009685754,0.132
0.0666666676600774,0.138
0.0683333343515793,0.143
0.0700000010430812,0.149
0.0716666677345832,0.155
0.0733333344260851,0.161
0.075000001117587,0.161
0.076666667809089,0.163
0.0783333345005909,0.165
0.0800000011920929,0.166
0.0816666678835948,0.167
0.0833333345750967,0.168
0.0850000012665987,0.169
0.0866666679581006,0.17
0.0883333346496025,0.172
0.0900000013411045,0.173
0.0916666680326064,0.182
0.0933333347241083,0.187
0.0950000014156103,0.192
0.0966666681071122,0.199
0.0983333347986141,0.206
0.1000000014901161,0.213
0.101666668181618,0.219
0.1033333348731199,0.226
0.1050000015646219,0.233
0.1066666682561238,0.239
0.1083333349476258,0.242
0.1100000016391277,0.239
0.1116666683306296,0.232
0.1133333350221316,0.227
0.1150000017136335,0.222
0.1166666684051354,0.217
0.1183333350966374,0.213
0.1200000017881393,0.209
0.1216666684796412,0.203
0.1233333351711432,0.198
0.1250000018626451,0.192
0.1266666685541471,0.187
0.128333335245649,0.177
0.1300000019371509,0.17
0.1316666686286529,0.163
0.1333333353201548,0.156
0.1350000020116567,0.149
0.1366666687031587,0.143
0.1383333353946606,0.136
0.1400000020861625,0.129
0.1416666687776645,0.126
0.1433333354691664,0.124
0.1450000021606683,0.125
0.1466666688521703,0.124
0.1483333355436722,0.123
0.1500000022351741,0.123
0.1516666689266761,0.122
0.153333335618178,0.122
0.15500000230968,0.121
0.1566666690011819,0.121
0.1583333356926838,0.118
0.1600000023841858,0.11
0.1616666690756877,0.109
0.1633333357671896,0.106
0.1650000024586916,0.103
0.1666666691501935,0.1
0.1683333358416954,0.096
0.1700000025331974,0.093
0.1716666692246993,0.09
0.1733333359162013,0.087
0.1750000026077032,0.087
0.1766666692992051,0.086
0.178333335990707,0.087
0.180000002682209,0.087
0.1816666693737109,0.086
0.1833333360652129,0.086
0.1850000027567148,0.085
0.1866666694482167,0.084
0.1883333361397187,0.084
0.1900000028312206,0.083
0.1916666695227225,0.079
0.1933333362142245,0.079
0.1950000029057264,0.081
0.1966666695972283,0.082
0.1983333362887303,0.082
0.2000000029802322,0.083
0.2016666696717342,0.084
0.2033333363632361,0.085
0.205000003054738,0.085
0.2066666697462399,0.086
0.2083333364377419,0.087
0.2100000031292438,0.093
0.2116666698207458,0.094
0.2133333365122477,0.1
0.2150000032037496,0.105
0.2166666698952516,0.11
0.2183333365867535,0.115
0.2200000032782554,0.119
0.2216666699697574,0.124
0.2233333366612593,0.129
0.2250000033527612,0.134
0.2266666700442632,0.13
0.2283333367357651,0.119
0.2300000034272671,0.113
0.231666670118769,0.105
0.2333333368102709,0.099
0.2350000035017728,0.089
0.2366666701932748,0.081
0.2383333368847767,0.073
0.2400000035762786,0.065
0.2416666702677806,0.057
0.2433333369592825,0.057
0.2450000036507845,0.064
0.2466666703422864,0.073
0.2483333370337883,0.08
0.2500000037252903,0.087
0.2516666704167922,0.094
0.2533333371082942,0.1
0.2550000037997961,0.108
0.256666670491298,0.115
0.2583333371828,0.123
0.2600000038743019,0.123
0.2616666705658038,0.119
0.2633333372573058,0.116
0.2650000039488077,0.112
0.2666666706403096,0.108
0.2683333373318116,0.103
0.2700000040233135,0.098
0.2716666707148155,0.094
0.2733333374063174,0.09
0.2750000040978193,0.085
0.2766666707893213,0.08
0.2783333374808232,0.078
0.2800000041723251,0.073
0.2816666708638271,0.069
0.283333337555329,0.066
0.285000004246831,0.063
0.2866666709383328,0.06
0.2883333376298348,0.056
0.2900000043213367,0.052
0.2916666710128387,0.049
0.2933333377043406,0.046
0.2950000043958425,0.049
0.2966666710873445,0.047
0.2983333377788464,0.046
0.3000000044703483,0.045
0.3016666711618503,0.044
0.3033333378533522,0.044
0.3050000045448541,0.043
0.3066666712363561,0.042
0.308333337927858,0.041
0.31000000461936,0.037
0.3116666713108619,0.036
0.3133333380023638,0.036
0.3150000046938658,0.036
0.3166666713853677,0.036
0.3183333380768696,0.035
0.3200000047683716,0.035
0.3216666714598735,0.035
0.3233333381513754,0.035
0.3250000048428774,0.035
0.3266666715343793,0.029
0.3283333382258813,0.014
0.3300000049173832,-0.007
0.3316666716088851,-0.026
0.3333333383003871,-0.041
0.335000004991889,-0.064
0.3366666716833909,-0.083
0.3383333383748929,-0.102
0.3400000050663948,-0.121
0.3416666717578968,-0.14
0.3433333384493987,-0.155
0.3450000051409006,-0.162
0.3466666718324026,-0.173
0.3483333385239044,-0.181
0.3500000052154064,-0.189
0.3516666719069083,-0.197
0.3533333385984103,-0.205
0.3550000052899122,-0.213
0.3566666719814141,-0.221
0.3583333386729161,-0.229
0.360000005364418,-0.237
0.3616666720559199,-0.246
0.3633333387474219,-0.25
0.3650000054389238,-0.256
0.3666666721304258,-0.26
0.3683333388219277,-0.267
0.3700000055134296,-0.273
0.3716666722049316,-0.279
0.3733333388964335,-0.285
0.3750000055879354,-0.291
0.3766666722794374,-0.289
0.3783333389709393,-0.262
0.3800000056624412,-0.237
0.3816666723539432,-0.213
0.3833333390454451,-0.188
0.3850000057369471,-0.162
0.386666672428449,-0.137
0.3883333391199509,-0.112
0.3900000058114529,-0.087
0.3916666725029548,-0.062
0.3933333391944567,-0.042
0.3950000058859587,0.076
0.3966666725774606,0.204
0.3983333392689626,0.32
0.4000000059604645,0.415
0.4016666726519664,0.556
0.4033333393434684,0.674
0.4050000060349703,0.792
0.4066666727264722,0.909
0.4083333394179742,1.027
0.4100000061094761,1.145
0.411666672800978,1.498
0.4133333394924799,1.875
0.4150000061839819,2.246
0.4166666728754838,2.616
0.4183333395669857,2.985
0.4200000062584877,3.355
0.4216666729499896,3.725
0.4233333396414916,4.094
0.4250000063329935,4.464
0.4266666730244954,4.834
0.4283333397159974,5.625
0.4300000064074993,6.504
0.4316666730990012,7.361
0.4333333397905032,8.218
0.4350000064820051,9.075
0.436666673173507,9.932
0.438333339865009,10.789
0.4400000065565109,11.475
0.4416666732480129,12.503
0.4433333399395148,13.36
0.4450000066310167,14.793
0.4466666733225187,16.436
0.4483333400140206,18.047
0.4500000067055225,19.66
0.4516666733970245,21.272
0.4533333400885264,22.885
0.4550000067800283,24.497
0.4566666734715303,26.11
0.4583333401630322,27.723
0.4600000068545342,29.335
0.4616666735460361,31.55
0.463333340237538,34.064
0.46500000692904,36.547
0.4666666736205419,39.029
0.4683333403120438,41.512
0.4700000070035457,43.995
0.4716666736950477,46.477
0.4733333403865497,48.464
0.4750000070780515,51.443
0.4766666737695535,53.925
0.4783333404610554,56.942
0.4800000071525573,60.306
0.4816666738440593,63.625
0.4833333405355612,66.95
0.4850000072270632,70.276
0.4866666739185651,73.601
0.488333340610067,76.926
0.490000007301569,80.251
0.4916666739930709,83.576
0.4933333406845728,86.901
0.4950000073760748,90.618
0.4966666740675767,94.578
0.4983333407590787,98.466
0.5000000074505806,102.36
0.5016666741420825,106.253
0.5033333408335845,110.147
0.5050000075250864,114.04
0.5066666742165884,117.155
0.5083333409080902,121.827
0.5100000075995922,125.721
0.5116666742910941,129.852
0.5133333409825961,133.232
0.515000007674098,138.058
0.5166666743656,142.081
0.5183333410571019,146.104
0.5200000077486039,149.323
0.5216666744401057,154.15
0.5233333411316077,158.174
0.5250000078231096,162.197
0.5266666745146116,166.22
0.5283333412061135,170.399
0.5300000078976155,174.531
0.5316666745891174,178.316
0.5333333412806193,182.12
0.5350000079721212,185.925
0.5366666746636232,189.73
0.5383333413551251,193.535
0.5400000080466271,196.579
0.541666674738129,201.145
0.543333341429631,204.95
0.5450000081211329,208.897
0.5466666748126348,212.277
0.5483333415041367,216.694
0.5500000081956387,220.348
0.5516666748871406,224.01
0.5533333415786426,226.94
0.5550000082701445,231.336
0.5566666749616465,234.998
0.5583333416531483,238.661
0.5600000083446502,242.324
0.5616666750361522,246.111
0.5633333417276541,250.745
0.5650000084191561,254.859
0.566666675110658,258.941
0.56833334180216,263.028
0.570000008493662,267.115
0.5716666751851638,271.202
0.5733333418766657,274.472
0.5750000085681677,279.376
0.5766666752596696,283.463
0.5783333419511716,287.55
0.5800000086426735,292.4
0.5816666753341755,299.061
0.5833333420256774,304.524
0.5850000087171793,309.993
0.5866666754086812,314.368
0.5883333421001832,320.931
0.5900000087916851,326.4
0.5916666754831871,331.869
0.593333342174689,337.338
0.595000008866191,342.807
0.5966666755576928,350.815
0.5983333422491948,358.718
0.6000000089406967,366.554
0.6016666756321987,374.403
0.6033333423237006,382.253
0.6050000090152026,390.102
0.6066666757067045,396.382
0.6083333423982065,405.801
0.6100000090897083,413.65
0.6116666757812103,421.5
0.6133333424727122,429.154
0.6150000091642142,440.983
0.6166666758557161,450.705
0.6183333425472181,460.44
0.62000000923872,468.228
0.6216666759302218,479.911
0.6233333426217238,489.646
0.6250000093132257,499.382
0.6266666760047277,509.117
0.6283333426962296,518.853
0.6300000093877316,529.942
0.6316666760792335,540.953
0.6333333427707355,551.873
0.6350000094622373,562.823
0.6366666761537393,573.773
0.6383333428452412,584.724
0.6400000095367432,595.674
0.6416666762282451,606.624
0.6433333429197471,617.575
0.645000009611249,628.525
0.6466666763027509,639.564
0.6483333429942528,649.412
0.6500000096857548,659.062
0.6516666763772567,668.757
0.6533333430687587,678.453
0.6550000097602606,688.149
0.6566666764517626,697.844
0.6583333431432645,707.54
0.6600000098347664,717.236
0.6616666765262683,726.932
0.6633333432177703,735.902
0.6650000099092722,742.316
0.6666666766007742,748.127
0.6683333432922761,754.052
0.6700000099837781,759.978
0.6716666766752799,765.904
0.6733333433667819,771.829
0.6750000100582838,777.755
0.6766666767497858,783.68
0.6783333434412877,789.606
0.6800000101327897,794.725
0.6816666768242916,796.459
0.6833333435157936,797.202
0.6850000102072954,798.01
0.6866666768987973,798.817
0.6883333435902993,799.625
0.6900000102818012,800.432
0.6916666769733032,801.24
0.6933333436648051,802.048
0.6950000103563071,802.855
0.6966666770478089,803.023
0.6983333437393109,800.211
0.7000000104308128,796.228
0.7016666771223148,792.364
0.7033333438138167,788.499
0.7050000105053187,784.635
0.7066666771968206,780.77
0.7083333438883226,776.906
0.7100000105798244,773.041
0.7116666772713264,769.177
0.7133333439628283,764.931
0.7150000106543303,758.081
0.7166666773458322,750.142
0.7183333440373342,742.253
0.7200000107288361,734.373
0.721666677420338,726.493
0.7233333441118399,718.613
0.7250000108033419,710.733
0.7266666774948438,702.853
0.7283333441863458,694.973
0.7300000108778477,686.939
0.7316666775693497,677.384
0.7333333442608516,667.737
0.7350000109523535,658.118
0.7366666776438554,648.494
0.7383333443353574,638.87
0.7400000110268593,629.247
0.7416666777183613,619.623
0.7433333444098632,609.999
0.7450000111013652,600.376
0.746666677792867,590.752
0.748333344484369,580.296
0.7500000111758709,570.927
0.7516666778673728,561.644
0.7533333445588748,552.31
0.7550000112503767,542.976
0.7566666779418787,533.642
0.7583333446333806,524.307
0.7600000113248825,514.973
0.7616666780163844,505.639
0.7633333447078864,496.305
0.7650000113993883,486.51
0.7666666780908903,478.285
0.7683333447823922,470.12
0.7700000114738942,461.923
0.771666678165396,453.726
0.773333344856898,445.529
0.7750000115483999,437.332
0.7766666782399019,429.134
0.7783333449314038,420.937
0.7800000116229058,412.74
0.7816666783144077,404.132
0.7833333450059097,397.306
0.7850000116974115,390.621
0.7866666783889135,383.87
0.7883333450804154,377.118
0.7900000117719174,370.366
0.7916666784634193,363.614
0.7933333451549213,356.863
0.7950000118464232,350.111
0.7966666785379252,343.359
0.798333345229427,336.206
0.800000011920929,330.828
0.8016666786124309,325.58
0.8033333453039329,320.274
0.8050000119954348,314.967
0.8066666786869368,309.661
0.8083333453784387,304.355
0.8100000120699405,299.048
0.8116666787614425,293.742
0.8133333454529444,288.436
0.8150000121444464,282.848
0.8166666788359483,278.48
0.8183333455274503,274.376
0.8200000122189522,270.227
0.8216666789104542,266.078
0.823333345601956,261.93
0.825000012293458,257.781
0.8266666789849599,253.632
0.8283333456764619,249.484
0.8300000123679638,245.335
0.8316666790594658,241.01
0.8333333457509677,237.459
0.8350000124424696,234.254
0.8366666791339715,231.013
0.8383333458254735,227.771
0.8400000125169754,224.53
0.8416666792084774,221.288
0.8433333458999793,218.046
0.8450000125914813,214.805
0.8466666792829832,211.563
0.8483333459744851,208.204
0.850000012665987,205.314
0.851666679357489,202.768
0.8533333460489909,200.198
0.8550000127404929,197.629
0.8566666794319948,195.059
0.8583333461234968,192.49
0.8600000128149986,189.92
0.8616666795065006,187.35
0.8633333461980025,184.781
0.8650000128895045,182.144
0.8666666795810064,179.804
0.8683333462725084,177.803
0.8700000129640103,175.795
0.8716666796555123,173.788
0.8733333463470141,171.78
0.875000013038516,169.773
0.876666679730018,167.766
0.87833334642152,165.758
0.8800000131130219,163.751
0.8816666798045238,161.701
0.8833333464960258,159.747
0.8850000131875276,158.101
0.8866666798790296,156.456
0.8883333465705315,154.808
0.8900000132620335,153.16
0.8916666799535354,151.512
0.8933333466450374,149.864
0.8950000133365393,148.216
0.8966666800280413,146.568
0.8983333467195431,144.907
0.9000000134110451,143.311
0.901666680102547,142.01
0.903333346794049,140.716
0.9050000134855508,139.417
0.9066666801770528,138.118
0.9083333468685548,136.819
0.9100000135600568,135.519
0.9116666802515586,134.22
0.9133333469430606,132.921
0.9150000136345624,131.622
0.9166666803260644,130.261
0.9183333470175664,129.166
0.9200000137090684,128.082
0.9216666804005704,126.992
0.9233333470920722,125.901
0.925000013783574,124.811
0.926666680475076,123.72
0.928333347166578,122.63
0.93000001385808,121.539
0.931666680549582,120.448
0.933333347241084,119.264
0.9350000139325856,118.308
0.9366666806240876,117.35
0.9383333473155896,116.393
0.9400000140070917,115.435
0.9416666806985936,114.478
0.9433333473900954,113.521
0.9450000140815974,112.563
0.9466666807730992,111.606
0.9483333474646012,110.649
0.9500000141561032,109.626
0.9516666808476052,108.789
0.953333347539107,107.968
0.955000014230609,107.139
0.9566666809221108,106.31
0.9583333476136128,105.482
0.9600000143051148,104.653
0.9616666809966168,103.824
0.9633333476881186,102.996
0.9650000143796206,102.167
0.9666666810711224,101.267
0.9683333477626244,100.552
0.9700000144541264,99.853
0.9716666811456284,99.148
0.9733333478371302,98.444
0.9750000145286322,97.739
0.976666681220134,97.035
0.978333347911636,96.33
0.980000014603138,95.626
0.98166668129464,94.921
0.983333347986142,94.176
0.9850000146776438,93.509
0.9866666813691456,92.873
0.9883333480606477,92.231
0.9900000147521496,91.589
0.9916666814436516,90.946
0.9933333481351536,90.304
0.9950000148266556,89.662
0.9966666815181574,89.02
0.9983333482096592,88.377
1.0000000149011612,87.683
1.0016666815926631,87.066
1.003333348284165,86.494
1.005000014975667,85.918
1.006666681667169,85.342
1.008333348358671,84.765
1.010000015050173,84.189
1.0116666817416748,83.613
1.0133333484331768,83.037
1.0150000151246787,82.461
1.0166666818161805,81.85
1.0183333485076824,81.293
1.0200000151991844,80.799
1.0216666818906863,80.3
1.0233333485821885,79.802
1.0250000152736902,79.304
1.0266666819651922,78.805
1.028333348656694,78.307
1.030000015348196,77.809
1.031666682039698,77.31
1.0333333487312,76.785
1.035000015422702,76.26
1.036666682114204,75.784
1.0383333488057058,75.306
1.0400000154972078,74.828
1.0416666821887095,74.351
1.0433333488802117,73.873
1.0450000155717134,73.395
1.0466666822632154,72.918
1.0483333489547173,72.44
1.0500000156462193,71.949
1.0516666823377212,71.436
1.0533333490292232,70.984
1.055000015720725,70.534
1.056666682412227,70.082
1.058333349103729,69.629
1.060000015795231,69.177
1.061666682486733,68.725
1.0633333491782349,68.273
1.0650000158697368,67.82
1.0666666825612383,67.36
1.0683333492527405,66.855
1.0700000159442424,66.392
1.0716666826357444,65.934
1.0733333493272463,65.474
1.0750000160187485,65.014
1.0766666827102502,64.554
1.0783333494017522,64.094
1.080000016093254,63.633
1.081666682784756,63.173
1.083333349476258,62.713
1.08500001616776,62.225
1.086666682859262,61.808
1.088333349550764,61.397
1.0900000162422658,60.984
1.0916666829337676,60.57
1.0933333496252695,60.157
1.0950000163167717,59.744
1.0966666830082734,59.33
1.0983333496997754,58.917
1.100000016391277,58.503
1.1016666830827793,58.045
1.1033333497742812,57.643
1.1050000164657832,57.253
1.1066666831572851,56.858
1.108333349848787,56.464
1.110000016540289,56.07
1.111666683231791,55.675
1.113333349923293,55.281
1.1150000166147949,54.887
1.1166666833062966,54.492
1.1183333499977983,54.054
1.1200000166893005,53.669
1.1216666833808024,53.297
1.1233333500723044,52.922
1.1250000167638063,52.546
1.1266666834553083,52.17
1.1283333501468102,51.795
1.1300000168383122,51.419
1.131666683529814,51.044
1.133333350221316,50.668
1.135000016912818,50.252
1.13666668360432,49.887
1.138333350295822,49.53
1.140000016987324,49.172
1.1416666836788258,48.814
1.1433333503703276,48.456
1.1450000170618295,48.099
1.1466666837533317,47.741
1.1483333504448334,47.383
1.1500000171363354,47.025
1.151666683827837,46.632
1.1533333505193393,46.293
1.1550000172108412,45.965
1.1566666839023432,45.569
1.1583333505938451,45.305
1.160000017285347,44.975
1.161666683976849,44.645
1.163333350668351,44.315
1.165000017359853,43.985
1.1666666840513549,43.589
1.1683333507428566,43.293
1.1700000174343586,42.859
1.1716666841258605,42.586
1.1733333508173625,42.173
1.1750000175088644,41.897
1.1766666842003664,41.484
1.1783333508918683,41.208
1.1800000175833705,40.864
1.1816666842748722,40.45
1.1833333509663742,40.106
1.185000017657876,39.819
1.186666684349378,39.487
1.18833335104088,39.124
1.190000017732382,38.819
1.191666684423884,38.575
1.1933333511153856,38.271
1.1950000178068876,37.966
1.1966666844983895,37.661
1.1983333511898917,37.356
1.2000000178813934,36.991
1.2016666845728954,36.728
1.203333351264397,36.404
1.2050000179558993,36.12
1.2066666846474012,35.772
1.2083333513389032,35.54
1.2100000180304051,35.25
1.211666684721907,34.96
1.213333351413409,34.67
1.215000018104911,34.322
1.216666684796413,34.032
1.2183333514879149,33.787
1.2200000181794166,33.468
1.2216666848709186,33.13
1.2233333515624203,32.846
1.2250000182539225,32.619
1.2266666849454244,32.335
1.2283333516369264,31.994
1.2300000183284283,31.767
1.2316666850199305,31.483
1.2333333517114322,31.142
1.2350000184029342,30.91
1.236666685094436,30.606
1.238333351785938,30.337
1.24000001847744,30.011
1.241666685168942,29.795
1.2433333518604437,29.524
1.2450000185519456,29.253
1.2466666852434476,28.982
1.2483333519349495,28.658
1.2500000186264515,28.387
1.2516666853179534,28.17
1.2533333520094554,27.87
1.2550000187009571,27.586
1.2566666853924593,27.345
1.2583333520839612,27.152
1.2600000187754632,26.911
1.2616666854669651,26.622
1.263333352158467,26.429
1.265000018849969,26.187
1.266666685541471,25.898
1.2683333522329727,25.705
1.270000018924475,25.44
1.2716666856159766,25.201
1.2733333523074786,24.914
1.2750000189989803,24.723
1.2766666856904825,24.484
1.2783333523819844,24.244
1.2800000190734864,24.005
1.2816666857649883,23.717
1.2833333524564905,23.478
1.2850000191479922,23.287
1.2866666858394942,23.031
1.288333352530996,22.773
1.290000019222498,22.559
1.291666685914,22.389
1.2933333526055018,22.176
1.2950000192970037,21.92
1.2966666859885057,21.75
1.2983333526800076,21.537
1.3000000193715096,21.281
1.3016666860630115,21.068
1.3033333527545137,20.875
1.3050000194460154,20.648
1.3066666861375174,20.464
1.3083333528290193,20.278
1.3100000195205213,20.129
1.3116666862120232,19.905
1.3133333529035252,19.756
1.315000019595027,19.569
1.316666686286529,19.346
1.3183333529780308,19.159
1.3200000196695327,18.994
1.321666686361035,18.774
1.3233333530525366,18.597
1.3250000197440386,18.42
1.3266666864355403,18.278
1.3283333531270425,18.066
1.3300000198185444,17.924
1.3316666865100464,17.747
1.3333333532015483,17.535
1.3350000198930505,17.358
1.3366666865845522,17.2
1.3383333532760542,16.999
1.340000019967556,16.836
1.341666686659058,16.675
1.3433333533505598,16.546
1.3450000200420618,16.352
1.3466666867335635,16.223
1.3483333534250657,16.062
1.3500000201165676,15.868
1.3516666868080696,15.707
1.3533333534995715,15.572
1.3550000201910737,15.417
1.3566666868825754,15.247
1.3583333535740774,15.104
1.360000020265579,14.989
1.3616666869570813,14.846
1.3633333536485832,14.703
1.3650000203400852,14.56
1.3666666870315871,14.388
1.3683333537230888,14.245
1.3700000204145908,14.125
1.3716666871060927,13.981
1.3733333537975947,13.824
1.3750000204890966,13.693
1.3766666871805986,13.588
1.3783333538721003,13.457
1.3800000205636025,13.3
1.3816666872551044,13.169
1.3833333539466064,13.038
1.3850000206381083,12.908
1.3866666873296103,12.77
1.3883333540211122,12.645
1.3900000207126142,12.531
1.391666687404116,12.417
1.393333354095618,12.302
1.3950000207871198,12.211
1.3966666874786218,12.073
1.3983333541701235,11.982
1.4000000208616257,11.845
1.4016666875531276,11.73
1.4033333542446296,11.613
1.4050000209361315,11.513
1.4066666876276337,11.4
1.4083333543191354,11.301
1.4100000210106374,11.202
1.411666687702139,11.123
1.4133333543936413,11.004
1.4150000210851432,10.905
1.4166666877766452,10.806
1.418333354468147,10.707
1.4200000211596489,10.604
1.4216666878511508,10.5
1.4233333545426528,10.411
1.4250000212341547,10.322
1.4266666879256569,10.233
1.4283333546171586,10.144
1.4300000213086606,10.055
1.4316666880001625,9.983
1.4333333546916645,9.876
1.4350000213831664,9.787
1.4366666880746684,9.698
1.4383333547661703,9.628
1.4400000214576725,9.53
1.4416666881491742,9.448
1.443333354840676,9.368
1.445000021532178,9.304
1.4466666882236798,9.208
1.4483333549151818,9.128
1.4500000216066835,9.048
1.4516666882981857,8.967
1.4533333549896876,8.887
1.4550000216811896,8.8
1.4566666883726915,8.72
1.4583333550641937,8.645
1.4600000217556954,8.569
1.4616666884471974,8.493
1.463333355138699,8.417
1.4650000218302013,8.356
1.4666666885217032,8.265
1.468333355213205,8.189
1.470000021904707,8.112
1.4716666885962089,8.052
1.4733333552877108,7.971
1.4750000219792128,7.909
1.4766666886707147,7.846
1.4783333553622169,7.796
1.4800000220537186,7.72
1.4816666887452206,7.656
1.4833333554367223,7.593
1.4850000221282245,7.53
1.4866666888197264,7.467
1.4883333555112284,7.394
1.4900000222027303,7.332
1.4916666888942325,7.272
1.493333355585734,7.211
1.495000022277236,7.15
1.496666688968738,7.089
1.4983333556602398,7.041
1.5000000223517418,6.968
1.5016666890432435,6.907
1.5033333557347457,6.846
1.5050000224262476,6.792
1.5066666891177496,6.727
1.5083333558092515,6.673
1.5100000225007535,6.622
1.5116666891922554,6.58
1.5133333558837574,6.518
1.5150000225752591,6.466
1.5166666892667613,6.414
1.518333355958263,6.362
1.520000022649765,6.31
1.521666689341267,6.256
1.5233333560327689,6.197
1.5250000227242708,6.144
1.5266666894157728,6.09
1.5283333561072747,6.036
1.530000022798777,5.982
1.5316666894902786,5.938
1.5333333561817806,5.873
1.5350000228732823,5.819
1.5366666895647845,5.764
1.5383333562562864,5.719
1.5400000229477884,5.664
1.5416666896392903,5.622
1.543333356330792,5.58
1.545000023022294,5.546
1.546666689713796,5.496
1.548333356405298,5.454
1.5500000230968,5.413
1.5516666897883018,5.371
1.5533333564798038,5.329
1.5550000231713057,5.287
1.5566666898628077,5.234
1.5583333565543096,5.194
1.5600000232458116,5.149
1.5616666899373135,5.105
1.5633333566288157,5.06
1.5650000233203174,5.016
1.5666666900118194,4.971
1.568333356703321,4.927
1.570000023394823,4.882
1.571666690086325,4.846
1.573333356777827,4.8
1.5750000234693289,4.77
1.5766666901608308,4.74
1.5783333568523328,4.716
1.5800000235438347,4.679
1.581666690235337,4.648
1.5833333569268386,4.618
1.5850000236183406,4.587
1.5866666903098423,4.557
1.5883333570013445,4.523
1.5900000236928464,4.478
1.5916666903843484,4.439
1.5933333570758503,4.399
1.595000023767352,4.36
1.596666690458854,4.321
1.598333357150356,4.282
1.600000023841858,4.243
1.60166669053336,4.204
1.6033333572248618,4.165
1.6050000239163638,4.133
1.6066666906078657,4.092
1.6083333572993677,4.067
1.6100000239908696,4.04
1.6116666906823716,4.019
1.6133333573738735,3.986
1.6150000240653757,3.959
1.6166666907568774,3.932
1.6183333574483794,3.906
1.620000024139881,3.879
1.621666690831383,3.852
1.623333357522885,3.822
1.625000024214387,3.793
1.626666690905889,3.764
1.6283333575973908,3.736
1.6300000242888928,3.708
1.6316666909803947,3.679
1.6333333576718967,3.651
1.6350000243633986,3.623
1.6366666910549006,3.594
1.6383333577464023,3.566
1.6400000244379045,3.531
1.6416666911294064,3.503
1.6433333578209084,3.473
1.64500002451241,3.444
1.646666691203912,3.415
1.648333357895414,3.385
1.650000024586916,3.356
1.651666691278418,3.333
1.65333335796992,3.298
1.6550000246614218,3.268
1.6566666913529238,3.234
1.6583333580444255,3.203
1.6600000247359277,3.17
1.6616666914274296,3.138
1.6633333581189316,3.105
1.6650000248104335,3.072
1.6666666915019357,3.039
1.6683333581934374,3.006
1.6700000248849391,2.974
1.671666691576441,2.941
1.673333358267943,2.912
1.675000024959445,2.897
1.676666691650947,2.891
1.678333358342449,2.882
1.6800000250339509,2.872
1.6816666917254528,2.863
1.6833333584169548,2.853
1.6850000251084567,2.846
1.6866666917999589,2.834
1.6883333584914606,2.825
1.6900000251829626,2.807
1.6916666918744645,2.793
1.6933333585659665,2.771
1.6950000252574682,2.75
1.69666669194897,2.729
1.698333358640472,2.713
1.700000025331974,2.688
1.701666692023476,2.668
1.703333358714978,2.647
1.70500002540648,2.627
1.7066666920979818,2.607
1.7083333587894838,2.583
1.7100000254809855,2.566
1.7116666921724877,2.547
1.7133333588639896,2.528
1.7150000255554916,2.509
1.7166666922469935,2.49
1.7183333589384957,2.475
1.7200000256299972,2.452
1.7216666923214992,2.433
1.723333359013001,2.412
1.725000025704503,2.395
1.726666692396005,2.385
1.728333359087507,2.372
1.730000025779009,2.359
1.7316666924705109,2.348
1.7333333591620128,2.332
1.7350000258535148,2.319
1.7366666925450167,2.306
1.7383333592365189,2.293
1.7400000259280206,2.279
1.7416666926195226,2.269
1.7433333593110245,2.259
1.7450000260025262,2.249
1.7466666926940282,2.239
1.74833335938553,2.229
1.750000026077032,2.22
1.751666692768534,2.212
1.753333359460036,2.2
1.755000026151538,2.19
1.75666669284304,2.18
1.7583333595345418,2.167
1.7600000262260438,2.135
1.7616666929175455,2.115
1.7633333596090477,2.093
1.7650000263005496,2.076
1.7666666929920516,2.05
1.7683333596835535,2.028
1.7700000263750553,2.006
1.7716666930665572,1.984
1.7733333597580592,1.964
1.7750000264495611,1.954
1.776666693141063,1.943
1.778333359832565,1.932
1.780000026524067,1.924
1.781666693215569,1.915
1.7833333599070709,1.906
1.7850000265985728,1.899
1.7866666932900748,1.888
1.7883333599815767,1.88
1.790000026673079,1.871
1.7916666933645806,1.858
1.7933333600560826,1.845
1.7950000267475843,1.831
1.7966666934390862,1.818
1.7983333601305882,1.808
1.80000002682209,1.793
1.801666693513592,1.78
1.803333360205094,1.768
1.805000026896596,1.755
1.806666693588098,1.743
1.8083333602796,1.737
1.8100000269711016,1.739
1.811666693662604,1.733
1.8133333603541055,1.731
1.815000027045608,1.729
1.8166666937371097,1.726
1.818333360428612,1.724
1.820000027120113,1.722
1.8216666938116155,1.719
1.8233333605031168,1.717
1.8250000271946192,1.706
1.826666693886121,1.694
1.828333360577623,1.684
1.830000027269125,1.672
1.831666693960627,1.663
1.833333360652129,1.649
1.8350000273436309,1.637
1.8366666940351328,1.626
1.8383333607266348,1.614
1.8400000274181367,1.603
1.841666694109639,1.585
1.8433333608011409,1.575
1.8450000274926424,1.57
1.8466666941841443,1.561
1.8483333608756465,1.552
1.850000027567148,1.544
1.8516666942586504,1.537
1.853333360950152,1.527
1.855000027641654,1.518
1.856666694333156,1.51
1.858333361024658,1.504
1.86000002771616,1.479
1.8616666944076616,1.461
1.863333361099164,1.442
1.8650000277906655,1.426
1.866666694482168,1.403
1.8683333611736697,1.384
1.8700000278651716,1.365
1.8716666945566731,1.346
1.8733333612481755,1.327
1.8750000279396768,1.302
1.8766666946311792,1.287
1.8783333613226807,1.27
1.880000028014183,1.253
1.881666694705685,1.236
1.883333361397187,1.219
1.885000028088689,1.205
1.886666694780191,1.184
1.8883333614716928,1.167
1.8900000281631948,1.15
1.8916666948546967,1.138
1.8933333615461987,1.128
1.8950000282377004,1.111
1.8966666949292024,1.096
1.8983333616207043,1.084
1.9000000283122065,1.067
1.901666695003708,1.052
1.9033333616952104,1.037
1.905000028386712,1.023
1.906666695078214,1.008
1.908333361769716,0.992
1.910000028461218,0.984
1.91166669515272,0.972
1.9133333618442216,0.964
1.915000028535724,0.955
1.9166666952272255,0.947
1.918333361918728,0.939
1.9200000286102292,0.931
1.9216666953017316,0.922
1.9233333619932331,0.914
1.9250000286847355,0.908
1.9266666953762368,0.905
1.9283333620677392,0.905
1.9300000287592407,0.906
1.931666695450743,0.906
1.933333362142245,0.907
1.935000028833747,0.907
1.936666695525249,0.908
1.938333362216751,0.909
1.9400000289082528,0.909
1.9416666955997548,0.91
1.9433333622912567,0.905
1.9450000289827585,0.91
1.9466666956742604,0.913
1.9483333623657624,0.915
1.9500000290572643,0.918
1.9516666957487665,0.92
1.953333362440268,0.922
1.9550000291317704,0.924
1.956666695823272,0.926
1.958333362514774,0.928
1.960000029206276,0.928
1.961666695897778,0.926
1.96333336258928,0.922
1.9650000292807817,0.922
1.966666695972284,0.921
1.9683333626637856,0.92
1.9700000293552875,0.919
1.9716666960467892,0.918
1.9733333627382916,0.918
1.9750000294297931,0.917
1.9766666961212955,0.925
1.9783333628127973,0.921
1.9800000295042992,0.921
1.9816666961958007,0.92
1.983333362887303,0.918
1.985000029578805,0.917
1.986666696270307,0.916
1.988333362961809,0.915
1.990000029653311,0.914
1.9916666963448129,0.913
1.9933333630363148,0.907
1.9950000297278163,0.906
1.9966666964193185,0.908
1.9983333631108204,0.907
2.0000000298023224,0.907
2.001666696493825,0.906
2.0033333631853263,0.905
2.0050000298768285,0.905
2.00666669656833,0.904
2.008333363259832,0.903
2.010000029951334,0.901
2.011666696642836,0.891
2.013333363334338,0.883
2.01500003002584,0.874
2.016666696717342,0.866
2.018333363408844,0.858
2.020000030100346,0.85
2.0216666967918475,0.841
2.0233333634833497,0.833
2.0250000301748514,0.825
2.0266666968663536,0.822
2.0283333635578558,0.821
2.030000030249357,0.82
2.031666696940859,0.82
2.033333363632361,0.82
2.035000030323863,0.82
2.036666697015365,0.82
2.038333363706867,0.82
2.0400000303983687,0.82
2.041666697089871,0.821
2.0433333637813726,0.816
2.045000030472875,0.811
2.0466666971643765,0.812
2.0483333638558787,0.811
2.0500000305473804,0.81
2.0516666972388826,0.809
2.0533333639303843,0.808
2.0550000306218865,0.807
2.056666697313388,0.806
2.05833336400489,0.805
2.060000030696392,0.803
2.061666697387894,0.789
2.063333364079396,0.777
2.0650000307708978,0.763
2.0666666974624,0.749
2.0683333641539017,0.734
2.070000030845404,0.72
2.0716666975369056,0.706
2.073333364228408,0.692
2.075000030919909,0.678
2.076666697611412,0.664
2.0783333643029134,0.651
2.0800000309944155,0.633
2.0816666976859173,0.619
2.083333364377419,0.604
2.085000031068921,0.59
2.086666697760423,0.576
2.088333364451925,0.562
2.090000031143427,0.547
2.091666697834929,0.533
2.0933333645264307,0.521
2.095000031217933,0.514
2.0966666979094346,0.511
2.098333364600937,0.511
2.1000000312924385,0.508
2.1016666979839407,0.506
2.1033333646754424,0.503
2.1050000313669446,0.501
2.1066666980584463,0.498
2.108333364749948,0.496
2.11000003144145,0.492
2.111666698132952,0.488
2.113333364824454,0.48
2.115000031515956,0.473
2.116666698207458,0.465
2.11833336489896,0.457
2.120000031590462,0.449
2.121666698281964,0.441
2.123333364973466,0.434
2.1250000316649675,0.426
2.1266666983564697,0.418
2.1283333650479714,0.405
2.1300000317394736,0.4
2.131666698430976,0.393
2.133333365122477,0.387
2.1350000318139792,0.38
2.136666698505481,0.374
2.138333365196983,0.368
2.140000031888485,0.362
2.141666698579987,0.355
2.1433333652714888,0.349
2.145000031962991,0.347
2.1466666986544927,0.355
2.148333365345995,0.357
2.150000032037497,0.361
2.1516666987289987,0.364
2.1533333654205005,0.368
2.155000032112002,0.371
2.1566666988035044,0.375
2.158333365495006,0.379
2.1600000321865083,0.382
2.16166669887801,0.38
2.163333365569512,0.377
2.165000032261014,0.379
2.166666698952516,0.379
2.168333365644018,0.378
2.17000003233552,0.377
2.1716666990270217,0.377
2.173333365718524,0.376
2.1750000324100256,0.376
2.176666699101528,0.375
2.178333365793029,0.381
2.180000032484532,0.381
2.1816666991760334,0.382
2.183333365867535,0.383
2.1850000325590373,0.384
2.186666699250539,0.385
2.188333365942041,0.385
2.190000032633543,0.386
2.191666699325045,0.387
2.193333366016547,0.388
2.195000032708049,0.382
2.1966666993995507,0.377
2.198333366091053,0.368
2.200000032782554,0.36
2.201666699474057,0.352
2.2033333661655585,0.344
2.2050000328570607,0.336
2.2066666995485624,0.328
2.208333366240064,0.32
2.2100000329315663,0.312
2.211666699623068,0.304
2.2133333663145702,0.31
2.215000033006072,0.315
2.216666699697574,0.32
2.218333366389076,0.325
2.220000033080578,0.33
2.22166669977208,0.335
2.223333366463582,0.34
2.225000033155084,0.344
2.226666699846586,0.349
2.228333366538088,0.353
2.2300000332295897,0.342
2.2316666999210915,0.325
2.233333366612593,0.311
2.235000033304096,0.298
2.236666699995597,0.284
2.2383333666870997,0.271
2.240000033378601,0.257
2.241666700070103,0.244
2.243333366761605,0.23
2.245000033453107,0.216
2.246666700144609,0.213
2.248333366836111,0.211
2.2500000335276127,0.209
2.251666700219115,0.207
2.2533333669106166,0.204
2.2550000336021188,0.202
2.2566667002936205,0.2
2.258333366985122,0.198
2.2600000336766244,0.196
2.261666700368126,0.193
2.2633333670596283,0.189
2.26500003375113,0.175
2.266666700442632,0.161
2.268333367134134,0.149
2.270000033825636,0.136
2.271666700517138,0.124
2.27333336720864,0.112
2.2750000339001417,0.1
2.276666700591644,0.087
2.2783333672831456,0.074
2.280000033974648,0.065
2.281666700666149,0.058
2.283333367357652,0.049
2.2850000340491534,0.043
2.286666700740655,0.036
2.2883333674321573,0.029
2.290000034123659,0.022
2.291666700815161,0.015
2.293333367506663,0.009
2.295000034198165,0.002
2.296666700889667,-0.004
2.298333367581169,-0.015
2.3000000342726707,-0.026
2.301666700964173,-0.037
2.303333367655674,-0.048
2.305000034347177,-0.059
2.3066667010386785,-0.07
2.3083333677301807,-0.08
2.3100000344216824,-0.091
2.311666701113184,-0.102
2.3133333678046863,-0.113
2.315000034496188,-0.115
2.3166667011876902,-0.113
2.318333367879192,-0.113
2.320000034570694,-0.113
2.321666701262196,-0.114
2.323333367953698,-0.114
2.3250000346452,-0.115
2.326666701336702,-0.115
2.328333368028204,-0.116
2.330000034719706,-0.115
2.331666701411208,-0.117
2.3333333681027097,-0.122
2.3350000347942115,-0.125
2.336666701485713,-0.128
2.338333368177216,-0.132
2.340000034868717,-0.135
2.3416667015602197,-0.138
2.343333368251721,-0.141
2.345000034943223,-0.144
2.346666701634725,-0.154
2.348333368326227,-0.158
2.350000035017729,-0.163
2.351666701709231,-0.169
2.3533333684007327,-0.175
2.355000035092235,-0.181
2.3566667017837366,-0.187
2.358333368475239,-0.193
2.3600000351667405,-0.199
2.3616667018582422,-0.205
2.3633333685497444,-0.213
2.365000035241246,-0.228
2.3666667019327483,-0.232
2.36833336862425,-0.241
2.370000035315752,-0.249
2.371666702007254,-0.258
2.373333368698756,-0.267
2.375000035390258,-0.275
2.37666670208176,-0.284
2.3783333687732617,-0.292
2.380000035464764,-0.302
2.3816667021562656,-0.307
2.383333368847768,-0.316
2.385000035539269,-0.324
2.3866667022307717,-0.332
2.388333368922273,-0.34
2.390000035613775,-0.348
2.3916667023052773,-0.357
2.393333368996779,-0.365
2.395000035688281,-0.373
2.396666702379783,-0.378
2.398333369071285,-0.386
2.400000035762787,-0.393
2.401666702454289,-0.4
2.4033333691457908,-0.406
2.405000035837293,-0.413
2.4066667025287947,-0.419
2.408333369220297,-0.425
2.4100000359117986,-0.432
2.4116667026033003,-0.438
2.4133333692948025,-0.443
2.415000035986304,-0.445
2.4166667026778064,-0.457
2.418333369369308,-0.464
2.4200000360608103,-0.47
2.421666702752312,-0.477
2.423333369443814,-0.484
2.425000036135316,-0.491
2.426666702826818,-0.498
2.42833336951832,-0.504
2.430000036209822,-0.511
2.431666702901324,-0.51
2.433333369592826,-0.509
2.435000036284328,-0.508
2.4366667029758293,-0.507
2.4383333696673315,-0.506
2.440000036358833,-0.504
2.4416667030503354,-0.503
2.443333369741837,-0.502
2.4450000364333397,-0.5
2.446666703124841,-0.498
2.448333369816343,-0.498
2.450000036507845,-0.494
2.451666703199347,-0.493
2.453333369890849,-0.489
2.455000036582351,-0.486
2.4566667032738527,-0.483
2.458333369965355,-0.479
2.4600000366568566,-0.476
2.4616667033483584,-0.473
2.4633333700398605,-0.469
2.4650000367313623,-0.465
2.4666667034228644,-0.461
