time_min,absorb_mau
0.0,0.0
0.0100000001490116,0.001
0.0200000002980232,-0.002
0.0300000004470348,-0.06
0.0400000005960464,-0.099
0.050000000745058,-0.113
0.0600000008940696,-0.16
0.0700000010430812,-0.215
0.0800000011920929,-0.224
0.0900000013411045,-0.236
0.1000000014901161,-0.26
0.1100000016391277,-0.265
0.1200000017881393,-0.251
0.1300000019371509,-0.315
0.1400000020861625,-0.347
0.1500000022351741,-0.278
0.1600000023841858,-0.243
0.1700000025331974,-0.236
0.180000002682209,-0.26
0.1900000028312206,-0.269
0.2000000029802322,-0.206
0.2100000031292438,-0.147
0.2200000032782554,-0.081
0.2300000034272671,-0.091
0.2400000035762786,-0.121
0.2500000037252903,-0.148
0.2600000038743019,-0.16
0.2700000040233135,-0.148
0.2800000041723251,-0.197
0.2900000043213367,-0.254
0.3000000044703483,-0.228
0.31000000461936,-0.214
0.3200000047683716,-0.209
0.3300000049173832,-0.217
0.3400000050663948,-0.231
0.3500000052154064,-0.256
0.360000005364418,-0.255
0.3700000055134296,-0.215
0.3800000056624412,-0.235
0.3900000058114529,-0.286
0.4000000059604645,-0.352
0.4100000061094761,-0.366
0.4200000062584877,-0.291
0.4300000064074993,0.265
0.4400000065565109,1.071
0.4500000067055225,4.073
0.4600000068545342,8.197
0.4700000070035457,14.582
0.4800000071525573,23.331
0.490000007301569,33.359
0.5000000074505806,46.018
0.5100000075995922,58.134
0.5200000077486039,70.898
0.5300000078976155,82.822
0.5400000080466271,94.103
0.5500000081956387,101.763
0.5600000083446502,108.559
0.570000008493662,111.695
0.5800000086426735,113.577
0.5900000087916851,113.892
0.6000000089406967,112.852
0.6100000090897083,111.344
0.62000000923872,109.013
0.6300000093877316,106.398
0.6400000095367432,103.727
0.6500000096857548,101.148
0.6600000098347664,98.52
0.6700000099837781,95.972
0.6800000101327897,93.4
0.6900000102818012,91.116
0.7000000104308128,89.016
0.7100000105798244,87.096
0.7200000107288361,85.517
0.7300000108778477,84.115
0.7400000110268593,82.987
0.7500000111758709,82.138
0.7600000113248825,81.392
0.7700000114738942,81.024
0.7800000116229058,80.757
0.7900000117719174,80.692
0.800000011920929,80.722
0.8100000120699405,80.805
0.8200000122189522,81.101
0.8300000123679638,81.425
0.8400000125169754,81.794
0.850000012665987,82.194
0.8600000128149986,82.598
0.8700000129640103,82.995
0.8800000131130219,83.364
0.8900000132620335,83.645
0.9000000134110451,83.836
0.9100000135600568,83.922
0.9200000137090684,83.903
0.93000001385808,83.844
0.9400000140070917,83.606
0.9500000141561032,83.274
0.9600000143051148,82.844
0.9700000144541264,82.273
0.980000014603138,81.622
0.9900000147521496,80.961
1.0000000149011612,80.159
1.010000015050173,79.293
1.0200000151991844,78.282
1.030000015348196,77.26
1.0400000154972078,76.003
1.0500000156462193,74.747
1.060000015795231,73.482
1.0700000159442424,72.148
1.080000016093254,70.689
1.0900000162422658,69.254
1.100000016391277,67.801
1.110000016540289,66.368
1.1200000166893005,64.901
1.1300000168383122,63.513
1.140000016987324,62.006
1.1500000171363354,60.553
1.160000017285347,59.152
1.1700000174343586,57.714
1.1800000175833705,56.306
1.190000017732382,54.791
1.2000000178813934,53.298
1.2100000180304051,51.97
1.2200000181794166,50.527
1.2300000183284283,49.167
1.24000001847744,47.848
1.2500000186264515,46.583
1.2600000187754632,45.281
1.270000018924475,44.066
1.2800000190734864,42.961
1.290000019222498,41.776
1.3000000193715096,40.597
1.3100000195205213,39.513
1.3200000196695327,38.394
1.3300000198185444,37.281
1.340000019967556,36.211
1.3500000201165676,35.173
1.360000020265579,34.203
1.3700000204145908,33.262
1.3800000205636025,32.42
1.3900000207126142,31.581
1.4000000208616257,30.751
1.4100000210106374,29.986
1.4200000211596489,29.216
1.4300000213086606,28.47
1.4400000214576725,27.741
1.4500000216066835,27.039
1.4600000217556954,26.363
1.470000021904707,25.688
1.4800000220537186,25.031
1.4900000222027303,24.383
1.5000000223517418,23.768
1.5100000225007535,23.224
1.520000022649765,22.693
1.530000022798777,22.191
1.5400000229477884,21.644
1.5500000230968,21.088
1.5600000232458116,20.611
1.570000023394823,20.156
1.5800000235438347,19.748
1.5900000236928464,19.322
1.600000023841858,18.892
1.6100000239908696,18.488
1.620000024139881,18.094
1.6300000242888928,17.781
1.6400000244379045,17.44
1.650000024586916,17.081
1.6600000247359277,16.745
1.6700000248849391,16.417
1.6800000250339509,16.119
1.6900000251829626,15.812
1.700000025331974,15.502
1.7100000254809855,15.188
1.7200000256299972,14.874
1.730000025779009,14.565
1.7400000259280206,14.272
1.750000026077032,14.021
1.7600000262260438,13.734
1.7700000263750553,13.441
1.780000026524067,13.148
1.790000026673079,12.88
1.80000002682209,12.681
1.8100000269711016,12.52
1.820000027120113,12.396
1.830000027269125,12.215
1.8400000274181367,12.018
1.850000027567148,11.827
1.86000002771616,11.641
1.8700000278651716,11.46
1.880000028014183,11.277
1.8900000281631948,11.102
1.9000000283122065,10.923
1.910000028461218,10.74
1.9200000286102292,10.57
1.9300000287592407,10.484
1.9400000289082528,10.406
1.9500000290572643,10.298
1.960000029206276,10.189
1.9700000293552875,10.089
1.9800000295042992,9.981
1.990000029653311,9.863
2.0000000298023224,9.734
2.010000029951334,9.6
2.020000030100346,9.472
2.030000030249357,9.349
2.0400000303983687,9.232
2.0500000305473804,9.125
2.060000030696392,9.008
2.070000030845404,8.885
2.0800000309944155,8.75
2.090000031143427,8.619
2.1000000312924385,8.495
2.11000003144145,8.383
2.120000031590462,8.304
2.1300000317394736,8.185
2.140000031888485,8.04
2.150000032037497,7.907
2.1600000321865083,7.777
2.17000003233552,7.653
2.180000032484532,7.573
2.190000032633543,7.518
2.200000032782554,7.457
2.2100000329315663,7.39
2.220000033080578,7.306
2.2300000332295897,7.24
2.240000033378601,7.187
2.2500000335276127,7.144
2.2600000336766244,7.104
2.270000033825636,7.0
2.280000033974648,6.887
2.290000034123659,6.769
2.3000000342726707,6.73
2.3100000344216824,6.712
2.320000034570694,6.675
2.330000034719706,6.618
2.340000034868717,6.552
2.350000035017729,6.474
2.3600000351667405,6.397
2.370000035315752,6.372
2.380000035464764,6.32
2.390000035613775,6.217
2.400000035762787,6.125
2.4100000359117986,6.037
2.4200000360608103,5.969
2.430000036209822,5.915
2.440000036358833,5.882
2.450000036507845,5.825
2.4600000366568566,5.752
2.4700000368058683,5.66
2.48000003695488,5.566
2.4900000371038917,5.45
2.500000037252903,5.396
2.5100000374019147,5.387
2.5200000375509264,5.308
2.530000037699938,5.235
2.5400000378489493,5.195
2.550000037997961,5.149
2.5600000381469727,5.112
2.5700000382959844,5.111
2.580000038444996,5.106
2.5900000385940074,5.019
2.600000038743019,4.947
2.610000038892031,4.904
2.6200000390410425,4.876
2.630000039190054,4.839
2.640000039339065,4.799
2.650000039488077,4.778
2.660000039637089,4.772
2.670000039786101,4.771
2.6800000399351123,4.773
2.6900000400841235,4.802
2.7000000402331352,4.808
2.710000040382147,4.775
2.720000040531158,4.76
2.7300000406801703,4.755
2.7400000408291816,4.661
2.7500000409781933,4.587
2.760000041127205,4.553
2.7700000412762167,4.522
2.7800000414252284,4.49
2.79000004157424,4.464
2.800000041723252,4.429
2.810000041872263,4.376
2.8200000420212747,4.369
2.8300000421702864,4.397
2.8400000423192977,4.397
2.8500000424683094,4.378
2.860000042617321,4.316
2.870000042766333,4.259
2.8800000429153445,4.207
2.890000043064356,4.214
2.9000000432133675,4.224
2.910000043362379,4.18
2.920000043511391,4.125
2.9300000436604026,4.06
2.940000043809414,4.013
2.950000043958425,3.976
2.960000044107437,3.957
2.970000044256449,3.937
2.9800000444054606,3.916
2.990000044554472,3.902
3.000000044703484,3.896
3.0100000448524957,3.911
3.020000045001507,3.921
3.0300000451505187,3.928
3.04000004529953,3.906
3.0500000454485416,3.872
3.0600000455975533,3.824
3.070000045746565,3.781
3.0800000458955767,3.754
3.090000046044588,3.732
3.1000000461936,3.71
3.1100000463426114,3.682
3.120000046491623,3.665
3.130000046640635,3.665
3.140000046789646,3.659
3.1500000469386578,3.652
3.160000047087669,3.618
3.170000047236681,3.584
3.180000047385693,3.55
3.190000047534704,3.487
3.200000047683716,3.412
3.2100000478327275,3.318
3.220000047981739,3.233
3.230000048130751,3.178
3.240000048279762,3.112
3.250000048428774,3.039
3.2600000485777856,2.939
3.2700000487267973,2.852
3.280000048875809,2.886
3.29000004902482,2.919
3.300000049173832,2.954
3.310000049322844,2.953
3.320000049471856,2.942
3.330000049620867,2.986
3.3400000497698783,3.022
3.35000004991889,3.053
3.3600000500679017,3.042
3.3700000502169134,3.005
3.380000050365925,2.985
3.3900000505149364,2.971
3.400000050663948,2.974
3.41000005081296,2.963
3.4200000509619715,2.943
3.430000051110983,2.931
3.4400000512599944,2.91
3.450000051409006,2.868
3.460000051558018,2.834
3.470000051707029,2.805
3.480000051856041,2.771
3.4900000520050525,2.739
3.500000052154064,2.716
3.510000052303076,2.686
3.520000052452088,2.657
3.5300000526010997,2.644
3.5400000527501105,2.64
3.5500000528991222,2.642
3.560000053048134,2.615
3.5700000531971456,2.563
3.5800000533461573,2.48
3.5900000534951686,2.398
3.6000000536441803,2.374
3.610000053793192,2.316
3.620000053942204,2.222
3.630000054091216,2.139
3.640000054240226,2.059
3.6500000543892384,2.07
3.66000005453825,2.072
3.6700000546872618,2.074
3.6800000548362735,2.024
3.6900000549852847,1.952
3.700000055134296,2.016
3.710000055283308,2.06
3.72000005543232,2.061
3.730000055581332,2.032
3.740000055730343,1.988
3.7500000558793545,1.989
3.760000056028366,1.994
3.770000056177378,2.018
3.7800000563263896,1.995
3.790000056475401,1.937
3.800000056624413,1.895
3.810000056773424,1.864
3.820000056922436,1.85
3.830000057071448,1.814
3.840000057220459,1.758
3.850000057369471,1.718
3.8600000575184814,1.695
3.870000057667494,1.707
3.8800000578165057,1.722
3.890000057965517,1.742
3.9000000581145287,1.774
3.910000058263541,1.803
3.920000058412552,1.818
3.930000058561564,1.847
3.940000058710575,1.883
3.9500000588595863,1.872
3.9600000590085984,1.847
3.97000005915761,1.856
3.980000059306622,1.837
3.990000059455633,1.777
4.000000059604645,1.767
4.010000059753657,1.773
4.020000059902668,1.686
4.030000060051679,1.625
4.040000060200692,1.611
4.050000060349703,1.588
4.060000060498715,1.558
4.070000060647726,1.589
4.0800000607967375,1.612
4.09000006094575,1.614
4.100000061094761,1.623
4.110000061243773,1.649
4.120000061392784,1.67
4.130000061541796,1.669
4.140000061690808,1.631
4.150000061839819,1.576
4.160000061988831,1.511
4.170000062137842,1.463
4.180000062286854,1.43
4.190000062435866,1.457
4.200000062584877,1.442
4.210000062733889,1.392
4.2200000628829,1.402
4.230000063031912,1.416
4.240000063180924,1.399
4.250000063329935,1.353
4.260000063478947,1.284
4.270000063627959,1.264
4.28000006377697,1.248
4.290000063925982,1.258
4.300000064074993,1.243
4.310000064224005,1.194
4.3200000643730165,1.207
4.330000064522028,1.241
4.34000006467104,1.278
4.350000064820051,1.283
4.360000064969063,1.22
4.370000065118075,1.212
4.380000065267086,1.22
4.390000065416098,1.2
4.400000065565109,1.19
4.410000065714121,1.181
4.420000065863133,1.179
4.430000066012144,1.187
4.440000066161156,1.259
4.450000066310167,1.29
4.46000006645918,1.222
4.470000066608191,1.186
4.480000066757202,1.184
4.490000066906214,1.201
4.500000067055225,1.205
4.5100000672042375,1.202
4.520000067353249,1.172
4.53000006750226,1.114
4.540000067651272,1.141
4.550000067800283,1.192
4.560000067949296,1.231
4.570000068098307,1.214
4.580000068247318,1.132
4.59000006839633,1.104
4.6000000685453415,1.093
4.610000068694354,1.124
4.620000068843365,1.124
4.630000068992376,1.088
4.640000069141388,1.073
4.6500000692904,1.055
4.660000069439412,1.021
4.670000069588423,1.005
4.680000069737434,1.009
4.690000069886446,0.958
4.700000070035458,0.887
4.71000007018447,0.885
4.720000070333481,0.866
4.730000070482492,0.805
4.740000070631504,0.797
4.750000070780516,0.827
4.760000070929528,0.822
4.770000071078539,0.821
4.78000007122755,0.848
4.7900000713765625,0.853
4.800000071525574,0.838
4.810000071674586,0.85
4.820000071823597,0.874
4.830000071972608,0.916
4.8400000721216205,0.934
4.850000072270632,0.93
4.860000072419644,0.934
4.870000072568655,0.935
4.880000072717666,0.913
4.890000072866679,0.92
4.90000007301569,0.949
4.910000073164702,0.93
4.920000073313713,0.891
4.9300000734627245,0.836
4.940000073611737,0.804
4.950000073760748,0.799
4.96000007390976,0.829
4.970000074058771,0.868
4.980000074207783,0.83
4.990000074356795,0.802
5.000000074505806,0.794
5.010000074654818,0.846
5.020000074803829,0.919
5.030000074952841,0.897
5.040000075101853,0.878
5.050000075250864,0.868
5.060000075399876,0.868
5.070000075548887,0.878
5.080000075697899,0.905
5.090000075846911,0.918
5.100000075995922,0.884
5.110000076144934,0.873
5.1200000762939455,0.882
5.130000076442957,0.849
5.140000076591969,0.81
5.15000007674098,0.779
5.160000076889992,0.758
5.170000077039004,0.742
5.180000077188015,0.739
5.190000077337027,0.729
5.200000077486038,0.684
5.21000007763505,0.641
5.220000077784062,0.605
5.230000077933073,0.603
5.240000078082085,0.602
5.250000078231096,0.556
5.260000078380108,0.533
5.27000007852912,0.534
5.280000078678131,0.562
5.290000078827143,0.602
5.300000078976154,0.661
5.310000079125167,0.691
5.320000079274178,0.679
5.330000079423189,0.696
5.340000079572201,0.727
5.350000079721212,0.707
5.3600000798702245,0.682
5.370000080019236,0.657
5.380000080168247,0.645
5.390000080317259,0.635
5.4000000804662704,0.645
5.410000080615283,0.651
5.420000080764294,0.639
5.430000080913305,0.621
5.440000081062317,0.599
5.4500000812113285,0.582
5.460000081360341,0.543
5.470000081509352,0.457
5.480000081658363,0.422
5.490000081807375,0.429
5.500000081956387,0.438
5.510000082105399,0.444
5.52000008225441,0.444
5.530000082403421,0.443
5.540000082552433,0.443
5.550000082701445,0.482
5.560000082850457,0.531
5.570000082999468,0.526
5.580000083148479,0.509
5.590000083297491,0.481
5.600000083446503,0.459
5.610000083595515,0.448
5.620000083744526,0.496
5.630000083893537,0.525
5.6400000840425495,0.535
5.650000084191561,0.499
5.660000084340573,0.451
5.670000084489584,0.47
5.680000084638595,0.484
5.690000084787608,0.493
5.700000084936619,0.45
5.710000085085631,0.383
5.720000085234642,0.418
5.7300000853836535,0.45
5.740000085532666,0.485
5.750000085681677,0.507
5.760000085830689,0.515
5.7700000859797,0.492
5.780000086128712,0.48
5.790000086277724,0.494
5.800000086426735,0.503
5.810000086575747,0.497
5.820000086724758,0.505
5.83000008687377,0.517
5.840000087022782,0.515
5.850000087171793,0.518
5.860000087320805,0.536
5.870000087469816,0.565
5.880000087618828,0.591
5.89000008776784,0.565
5.900000087916851,0.545
5.910000088065863,0.531
5.920000088214874,0.465
5.930000088363886,0.397
5.940000088512898,0.428
5.950000088661909,0.438
5.960000088810921,0.424
5.9700000889599325,0.409
5.980000089108944,0.396
5.990000089257956,0.42
6.000000089406967,0.46
6.010000089555979,0.541
6.020000089704991,0.549
6.030000089854002,0.517
6.040000090003014,0.513
6.050000090152025,0.512
6.060000090301037,0.525
6.070000090450049,0.516
6.08000009059906,0.492
6.090000090748072,0.401
6.100000090897083,0.336
6.110000091046095,0.337
6.120000091195107,0.335
6.130000091344118,0.328
6.14000009149313,0.258
6.150000091642141,0.194
6.1600000917911535,0.165
6.170000091940165,0.178
6.180000092089176,0.235
6.190000092238188,0.202
6.200000092387199,0.158
6.210000092536212,0.132
6.220000092685223,0.144
6.230000092834234,0.203
6.240000092983246,0.246
6.2500000931322575,0.269
6.26000009328127,0.2
6.270000093430281,0.152
6.280000093579292,0.137
6.290000093728304,0.174
6.300000093877316,0.225
6.310000094026328,0.252
6.320000094175339,0.272
6.33000009432435,0.273
6.340000094473362,0.322
6.350000094622374,0.398
6.360000094771386,0.413
6.370000094920397,0.425
6.380000095069408,0.41
6.39000009521842,0.395
6.400000095367432,0.379
6.410000095516444,0.355
6.420000095665455,0.326
6.430000095814466,0.286
6.440000095963478,0.261
6.45000009611249,0.258
6.460000096261502,0.256
6.470000096410513,0.233
6.480000096559524,0.179
6.4900000967085365,0.111
6.500000096857548,0.038
6.51000009700656,0.05
6.520000097155571,0.082
6.530000097304582,0.129
6.540000097453595,0.153
6.550000097602606,0.142
6.560000097751618,0.165
6.570000097900629,0.199
6.5800000980496405,0.263
6.590000098198653,0.309
6.600000098347664,0.321
6.610000098496676,0.29
6.620000098645687,0.253
6.6300000987946985,0.262
6.640000098943711,0.26
6.650000099092722,0.237
6.660000099241734,0.204
6.670000099390745,0.171
6.680000099539757,0.124
6.690000099688769,0.089
6.70000009983778,0.101
6.710000099986792,0.112
6.720000100135803,0.117
6.730000100284815,0.099
6.740000100433827,0.083
6.750000100582838,0.069
6.76000010073185,0.096
6.7700001008808615,0.141
6.780000101029873,0.186
6.790000101178885,0.208
6.800000101327896,0.163
6.810000101476908,0.155
6.82000010162592,0.182
6.830000101774931,0.209
6.840000101923943,0.227
6.850000102072954,0.159
6.860000102221966,0.111
6.870000102370978,0.083
6.880000102519989,0.084
6.890000102669001,0.089
6.900000102818012,0.041
6.910000102967024,0.015
6.920000103116036,0.014
6.930000103265047,0.045
6.940000103414059,0.08
6.95000010356307,0.01
6.960000103712082,-0.051
6.970000103861094,-0.092
6.980000104010105,-0.068
6.990000104159117,-0.027
7.000000104308128,-0.1
7.0100001044571405,-0.15
7.020000104606152,-0.171
7.030000104755163,-0.164
7.040000104904175,-0.132
7.050000105053186,-0.107
7.060000105202199,-0.104
7.07000010535121,-0.147
7.080000105500221,-0.13
7.090000105649233,-0.065
7.1000001057982445,-0.058
7.110000105947257,-0.057
7.120000106096268,-0.031
7.130000106245279,-0.005
7.140000106394291,0.019
7.150000106543303,0.026
7.160000106692315,0.03
7.170000106841326,0.008
7.180000106990337,-0.006
7.190000107139349,-0.016
7.200000107288361,-0.035
7.210000107437373,-0.061
7.220000107586384,-0.126
7.230000107735395,-0.14
7.240000107884407,-0.1
7.250000108033419,-0.086
7.260000108182431,-0.079
7.270000108331442,-0.085
7.280000108480453,-0.069
7.2900001086294655,-0.022
7.300000108778477,-0.027
7.310000108927489,-0.042
7.3200001090765,-0.118
7.330000109225511,-0.181
7.3400001093745235,-0.21
7.350000109523535,-0.216
7.360000109672547,-0.214
7.370000109821558,-0.295
7.380000109970569,-0.345
7.390000110119582,-0.3
7.400000110268593,-0.279
7.410000110417605,-0.271
7.420000110566616,-0.234
7.4300001107156275,-0.2
7.44000011086464,-0.192
7.450000111013651,-0.167
7.460000111162663,-0.125
7.470000111311674,-0.124
7.480000111460685,-0.136
7.490000111609698,-0.15
7.500000111758709,-0.165
7.510000111907721,-0.186
7.520000112056732,-0.198
7.530000112205744,-0.207
7.540000112354756,-0.222
7.550000112503767,-0.229
7.560000112652779,-0.227
7.57000011280179,-0.209
7.580000112950802,-0.18
7.590000113099814,-0.153
7.600000113248825,-0.144
7.610000113397837,-0.16
7.620000113546848,-0.154
7.63000011369586,-0.139
7.640000113844872,-0.152
7.650000113993883,-0.165
7.660000114142895,-0.18
7.670000114291906,-0.21
7.680000114440918,-0.251
7.69000011458993,-0.255
7.700000114738941,-0.259
7.710000114887953,-0.272
7.720000115036965,-0.268
7.730000115185976,-0.253
7.740000115334988,-0.227
7.750000115483999,-0.209
7.760000115633011,-0.218
7.770000115782023,-0.25
7.780000115931034,-0.299
7.790000116080046,-0.303
7.800000116229057,-0.313
7.810000116378069,-0.35
7.820000116527081,-0.387
7.830000116676092,-0.424
7.840000116825104,-0.447
7.850000116974115,-0.457
7.860000117123127,-0.453
7.870000117272139,-0.446
7.88000011742115,-0.451
7.890000117570162,-0.427
7.900000117719173,-0.398
7.910000117868186,-0.385
7.920000118017197,-0.371
7.930000118166208,-0.351
7.94000011831522,-0.357
7.950000118464231,-0.367
7.960000118613244,-0.366
7.970000118762255,-0.377
7.980000118911266,-0.406
7.990000119060278,-0.394
8.00000011920929,-0.365
8.0100001193583,-0.393
8.020000119507314,-0.429
8.030000119656325,-0.459
8.040000119805336,-0.495
8.050000119954348,-0.544
8.060000120103359,-0.554
8.070000120252372,-0.573
8.080000120401383,-0.622
8.090000120550394,-0.616
8.100000120699406,-0.565
8.110000120848417,-0.515
8.12000012099743,-0.468
8.130000121146441,-0.444
8.140000121295452,-0.419
8.150000121444464,-0.398
8.160000121593475,-0.401
8.170000121742488,-0.401
8.1800001218915,-0.421
8.19000012204051,-0.428
8.200000122189522,-0.419
8.210000122338533,-0.44
8.220000122487546,-0.473
8.230000122636557,-0.546
8.240000122785569,-0.583
8.25000012293458,-0.57
8.260000123083591,-0.571
8.270000123232604,-0.573
8.280000123381615,-0.558
8.290000123530627,-0.53
8.300000123679638,-0.481
8.31000012382865,-0.458
8.320000123977662,-0.433
8.330000124126673,-0.401
8.340000124275685,-0.383
8.350000124424696,-0.389
8.360000124573707,-0.397
8.37000012472272,-0.407
8.380000124871732,-0.42
8.390000125020743,-0.43
8.400000125169754,-0.421
8.410000125318765,-0.412
8.420000125467778,-0.414
8.43000012561679,-0.398
8.4400001257658,-0.386
8.450000125914812,-0.399
8.460000126063823,-0.422
8.470000126212836,-0.452
8.480000126361848,-0.494
8.490000126510859,-0.522
8.50000012665987,-0.536
8.510000126808881,-0.558
8.520000126957894,-0.584
8.530000127106906,-0.611
8.540000127255917,-0.625
8.550000127404928,-0.615
8.56000012755394,-0.582
8.570000127702952,-0.519
8.580000127851964,-0.496
8.590000128000975,-0.493
8.600000128149986,-0.471
8.610000128298998,-0.47
8.62000012844801,-0.489
8.630000128597022,-0.517
8.640000128746033,-0.548
8.650000128895044,-0.55
8.660000129044056,-0.569
8.670000129193069,-0.619
8.68000012934208,-0.631
8.690000129491091,-0.629
8.700000129640102,-0.621
8.710000129789114,-0.591
8.720000129938127,-0.533
8.730000130087138,-0.494
8.74000013023615,-0.471
8.75000013038516,-0.451
8.760000130534172,-0.423
8.770000130683185,-0.412
8.780000130832196,-0.378
8.790000130981207,-0.32
8.800000131130219,-0.319
8.81000013127923,-0.333
8.820000131428243,-0.343
8.830000131577254,-0.332
8.840000131726265,-0.293
8.850000131875277,-0.312
8.860000132024288,-0.349
8.8700001321733,-0.408
8.880000132322312,-0.435
8.890000132471323,-0.429
8.900000132620335,-0.419
8.910000132769346,-0.412
8.920000132918359,-0.446
8.93000013306737,-0.489
8.940000133216381,-0.534
8.950000133365393,-0.513
8.960000133514404,-0.467
8.970000133663417,-0.462
8.980000133812428,-0.462
8.99000013396144,-0.469
9.00000013411045,-0.462
9.010000134259462,-0.446
9.020000134408477,-0.371
9.030000134557486,-0.305
9.040000134706498,-0.276
9.050000134855509,-0.306
9.06000013500452,-0.365
9.070000135153531,-0.392
9.080000135302544,-0.42
9.090000135451556,-0.453
9.100000135600569,-0.476
9.110000135749578,-0.496
9.120000135898591,-0.565
9.130000136047602,-0.611
9.140000136196614,-0.537
9.150000136345623,-0.483
9.160000136494636,-0.449
9.17000013664365,-0.385
9.18000013679266,-0.333
9.190000136941672,-0.36
9.200000137090685,-0.35
9.210000137239694,-0.296
9.220000137388707,-0.309
9.23000013753772,-0.34
9.24000013768673,-0.346
9.25000013783574,-0.363
9.260000137984752,-0.401
9.270000138133764,-0.378
9.280000138282777,-0.332
9.290000138431788,-0.328
9.3000001385808,-0.345
9.31000013872981,-0.384
9.320000138878823,-0.385
9.330000139027836,-0.378
9.340000139176846,-0.442
9.350000139325855,-0.482
9.360000139474868,-0.491
9.37000013962388,-0.476
9.380000139772893,-0.449
9.390000139921904,-0.41
9.400000140070915,-0.378
9.410000140219926,-0.402
9.42000014036894,-0.393
9.43000014051795,-0.35
9.440000140666962,-0.354
9.450000140815972,-0.372
9.460000140964985,-0.411
9.470000141113998,-0.421
9.480000141263009,-0.402
9.49000014141202,-0.431
9.500000141561031,-0.452
9.510000141710044,-0.41
9.520000141859056,-0.382
9.530000142008069,-0.371
9.540000142157078,-0.428
9.55000014230609,-0.487
9.5600001424551,-0.502
9.570000142604114,-0.5
9.580000142753123,-0.467
9.590000142902136,-0.488
9.600000143051147,-0.534
9.61000014320016,-0.557
9.620000143349172,-0.554
9.630000143498185,-0.491
9.640000143647194,-0.509
9.650000143796206,-0.57
9.660000143945217,-0.609
9.67000014409423,-0.64
9.68000014424324,-0.655
9.690000144392252,-0.682
9.700000144541264,-0.715
9.710000144690277,-0.73
9.720000144839288,-0.746
9.7300001449883,-0.751
9.74000014513731,-0.748
9.750000145286322,-0.743
9.760000145435331,-0.748
9.770000145584346,-0.746
9.780000145733355,-0.717
9.790000145882368,-0.705
9.80000014603138,-0.713
9.810000146180393,-0.688
9.820000146329404,-0.668
9.830000146478415,-0.71
9.840000146627428,-0.706
9.850000146776438,-0.659
9.860000146925447,-0.652
9.870000147074462,-0.657
9.880000147223472,-0.679
9.890000147372485,-0.679
9.900000147521496,-0.656
9.910000147670509,-0.596
9.92000014781952,-0.516
9.930000147968531,-0.532
9.940000148117544,-0.552
9.950000148266554,-0.568
9.960000148415563,-0.608
9.970000148564578,-0.648
9.98000014871359,-0.663
9.9900001488626,-0.674
10.000000149011612,-0.671
10.010000149160623,-0.646
10.020000149309636,-0.61
10.030000149458647,-0.572
10.04000014960766,-0.532
10.05000014975667,-0.477
10.06000014990568,-0.455
10.070000150054694,-0.467
10.080000150203706,-0.518
10.090000150352717,-0.574
10.100000150501728,-0.641
10.11000015065074,-0.695
10.120000150799752,-0.73
10.130000150948764,-0.762
10.140000151097777,-0.783
10.150000151246786,-0.784
10.160000151395796,-0.762
10.17000015154481,-0.711
10.180000151693822,-0.675
10.190000151842831,-0.644
10.200000151991844,-0.629
10.210000152140855,-0.605
10.220000152289868,-0.568
10.23000015243888,-0.577
10.240000152587893,-0.605
10.250000152736902,-0.655
10.260000152885912,-0.717
10.270000153034928,-0.79
10.280000153183938,-0.802
10.290000153332947,-0.792
10.30000015348196,-0.77
10.310000153630972,-0.746
10.320000153779985,-0.715
10.330000153928996,-0.705
10.340000154078009,-0.703
10.350000154227018,-0.668
10.36000015437603,-0.642
10.370000154525044,-0.66
10.380000154674054,-0.677
10.390000154823063,-0.694
10.400000154972076,-0.695
10.410000155121088,-0.688
10.4200001552701,-0.658
10.430000155419112,-0.659
10.440000155568123,-0.683
10.450000155717134,-0.694
10.460000155866146,-0.701
10.47000015601516,-0.705
10.48000015616417,-0.733
10.49000015631318,-0.779
10.500000156462193,-0.789
10.510000156611204,-0.783
10.520000156760217,-0.725
10.530000156909228,-0.699
10.54000015705824,-0.72
10.55000015720725,-0.717
10.560000157356262,-0.716
10.570000157505277,-0.712
10.580000157654286,-0.679
10.590000157803296,-0.625
10.600000157952309,-0.618
10.61000015810132,-0.634
10.620000158250331,-0.656
10.630000158399344,-0.671
10.640000158548355,-0.689
10.650000158697368,-0.66
10.660000158846378,-0.609
10.670000158995393,-0.647
10.680000159144402,-0.669
10.690000159293414,-0.644
10.700000159442425,-0.61
10.710000159591436,-0.559
10.720000159740447,-0.532
10.73000015988946,-0.513
10.740000160038472,-0.503
10.750000160187485,-0.493
10.760000160336494,-0.482
10.770000160485507,-0.475
10.780000160634518,-0.48
10.79000016078353,-0.481
10.80000016093254,-0.505
10.810000161081552,-0.549
10.820000161230563,-0.58
10.830000161379576,-0.622
10.840000161528588,-0.68
10.8500001616776,-0.716
10.86000016182661,-0.729
10.870000161975623,-0.725
10.880000162124634,-0.715
10.890000162273646,-0.7
10.900000162422655,-0.711
10.910000162571668,-0.755
10.92000016272068,-0.707
