time_min,absorb_mau
0.0,-0.02
0.0166666669150193,-0.072
0.0333333338300387,-0.105
0.050000000745058,-0.113
0.0666666676600774,-0.124
0.0833333345750967,-0.106
0.1000000014901161,-0.059
0.1166666684051354,-0.045
0.1333333353201548,-0.092
0.1500000022351741,-0.124
0.1666666691501935,-0.155
0.1833333360652129,-0.203
0.2000000029802322,-0.205
0.2166666698952516,-0.162
0.2333333368102709,-0.157
0.2500000037252903,-0.164
0.2666666706403096,-0.137
0.283333337555329,-0.123
0.3000000044703483,-0.164
0.3166666713853677,-0.141
0.3333333383003871,-0.157
0.3500000052154064,-0.167
0.3666666721304258,-0.191
0.3833333390454451,-0.192
0.4000000059604645,-0.235
0.4166666728754838,-0.218
0.4333333397905032,-0.216
0.4500000067055225,-0.212
0.4666666736205419,-0.183
0.4833333405355612,-0.096
0.5000000074505806,-0.065
0.5166666743656,0.057
0.5333333412806193,0.348
0.5500000081956387,0.841
0.566666675110658,1.618
0.5833333420256774,3.041
0.6000000089406967,5.002
0.6166666758557161,7.59
0.6333333427707355,10.977
0.6500000096857548,15.513
0.6666666766007742,21.197
0.6833333435157936,28.022
0.7000000104308128,36.387
0.7166666773458322,46.743
0.7333333442608516,58.847
0.7500000111758709,72.393
0.7666666780908903,88.036
0.7833333450059097,106.422
0.800000011920929,126.813
0.8166666788359483,149.091
0.8333333457509677,174.347
0.850000012665987,203.116
0.8666666795810064,231.956
0.8833333464960258,262.898
0.9000000134110451,296.479
0.9166666803260644,330.195
0.933333347241084,361.444
0.9500000141561032,391.859
0.9666666810711224,418.212
0.983333347986142,438.657
1.0000000149011612,453.317
1.0166666818161805,462.27
1.0333333487312,464.993
1.0500000156462193,462.474
1.0666666825612383,454.693
1.083333349476258,442.672
1.100000016391277,427.365
1.1166666833062966,409.339
1.133333350221316,389.25
1.1500000171363354,367.582
1.1666666840513549,346.034
1.1833333509663742,324.286
1.2000000178813934,302.611
1.216666684796413,281.443
1.2333333517114322,261.095
1.2500000186264515,241.937
1.266666685541471,223.224
1.2833333524564905,205.827
1.3000000193715096,189.967
1.316666686286529,175.349
1.3333333532015483,161.748
1.3500000201165676,149.168
1.3666666870315871,138.026
1.3833333539466064,127.671
1.4000000208616257,118.145
1.4166666877766452,109.319
1.4333333546916645,101.113
1.4500000216066835,93.522
1.4666666885217032,86.462
1.4833333554367223,80.122
1.5000000223517418,74.44
1.5166666892667613,69.215
1.5333333561817806,64.406
1.5500000230968,60.062
1.5666666900118194,56.064
1.5833333569268386,52.356
1.600000023841858,49.032
1.6166666907568774,46.064
1.6333333576718967,43.384
1.650000024586916,40.938
1.6666666915019357,38.655
1.6833333584169548,36.561
1.700000025331974,34.65
1.7166666922469935,32.873
1.7333333591620128,31.225
1.750000026077032,29.74
1.7666666929920516,28.383
1.7833333599070709,27.093
1.80000002682209,25.951
1.8166666937371097,24.898
1.833333360652129,23.838
1.850000027567148,22.886
1.866666694482168,22.049
1.883333361397187,21.207
1.9000000283122065,20.411
1.9166666952272255,19.724
1.933333362142245,19.123
1.9500000290572643,18.551
1.966666695972284,18.014
1.983333362887303,17.507
2.0000000298023224,16.987
2.016666696717342,16.467
2.033333363632361,15.942
2.0500000305473804,15.493
2.0666666974624,15.049
2.083333364377419,14.644
2.1000000312924385,14.26
2.116666698207458,13.926
2.133333365122477,13.595
2.150000032037497,13.293
2.166666698952516,13.019
2.183333365867535,12.781
2.200000032782554,12.553
2.216666699697574,12.306
2.233333366612593,12.097
2.2500000335276127,11.894
2.266666700442632,11.68
2.283333367357652,11.462
2.3000000342726707,11.241
2.3166667011876902,11.056
2.3333333681027097,10.844
2.350000035017729,10.673
2.3666667019327483,10.457
2.383333368847768,10.297
2.400000035762787,10.099
2.4166667026778064,9.927
2.433333369592826,9.734
2.450000036507845,9.559
2.4666667034228644,9.381
2.483333370337884,9.172
2.500000037252903,9.037
2.5166667041679225,8.921
2.533333371082942,8.821
2.550000037997961,8.712
2.5666667049129805,8.6
2.583333371828,8.431
2.600000038743019,8.271
2.6166667056580386,8.091
2.633333372573058,7.94
2.650000039488077,7.83
2.6666667064030967,7.683
2.683333373318116,7.425
2.7000000402331352,7.221
2.7166667071481547,7.06
2.7333333740631742,6.839
2.7500000409781933,6.642
2.766666707893213,6.559
2.7833333748082323,6.405
2.800000041723252,6.223
2.816666708638271,6.079
2.8333333755532903,5.984
2.8500000424683094,5.884
2.866666709383329,5.739
2.8833333762983484,5.624
2.9000000432133675,5.501
2.916666710128387,5.314
2.9333333770434065,5.122
2.950000043958425,5.01
2.966666710873445,4.906
2.9833333777884645,4.803
3.000000044703484,4.723
3.016666711618503,4.612
3.0333333785335226,4.523
3.0500000454485416,4.42
3.066666712363561,4.28
3.0833333792785806,4.175
3.1000000461936,4.13
3.116666713108619,4.102
3.1333333800236387,4.027
3.1500000469386578,3.962
3.1666667138536773,3.888
3.1833333807686968,3.792
3.200000047683716,3.679
3.2166667145987358,3.654
3.233333381513755,3.632
3.250000048428774,3.614
3.2666667153437934,3.566
3.283333382258813,3.494
3.300000049173832,3.415
3.3166667160888514,3.364
3.333333383003871,3.303
3.35000004991889,3.268
3.366666716833909,3.266
3.383333383748929,3.21
3.400000050663948,3.181
3.416666717578968,3.15
3.433333384493987,3.142
3.450000051409006,3.182
3.4666667183240256,3.168
3.483333385239045,3.075
3.500000052154064,3.067
3.516666719069084,3.11
3.533333385984103,3.009
3.5500000528991222,2.979
3.5666667198141417,3.024
3.583333386729161,2.961
3.6000000536441803,2.845
3.6166667205592,2.845
3.6333333874742193,2.858
3.6500000543892384,2.779
3.666666721304258,2.793
3.683333388219277,2.783
3.700000055134296,2.721
3.716666722049316,2.654
3.733333388964336,2.645
3.7500000558793545,2.595
3.766666722794374,2.525
3.7833333897093935,2.576
3.800000056624413,2.578
3.816666723539432,2.638
3.833333390454452,2.643
3.850000057369471,2.667
3.86666672428449,2.603
3.8833333911995096,2.572
3.9000000581145287,2.541
3.916666725029548,2.508
3.933333391944568,2.52
3.9500000588595863,2.473
3.966666725774606,2.378
3.9833333926896257,2.348
4.000000059604645,2.324
4.016666726519664,2.247
4.033333393434684,2.27
4.050000060349703,2.33
4.066666727264722,2.278
4.083333394179742,2.315
4.100000061094761,2.398
4.11666672800978,2.299
4.1333333949248,2.262
4.150000061839819,2.21
4.166666728754838,2.161
4.183333395669858,2.022
4.200000062584877,2.074
4.216666729499896,2.096
4.233333396414916,2.104
4.250000063329935,2.097
4.266666730244954,2.18
4.283333397159974,2.208
4.300000064074993,2.184
4.316666730990012,2.258
4.333333397905032,2.207
4.350000064820051,2.118
4.36666673173507,2.144
4.38333339865009,2.082
4.400000065565109,2.065
4.416666732480128,2.089
4.433333399395148,2.153
4.450000066310167,2.134
4.466666733225186,2.206
4.483333400140206,2.22
4.500000067055225,2.219
4.516666733970244,2.205
4.533333400885264,2.215
4.550000067800283,2.174
4.566666734715303,2.149
4.583333401630322,2.057
4.6000000685453415,1.991
4.616666735460361,1.896
4.6333334023753805,1.863
4.6500000692904,1.85
4.66666673620542,1.803
4.683333403120439,1.814
4.700000070035458,1.783
4.716666736950478,1.761
4.733333403865497,1.656
4.750000070780516,1.683
4.766666737695536,1.697
4.783333404610555,1.661
4.800000071525574,1.631
4.816666738440594,1.698
4.833333405355613,1.663
4.850000072270632,1.603
4.866666739185652,1.546
4.883333406100671,1.546
4.90000007301569,1.472
4.91666673993071,1.379
4.933333406845729,1.349
4.950000073760748,1.402
4.966666740675768,1.388
4.983333407590787,1.341
5.000000074505806,1.402
5.016666741420826,1.436
5.033333408335845,1.424
5.050000075250864,1.396
5.066666742165884,1.398
5.083333409080903,1.408
5.100000075995922,1.378
5.116666742910942,1.351
5.133333409825961,1.375
5.15000007674098,1.402
5.166666743656,1.368
5.183333410571019,1.338
5.200000077486038,1.314
5.216666744401058,1.249
5.233333411316077,1.199
5.250000078231096,1.221
5.266666745146116,1.202
5.283333412061135,1.168
5.300000078976154,1.205
5.316666745891174,1.228
5.333333412806193,1.13
5.350000079721212,1.112
5.366666746636232,1.182
5.383333413551251,1.151
5.4000000804662704,1.127
5.41666674738129,1.156
5.433333414296309,1.118
5.4500000812113285,1.013
5.4666667481263485,0.968
5.483333415041368,0.889
5.500000081956387,0.836
5.516666748871407,0.838
5.533333415786426,0.896
5.550000082701445,0.887
5.566666749616465,0.929
5.583333416531484,0.947
5.600000083446503,0.848
5.616666750361523,0.769
5.633333417276542,0.799
5.650000084191561,0.791
5.666666751106581,0.781
5.6833334180216,0.868
5.700000084936619,0.934
5.716666751851639,0.842
5.733333418766658,0.79
5.750000085681677,0.809
5.766666752596697,0.828
5.783333419511716,0.811
5.800000086426735,0.859
5.816666753341755,0.866
5.833333420256774,0.868
5.850000087171793,0.847
5.866666754086813,0.87
5.883333421001832,0.784
5.900000087916851,0.835
5.916666754831871,0.816
5.93333342174689,0.786
5.950000088661909,0.725
5.966666755576929,0.763
5.983333422491948,0.742
6.000000089406967,0.72
6.016666756321987,0.73
6.033333423237006,0.771
6.050000090152025,0.744
6.066666757067045,0.707
6.083333423982064,0.729
6.100000090897083,0.623
6.116666757812103,0.619
6.133333424727122,0.648
6.150000091642141,0.704
6.166666758557161,0.7
6.18333342547218,0.788
6.200000092387199,0.762
6.216666759302219,0.697
6.233333426217238,0.583
6.2500000931322575,0.565
6.266666760047277,0.495
6.2833334269622965,0.495
6.300000093877316,0.495
6.316666760792336,0.558
6.3333334277073545,0.51
6.350000094622374,0.522
6.3666667615373935,0.531
6.383333428452413,0.596
6.400000095367432,0.629
6.416666762282452,0.583
6.433333429197471,0.553
6.45000009611249,0.558
6.46666676302751,0.487
6.483333429942529,0.465
6.500000096857548,0.521
6.516666763772568,0.572
6.533333430687587,0.577
6.550000097602606,0.584
6.566666764517626,0.558
6.583333431432645,0.502
6.600000098347664,0.466
6.616666765262684,0.432
6.633333432177703,0.425
6.650000099092722,0.468
6.666666766007742,0.526
6.683333432922761,0.558
6.70000009983778,0.556
6.7166667667528,0.546
6.733333433667819,0.532
6.750000100582838,0.517
6.766666767497858,0.448
6.783333434412877,0.402
6.800000101327896,0.424
6.816666768242916,0.432
6.833333435157935,0.378
6.850000102072954,0.36
6.866666768987974,0.358
6.883333435902993,0.291
6.900000102818012,0.248
6.916666769733032,0.267
6.933333436648051,0.303
6.95000010356307,0.322
6.96666677047809,0.375
6.983333437393109,0.392
7.000000104308128,0.393
7.016666771223148,0.372
7.033333438138167,0.367
7.050000105053186,0.34
7.066666771968206,0.31
7.083333438883225,0.316
7.1000001057982445,0.326
7.116666772713264,0.371
7.133333439628284,0.391
7.150000106543303,0.45
7.1666667734583225,0.411
7.1833334403733415,0.431
7.200000107288361,0.427
7.216666774203379,0.406
7.2333334411184,0.342
7.250000108033419,0.373
7.266666774948439,0.398
7.283333441863458,0.398
7.300000108778477,0.338
7.316666775693497,0.375
7.333333442608516,0.391
7.350000109523535,0.343
7.366666776438555,0.33
7.383333443353574,0.433
7.400000110268593,0.468
7.416666777183613,0.49
7.433333444098632,0.515
7.450000111013651,0.516
7.466666777928671,0.553
7.48333344484369,0.484
7.500000111758709,0.422
7.516666778673729,0.398
7.533333445588748,0.414
7.550000112503767,0.305
7.566666779418787,0.277
7.583333446333806,0.303
7.600000113248825,0.344
7.616666780163845,0.304
7.633333447078864,0.34
7.650000113993883,0.347
7.666666780908903,0.341
7.683333447823922,0.186
7.700000114738941,0.116
7.716666781653961,0.081
7.73333344856898,0.167
7.750000115483999,0.108
7.766666782399019,0.171
7.783333449314038,0.27
7.800000116229057,0.242
7.816666783144077,0.175
7.833333450059096,0.203
7.850000116974115,0.214
7.866666783889135,0.205
7.883333450804154,0.226
7.900000117719173,0.242
7.916666784634193,0.217
7.933333451549212,0.232
7.950000118464231,0.201
7.966666785379251,0.2
7.9833334522942705,0.248
8.00000011920929,0.293
8.01666678612431,0.336
8.033333453039328,0.379
8.050000119954348,0.429
8.066666786869368,0.453
8.083333453784386,0.374
8.100000120699406,0.3
8.116666787614426,0.278
8.133333454529444,0.238
8.150000121444464,0.16
8.166666788359484,0.139
8.183333455274502,0.108
8.200000122189522,0.064
8.216666789104542,0.047
8.23333345601956,-0.02
8.25000012293458,-0.084
8.2666667898496,-0.08
8.283333456764618,-0.039
8.300000123679638,-0.046
8.316666790594658,0.0
8.333333457509676,0.091
8.350000124424696,0.14
8.366666791339716,0.128
8.383333458254734,0.163
8.400000125169754,0.172
8.416666792084774,0.128
8.433333458999792,0.131
8.450000125914812,0.103
8.466666792829832,0.059
8.48333345974485,0.063
8.50000012665987,0.129
8.51666679357489,0.142
8.533333460489908,0.158
8.550000127404928,0.181
8.566666794319948,0.163
8.583333461234966,0.181
8.600000128149986,0.164
8.616666795065006,0.143
8.633333461980024,0.142
8.650000128895044,0.142
8.666666795810064,0.095
8.683333462725082,0.091
8.700000129640102,0.1
8.716666796555122,0.067
8.73333346347014,0.036
8.75000013038516,-0.013
8.76666679730018,-0.003
8.783333464215199,0.016
8.800000131130219,0.035
8.816666798045238,0.019
8.833333464960257,0.076
8.850000131875277,0.102
8.866666798790297,0.077
8.883333465705315,0.052
8.900000132620335,0.045
8.916666799535355,0.075
8.933333466450373,0.028
8.950000133365393,0.052
8.966666800280413,0.067
8.98333346719543,0.057
9.00000013411045,-0.005
9.01666680102547,-0.006
9.033333467940489,0.01
9.050000134855509,-0.014
9.066666801770529,0.042
9.083333468685549,0.085
9.100000135600569,0.088
9.116666802515589,0.008
9.133333469430609,0.004
9.150000136345623,-0.085
9.166666803260645,-0.101
9.183333470175665,-0.145
9.200000137090685,-0.09
9.216666804005705,-0.107
9.233333470920725,-0.015
9.25000013783574,-0.046
9.26666680475076,0.015
9.28333347166578,-0.039
9.3000001385808,0.006
9.31666680549582,-0.003
9.33333347241084,-0.008
9.350000139325855,-0.087
9.366666806240875,-0.071
9.383333473155895,-0.101
9.400000140070915,-0.203
9.416666806985935,-0.242
9.433333473900955,-0.192
9.450000140815972,-0.212
9.466666807730991,-0.215
9.483333474646011,-0.171
9.500000141561031,-0.133
9.516666808476051,-0.156
9.533333475391071,-0.139
9.55000014230609,-0.128
9.56666680922111,-0.112
9.58333347613613,-0.125
9.600000143051147,-0.097
9.616666809966167,-0.189
9.633333476881187,-0.228
9.650000143796206,-0.231
9.666666810711224,-0.233
9.683333477626244,-0.298
9.700000144541264,-0.253
9.716666811456284,-0.215
9.733333478371303,-0.219
9.750000145286322,-0.231
9.766666812201342,-0.16
9.783333479116362,-0.117
9.80000014603138,-0.174
9.8166668129464,-0.227
9.83333347986142,-0.174
9.850000146776438,-0.237
9.866666813691458,-0.327
9.883333480606478,-0.302
9.900000147521496,-0.225
9.916666814436516,-0.23
9.933333481351536,-0.18
9.950000148266554,-0.118
9.966666815181574,-0.094
9.983333482096594,-0.1
10.000000149011612,-0.133
10.016666815926632,-0.193
10.033333482841652,-0.22
10.05000014975667,-0.22
10.06666681667169,-0.3
10.08333348358671,-0.38
10.100000150501728,-0.383
10.116666817416748,-0.362
10.133333484331768,-0.379
10.150000151246786,-0.331
10.166666818161806,-0.304
10.183333485076826,-0.308
10.200000151991844,-0.308
10.216666818906864,-0.313
10.233333485821884,-0.307
10.250000152736902,-0.279
10.266666819651922,-0.24
10.283333486566942,-0.23
10.30000015348196,-0.18
10.31666682039698,-0.193
10.333333487312,-0.257
10.350000154227018,-0.254
10.366666821142038,-0.262
10.383333488057058,-0.307
10.400000154972076,-0.307
10.416666821887096,-0.242
10.433333488802116,-0.231
10.450000155717134,-0.282
10.466666822632154,-0.258
10.483333489547174,-0.271
10.500000156462193,-0.307
10.516666823377212,-0.352
10.533333490292232,-0.31
10.55000015720725,-0.285
10.56666682412227,-0.263
10.58333349103729,-0.228
10.600000157952309,-0.169
10.616666824867329,-0.132
10.633333491782349,-0.107
10.650000158697368,-0.09
10.666666825612388,-0.029
10.683333492527408,-0.022
10.700000159442425,-0.067
10.716666826357445,-0.121
10.733333493272465,-0.164
10.750000160187485,-0.21
10.766666827102505,-0.249
10.783333494017525,-0.234
10.80000016093254,-0.211
10.81666682784756,-0.192
10.83333349476258,-0.202
10.8500001616776,-0.153
10.86666682859262,-0.144
10.88333349550764,-0.246
10.900000162422655,-0.329
10.916666829337675,-0.335
10.933333496252695,-0.32
10.950000163167717,-0.256
10.966666830082737,-0.208
10.983333496997757,-0.193
11.000000163912771,-0.15
11.016666830827791,-0.219
11.033333497742811,-0.262
11.050000164657831,-0.238
11.066666831572851,-0.143
11.083333498487873,-0.179
11.10000016540289,-0.234
11.11666683231791,-0.221
11.13333349923293,-0.216
11.150000166147947,-0.238
11.166666833062967,-0.183
11.183333499977987,-0.161
11.200000166893004,-0.249
11.216666833808024,-0.247
11.233333500723043,-0.314
11.250000167638063,-0.393
11.266666834553083,-0.351
11.283333501468103,-0.306
11.30000016838312,-0.38
11.31666683529814,-0.345
11.33333350221316,-0.381
11.35000016912818,-0.385
11.3666668360432,-0.444
11.38333350295822,-0.431
11.400000169873238,-0.395
11.416666836788258,-0.356
11.433333503703278,-0.45
11.450000170618296,-0.446
11.466666837533316,-0.418
11.483333504448336,-0.434
11.500000171363354,-0.425
11.516666838278374,-0.374
11.533333505193394,-0.294
11.550000172108412,-0.251
11.566666839023432,-0.241
11.583333505938452,-0.211
11.60000017285347,-0.244
11.61666683976849,-0.301
11.63333350668351,-0.317
11.650000173598528,-0.326
11.666666840513548,-0.37
11.683333507428568,-0.333
11.700000174343586,-0.278
11.716666841258606,-0.272
11.733333508173626,-0.294
11.750000175088644,-0.291
11.766666842003664,-0.267
11.783333508918684,-0.304
11.800000175833702,-0.362
11.816666842748722,-0.359
11.833333509663742,-0.355
11.85000017657876,-0.362
11.86666684349378,-0.341
11.8833335104088,-0.281
11.900000177323818,-0.243
11.916666844238838,-0.221
11.933333511153858,-0.2
11.950000178068876,-0.161
11.966666844983896,-0.129
11.983333511898916,-0.152
12.000000178813934,-0.185
12.016666845728954,-0.214
12.033333512643974,-0.259
12.050000179558992,-0.294
12.066666846474012,-0.278
12.083333513389032,-0.265
12.10000018030405,-0.261
12.11666684721907,-0.29
12.13333351413409,-0.32
12.150000181049109,-0.365
12.166666847964128,-0.384
12.183333514879148,-0.428
12.200000181794168,-0.461
12.216666848709188,-0.484
12.233333515624206,-0.449
12.250000182539225,-0.445
12.266666849454245,-0.38
12.283333516369265,-0.346
12.300000183284284,-0.292
12.316666850199304,-0.321
12.333333517114324,-0.351
12.35000018402934,-0.406
12.36666685094436,-0.392
12.38333351785938,-0.387
12.4000001847744,-0.393
12.41666685168942,-0.366
12.43333351860444,-0.356
12.450000185519457,-0.398
12.466666852434477,-0.444
12.483333519349497,-0.452
12.500000186264517,-0.463
12.516666853179537,-0.444
12.533333520094557,-0.471
12.550000187009571,-0.465
12.566666853924591,-0.467
12.583333520839613,-0.446
12.600000187754633,-0.519
12.616666854669653,-0.452
12.633333521584673,-0.421
12.650000188499687,-0.416
12.666666855414707,-0.468
12.683333522329727,-0.487
12.700000189244747,-0.524
12.716666856159769,-0.513
12.733333523074789,-0.512
12.750000189989803,-0.482
12.766666856904823,-0.359
12.783333523819843,-0.33
12.800000190734863,-0.349
12.816666857649883,-0.457
12.833333524564903,-0.431
12.85000019147992,-0.478
12.86666685839494,-0.501
12.88333352530996,-0.541
12.90000019222498,-0.478
12.91666685914,-0.525
12.93333352605502,-0.6
12.950000192970036,-0.552
12.966666859885056,-0.523
12.983333526800076,-0.539
13.000000193715096,-0.529
13.016666860630115,-0.433
13.033333527545135,-0.535
13.050000194460154,-0.529
13.066666861375174,-0.439
13.083333528290192,-0.427
13.100000195205212,-0.492
13.116666862120232,-0.469
13.133333529035252,-0.478
13.15000019595027,-0.518
13.16666686286529,-0.522
13.18333352978031,-0.525
13.200000196695328,-0.519
13.216666863610348,-0.498
13.233333530525368,-0.553
13.250000197440386,-0.592
13.266666864355406,-0.638
13.283333531270426,-0.623
13.300000198185444,-0.633
13.316666865100464,-0.581
13.333333532015484,-0.549
13.350000198930502,-0.503
13.366666865845522,-0.541
13.383333532760542,-0.611
13.40000019967556,-0.646
13.41666686659058,-0.636
13.4333335335056,-0.633
13.450000200420618,-0.597
13.466666867335638,-0.537
13.483333534250658,-0.51
13.500000201165676,-0.539
13.516666868080696,-0.555
13.533333534995716,-0.575
13.550000201910734,-0.614
13.566666868825754,-0.651
13.583333535740774,-0.64
13.600000202655792,-0.606
13.616666869570812,-0.581
13.633333536485832,-0.593
13.65000020340085,-0.621
13.66666687031587,-0.609
13.68333353723089,-0.593
13.700000204145908,-0.57
13.716666871060928,-0.499
13.733333537975948,-0.458
13.750000204890966,-0.488
13.766666871805986,-0.493
13.783333538721006,-0.5
13.800000205636024,-0.529
13.816666872551044,-0.517
13.833333539466064,-0.46
13.850000206381084,-0.501
13.866666873296102,-0.597
13.883333540211122,-0.706
13.90000020712614,-0.777
13.91666687404116,-0.801
13.93333354095618,-0.798
13.9500002078712,-0.815
13.96666687478622,-0.753
13.98333354170124,-0.675
14.000000208616257,-0.67
14.016666875531277,-0.724
14.033333542446297,-0.668
14.050000209361317,-0.642
14.066666876276336,-0.714
14.083333543191356,-0.706
14.100000210106373,-0.677
14.116666877021393,-0.638
14.133333543936413,-0.606
14.150000210851433,-0.527
14.16666687776645,-0.526
14.18333354468147,-0.549
14.200000211596487,-0.635
14.216666878511507,-0.722
14.233333545426529,-0.722
14.250000212341549,-0.735
14.266666879256569,-0.715
14.283333546171589,-0.64
14.300000213086603,-0.545
14.316666880001623,-0.553
14.333333546916643,-0.582
14.350000213831663,-0.589
14.366666880746685,-0.624
14.383333547661705,-0.646
14.40000021457672,-0.717
14.41666688149174,-0.712
14.43333354840676,-0.733
14.45000021532178,-0.722
14.4666668822368,-0.763
14.48333354915182,-0.701
14.500000216066836,-0.704
14.516666882981855,-0.687
14.533333549896875,-0.686
14.550000216811895,-0.598
14.566666883726915,-0.555
14.583333550641935,-0.567
14.600000217556952,-0.617
14.616666884471972,-0.64
14.633333551386992,-0.73
14.650000218302011,-0.735
14.666666885217031,-0.711
14.683333552132051,-0.638
14.70000021904707,-0.615
14.71666688596209,-0.663
14.73333355287711,-0.678
14.750000219792128,-0.683
14.766666886707148,-0.702
14.783333553622167,-0.662
14.800000220537186,-0.555
14.816666887452206,-0.532
14.833333554367226,-0.62
14.850000221282244,-0.592
14.866666888197264,-0.606
14.883333555112284,-0.669
14.900000222027302,-0.689
14.916666888942322,-0.621
14.933333555857342,-0.621
14.95000022277236,-0.662
14.96666688968738,-0.641
14.9833335566024,-0.617
15.000000223517418,-0.611
15.016666890432438,-0.594
15.033333557347458,-0.562
15.050000224262476,-0.534
15.066666891177496,-0.505
15.083333558092516,-0.501
15.100000225007534,-0.548
15.116666891922554,-0.558
15.133333558837574,-0.573
15.150000225752592,-0.592
15.166666892667612,-0.644
15.183333559582632,-0.621
15.20000022649765,-0.595
15.21666689341267,-0.59
15.23333356032769,-0.585
15.250000227242708,-0.555
15.266666894157728,-0.542
15.283333561072748,-0.564
15.300000227987766,-0.595
15.316666894902786,-0.693
15.333333561817806,-0.804
15.350000228732824,-0.833
15.366666895647844,-0.836
15.383333562562864,-0.88
15.400000229477882,-0.855
15.416666896392902,-0.787
15.433333563307922,-0.778
15.45000023022294,-0.81
15.46666689713796,-0.813
15.48333356405298,-0.763
15.500000230968,-0.722
15.516666897883018,-0.706
15.533333564798038,-0.762
15.550000231713057,-0.755
15.566666898628077,-0.735
15.583333565543096,-0.756
15.600000232458116,-0.715
15.616666899373136,-0.635
15.633333566288156,-0.598
15.650000233203173,-0.602
15.666666900118193,-0.618
15.683333567033213,-0.698
15.70000023394823,-0.716
15.71666690086325,-0.685
15.73333356777827,-0.745
15.750000234693289,-0.789
15.766666901608309,-0.742
15.783333568523329,-0.778
15.800000235438349,-0.821
15.816666902353369,-0.782
15.833333569268389,-0.719
15.850000236183403,-0.739
15.866666903098425,-0.727
15.883333570013445,-0.68
15.900000236928465,-0.692
15.916666903843485,-0.71
15.933333570758505,-0.709
15.95000023767352,-0.733
15.96666690458854,-0.774
15.98333357150356,-0.778
16.00000023841858,-0.737
16.016666905333597,-0.752
16.03333357224862,-0.73
16.050000239163637,-0.685
16.066666906078655,-0.705
16.083333572993677,-0.805
16.100000239908695,-0.87
16.116666906823713,-0.922
16.133333573738735,-0.931
16.150000240653753,-0.964
16.16666690756877,-0.939
16.183333574483793,-0.861
16.20000024139881,-0.846
16.21666690831383,-0.932
16.23333357522885,-0.952
16.25000024214387,-0.95
16.266666909058888,-0.951
16.28333357597391,-0.954
16.300000242888927,-0.915
16.316666909803946,-0.852
16.333333576718967,-0.899
16.350000243633986,-1.024
16.366666910549004,-0.966
16.383333577464025,-0.975
16.400000244379044,-1.003
16.41666691129406,-1.02
16.433333578209083,-0.935
16.4500002451241,-0.905
16.46666691203912,-0.928
16.48333357895414,-0.894
16.50000024586916,-0.841
16.516666912784178,-0.846
16.5333335796992,-0.936
16.550000246614218,-0.911
16.566666913529236,-0.895
16.583333580444258,-0.841
16.600000247359276,-0.794
16.616666914274294,-0.788
16.633333581189316,-0.763
16.650000248104334,-0.778
16.666666915019352,-0.923
16.683333581934374,-0.942
16.700000248849392,-0.873
16.71666691576441,-0.914
16.733333582679432,-0.914
16.75000024959445,-0.84
16.766666916509468,-0.843
16.78333358342449,-0.901
16.800000250339508,-0.898
16.816666917254526,-0.888
16.833333584169548,-0.959
16.850000251084566,-1.0
16.866666917999584,-0.976
16.883333584914606,-0.97
16.900000251829624,-1.001
16.916666918744642,-0.982
16.933333585659664,-0.934
16.950000252574682,-0.939
16.9666669194897,-0.971
16.983333586404722,-0.985
17.00000025331974,-0.959
17.01666692023476,-0.929
17.03333358714978,-0.939
17.0500002540648,-0.969
17.066666920979817,-0.957
17.08333358789484,-0.967
17.100000254809856,-1.04
17.116666921724875,-1.076
17.133333588639896,-1.035
17.150000255554914,-1.015
17.166666922469933,-1.08
17.183333589384954,-1.082
17.200000256299973,-1.045
17.21666692321499,-1.057
17.233333590130012,-1.053
17.25000025704503,-1.007
17.26666692396005,-0.938
17.28333359087507,-0.916
17.30000025779009,-0.896
17.316666924705107,-0.88
17.33333359162013,-0.899
17.350000258535147,-0.926
17.366666925450165,-0.986
17.383333592365187,-1.022
17.400000259280205,-1.087
17.416666926195223,-1.103
17.433333593110245,-1.034
17.450000260025263,-0.966
17.46666692694028,-0.931
17.483333593855303,-0.926
17.50000026077032,-0.957
17.51666692768534,-1.108
17.53333359460036,-1.173
17.55000026151538,-1.216
17.566666928430397,-1.169
17.58333359534542,-1.103
17.600000262260437,-0.966
17.616666929175455,-0.94
17.633333596090477,-0.943
17.650000263005495,-0.977
17.666666929920513,-0.985
17.683333596835535,-0.979
17.700000263750553,-0.988
17.71666693066557,-1.006
17.733333597580593,-1.028
17.75000026449561,-0.963
17.76666693141063,-1.044
17.78333359832565,-1.01
17.80000026524067,-0.955
17.816666932155687,-0.909
17.83333359907071,-0.978
17.850000265985727,-0.922
17.866666932900745,-0.983
17.883333599815767,-1.062
17.900000266730785,-1.036
17.916666933645804,-1.001
17.933333600560825,-1.077
17.950000267475843,-1.097
17.96666693439086,-0.993
17.983333601305883,-1.12
18.0000002682209,-1.121
18.01666693513592,-1.046
18.03333360205094,-0.984
18.05000026896596,-1.003
18.066666935880978,-0.914
18.083333602796,-0.91
18.100000269711018,-0.91
18.11666693662604,-0.861
18.133333603541057,-0.835
18.15000027045608,-0.827
18.16666693737109,-0.812
18.18333360428612,-0.772
18.200000271201134,-0.825
18.216666938116155,-0.818
18.233333605031174,-0.781
18.250000271946192,-0.788
18.266666938861214,-0.86
18.28333360577623,-0.862
18.30000027269125,-0.877
18.31666693960627,-0.902
18.33333360652129,-0.887
18.350000273436308,-0.878
18.36666694035133,-0.94
18.383333607266348,-0.941
18.40000027418137,-0.916
18.416666941096388,-0.879
18.43333360801141,-0.857
18.450000274926424,-0.803
18.46666694184145,-0.844
18.483333608756464,-0.907
18.50000027567148,-0.962
18.516666942586504,-0.992
18.53333360950152,-0.997
18.55000027641654,-0.961
18.56666694333156,-0.929
18.58333361024658,-0.911
18.6000002771616,-0.914
18.61666694407662,-0.927
18.63333361099164,-0.951
18.650000277906656,-0.956
18.66666694482168,-1.015
18.683333611736696,-1.047
18.700000278651714,-1.012
18.716666945566736,-1.005
18.733333612481758,-1.046
18.75000027939677,-1.042
18.766666946311798,-0.976
18.78333361322681,-0.941
18.80000028014183,-0.925
18.81666694705685,-0.877
18.83333361397187,-0.813
18.85000028088689,-0.799
18.86666694780191,-0.84
18.88333361471693,-0.886
