time_min,absorb_mau
0.0,0.006
0.0100000001490116,-0.007
0.0200000002980232,-0.076
0.0300000004470348,-0.114
0.0400000005960464,-0.127
0.050000000745058,-0.137
0.0600000008940696,-0.158
0.0700000010430812,-0.21
0.0800000011920929,-0.245
0.0900000013411045,-0.259
0.1000000014901161,-0.254
0.1100000016391277,-0.23
0.1200000017881393,-0.235
0.1300000019371509,-0.271
0.1400000020861625,-0.343
0.1500000022351741,-0.344
0.1600000023841858,-0.316
0.1700000025331974,-0.285
0.180000002682209,-0.293
0.1900000028312206,-0.337
0.2000000029802322,-0.374
0.2100000031292438,-0.411
0.2200000032782554,-0.347
0.2300000034272671,-0.32
0.2400000035762786,-0.38
0.2500000037252903,-0.417
0.2600000038743019,-0.451
0.2700000040233135,-0.399
0.2800000041723251,-0.348
0.2900000043213367,-0.336
0.3000000044703483,-0.347
0.31000000461936,-0.38
0.3200000047683716,-0.383
0.3300000049173832,-0.372
0.3400000050663948,-0.376
0.3500000052154064,-0.369
0.360000005364418,-0.349
0.3700000055134296,-0.337
0.3800000056624412,-0.331
0.3900000058114529,-0.346
0.4000000059604645,-0.195
0.4100000061094761,0.109
0.4200000062584877,0.844
0.4300000064074993,1.882
0.4400000065565109,4.184
0.4500000067055225,7.954
0.4600000068545342,12.968
0.4700000070035457,20.798
0.4800000071525573,30.075
0.490000007301569,43.31
0.5000000074505806,59.219
0.5100000075995922,77.131
0.5200000077486039,97.391
0.5300000078976155,119.349
0.5400000080466271,143.91
0.5500000081956387,170.054
0.5600000083446502,195.637
0.570000008493662,221.853
0.5800000086426735,248.894
0.5900000087916851,280.367
0.6000000089406967,313.793
0.6100000090897083,351.562
0.62000000923872,394.887
0.6300000093877316,443.724
0.6400000095367432,503.493
0.6500000096857548,565.581
0.6600000098347664,631.522
0.6700000099837781,697.237
0.6800000101327897,761.276
0.6900000102818012,815.924
0.7000000104308128,863.798
0.7100000105798244,896.804
0.7200000107288361,914.615
0.7300000108778477,918.896
0.7400000110268593,901.731
0.7500000111758709,877.173
0.7600000113248825,837.017
0.7700000114738942,790.18
0.7800000116229058,737.146
0.7900000117719174,680.078
0.800000011920929,622.236
0.8100000120699405,568.214
0.8200000122189522,516.036
0.8300000123679638,468.918
0.8400000125169754,426.588
0.850000012665987,386.814
0.8600000128149986,354.714
0.8700000129640103,324.238
0.8800000131130219,298.431
0.8900000132620335,275.618
0.9000000134110451,254.915
0.9100000135600568,237.653
0.9200000137090684,221.28
0.93000001385808,207.313
0.9400000140070917,194.601
0.9500000141561032,183.098
0.9600000143051148,173.257
0.9700000144541264,163.932
0.980000014603138,155.979
0.9900000147521496,148.349
1.0000000149011612,141.273
1.010000015050173,135.159
1.0200000151991844,129.32
1.030000015348196,124.26
1.0400000154972078,119.191
1.0500000156462193,114.363
1.060000015795231,109.882
1.0700000159442424,105.56
1.080000016093254,101.798
1.0900000162422658,97.971
1.100000016391277,94.217
1.110000016540289,90.652
1.1200000166893005,87.188
1.1300000168383122,84.199
1.140000016987324,81.245
1.1500000171363354,78.484
1.160000017285347,75.835
1.1700000174343586,73.264
1.1800000175833705,70.838
1.190000017732382,68.438
1.2000000178813934,66.199
1.2100000180304051,64.044
1.2200000181794166,61.97
1.2300000183284283,59.969
1.24000001847744,57.97
1.2500000186264515,56.086
1.2600000187754632,54.243
1.270000018924475,52.475
1.2800000190734864,50.728
1.290000019222498,48.966
1.3000000193715096,47.264
1.3100000195205213,45.582
1.3200000196695327,43.976
1.3300000198185444,42.448
1.340000019967556,40.944
1.3500000201165676,39.54
1.360000020265579,38.159
1.3700000204145908,36.848
1.3800000205636025,35.65
1.3900000207126142,34.481
1.4000000208616257,33.388
1.4100000210106374,32.284
1.4200000211596489,31.217
1.4300000213086606,30.161
1.4400000214576725,29.128
1.4500000216066835,28.177
1.4600000217556954,27.228
1.470000021904707,26.323
1.4800000220537186,25.391
1.4900000222027303,24.491
1.5000000223517418,23.743
1.5100000225007535,23.014
1.520000022649765,22.353
1.530000022798777,21.667
1.5400000229477884,20.986
1.5500000230968,20.38
1.5600000232458116,19.8
1.570000023394823,19.318
1.5800000235438347,18.795
1.5900000236928464,18.255
1.600000023841858,17.698
1.6100000239908696,17.166
1.620000024139881,16.71
1.6300000242888928,16.28
1.6400000244379045,15.878
1.650000024586916,15.427
1.6600000247359277,15.002
1.6700000248849391,14.638
1.6800000250339509,14.306
1.6900000251829626,14.015
1.700000025331974,13.71
1.7100000254809855,13.393
1.7200000256299972,13.061
1.730000025779009,12.782
1.7400000259280206,12.578
1.750000026077032,12.339
1.7600000262260438,12.087
1.7700000263750553,11.823
1.780000026524067,11.56
1.790000026673079,11.31
1.80000002682209,11.052
1.8100000269711016,10.808
1.820000027120113,10.585
1.830000027269125,10.363
1.8400000274181367,10.143
1.850000027567148,9.968
1.86000002771616,9.799
1.8700000278651716,9.593
1.880000028014183,9.406
1.8900000281631948,9.278
1.9000000283122065,9.136
1.910000028461218,8.987
1.9200000286102292,8.827
1.9300000287592407,8.665
1.9400000289082528,8.513
1.9500000290572643,8.387
1.960000029206276,8.279
1.9700000293552875,8.104
1.9800000295042992,7.929
1.990000029653311,7.75
2.0000000298023224,7.638
2.010000029951334,7.567
2.020000030100346,7.447
2.030000030249357,7.332
2.0400000303983687,7.23
2.0500000305473804,7.128
2.060000030696392,7.034
2.070000030845404,6.931
2.0800000309944155,6.816
2.090000031143427,6.662
2.1000000312924385,6.547
2.11000003144145,6.489
2.120000031590462,6.39
2.1300000317394736,6.294
2.140000031888485,6.237
2.150000032037497,6.19
2.1600000321865083,6.156
2.17000003233552,6.109
2.180000032484532,6.051
2.190000032633543,5.94
2.200000032782554,5.841
2.2100000329315663,5.783
2.220000033080578,5.697
2.2300000332295897,5.603
2.240000033378601,5.496
2.2500000335276127,5.395
2.2600000336766244,5.3
2.270000033825636,5.215
2.280000033974648,5.128
2.290000034123659,4.999
2.3000000342726707,4.904
2.3100000344216824,4.883
2.320000034570694,4.86
2.330000034719706,4.839
2.340000034868717,4.756
2.350000035017729,4.693
2.3600000351667405,4.668
2.370000035315752,4.688
2.380000035464764,4.743
2.390000035613775,4.744
2.400000035762787,4.737
2.4100000359117986,4.745
2.4200000360608103,4.773
2.430000036209822,4.827
2.440000036358833,4.816
2.450000036507845,4.785
2.4600000366568566,4.739
2.4700000368058683,4.69
2.48000003695488,4.641
2.4900000371038917,4.584
2.500000037252903,4.524
2.5100000374019147,4.491
2.5200000375509264,4.447
2.530000037699938,4.401
2.5400000378489493,4.366
2.550000037997961,4.329
2.5600000381469727,4.263
2.5700000382959844,4.186
2.580000038444996,4.101
2.5900000385940074,4.043
2.600000038743019,3.995
2.610000038892031,4.004
2.6200000390410425,4.003
2.630000039190054,3.98
2.640000039339065,3.981
2.650000039488077,3.996
2.660000039637089,3.995
2.670000039786101,3.984
2.6800000399351123,3.944
2.6900000400841235,3.879
2.7000000402331352,3.798
2.710000040382147,3.738
2.720000040531158,3.679
2.7300000406801703,3.612
2.7400000408291816,3.552
2.7500000409781933,3.504
2.760000041127205,3.458
2.7700000412762167,3.419
2.7800000414252284,3.409
2.79000004157424,3.385
2.800000041723252,3.348
2.810000041872263,3.317
2.8200000420212747,3.284
2.8300000421702864,3.257
2.8400000423192977,3.233
2.8500000424683094,3.212
2.860000042617321,3.145
2.870000042766333,3.068
2.8800000429153445,3.021
2.890000043064356,2.978
2.9000000432133675,2.937
2.910000043362379,2.903
2.920000043511391,2.864
2.9300000436604026,2.78
2.940000043809414,2.693
2.950000043958425,2.621
2.960000044107437,2.587
2.970000044256449,2.563
2.9800000444054606,2.499
2.990000044554472,2.442
3.000000044703484,2.403
3.0100000448524957,2.37
3.020000045001507,2.348
3.0300000451505187,2.387
3.04000004529953,2.404
3.0500000454485416,2.333
3.0600000455975533,2.292
3.070000045746565,2.276
3.0800000458955767,2.237
3.090000046044588,2.201
3.1000000461936,2.157
3.1100000463426114,2.099
3.120000046491623,2.014
3.130000046640635,2.037
3.140000046789646,2.075
3.1500000469386578,2.058
3.160000047087669,2.052
3.170000047236681,2.057
3.180000047385693,2.069
3.190000047534704,2.09
3.200000047683716,2.128
3.2100000478327275,2.123
3.220000047981739,2.052
3.230000048130751,2.02
3.240000048279762,2.002
3.250000048428774,1.919
3.2600000485777856,1.847
3.2700000487267973,1.795
3.280000048875809,1.774
3.29000004902482,1.758
3.300000049173832,1.753
3.310000049322844,1.744
3.320000049471856,1.722
3.330000049620867,1.707
3.3400000497698783,1.703
3.35000004991889,1.654
3.3600000500679017,1.618
3.3700000502169134,1.58
3.380000050365925,1.525
3.3900000505149364,1.467
3.400000050663948,1.427
3.41000005081296,1.387
3.4200000509619715,1.37
3.430000051110983,1.339
3.4400000512599944,1.309
3.450000051409006,1.255
3.460000051558018,1.202
3.470000051707029,1.208
3.480000051856041,1.201
3.4900000520050525,1.181
3.500000052154064,1.176
3.510000052303076,1.184
3.520000052452088,1.229
3.5300000526010997,1.269
3.5400000527501105,1.292
3.5500000528991222,1.31
3.560000053048134,1.317
3.5700000531971456,1.334
3.5800000533461573,1.322
3.5900000534951686,1.278
3.6000000536441803,1.271
3.610000053793192,1.273
3.620000053942204,1.258
3.630000054091216,1.234
3.640000054240226,1.195
3.6500000543892384,1.179
3.66000005453825,1.174
3.6700000546872618,1.236
3.6800000548362735,1.268
3.6900000549852847,1.231
3.700000055134296,1.19
3.710000055283308,1.149
3.72000005543232,1.161
3.730000055581332,1.151
3.740000055730343,1.077
3.7500000558793545,1.021
3.760000056028366,0.973
3.770000056177378,0.986
3.7800000563263896,1.004
3.790000056475401,0.991
3.800000056624413,0.955
3.810000056773424,0.888
3.820000056922436,0.907
3.830000057071448,0.945
3.840000057220459,0.957
3.850000057369471,0.936
3.8600000575184814,0.877
3.870000057667494,0.905
3.8800000578165057,0.957
3.890000057965517,1.026
3.9000000581145287,1.067
3.910000058263541,1.067
3.920000058412552,1.038
3.930000058561564,1.002
3.940000058710575,1.033
3.9500000588595863,1.038
3.9600000590085984,0.986
3.97000005915761,0.941
3.980000059306622,0.9
3.990000059455633,0.902
4.000000059604645,0.9
4.010000059753657,0.895
4.020000059902668,0.89
4.030000060051679,0.882
4.040000060200692,0.847
4.050000060349703,0.825
4.060000060498715,0.819
4.070000060647726,0.788
4.0800000607967375,0.739
4.09000006094575,0.741
4.100000061094761,0.742
4.110000061243773,0.71
4.120000061392784,0.673
4.130000061541796,0.641
4.140000061690808,0.633
4.150000061839819,0.623
4.160000061988831,0.618
4.170000062137842,0.608
4.180000062286854,0.59
4.190000062435866,0.569
4.200000062584877,0.567
4.210000062733889,0.645
4.2200000628829,0.669
4.230000063031912,0.615
4.240000063180924,0.589
4.250000063329935,0.575
4.260000063478947,0.549
4.270000063627959,0.53
4.28000006377697,0.52
4.290000063925982,0.466
4.300000064074993,0.39
4.310000064224005,0.38
4.3200000643730165,0.369
4.330000064522028,0.342
4.34000006467104,0.343
4.350000064820051,0.356
4.360000064969063,0.412
4.370000065118075,0.455
4.380000065267086,0.467
4.390000065416098,0.499
4.400000065565109,0.541
4.410000065714121,0.609
4.420000065863133,0.66
4.430000066012144,0.647
4.440000066161156,0.623
4.450000066310167,0.583
4.46000006645918,0.569
4.470000066608191,0.555
4.480000066757202,0.503
4.490000066906214,0.433
4.500000067055225,0.343
4.5100000672042375,0.32
4.520000067353249,0.316
4.53000006750226,0.283
4.540000067651272,0.257
4.550000067800283,0.239
4.560000067949296,0.258
4.570000068098307,0.288
4.580000068247318,0.317
4.59000006839633,0.346
4.6000000685453415,0.359
4.610000068694354,0.345
4.620000068843365,0.323
4.630000068992376,0.368
4.640000069141388,0.401
4.6500000692904,0.42
4.660000069439412,0.414
4.670000069588423,0.4
4.680000069737434,0.37
4.690000069886446,0.353
4.700000070035458,0.377
4.71000007018447,0.387
4.720000070333481,0.382
4.730000070482492,0.35
4.740000070631504,0.328
4.750000070780516,0.335
4.760000070929528,0.33
4.770000071078539,0.318
4.78000007122755,0.297
4.7900000713765625,0.274
4.800000071525574,0.249
4.810000071674586,0.211
4.820000071823597,0.171
4.830000071972608,0.125
4.8400000721216205,0.086
4.850000072270632,0.101
4.860000072419644,0.096
4.870000072568655,0.076
4.880000072717666,0.031
4.890000072866679,-0.025
4.90000007301569,-0.018
4.910000073164702,0.014
4.920000073313713,0.083
4.9300000734627245,0.132
4.940000073611737,0.165
4.950000073760748,0.192
4.96000007390976,0.232
4.970000074058771,0.292
4.980000074207783,0.318
4.990000074356795,0.331
5.000000074505806,0.318
5.010000074654818,0.296
5.020000074803829,0.26
5.030000074952841,0.241
5.040000075101853,0.236
5.050000075250864,0.233
5.060000075399876,0.234
5.070000075548887,0.264
5.080000075697899,0.277
5.090000075846911,0.277
5.100000075995922,0.233
5.110000076144934,0.203
5.1200000762939455,0.207
5.130000076442957,0.207
5.140000076591969,0.198
5.15000007674098,0.12
5.160000076889992,0.057
5.170000077039004,0.045
5.180000077188015,0.044
5.190000077337027,0.058
5.200000077486038,0.038
5.21000007763505,0.009
5.220000077784062,0.001
5.230000077933073,0.02
5.240000078082085,0.086
5.250000078231096,0.085
5.260000078380108,0.06
5.27000007852912,0.046
5.280000078678131,0.044
5.290000078827143,0.052
5.300000078976154,0.045
5.310000079125167,0.031
5.320000079274178,0.01
5.330000079423189,-0.01
5.340000079572201,-0.024
5.350000079721212,-0.015
5.3600000798702245,0.003
5.370000080019236,-0.018
5.380000080168247,-0.032
5.390000080317259,-0.029
5.4000000804662704,-0.031
5.410000080615283,-0.036
5.420000080764294,-0.038
5.430000080913305,-0.039
5.440000081062317,-0.048
5.4500000812113285,-0.03
5.460000081360341,0.01
5.470000081509352,-0.013
5.480000081658363,-0.048
5.490000081807375,-0.096
5.500000081956387,-0.108
5.510000082105399,-0.092
5.52000008225441,-0.076
5.530000082403421,-0.075
5.540000082552433,-0.123
5.550000082701445,-0.144
5.560000082850457,-0.126
5.570000082999468,-0.081
5.580000083148479,-0.026
5.590000083297491,-0.011
5.600000083446503,0.003
5.610000083595515,0.014
5.620000083744526,0.039
5.630000083893537,0.079
5.6400000840425495,0.13
5.650000084191561,0.164
5.660000084340573,0.169
5.670000084489584,0.134
5.680000084638595,0.081
5.690000084787608,0.025
5.700000084936619,-0.013
5.710000085085631,-0.015
5.720000085234642,-0.011
5.7300000853836535,-0.012
5.740000085532666,-0.071
5.750000085681677,-0.123
5.760000085830689,-0.154
5.7700000859797,-0.14
5.780000086128712,-0.102
5.790000086277724,-0.142
5.800000086426735,-0.184
5.810000086575747,-0.244
5.820000086724758,-0.252
5.83000008687377,-0.209
5.840000087022782,-0.166
5.850000087171793,-0.141
5.860000087320805,-0.214
5.870000087469816,-0.237
5.880000087618828,-0.201
5.89000008776784,-0.228
5.900000087916851,-0.261
5.910000088065863,-0.268
5.920000088214874,-0.26
5.930000088363886,-0.235
5.940000088512898,-0.2
5.950000088661909,-0.161
5.960000088810921,-0.176
5.9700000889599325,-0.191
5.980000089108944,-0.187
5.990000089257956,-0.157
6.000000089406967,-0.132
6.010000089555979,-0.152
6.020000089704991,-0.172
6.030000089854002,-0.175
6.040000090003014,-0.165
6.050000090152025,-0.148
6.060000090301037,-0.127
6.070000090450049,-0.135
6.08000009059906,-0.214
6.090000090748072,-0.254
6.100000090897083,-0.269
6.110000091046095,-0.245
6.120000091195107,-0.234
6.130000091344118,-0.266
6.14000009149313,-0.298
6.150000091642141,-0.329
6.1600000917911535,-0.26
6.170000091940165,-0.191
6.180000092089176,-0.156
6.190000092238188,-0.148
6.200000092387199,-0.165
6.210000092536212,-0.162
6.220000092685223,-0.161
6.230000092834234,-0.168
6.240000092983246,-0.165
6.2500000931322575,-0.168
6.26000009328127,-0.138
6.270000093430281,-0.105
6.280000093579292,-0.078
6.290000093728304,-0.057
6.300000093877316,-0.037
6.310000094026328,-0.015
6.320000094175339,0.012
6.33000009432435,-0.031
6.340000094473362,-0.067
6.350000094622374,-0.095
6.360000094771386,-0.131
6.370000094920397,-0.164
6.380000095069408,-0.14
6.39000009521842,-0.129
6.400000095367432,-0.136
6.410000095516444,-0.142
6.420000095665455,-0.149
6.430000095814466,-0.16
6.440000095963478,-0.169
6.45000009611249,-0.148
6.460000096261502,-0.165
6.470000096410513,-0.214
6.480000096559524,-0.263
6.4900000967085365,-0.292
6.500000096857548,-0.271
6.51000009700656,-0.287
6.520000097155571,-0.336
6.530000097304582,-0.377
6.540000097453595,-0.407
6.550000097602606,-0.383
6.560000097751618,-0.348
6.570000097900629,-0.29
6.5800000980496405,-0.301
6.590000098198653,-0.326
6.600000098347664,-0.274
6.610000098496676,-0.231
6.620000098645687,-0.205
6.6300000987946985,-0.183
6.640000098943711,-0.171
6.650000099092722,-0.161
6.660000099241734,-0.14
6.670000099390745,-0.1
6.680000099539757,-0.103
6.690000099688769,-0.129
6.70000009983778,-0.12
6.710000099986792,-0.118
6.720000100135803,-0.131
6.730000100284815,-0.106
6.740000100433827,-0.059
6.750000100582838,-0.089
6.76000010073185,-0.102
6.7700001008808615,-0.077
6.780000101029873,-0.058
6.790000101178885,-0.044
6.800000101327896,-0.038
6.810000101476908,-0.03
6.82000010162592,-0.03
6.830000101774931,-0.047
6.840000101923943,-0.061
6.850000102072954,-0.06
6.860000102221966,-0.081
6.870000102370978,-0.142
6.880000102519989,-0.176
6.890000102669001,-0.189
6.900000102818012,-0.203
6.910000102967024,-0.219
6.920000103116036,-0.172
6.930000103265047,-0.141
6.940000103414059,-0.135
6.95000010356307,-0.091
6.960000103712082,-0.036
6.970000103861094,-0.04
6.980000104010105,-0.052
6.990000104159117,-0.076
7.000000104308128,-0.06
7.0100001044571405,-0.034
7.020000104606152,-0.035
7.030000104755163,-0.051
7.040000104904175,-0.086
7.050000105053186,-0.092
7.060000105202199,-0.089
7.07000010535121,-0.098
7.080000105500221,-0.115
7.090000105649233,-0.147
7.1000001057982445,-0.182
7.110000105947257,-0.216
7.120000106096268,-0.245
7.130000106245279,-0.264
7.140000106394291,-0.278
7.150000106543303,-0.295
7.160000106692315,-0.31
7.170000106841326,-0.34
7.180000106990337,-0.371
7.190000107139349,-0.386
7.200000107288361,-0.406
7.210000107437373,-0.426
7.220000107586384,-0.417
7.230000107735395,-0.412
7.240000107884407,-0.427
7.250000108033419,-0.442
7.260000108182431,-0.457
7.270000108331442,-0.439
7.280000108480453,-0.431
7.2900001086294655,-0.455
7.300000108778477,-0.492
7.310000108927489,-0.552
7.3200001090765,-0.572
7.330000109225511,-0.572
7.3400001093745235,-0.531
7.350000109523535,-0.525
7.360000109672547,-0.571
7.370000109821558,-0.551
7.380000109970569,-0.498
7.390000110119582,-0.463
7.400000110268593,-0.439
7.410000110417605,-0.432
7.420000110566616,-0.454
7.4300001107156275,-0.494
7.44000011086464,-0.45
7.450000111013651,-0.407
7.460000111162663,-0.387
7.470000111311674,-0.381
7.480000111460685,-0.382
7.490000111609698,-0.372
7.500000111758709,-0.352
7.510000111907721,-0.297
7.520000112056732,-0.282
7.530000112205744,-0.3
7.540000112354756,-0.297
7.550000112503767,-0.301
7.560000112652779,-0.326
7.57000011280179,-0.369
7.580000112950802,-0.428
7.590000113099814,-0.474
7.600000113248825,-0.528
7.610000113397837,-0.603
7.620000113546848,-0.653
7.63000011369586,-0.682
7.640000113844872,-0.682
7.650000113993883,-0.669
7.660000114142895,-0.649
7.670000114291906,-0.636
7.680000114440918,-0.643
7.69000011458993,-0.592
7.700000114738941,-0.514
7.710000114887953,-0.498
7.720000115036965,-0.498
7.730000115185976,-0.518
7.740000115334988,-0.501
7.750000115483999,-0.465
7.760000115633011,-0.43
7.770000115782023,-0.426
7.780000115931034,-0.488
7.790000116080046,-0.528
7.800000116229057,-0.555
7.810000116378069,-0.495
7.820000116527081,-0.439
7.830000116676092,-0.427
7.840000116825104,-0.421
7.850000116974115,-0.422
7.860000117123127,-0.382
7.870000117272139,-0.333
7.88000011742115,-0.32
7.890000117570162,-0.328
7.900000117719173,-0.364
7.910000117868186,-0.443
7.920000118017197,-0.517
7.930000118166208,-0.53
7.94000011831522,-0.538
7.950000118464231,-0.535
7.960000118613244,-0.543
7.970000118762255,-0.545
7.980000118911266,-0.515
7.990000119060278,-0.473
8.00000011920929,-0.4
8.0100001193583,-0.379
8.020000119507314,-0.38
8.030000119656325,-0.393
8.040000119805336,-0.403
8.050000119954348,-0.406
8.060000120103359,-0.441
8.070000120252372,-0.497
8.080000120401383,-0.556
8.090000120550394,-0.605
8.100000120699406,-0.633
8.110000120848417,-0.644
8.12000012099743,-0.647
8.130000121146441,-0.676
8.140000121295452,-0.699
8.150000121444464,-0.715
8.160000121593475,-0.675
8.170000121742488,-0.601
8.1800001218915,-0.567
8.19000012204051,-0.544
8.200000122189522,-0.54
8.210000122338533,-0.54
8.220000122487546,-0.536
8.230000122636557,-0.496
8.240000122785569,-0.47
8.25000012293458,-0.535
8.260000123083591,-0.553
8.270000123232604,-0.528
8.280000123381615,-0.533
8.290000123530627,-0.537
8.300000123679638,-0.507
8.31000012382865,-0.501
8.320000123977662,-0.526
8.330000124126673,-0.517
8.340000124275685,-0.498
8.350000124424696,-0.566
8.360000124573707,-0.598
8.37000012472272,-0.57
8.380000124871732,-0.566
8.390000125020743,-0.569
8.400000125169754,-0.566
8.410000125318765,-0.552
8.420000125467778,-0.524
8.43000012561679,-0.504
8.4400001257658,-0.478
8.450000125914812,-0.49
8.460000126063823,-0.504
8.470000126212836,-0.513
8.480000126361848,-0.508
8.490000126510859,-0.495
8.50000012665987,-0.536
8.510000126808881,-0.567
8.520000126957894,-0.573
8.530000127106906,-0.575
8.540000127255917,-0.581
8.550000127404928,-0.572
8.56000012755394,-0.561
8.570000127702952,-0.555
8.580000127851964,-0.528
8.590000128000975,-0.477
8.600000128149986,-0.45
8.610000128298998,-0.428
8.62000012844801,-0.412
8.630000128597022,-0.391
8.640000128746033,-0.363
8.650000128895044,-0.358
8.660000129044056,-0.359
8.670000129193069,-0.367
8.68000012934208,-0.372
8.690000129491091,-0.37
8.700000129640102,-0.387
8.710000129789114,-0.41
8.720000129938127,-0.417
8.730000130087138,-0.434
8.74000013023615,-0.457
8.75000013038516,-0.457
8.760000130534172,-0.451
8.770000130683185,-0.459
8.780000130832196,-0.462
8.790000130981207,-0.453
8.800000131130219,-0.497
8.81000013127923,-0.566
8.820000131428243,-0.552
8.830000131577254,-0.551
8.840000131726265,-0.601
8.850000131875277,-0.645
8.860000132024288,-0.682
8.8700001321733,-0.692
8.880000132322312,-0.692
8.890000132471323,-0.657
8.900000132620335,-0.646
8.910000132769346,-0.664
8.920000132918359,-0.666
8.93000013306737,-0.655
8.940000133216381,-0.638
8.950000133365393,-0.651
8.960000133514404,-0.698
8.970000133663417,-0.688
8.980000133812428,-0.67
8.99000013396144,-0.672
9.00000013411045,-0.672
9.010000134259462,-0.668
9.020000134408477,-0.636
9.030000134557486,-0.603
9.040000134706498,-0.545
9.050000134855509,-0.527
9.06000013500452,-0.569
9.070000135153531,-0.598
9.080000135302544,-0.621
9.090000135451556,-0.611
9.100000135600569,-0.617
9.110000135749578,-0.653
9.120000135898591,-0.659
9.130000136047602,-0.653
9.140000136196614,-0.642
9.150000136345623,-0.634
9.160000136494636,-0.632
9.17000013664365,-0.631
9.18000013679266,-0.635
9.190000136941672,-0.633
9.200000137090685,-0.639
9.210000137239694,-0.684
9.220000137388707,-0.751
9.23000013753772,-0.827
9.24000013768673,-0.821
9.25000013783574,-0.803
9.260000137984752,-0.77
9.270000138133764,-0.74
9.280000138282777,-0.713
9.290000138431788,-0.693
9.3000001385808,-0.672
9.31000013872981,-0.59
9.320000138878823,-0.546
9.330000139027836,-0.55
9.340000139176846,-0.599
9.350000139325855,-0.667
9.360000139474868,-0.739
9.37000013962388,-0.802
9.380000139772893,-0.841
9.390000139921904,-0.877
9.400000140070915,-0.907
9.410000140219926,-0.885
9.42000014036894,-0.879
9.43000014051795,-0.887
9.440000140666962,-0.884
9.450000140815972,-0.875
9.460000140964985,-0.913
9.470000141113998,-0.922
9.480000141263009,-0.883
9.49000014141202,-0.87
9.500000141561031,-0.875
9.510000141710044,-0.906
9.520000141859056,-0.902
9.530000142008069,-0.857
9.540000142157078,-0.816
9.55000014230609,-0.772
9.5600001424551,-0.819
9.570000142604114,-0.86
9.580000142753123,-0.873
9.590000142902136,-0.853
9.600000143051147,-0.801
9.61000014320016,-0.824
9.620000143349172,-0.855
9.630000143498185,-0.837
9.640000143647194,-0.819
9.650000143796206,-0.793
9.660000143945217,-0.826
9.67000014409423,-0.858
9.68000014424324,-0.82
9.690000144392252,-0.792
9.700000144541264,-0.77
9.710000144690277,-0.778
9.720000144839288,-0.786
9.7300001449883,-0.747
9.74000014513731,-0.705
9.750000145286322,-0.657
9.760000145435331,-0.672
9.770000145584346,-0.716
9.780000145733355,-0.742
9.790000145882368,-0.743
9.80000014603138,-0.701
9.810000146180393,-0.678
9.820000146329404,-0.667
9.830000146478415,-0.651
9.840000146627428,-0.631
9.850000146776438,-0.597
9.860000146925447,-0.583
9.870000147074462,-0.577
9.880000147223472,-0.545
9.890000147372485,-0.537
9.900000147521496,-0.573
9.910000147670509,-0.586
9.92000014781952,-0.584
9.930000147968531,-0.579
9.940000148117544,-0.569
9.950000148266554,-0.519
9.960000148415563,-0.502
9.970000148564578,-0.523
9.98000014871359,-0.494
9.9900001488626,-0.453
10.000000149011612,-0.417
10.010000149160623,-0.429
10.020000149309636,-0.483
10.030000149458647,-0.528
10.04000014960766,-0.573
10.05000014975667,-0.623
10.06000014990568,-0.679
10.070000150054694,-0.742
10.080000150203706,-0.781
10.090000150352717,-0.82
10.100000150501728,-0.801
10.11000015065074,-0.798
10.120000150799752,-0.826
10.130000150948764,-0.826
10.140000151097777,-0.814
10.150000151246786,-0.766
10.160000151395796,-0.762
10.17000015154481,-0.848
10.180000151693822,-0.865
10.190000151842831,-0.843
10.200000151991844,-0.869
10.210000152140855,-0.876
10.220000152289868,-0.868
10.23000015243888,-0.859
10.240000152587893,-0.854
10.250000152736902,-0.824
10.260000152885912,-0.797
10.270000153034928,-0.841
10.280000153183938,-0.824
10.290000153332947,-0.747
10.30000015348196,-0.766
10.310000153630972,-0.798
10.320000153779985,-0.82
10.330000153928996,-0.817
