time_min,absorb_mau
0.0,0.008
0.0533333341280619,0.066
0.1066666682561238,0.028
0.1600000023841858,-0.104
0.2133333365122477,-0.143
0.2666666706403096,-0.144
0.3200000047683716,-0.078
0.3733333388964335,-0.014
0.4266666730244954,-0.116
0.4800000071525573,0.202
0.5333333412806193,1.751
0.5866666754086812,5.793
0.6400000095367432,13.069
0.6933333436648051,24.266
0.746666677792867,39.169
0.800000011920929,55.707
0.8533333460489909,70.053
0.9066666801770528,81.755
0.9600000143051148,93.497
1.0133333484331768,108.155
1.0666666825612383,124.7
1.1200000166893005,138.227
1.1733333508173625,142.068
1.2266666849454244,134.113
1.2800000190734864,118.66
1.3333333532015483,100.458
1.3866666873296103,83.311
1.4400000214576725,69.133
1.493333355585734,57.598
1.546666689713796,48.134
1.600000023841858,40.768
1.65333335796992,34.941
1.7066666920979818,29.799
1.7600000262260438,25.818
1.8133333603541055,22.781
1.866666694482168,20.509
1.9200000286102292,18.996
1.9733333627382916,17.851
2.0266666968663536,17.017
2.0800000309944155,16.455
2.133333365122477,16.213
2.186666699250539,15.919
2.240000033378601,15.356
2.293333367506663,14.872
2.346666701634725,14.299
2.400000035762787,13.487
2.453333369890849,12.782
2.506666704018911,12.009
2.5600000381469727,11.144
2.6133333722750347,10.304
2.6666667064030967,9.516
2.720000040531158,8.835
2.7733333746592206,8.137
2.8266667087872825,7.505
2.8800000429153445,6.867
2.9333333770434065,6.359
2.986666711171468,5.957
3.04000004529953,5.525
3.093333379427592,5.362
3.146666713555654,5.35
3.200000047683716,5.017
3.253333381811778,4.918
3.30666671593984,4.939
3.3600000500679017,4.745
3.413333384195964,4.717
3.4666667183240256,4.69
3.520000052452088,4.558
3.573333386580149,4.471
3.626666720708212,4.509
3.6800000548362735,4.527
3.733333388964336,4.44
3.786666723092397,4.371
3.840000057220459,4.362
3.893333391348521,4.403
3.946666725476583,4.424
4.000000059604645,4.39
4.053333393732707,4.319
4.106666727860769,4.304
4.160000061988831,4.257
4.213333396116893,4.229
4.266666730244954,4.234
4.3200000643730165,4.244
4.373333398501078,4.264
4.4266667326291405,4.346
4.480000066757202,4.153
4.533333400885264,4.127
4.586666735013326,4.194
4.640000069141388,4.207
4.69333340326945,4.503
4.746666737397512,4.378
4.800000071525574,4.21
4.853333405653636,4.037
4.906666739781698,3.898
4.96000007390976,3.876
5.013333408037822,3.921
5.066666742165884,3.926
5.1200000762939455,3.807
5.173333410422007,3.775
5.226666744550069,3.788
5.280000078678131,3.666
5.333333412806193,3.589
5.386666746934255,3.489
5.440000081062317,3.398
5.493333415190379,3.45
5.546666749318441,3.23
5.600000083446503,3.105
5.653333417574565,3.138
5.706666751702627,2.964
5.760000085830689,3.037
5.813333419958751,3.034
5.866666754086813,3.001
5.920000088214874,2.759
5.973333422342936,2.612
6.026666756470998,2.601
6.08000009059906,2.599
6.133333424727122,2.587
6.186666758855184,2.523
6.240000092983246,2.374
6.293333427111308,2.409
6.34666676123937,2.343
6.400000095367432,2.289
6.453333429495494,2.278
6.506666763623556,2.168
6.560000097751618,2.139
6.61333343187968,2.07
6.666666766007742,2.134
6.720000100135803,1.974
6.773333434263866,1.878
6.826666768391927,1.929
6.880000102519989,1.86
6.933333436648051,1.826
6.986666770776113,1.923
7.040000104904175,1.985
7.093333439032237,2.02
7.146666773160299,1.811
7.200000107288361,1.727
7.253333441416423,1.756
7.306666775544484,1.829
7.360000109672547,1.751
7.413333443800608,1.763
7.466666777928671,1.761
7.520000112056732,1.717
7.573333446184795,1.526
7.626666780312856,1.63
7.680000114440918,1.605
7.73333344856898,1.73
7.786666782697042,1.793
7.840000116825104,1.77
7.893333450953166,1.699
7.946666785081228,1.709
8.00000011920929,1.721
8.053333453337352,1.711
8.106666787465414,1.778
8.160000121593475,1.678
8.213333455721537,1.664
8.2666667898496,1.678
8.320000123977662,1.555
8.373333458105723,1.557
8.426666792233785,1.576
8.480000126361848,1.589
8.533333460489908,1.546
8.58666679461797,1.536
8.640000128746033,1.553
8.693333462874095,1.409
8.746666797002156,1.378
8.800000131130219,1.338
8.853333465258281,1.348
8.906666799386343,1.377
8.960000133514404,1.393
9.013333467642466,1.359
9.066666801770529,1.423
9.120000135898591,1.316
9.173333470026652,1.382
9.226666804154714,1.332
9.280000138282777,1.405
9.33333347241084,1.472
9.3866668065389,1.254
9.440000140666962,1.375
9.493333474795024,1.351
9.546666808923083,1.269
9.600000143051147,1.222
9.65333347717921,1.224
9.706666811307272,1.284
9.760000145435331,1.218
9.813333479563395,1.201
9.866666813691458,1.267
9.92000014781952,1.364
9.97333348194758,1.18
10.026666816075643,1.101
10.080000150203706,1.228
10.133333484331768,1.095
10.186666818459829,1.158
10.240000152587893,1.118
10.293333486715952,0.95
10.346666820844014,0.922
10.400000154972076,0.976
10.45333348910014,1.064
10.5066668232282,1.1
10.560000157356262,1.075
10.613333491484324,0.882
10.666666825612388,0.967
10.720000159740447,1.099
10.77333349386851,1.129
10.826666827996572,1.09
10.880000162124634,1.035
10.933333496252695,0.99
10.986666830380758,0.992
11.04000016450882,1.054
11.093333498636882,1.093
11.146666832764945,1.072
11.200000166893004,0.96
11.253333501021068,1.069
11.30666683514913,0.971
11.36000016927719,0.895
11.413333503405251,0.966
11.466666837533316,0.915
11.520000171661378,1.117
11.57333350578944,1.139
11.6266668399175,0.997
11.680000174045563,0.964
11.733333508173626,0.983
11.786666842301686,0.825
11.840000176429747,0.806
11.893333510557811,0.868
11.946666844685872,0.989
12.000000178813934,1.013
12.053333512941997,1.0
12.10666684707006,1.009
12.16000018119812,0.951
12.213333515326182,0.887
12.266666849454245,0.863
12.320000183582309,0.668
12.373333517710368,0.712
12.42666685183843,0.841
12.480000185966492,0.922
12.533333520094557,0.807
12.586666854222615,0.725
12.640000188350678,0.751
12.69333352247874,0.785
12.746666856606804,0.795
12.800000190734863,0.708
12.853333524862926,0.742
12.906666858990988,0.742
12.960000193119049,0.646
13.013333527247111,0.675
13.066666861375174,0.843
13.120000195503236,0.833
13.173333529631297,0.716
13.22666686375936,0.688
13.28000019788742,0.82
13.333333532015484,0.818
13.386666866143544,0.747
13.440000200271609,0.754
13.49333353439967,0.683
13.546666868527732,0.626
13.600000202655792,0.57
13.653333536783856,0.538
13.706666870911915,0.508
13.760000205039978,0.619
13.81333353916804,0.842
13.866666873296102,0.671
13.920000207424165,0.645
13.973333541552226,0.763
14.026666875680288,0.627
14.08000020980835,0.497
14.133333543936413,0.56
14.186666878064472,0.753
14.240000212192536,0.805
14.293333546320598,0.788
14.34666688044866,0.843
14.40000021457672,0.784
14.453333548704784,0.796
14.506666882832846,0.789
14.560000216960908,0.781
14.613333551088967,0.675
14.666666885217031,0.567
14.720000219345094,0.758
14.773333553473154,0.964
14.826666887601217,0.702
14.88000022172928,0.667
14.933333555857342,0.737
14.986666889985402,0.632
15.040000224113465,0.599
15.093333558241527,0.618
15.14666689236959,0.638
15.20000022649765,0.816
15.253333560625713,0.576
15.306666894753777,0.449
15.360000228881836,0.606
15.413333563009898,0.607
15.46666689713796,0.641
15.520000231266025,0.725
15.573333565394083,0.658
15.626666899522146,0.628
15.680000233650208,0.603
15.73333356777827,0.693
15.786666901906331,0.683
15.840000236034394,0.685
15.893333570162456,0.577
15.946666904290518,0.544
16.00000023841858,0.494
16.05333357254664,0.565
16.106666906674704,0.562
16.160000240802766,0.516
16.21333357493083,0.57
16.266666909058888,0.59
16.32000024318695,0.702
16.373333577315012,0.637
16.426666911443075,0.504
16.480000245571137,0.588
16.5333335796992,0.409
16.586666913827262,0.344
16.640000247955324,0.388
16.693333582083383,0.584
16.746666916211446,0.634
16.800000250339508,0.582
16.85333358446757,0.487
16.906666918595633,0.441
16.960000252723695,0.387
17.013333586851758,0.464
17.066666920979817,0.568
17.12000025510788,0.594
17.17333358923594,0.571
17.226666923364004,0.494
17.280000257492066,0.454
17.33333359162013,0.461
17.38666692574819,0.386
17.440000259876253,0.4
17.493333594004312,0.506
17.546666928132375,0.545
17.600000262260437,0.516
17.6533335963885,0.567
17.706666930516562,0.447
17.760000264644624,0.405
17.813333598772687,0.354
17.866666932900745,0.408
17.920000267028808,0.314
17.97333360115687,0.407
18.026666935284933,0.442
18.080000269412995,0.399
18.133333603541057,0.441
18.18666693766912,0.41
18.240000271797182,0.374
18.29333360592524,0.234
18.346666940053304,0.144
18.40000027418137,0.334
18.45333360830943,0.379
18.50666694243749,0.193
18.560000276565557,0.257
18.613333610693616,0.236
18.66666694482168,0.213
18.720000278949737,0.264
18.7733336130778,0.381
18.82666694720586,0.328
18.880000281333924,0.169
18.933333615461983,0.207
18.98666694959005,0.276
19.04000028371811,0.212
19.09333361784617,0.047
19.146666951974236,0.176
19.20000028610229,0.359
19.25333362023036,0.256
19.30666695435842,0.106
19.36000028848648,0.132
19.413333622614545,0.262
19.466666956742607,0.147
19.520000290870662,0.202
19.573333624998728,0.19
19.62666695912679,0.194
19.680000293254853,0.085
19.733333627382915,0.1
19.786666961510974,0.106
19.84000029563904,0.077
19.8933336297671,0.132
19.94666696389516,0.065
20.000000298023224,-0.035
20.053333632151286,0.031
20.10666696627935,0.069
20.16000030040741,0.082
20.213333634535477,0.034
20.266666968663536,0.023
20.320000302791595,-0.018
20.373333636919657,-0.068
20.42666697104772,0.004
20.480000305175786,-0.134
20.533333639303844,0.053
20.586666973431907,-0.091
20.64000030755997,-0.018
20.693333641688028,-0.031
20.74666697581609,-0.086
20.800000309944156,-0.023
20.85333364407221,0.114
20.90666697820028,-0.003
20.96000031232834,-0.056
21.0133336464564,-0.186
21.066666980584465,-0.098
21.120000314712524,-0.045
21.173333648840583,-0.042
21.22666698296865,-0.079
21.28000031709671,-0.133
21.333333651224773,0.038
21.38666698535284,-0.054
21.440000319480895,-0.096
21.49333365360896,-0.189
21.54666698773702,-0.152
21.60000032186508,-0.026
21.653333655993144,0.084
21.706666990121207,-0.059
21.76000032424927,-0.202
21.81333365837733,-0.145
21.866666992505397,-0.251
21.920000326633453,-0.172
21.973333660761515,-0.118
22.026666994889577,-0.103
22.08000032901764,-0.101
22.133333663145702,-0.246
22.186666997273765,-0.215
22.240000331401827,-0.229
22.29333366552989,-0.215
22.34666699965795,-0.091
22.40000033378601,-0.205
22.453333667914077,-0.166
22.506667002042136,-0.009
22.5600003361702,0.041
22.61333367029826,-0.121
22.666667004426323,-0.295
22.72000033855438,-0.323
22.773333672682444,-0.133
22.826667006810503,-0.099
22.88000034093857,-0.066
22.93333367506663,-0.045
22.986667009194694,-0.095
23.04000034332276,-0.102
23.09333367745081,-0.114
23.14666701157888,-0.163
23.20000034570694,-0.056
23.253333679835,-0.091
23.306667013963065,0.002
23.360000348091127,0.063
23.41333368221919,-0.117
23.46666701634725,-0.011
23.52000035047531,0.106
23.573333684603373,0.013
23.626667018731435,-0.011
23.680000352859494,-0.01
23.73333368698756,0.058
23.786667021115623,0.005
23.840000355243685,0.076
23.893333689371744,0.014
23.946667023499806,-0.068
24.00000035762787,0.043
24.05333369175593,0.037
24.106667025883997,-0.063
24.160000360012056,-0.013
24.21333369414012,0.012
24.26666702826818,0.046
24.32000036239624,0.074
24.373333696524305,0.073
24.426667030652364,-0.064
24.480000364780427,0.046
24.53333369890849,0.131
24.58666703303655,0.173
24.64000036716461,0.126
24.693333701292676,-0.092
24.74666703542073,-0.006
24.8000003695488,0.071
24.85333370367686,0.02
24.90666703780492,-0.046
24.960000371932985,0.063
25.013333706061047,0.091
25.06666704018911,0.07
25.12000037431717,-0.12
25.17333370844523,-0.192
25.226667042573293,-0.139
25.28000037670136,-0.084
25.333333710829415,-0.318
25.38666704495748,-0.166
25.440000379085543,0.0
25.493333713213605,-0.013
25.546667047341664,-0.179
25.600000381469727,-0.238
25.65333371559779,-0.314
25.70666704972585,-0.126
25.760000383853917,-0.057
25.813333717981976,-0.057
25.86666705211004,-0.291
25.920000386238097,-0.345
25.97333372036616,-0.346
26.026667054494222,-0.235
26.080000388622285,-0.179
26.133333722750347,-0.251
26.18666705687841,-0.336
26.240000391006472,-0.193
26.29333372513453,-0.069
26.346667059262597,-0.169
26.400000393390656,-0.35
26.45333372751872,-0.288
26.50666706164678,-0.262
26.560000395774843,-0.252
26.613333729902905,-0.162
26.666667064030968,-0.211
26.720000398159023,-0.284
26.77333373228709,-0.155
26.82666706641515,-0.299
26.880000400543214,-0.125
26.93333373467128,-0.294
26.98666706879934,-0.32
27.0400004029274,-0.238
27.093333737055463,-0.223
27.14666707118352,-0.228
27.200000405311584,-0.209
27.253333739439647,-0.26
27.30666707356771,-0.196
27.36000040769577,-0.194
27.413333741823838,-0.33
27.466667075951896,-0.232
27.520000410079955,-0.227
27.573333744208018,-0.241
27.62666707833608,-0.392
27.680000412464143,-0.452
27.733333746592205,-0.328
27.786667080720267,-0.302
27.84000041484833,-0.193
27.893333748976392,-0.258
27.94666708310445,-0.19
28.000000417232517,-0.321
28.053333751360576,-0.317
28.10666708548864,-0.269
28.1600004196167,-0.209
28.213333753744763,-0.331
28.266667087872825,-0.317
28.320000422000884,-0.197
28.373333756128947,-0.186
28.42666709025701,-0.256
28.48000042438507,-0.392
28.53333375851313,-0.461
28.5866670926412,-0.395
28.64000042676926,-0.179
28.69333376089732,-0.294
28.74666709502538,-0.379
28.80000042915344,-0.496
28.853333763281505,-0.285
28.906667097409567,-0.327
28.96000043153763,-0.21
29.01333376566569,-0.38
29.066667099793754,-0.388
29.120000433921813,-0.245
29.17333376804988,-0.217
29.226667102177935,-0.427
29.280000436306,-0.416
29.333333770434063,-0.331
29.386667104562125,-0.326
29.440000438690188,-0.396
29.49333377281825,-0.428
29.54666710694631,-0.395
29.60000044107437,-0.399
29.653333775202437,-0.528
29.706667109330496,-0.454
29.76000044345856,-0.568
29.81333377758662,-0.588
29.866667111714683,-0.483
29.920000445842746,-0.483
29.973333779970805,-0.443
30.026667114098867,-0.457
30.08000044822693,-0.524
30.133333782354992,-0.477
30.18666711648305,-0.314
30.24000045061112,-0.353
30.29333378473918,-0.427
30.34666711886724,-0.508
30.4000004529953,-0.438
30.453333787123363,-0.44
30.506667121251425,-0.493
30.560000455379488,-0.523
30.61333378950755,-0.419
30.66666712363561,-0.435
30.72000045776367,-0.335
30.773333791891734,-0.343
30.8266671260198,-0.468
30.88000046014786,-0.463
30.93333379427592,-0.48
30.986667128403983,-0.55
31.04000046253205,-0.495
31.093333796660108,-0.443
31.146667130788167,-0.664
31.20000046491623,-0.731
31.25333379904429,-0.659
31.306667133172358,-0.583
31.360000467300416,-0.61
31.41333380142848,-0.655
31.46666713555654,-0.513
31.5200004696846,-0.521
31.573333803812663,-0.583
31.626667137940725,-0.502
31.680000472068787,-0.603
31.73333380619685,-0.716
31.786667140324912,-0.577
31.84000047445297,-0.605
31.89333380858104,-0.631
31.946667142709096,-0.627
32.00000047683716,-0.562
32.05333381096522,-0.579
32.10666714509328,-0.533
32.160000479221345,-0.568
32.21333381334941,-0.784
32.26666714747747,-0.747
32.32000048160553,-0.593
32.373333815733595,-0.743
32.42666714986166,-0.817
32.48000048398972,-0.714
32.533333818117775,-0.622
32.58666715224584,-0.697
32.6400004863739,-0.771
32.69333382050196,-0.733
32.746667154630025,-0.796
32.80000048875809,-0.727
32.85333382288615,-0.871
32.90666715701421,-0.849
32.960000491142274,-0.745
33.01333382527034,-0.637
33.0666671593984,-0.642
33.12000049352646,-0.454
33.173333827654524,-0.727
33.226667161782586,-0.785
33.28000049591065,-0.781
33.333333830038704,-0.833
33.38666716416677,-0.73
33.44000049829483,-0.55
33.49333383242289,-0.653
33.546667166550954,-0.66
33.600000500679016,-0.549
33.65333383480708,-0.737
33.70666716893514,-0.624
33.7600005030632,-0.573
33.813333837191266,-0.59
33.86666717131933,-0.565
33.92000050544739,-0.762
33.97333383957545,-0.7
34.026667173703515,-0.795
34.08000050783158,-0.772
34.13333384195963,-0.781
34.186667176087695,-0.837
34.24000051021576,-0.814
34.29333384434382,-0.611
34.34666717847188,-0.675
34.400000512599945,-0.806
34.45333384672801,-0.69
34.50666718085607,-0.682
34.56000051498413,-0.699
34.613333849112195,-0.626
34.66666718324026,-0.891
34.72000051736832,-0.852
34.77333385149638,-0.899
34.826667185624444,-0.923
34.88000051975251,-0.796
34.93333385388056,-0.81
34.986667188008624,-0.771
35.04000052213669,-0.819
35.09333385626475,-0.873
35.14666719039281,-0.856
35.200000524520874,-0.855
35.253333858648936,-0.698
35.306667192777,-0.853
35.36000052690506,-0.993
35.413333861033124,-0.821
35.466667195161186,-0.813
35.52000052928925,-0.984
35.57333386341731,-1.018
35.62666719754537,-0.866
35.68000053167344,-0.977
35.73333386580149,-0.978
35.78666719992955,-1.046
35.840000534057616,-1.032
35.89333386818568,-1.059
35.94666720231374,-0.951
36.0000005364418,-1.069
36.053333870569865,-1.084
36.10666720469793,-1.06
36.16000053882599,-1.092
36.21333387295405,-1.139
36.26666720708212,-1.116
36.32000054121018,-1.113
36.37333387533824,-0.991
36.4266672094663,-1.124
36.480000543594365,-1.085
36.53333387772243,-1.077
36.58666721185048,-1.085
36.64000054597855,-0.96
36.69333388010661,-0.84
36.74666721423467,-0.857
36.80000054836273,-0.974
36.8533338824908,-0.98
36.90666721661886,-1.039
36.96000055074692,-1.096
37.01333388487498,-1.066
37.06666721900304,-0.933
37.12000055313111,-1.054
37.17333388725917,-0.953
37.22666722138723,-1.042
37.280000555515294,-1.169
37.33333388964336,-1.036
37.38666722377141,-1.086
37.440000557899474,-1.263
37.493333892027536,-1.214
37.5466672261556,-1.172
37.60000056028366,-1.122
37.65333389441172,-1.106
37.706667228539786,-1.356
37.76000056266785,-1.129
37.81333389679591,-1.133
37.86666723092397,-1.171
37.92000056505204,-1.043
37.9733338991801,-1.086
38.02666723330816,-1.27
38.08000056743622,-1.294
38.133333901564285,-1.161
38.18666723569234,-1.11
38.2400005698204,-1.104
38.29333390394847,-1.066
38.34666723807653,-1.21
38.40000057220459,-1.275
38.45333390633265,-1.147
38.50666724046072,-1.055
38.56000057458878,-1.187
38.61333390871684,-1.356
38.6666672428449,-1.209
38.72000057697296,-1.267
38.77333391110103,-1.185
38.82666724522909,-1.137
38.88000057935715,-1.251
38.933333913485214,-1.479
38.98666724761327,-1.372
39.04000058174133,-1.388
39.093333915869394,-1.227
39.146667249997456,-1.23
39.20000058412552,-1.216
39.25333391825358,-1.195
39.30666725238165,-1.303
39.360000586509706,-1.428
39.41333392063777,-1.312
39.46666725476583,-1.106
39.52000058889389,-1.143
39.57333392302196,-1.202
39.62666725715002,-1.292
39.68000059127808,-1.279
39.73333392540614,-1.311
39.7866672595342,-1.39
39.84000059366226,-1.111
39.89333392779032,-1.067
39.94666726191839,-1.131
40.00000059604645,-1.247
40.05333393017451,-1.234
40.10666726430257,-1.261
40.16000059843064,-1.357
40.2133339325587,-1.426
40.26666726668676,-1.407
40.32000060081482,-1.535
40.373333934942885,-1.478
40.42666726907095,-1.401
40.48000060319901,-1.339
40.53333393732707,-1.3
40.58666727145513,-1.49
40.64000060558319,-1.712
40.69333393971125,-1.487
40.746667273839314,-1.224
40.80000060796738,-1.35
40.85333394209544,-1.399
40.9066672762235,-1.448
40.96000061035157,-1.375
41.013333944479626,-1.563
41.06666727860769,-1.604
41.12000061273575,-1.488
41.17333394686381,-1.376
41.22666728099188,-1.666
41.28000061511994,-1.599
41.333333949248,-1.462
41.386667283376056,-1.467
41.44000061750412,-1.373
41.49333395163218,-1.36
41.54666728576024,-1.456
41.60000061988831,-1.465
41.65333395401637,-1.637
41.70666728814443,-1.617
41.76000062227249,-1.594
41.81333395640056,-1.563
41.86666729052862,-1.471
41.92000062465668,-1.464
41.97333395878474,-1.399
42.026667292912805,-1.484
42.08000062704087,-1.357
42.13333396116893,-1.617
42.186667295296985,-1.67
42.24000062942505,-1.571
42.29333396355311,-1.545
42.34666729768117,-1.59
42.40000063180924,-1.606
42.4533339659373,-1.716
42.50666730006536,-1.646
42.56000063419342,-1.511
42.61333396832149,-1.563
42.66666730244955,-1.48
42.72000063657761,-1.569
42.77333397070567,-1.648
42.82666730483373,-1.579
42.8800006389618,-1.657
42.93333397308986,-1.73
42.98666730721792,-1.561
43.040000641345976,-1.57
43.09333397547404,-1.654
43.1466673096021,-1.674
43.20000064373016,-1.63
43.25333397785823,-1.686
43.30666731198629,-1.729
43.36000064611435,-1.649
43.41333398024241,-1.712
43.46666731437048,-1.591
43.52000064849854,-1.534
43.5733339826266,-1.663
43.62666731675466,-1.797
43.680000650882725,-1.728
43.73333398501079,-1.835
43.78666731913884,-1.785
43.840000653266905,-1.646
43.89333398739497,-1.803
43.94666732152303,-1.917
44.00000065565109,-1.792
44.05333398977916,-1.835
44.10666732390722,-1.803
44.16000065803528,-1.881
44.21333399216334,-1.957
44.266667326291405,-1.806
44.32000066041947,-1.74
44.37333399454753,-1.801
44.42666732867559,-2.046
44.48000066280365,-1.968
44.53333399693172,-1.974
44.58666733105977,-1.82
44.64000066518784,-1.765
44.6933339993159,-1.867
44.74666733344396,-1.922
44.80000066757202,-1.98
44.85333400170008,-1.959
44.90666733582815,-1.894
44.96000066995621,-1.75
45.01333400408427,-1.85
45.06666733821233,-1.866
45.1200006723404,-1.98
45.17333400646846,-2.036
45.22666734059652,-2.017
45.28000067472458,-1.725
45.333334008852646,-1.727
45.3866673429807,-1.76
45.44000067710876,-1.914
45.493334011236826,-1.785
45.54666734536489,-1.908
45.60000067949295,-1.917
45.65333401362101,-1.786
45.70666734774908,-1.672
45.76000068187714,-1.751
45.8133340160052,-1.667
45.86666735013326,-1.703
45.920000684261325,-1.808
45.97333401838939,-1.723
46.02666735251745,-1.665
46.08000068664551,-1.833
46.13333402077357,-1.672
46.18666735490163,-1.732
46.24000068902969,-1.766
46.29333402315776,-1.699
46.34666735728582,-1.846
46.40000069141388,-1.697
46.45333402554194,-1.752
46.50666735967,-1.691
46.56000069379807,-1.816
46.61333402792613,-1.889
46.66666736205419,-1.918
46.720000696182254,-1.807
46.77333403031032,-1.825
46.82666736443838,-1.823
46.88000069856644,-1.734
46.9333340326945,-1.731
46.98666736682256,-1.87
47.04000070095062,-1.855
47.09333403507868,-1.756
47.146667369206746,-1.84
47.20000070333481,-1.776
47.25333403746287,-1.747
47.30666737159093,-1.866
47.360000705719,-1.902
47.41333403984706,-2.037
47.46666737397512,-1.894
47.52000070810318,-1.888
47.573334042231245,-1.976
47.62666737635931,-1.984
47.68000071048737,-2.021
47.73333404461543,-1.88
47.78666737874349,-1.774
47.84000071287155,-1.806
47.89333404699961,-1.793
47.94666738112768,-1.808
48.00000071525574,-2.003
48.0533340493838,-1.989
48.10666738351186,-1.928
48.160000717639925,-1.849
48.21333405176799,-1.96
48.26666738589605,-1.947
48.32000072002411,-1.841
48.373334054152174,-1.898
48.42666738828024,-1.947
48.4800007224083,-1.923
48.53333405653636,-1.956
48.58666739066442,-1.952
48.64000072479248,-2.075
48.69333405892054,-2.11
48.74666739304861,-2.0
48.800000727176666,-1.983
48.85333406130473,-2.237
48.90666739543279,-2.135
48.96000072956085,-1.95
49.01333406368892,-1.991
49.06666739781698,-1.901
49.12000073194504,-1.891
49.1733340660731,-2.03
49.226667400201165,-1.909
49.28000073432923,-1.985
49.33333406845729,-2.165
49.38666740258535,-2.248
49.44000073671341,-2.163
49.49333407084147,-2.019
49.54666740496953,-2.002
49.6000007390976,-2.187
49.65333407322566,-2.199
49.70666740735372,-2.23
49.76000074148178,-2.191
49.813334075609845,-2.162
49.86666740973791,-2.142
49.92000074386597,-2.141
49.97333407799403,-2.096
50.026667412122094,-2.002
50.08000074625016,-2.111
50.13333408037822,-2.185
50.18666741450628,-2.239
50.24000074863434,-2.292
50.2933340827624,-1.968
50.34666741689046,-2.036
50.40000075101853,-2.121
50.45333408514659,-2.014
50.50666741927465,-2.252
50.56000075340271,-2.171
50.61333408753077,-2.085
50.66666742165884,-2.134
50.7200007557869,-2.048
50.77333408991496,-1.863
50.82666742404302,-1.926
50.880000758171086,-1.968
50.93333409229915,-2.128
50.98666742642721,-2.038
51.04000076055527,-2.209
51.09333409468333,-2.275
51.14666742881139,-2.054
51.20000076293945,-2.018
51.25333409706752,-2.242
51.30666743119558,-2.307
51.36000076532364,-2.214
51.4133340994517,-2.159
51.466667433579765,-2.36
51.52000076770783,-2.229
51.57333410183589,-2.099
51.62666743596395,-2.168
51.680000770092015,-2.236
51.73333410422008,-2.323
51.78666743834814,-2.232
51.8400007724762,-2.264
51.89333410660426,-2.267
51.94666744073232,-2.253
52.00000077486038,-2.191
52.053334108988444,-2.3
52.10666744311651,-2.339
52.16000077724457,-2.145
52.21333411137263,-2.141
52.26666744550069,-2.319
52.32000077962876,-2.091
52.37333411375682,-2.151
52.42666744788488,-2.145
52.480000782012944,-2.093
52.533334116141006,-2.145
52.58666745026907,-2.203
52.64000078439712,-2.303
52.69333411852519,-2.288
52.74666745265325,-2.279
52.80000078678131,-2.169
52.85333412090937,-2.37
52.90666745503744,-2.186
52.9600007891655,-2.052
53.01333412329356,-2.081
53.06666745742162,-2.132
53.120000791549685,-2.333
53.17333412567775,-2.277
53.22666745980581,-2.4
53.28000079393387,-2.377
53.333334128061935,-2.366
53.38666746219,-2.268
53.44000079631805,-1.984
53.49333413044612,-1.903
53.54666746457418,-2.054
53.60000079870224,-2.146
53.6533341328303,-2.171
53.706667466958365,-2.196
53.76000080108643,-2.202
53.81333413521449,-1.929
53.86666746934255,-1.87
53.92000080347061,-1.913
53.97333413759868,-1.919
54.02666747172674,-2.083
54.0800008058548,-2.036
54.133334139982864,-2.089
54.186667474110926,-1.951
54.24000080823898,-1.815
54.29333414236704,-1.997
54.34666747649511,-1.955
54.40000081062317,-1.841
54.45333414475123,-1.97
54.506667478879294,-2.039
54.56000081300736,-2.024
54.61333414713542,-1.94
54.66666748126348,-1.838
54.72000081539154,-1.848
54.773334149519606,-1.767
54.82666748364767,-1.674
54.88000081777573,-1.762
54.93333415190379,-1.816
54.986667486031855,-1.799
55.04000082015991,-2.029
55.09333415428797,-1.98
55.14666748841604,-2.011
55.2000008225441,-1.919
55.25333415667216,-1.953
55.30666749080022,-1.99
55.360000824928285,-2.009
55.41333415905635,-1.989
55.46666749318441,-1.978
55.52000082731247,-1.903
55.573334161440535,-2.163
