time_min,absorb_mau
0.0,0.089
0.0333333338300387,0.226
0.0666666676600774,0.303
0.1000000014901161,0.228
0.1333333353201548,0.307
0.1666666691501935,0.426
0.2000000029802322,0.297
0.2333333368102709,0.301
0.2666666706403096,0.341
0.3000000044703483,0.335
0.3333333383003871,0.222
0.3666666721304258,0.184
0.4000000059604645,0.293
0.4333333397905032,0.246
0.4666666736205419,0.195
0.5000000074505806,0.165
0.5333333412806193,0.215
0.566666675110658,0.17
0.6000000089406967,0.222
0.6333333427707355,0.158
0.6666666766007742,0.138
0.7000000104308128,0.026
0.7333333442608516,0.092
0.7666666780908903,0.05
0.800000011920929,0.071
0.8333333457509677,-0.013
0.8666666795810064,0.042
0.9000000134110451,0.221
0.933333347241084,0.5
0.9666666810711224,1.064
1.0000000149011612,1.999
1.0333333487312,2.986
1.0666666825612383,4.42
1.100000016391277,5.8
1.133333350221316,7.362
1.1666666840513549,8.799
1.2000000178813934,10.322
1.2333333517114322,11.944
1.266666685541471,13.947
1.3000000193715096,15.928
1.3333333532015483,18.24
1.3666666870315871,20.749
1.4000000208616257,23.347
1.4333333546916645,25.711
1.4666666885217032,27.905
1.5000000223517418,29.93
1.5333333561817806,31.692
1.5666666900118194,33.124
1.600000023841858,34.347
1.6333333576718967,35.231
1.6666666915019357,35.926
1.700000025331974,36.629
1.7333333591620128,36.855
1.7666666929920516,36.863
1.80000002682209,36.789
1.833333360652129,36.631
1.866666694482168,36.498
1.9000000283122065,36.245
1.933333362142245,36.011
1.966666695972284,35.713
2.0000000298023224,35.553
2.033333363632361,35.374
2.0666666974624,35.144
2.1000000312924385,35.014
2.133333365122477,34.718
2.166666698952516,34.471
2.200000032782554,34.203
2.233333366612593,34.099
2.266666700442632,33.791
2.3000000342726707,33.39
2.3333333681027097,32.869
2.3666667019327483,32.419
2.400000035762787,32.007
2.433333369592826,31.444
2.4666667034228644,30.865
2.500000037252903,30.077
2.533333371082942,29.481
2.5666667049129805,28.739
2.600000038743019,28.004
2.633333372573058,27.274
2.6666667064030967,26.602
2.7000000402331352,25.795
2.7333333740631742,25.077
2.766666707893213,24.383
2.800000041723252,23.538
2.8333333755532903,22.762
2.866666709383329,22.105
2.9000000432133675,21.634
2.9333333770434065,21.018
2.966666710873445,20.345
3.000000044703484,19.661
3.0333333785335226,19.041
3.066666712363561,18.522
3.1000000461936,17.972
3.1333333800236387,17.501
3.1666667138536773,17.015
3.200000047683716,16.567
3.233333381513755,16.246
3.2666667153437934,15.908
3.300000049173832,15.564
3.333333383003871,14.955
3.366666716833909,14.535
3.400000050663948,14.293
3.433333384493987,14.008
3.4666667183240256,13.65
3.500000052154064,13.339
3.533333385984103,13.074
3.5666667198141417,12.667
3.6000000536441803,12.408
3.6333333874742193,12.176
3.666666721304258,11.943
3.700000055134296,11.67
3.733333388964336,11.429
3.766666722794374,11.195
3.800000056624413,10.95
3.833333390454452,10.738
3.86666672428449,10.552
3.9000000581145287,10.331
3.933333391944568,10.123
3.966666725774606,9.871
4.000000059604645,9.725
4.033333393434684,9.478
4.066666727264722,9.286
4.100000061094761,9.086
4.1333333949248,8.946
4.166666728754838,8.781
4.200000062584877,8.618
4.233333396414916,8.332
4.266666730244954,8.083
4.300000064074993,7.92
4.333333397905032,7.809
4.36666673173507,7.794
4.400000065565109,7.614
4.433333399395148,7.406
4.466666733225186,7.299
4.500000067055225,7.171
4.533333400885264,7.082
4.566666734715303,6.978
4.6000000685453415,6.85
4.6333334023753805,6.702
4.66666673620542,6.54
4.700000070035458,6.418
4.733333403865497,6.268
4.766666737695536,6.154
4.800000071525574,5.867
4.833333405355613,5.837
4.866666739185652,5.754
4.90000007301569,5.779
4.933333406845729,5.676
4.966666740675768,5.733
5.000000074505806,5.525
5.033333408335845,5.348
5.066666742165884,5.264
5.100000075995922,5.213
5.133333409825961,5.143
5.166666743656,4.954
5.200000077486038,4.943
5.233333411316077,4.687
5.266666745146116,4.587
5.300000078976154,4.49
5.333333412806193,4.438
5.366666746636232,4.426
5.4000000804662704,4.423
5.433333414296309,4.338
5.4666667481263485,4.226
5.500000081956387,4.227
5.533333415786426,4.095
5.566666749616465,4.055
5.600000083446503,3.906
5.633333417276542,4.006
5.666666751106581,3.882
5.700000084936619,3.956
5.733333418766658,3.772
5.766666752596697,3.714
5.800000086426735,3.522
5.833333420256774,3.501
5.866666754086813,3.645
5.900000087916851,3.559
5.93333342174689,3.394
5.966666755576929,3.414
6.000000089406967,3.233
6.033333423237006,3.213
6.066666757067045,3.175
6.100000090897083,3.158
6.133333424727122,3.194
6.166666758557161,3.15
6.200000092387199,3.05
6.233333426217238,2.825
6.266666760047277,2.677
6.300000093877316,2.733
6.3333334277073545,2.864
6.3666667615373935,2.832
6.400000095367432,2.74
6.433333429197471,2.565
6.46666676302751,2.576
6.500000096857548,2.472
6.533333430687587,2.374
6.566666764517626,2.261
6.600000098347664,2.432
6.633333432177703,2.585
6.666666766007742,2.46
6.70000009983778,2.302
6.733333433667819,2.197
6.766666767497858,2.116
6.800000101327896,2.04
6.833333435157935,2.067
6.866666768987974,1.973
6.900000102818012,1.905
6.933333436648051,1.772
6.96666677047809,1.842
7.000000104308128,1.889
7.033333438138167,1.892
7.066666771968206,1.734
7.1000001057982445,1.721
7.133333439628284,1.691
7.1666667734583225,1.653
7.200000107288361,1.611
7.2333334411184,1.645
7.266666774948439,1.707
7.300000108778477,1.69
7.333333442608516,1.572
7.366666776438555,1.409
7.400000110268593,1.534
7.433333444098632,1.454
7.466666777928671,1.455
7.500000111758709,1.223
7.533333445588748,1.345
7.566666779418787,1.353
7.600000113248825,1.297
7.633333447078864,1.165
7.666666780908903,1.1
7.700000114738941,1.308
7.73333344856898,1.333
7.766666782399019,1.294
7.800000116229057,1.209
7.833333450059096,1.134
7.866666783889135,1.008
7.900000117719173,1.051
7.933333451549212,1.068
7.966666785379251,1.027
8.00000011920929,0.894
8.033333453039328,0.895
8.066666786869368,0.896
8.100000120699406,0.945
8.133333454529444,0.844
8.166666788359484,0.823
8.200000122189522,0.873
8.23333345601956,0.804
8.2666667898496,0.75
8.300000123679638,0.769
8.333333457509676,0.796
8.366666791339716,0.748
8.400000125169754,0.62
8.433333458999792,0.536
8.466666792829832,0.661
8.50000012665987,0.768
8.533333460489908,0.684
8.566666794319948,0.522
8.600000128149986,0.602
8.633333461980024,0.568
8.666666795810064,0.571
8.700000129640102,0.592
8.73333346347014,0.778
8.76666679730018,0.757
8.800000131130219,0.673
8.833333464960257,0.508
8.866666798790297,0.625
8.900000132620335,0.52
8.933333466450373,0.539
8.966666800280413,0.501
9.00000013411045,0.541
9.033333467940489,0.474
9.066666801770529,0.337
9.100000135600569,0.448
9.133333469430609,0.46
9.166666803260645,0.475
9.200000137090685,0.486
9.233333470920725,0.326
9.26666680475076,0.182
9.3000001385808,0.037
9.33333347241084,-0.061
9.366666806240875,-0.023
9.400000140070915,0.149
9.433333473900955,0.267
9.466666807730991,0.178
9.500000141561031,0.197
9.533333475391071,0.139
9.56666680922111,0.086
9.600000143051147,0.139
9.633333476881187,0.196
9.666666810711224,0.221
9.700000144541264,0.043
9.733333478371303,-0.024
9.766666812201342,0.003
9.80000014603138,0.124
9.83333347986142,0.168
9.866666813691458,0.103
9.900000147521496,-0.04
9.933333481351536,-0.074
9.966666815181574,0.0
10.000000149011612,0.066
10.033333482841652,0.099
10.06666681667169,0.04
10.100000150501728,-0.037
10.133333484331768,-0.065
10.166666818161806,-0.003
10.200000151991844,0.012
10.233333485821884,0.011
10.266666819651922,-0.041
10.30000015348196,-0.107
10.333333487312,-0.239
10.366666821142038,-0.273
10.400000154972076,-0.282
10.433333488802116,-0.303
10.466666822632154,-0.245
10.500000156462193,-0.233
10.533333490292232,-0.388
10.56666682412227,-0.341
10.600000157952309,-0.314
10.633333491782349,-0.273
10.666666825612388,-0.354
10.700000159442425,-0.357
10.733333493272465,-0.436
10.766666827102505,-0.418
10.80000016093254,-0.371
10.83333349476258,-0.412
10.86666682859262,-0.355
10.900000162422655,-0.412
10.933333496252695,-0.372
10.966666830082737,-0.306
11.000000163912771,-0.378
11.033333497742811,-0.509
11.066666831572851,-0.456
11.10000016540289,-0.432
11.13333349923293,-0.488
11.166666833062967,-0.464
11.200000166893004,-0.504
11.233333500723043,-0.513
11.266666834553083,-0.578
11.30000016838312,-0.608
11.33333350221316,-0.494
11.3666668360432,-0.477
11.400000169873238,-0.525
11.433333503703278,-0.492
11.466666837533316,-0.556
11.500000171363354,-0.701
11.533333505193394,-0.781
11.566666839023432,-0.732
11.60000017285347,-0.801
11.63333350668351,-0.721
11.666666840513548,-0.634
11.700000174343586,-0.641
11.733333508173626,-0.733
11.766666842003664,-0.748
11.800000175833702,-0.702
11.833333509663742,-0.742
11.86666684349378,-0.784
11.900000177323818,-0.864
11.933333511153858,-0.912
11.966666844983896,-0.72
12.000000178813934,-0.802
12.033333512643974,-0.89
12.066666846474012,-0.969
12.10000018030405,-0.839
12.13333351413409,-0.845
12.166666847964128,-0.819
12.200000181794168,-0.812
12.233333515624206,-0.725
12.266666849454245,-0.78
12.300000183284284,-0.666
12.333333517114324,-0.738
12.36666685094436,-0.829
12.4000001847744,-0.896
12.43333351860444,-0.842
12.466666852434477,-0.906
12.500000186264517,-0.994
12.533333520094557,-0.925
12.566666853924591,-1.027
12.600000187754633,-1.117
12.633333521584673,-1.174
12.666666855414707,-1.253
12.700000189244747,-1.108
12.733333523074789,-1.023
12.766666856904823,-0.956
12.800000190734863,-1.017
12.833333524564903,-0.997
12.86666685839494,-0.966
12.90000019222498,-0.96
12.93333352605502,-1.067
12.966666859885056,-1.035
13.000000193715096,-1.028
13.033333527545135,-0.982
13.066666861375174,-0.949
13.100000195205212,-0.996
13.133333529035252,-1.002
13.16666686286529,-0.956
13.200000196695328,-0.93
13.233333530525368,-1.028
13.266666864355406,-1.06
13.300000198185444,-1.101
13.333333532015484,-1.094
13.366666865845522,-1.03
13.40000019967556,-1.072
13.4333335335056,-1.088
13.466666867335638,-1.071
13.500000201165676,-0.898
13.533333534995716,-0.929
13.566666868825754,-1.073
13.600000202655792,-1.095
13.633333536485832,-1.124
13.66666687031587,-1.076
13.700000204145908,-1.051
13.733333537975948,-0.947
13.766666871805986,-0.981
13.800000205636024,-0.98
13.833333539466064,-0.926
13.866666873296102,-0.955
13.90000020712614,-0.925
13.93333354095618,-1.078
13.96666687478622,-1.131
14.000000208616257,-1.144
14.033333542446297,-1.093
14.066666876276336,-1.125
14.100000210106373,-1.187
14.133333543936413,-1.241
14.16666687776645,-1.182
14.200000211596487,-1.164
14.233333545426529,-1.092
14.266666879256569,-1.093
14.300000213086603,-1.163
14.333333546916643,-1.242
14.366666880746685,-1.266
14.40000021457672,-1.25
14.43333354840676,-1.282
14.4666668822368,-1.257
14.500000216066836,-1.157
14.533333549896875,-1.077
14.566666883726915,-1.079
14.600000217556952,-1.161
14.633333551386992,-1.246
14.666666885217031,-1.331
14.70000021904707,-1.296
14.73333355287711,-1.201
14.766666886707148,-1.23
14.800000220537186,-1.354
14.833333554367226,-1.366
14.866666888197264,-1.306
14.900000222027302,-1.257
14.933333555857342,-1.253
14.96666688968738,-1.207
15.000000223517418,-1.276
15.033333557347458,-1.299
15.066666891177496,-1.304
15.100000225007534,-1.292
15.133333558837574,-1.33
15.166666892667612,-1.357
15.20000022649765,-1.432
15.23333356032769,-1.45
15.266666894157728,-1.489
15.300000227987766,-1.277
15.333333561817806,-1.248
15.366666895647844,-1.275
15.400000229477882,-1.292
15.433333563307922,-1.398
15.46666689713796,-1.441
15.500000230968,-1.542
15.533333564798038,-1.331
15.566666898628077,-1.271
15.600000232458116,-1.216
15.633333566288156,-1.24
15.666666900118193,-1.312
15.70000023394823,-1.317
15.73333356777827,-1.381
15.766666901608309,-1.249
15.800000235438349,-1.354
15.833333569268389,-1.295
15.866666903098425,-1.304
15.900000236928465,-1.348
15.933333570758505,-1.414
15.96666690458854,-1.364
16.00000023841858,-1.451
16.03333357224862,-1.381
16.066666906078655,-1.474
16.100000239908695,-1.482
16.133333573738735,-1.476
16.16666690756877,-1.559
16.20000024139881,-1.49
16.23333357522885,-1.512
16.266666909058888,-1.51
16.300000242888927,-1.556
16.333333576718967,-1.512
16.366666910549004,-1.406
16.400000244379044,-1.375
16.433333578209083,-1.492
16.46666691203912,-1.51
16.50000024586916,-1.62
16.5333335796992,-1.627
16.566666913529236,-1.559
16.600000247359276,-1.488
16.633333581189316,-1.528
16.666666915019352,-1.609
16.700000248849392,-1.617
16.733333582679432,-1.495
16.766666916509468,-1.598
16.800000250339508,-1.659
16.833333584169548,-1.612
16.866666917999584,-1.604
16.900000251829624,-1.539
16.933333585659664,-1.528
16.9666669194897,-1.519
17.00000025331974,-1.498
17.03333358714978,-1.598
17.066666920979817,-1.576
17.100000254809856,-1.685
17.133333588639896,-1.691
17.166666922469933,-1.705
17.200000256299973,-1.448
17.233333590130012,-1.514
17.26666692396005,-1.614
17.30000025779009,-1.633
17.33333359162013,-1.738
17.366666925450165,-1.663
17.400000259280205,-1.589
17.433333593110245,-1.6
17.46666692694028,-1.619
17.50000026077032,-1.728
17.53333359460036,-1.794
17.566666928430397,-1.774
17.600000262260437,-1.775
17.633333596090477,-1.734
17.666666929920513,-1.788
17.700000263750553,-1.803
17.733333597580593,-1.774
17.76666693141063,-1.789
17.80000026524067,-1.854
17.83333359907071,-1.941
17.866666932900745,-1.923
17.900000266730785,-1.756
17.933333600560825,-1.773
17.96666693439086,-1.669
18.0000002682209,-1.666
18.03333360205094,-1.724
18.066666935880978,-1.827
18.100000269711018,-1.827
18.133333603541057,-1.738
18.16666693737109,-1.759
18.200000271201134,-1.636
18.233333605031174,-1.573
18.266666938861214,-1.558
18.30000027269125,-1.572
18.33333360652129,-1.587
18.36666694035133,-1.612
18.40000027418137,-1.564
18.43333360801141,-1.605
18.46666694184145,-1.652
18.50000027567148,-1.724
18.53333360950152,-1.728
18.56666694333156,-1.796
18.6000002771616,-1.742
18.63333361099164,-1.733
18.66666694482168,-1.745
18.700000278651714,-1.882
18.733333612481758,-1.9
18.766666946311798,-1.897
18.80000028014183,-1.877
18.83333361397187,-1.84
18.86666694780191,-1.874
18.900000281631947,-2.062
18.933333615461983,-2.049
18.966666949292023,-1.902
19.000000283122063,-1.883
19.033333616952103,-1.834
19.066666950782142,-1.905
19.10000028461218,-1.992
19.13333361844222,-1.899
19.16666695227226,-1.782
19.20000028610229,-1.701
19.23333361993233,-1.958
19.26666695376237,-1.932
19.30000028759241,-1.988
19.33333362142245,-1.872
19.36666695525249,-1.824
19.400000289082527,-1.782
19.433333622912567,-1.804
19.466666956742607,-1.873
19.500000290572643,-1.791
19.533333624402683,-1.818
19.566666958232723,-1.806
19.60000029206276,-1.81
19.6333336258928,-1.788
19.66666695972284,-1.84
19.70000029355288,-1.941
19.733333627382915,-2.046
19.766666961212955,-1.994
19.80000029504299,-2.063
19.83333362887303,-2.02
19.86666696270307,-2.066
19.900000296533108,-2.068
19.933333630363148,-2.01
19.966666964193188,-1.879
20.000000298023224,-1.761
20.033333631853264,-1.917
20.066666965683304,-2.037
20.10000029951334,-2.037
20.13333363334338,-2.058
20.16666696717342,-2.021
20.200000301003456,-1.926
20.233333634833496,-1.978
20.266666968663536,-2.134
20.30000030249357,-2.091
20.33333363632361,-2.032
20.36666697015365,-2.102
20.40000030398369,-2.082
20.43333363781373,-2.124
20.466666971643768,-2.017
20.500000305473804,-1.941
20.533333639303844,-1.818
20.566666973133884,-1.867
20.60000030696392,-1.967
20.63333364079396,-1.957
20.666666974624,-1.814
20.70000030845404,-1.792
20.73333364228408,-1.795
20.76666697611412,-1.855
20.800000309944156,-2.008
20.833333643774196,-2.072
20.866666977604236,-2.016
20.90000031143427,-1.929
20.93333364526431,-1.971
20.96666697909435,-1.905
21.000000312924385,-1.856
21.033333646754425,-1.792
21.066666980584465,-1.722
21.1000003144145,-1.76
21.13333364824454,-1.762
21.16666698207458,-1.82
21.200000315904617,-1.838
21.233333649734657,-1.859
21.266666983564697,-1.811
21.300000317394733,-1.758
21.333333651224773,-1.803
21.366666985054813,-1.985
21.40000031888485,-2.053
21.43333365271489,-1.981
21.46666698654493,-1.892
21.50000032037497,-1.976
21.53333365420501,-2.037
21.566666988035045,-1.968
21.60000032186508,-1.98
21.63333365569512,-2.05
21.66666698952516,-1.99
21.7000003233552,-1.948
21.73333365718524,-1.855
21.76666699101528,-1.926
21.800000324845318,-1.893
21.833333658675357,-1.923
21.866666992505397,-2.024
21.90000032633543,-2.015
21.93333366016547,-1.962
21.96666699399551,-1.956
22.000000327825543,-2.026
22.033333661655583,-2.074
22.066666995485622,-2.031
22.100000329315662,-1.914
22.133333663145702,-1.874
22.166666996975746,-2.019
22.20000033080578,-2.127
22.23333366463582,-2.212
22.26666699846586,-2.248
22.30000033229589,-2.131
22.33333366612593,-2.283
22.36666699995597,-2.37
22.40000033378601,-2.19
22.43333366761605,-1.925
22.46666700144609,-1.836
22.500000335276127,-1.988
22.533333669106167,-2.117
22.566667002936207,-2.124
22.600000336766243,-2.072
22.633333670596283,-2.064
22.666667004426323,-2.006
22.70000033825636,-1.958
22.7333336720864,-2.095
22.76666700591644,-2.172
22.800000339746475,-2.175
22.833333673576515,-2.168
22.866667007406555,-2.142
22.90000034123659,-2.169
22.93333367506663,-2.197
22.96666700889667,-2.214
23.000000342726707,-2.037
23.033333676556747,-2.01
23.066667010386787,-2.129
23.100000344216824,-2.282
23.133333678046863,-2.223
23.166667011876903,-2.169
23.20000034570694,-2.132
23.23333367953698,-2.227
23.26666701336702,-2.222
23.300000347197056,-2.218
23.333333681027096,-2.128
23.366667014857136,-2.156
23.40000034868717,-2.199
23.43333368251721,-2.264
23.46666701634725,-2.206
23.500000350177288,-2.217
23.533333684007328,-2.316
23.566667017837368,-2.294
23.600000351667404,-2.173
23.633333685497444,-2.081
23.666667019327484,-2.034
23.70000035315752,-2.103
23.73333368698756,-2.178
23.7666670208176,-2.221
23.80000035464764,-2.292
23.83333368847768,-2.161
23.86666702230772,-2.001
23.900000356137756,-1.915
23.933333689967792,-1.869
23.966667023797832,-1.986
24.00000035762787,-1.995
24.03333369145791,-1.992
24.06666702528795,-1.974
24.100000359117985,-2.125
24.133333692948025,-2.168
24.166667026778065,-2.175
24.2000003606081,-2.223
24.23333369443814,-2.06
24.26666702826818,-2.088
24.300000362098217,-2.133
24.333333695928257,-2.197
24.366667029758297,-2.261
24.400000363588333,-2.275
24.433333697418373,-2.323
24.466667031248413,-2.313
24.50000036507845,-2.311
24.53333369890849,-2.333
24.56666703273853,-2.286
24.600000366568565,-2.369
24.633333700398605,-2.372
24.666667034228645,-2.425
24.70000036805868,-2.348
24.73333370188872,-2.328
24.76666703571876,-2.25
24.8000003695488,-2.44
24.83333370337884,-2.488
24.86666703720888,-2.39
24.900000371038917,-2.175
24.933333704868957,-2.177
24.966667038698997,-2.192
25.00000037252903,-2.27
25.03333370635907,-2.373
25.06666704018911,-2.361
25.100000374019142,-2.194
25.133333707849182,-2.196
25.166667041679226,-2.22
25.200000375509266,-2.206
25.233333709339306,-2.098
25.266667043169345,-2.135
25.300000376999375,-2.209
25.333333710829415,-2.425
25.366667044659454,-2.404
25.40000037848949,-2.299
25.43333371231953,-2.261
25.46666704614957,-2.321
25.50000037997961,-2.43
25.53333371380965,-2.497
25.56666704763969,-2.326
25.600000381469727,-2.36
25.633333715299766,-2.234
25.666667049129806,-2.197
25.700000382959843,-2.3
25.733333716789883,-2.261
25.76666705061992,-2.288
25.80000038444996,-2.257
25.83333371828,-2.328
25.86666705211004,-2.346
25.900000385940075,-2.213
25.933333719770115,-2.244
25.966667053600155,-2.174
26.00000038743019,-2.141
26.03333372126023,-2.291
26.06666705509027,-2.461
26.100000388920307,-2.441
26.133333722750347,-2.35
26.166667056580387,-2.329
26.200000390410423,-2.372
26.233333724240463,-2.33
26.266667058070503,-2.209
26.30000039190054,-2.173
26.33333372573058,-2.171
26.36666705956062,-2.214
26.400000393390656,-2.338
26.433333727220692,-2.339
26.46666706105073,-2.385
26.50000039488077,-2.337
26.53333372871081,-2.387
26.56666706254085,-2.378
26.600000396370888,-2.318
26.633333730200928,-2.333
26.666667064030968,-2.552
26.700000397861004,-2.59
26.733333731691044,-2.471
26.766667065521084,-2.42
26.80000039935112,-2.437
26.83333373318116,-2.589
26.8666670670112,-2.527
26.90000040084124,-2.455
26.93333373467128,-2.458
26.96666706850132,-2.529
27.000000402331352,-2.476
27.033333736161392,-2.438
27.066667069991432,-2.436
27.10000040382147,-2.476
27.13333373765151,-2.58
27.166667071481548,-2.663
27.200000405311584,-2.415
27.233333739141624,-2.368
27.266667072971664,-2.479
27.3000004068017,-2.52
27.33333374063174,-2.671
27.36666707446178,-2.725
27.400000408291817,-2.777
27.433333742121857,-2.657
27.466667075951896,-2.605
27.500000409781933,-2.633
27.533333743611973,-2.591
27.566667077442013,-2.521
27.60000041127205,-2.516
27.63333374510209,-2.486
27.66666707893213,-2.627
27.700000412762165,-2.681
27.733333746592205,-2.676
27.766667080422245,-2.735
27.80000041425228,-2.765
27.83333374808232,-2.678
27.86666708191236,-2.695
27.9000004157424,-2.647
27.93333374957244,-2.593
27.96666708340248,-2.45
28.000000417232517,-2.524
28.033333751062557,-2.594
28.066667084892597,-2.683
28.10000041872263,-2.654
28.13333375255267,-2.663
28.16666708638271,-2.708
28.200000420212746,-2.688
28.233333754042786,-2.697
28.266667087872825,-2.644
28.300000421702865,-2.62
28.3333337555329,-2.736
28.36666708936294,-2.834
28.400000423192974,-2.934
28.433333757023014,-3.051
28.466667090853058,-2.977
28.50000042468309,-2.805
28.53333375851313,-2.724
28.56666709234317,-2.759
28.60000042617321,-2.716
28.63333376000325,-2.68
28.66666709383329,-2.783
28.700000427663326,-2.942
28.73333376149337,-2.938
28.76666709532341,-2.855
28.80000042915344,-2.916
28.83333376298348,-2.88
28.86666709681352,-2.905
28.90000043064356,-2.74
28.9333337644736,-2.644
28.96666709830364,-2.544
29.000000432133675,-2.482
29.033333765963715,-2.532
29.066667099793754,-2.572
29.10000043362379,-2.738
29.13333376745383,-2.75
29.16666710128387,-2.689
29.200000435113907,-2.673
29.233333768943947,-2.695
29.266667102773987,-2.705
29.300000436604023,-2.805
29.333333770434063,-2.714
29.366667104264103,-2.541
29.40000043809414,-2.538
29.43333377192418,-2.708
29.46666710575422,-2.727
29.50000043958425,-2.76
29.53333377341429,-2.821
29.56666710724433,-2.842
29.60000044107437,-2.818
29.63333377490441,-2.802
29.66666710873445,-2.848
29.700000442564487,-2.849
29.733333776394527,-2.802
29.766667110224567,-2.882
29.800000444054604,-2.893
29.833333777884643,-2.858
29.866667111714683,-2.757
29.90000044554472,-2.653
29.93333377937476,-2.746
29.9666671132048,-2.782
30.00000044703484,-2.831
30.03333378086488,-2.926
30.06666711469492,-2.802
30.100000448524952,-2.661
30.133333782354992,-2.698
30.16666711618503,-2.827
30.200000450015068,-2.869
30.233333783845108,-2.817
30.266667117675148,-2.914
30.300000451505184,-2.874
30.333333785335224,-2.848
30.366667119165264,-2.726
30.4000004529953,-2.742
30.43333378682534,-2.688
30.46666712065538,-2.827
30.500000454485416,-2.913
30.533333788315456,-2.825
30.566667122145496,-2.814
30.600000455975533,-2.762
30.63333378980557,-2.767
30.66666712363561,-2.851
30.70000045746565,-2.864
30.73333379129569,-2.742
30.76666712512573,-2.741
30.800000458955765,-2.849
30.833333792785805,-2.898
30.866667126615845,-2.809
30.90000046044588,-2.771
30.93333379427592,-2.846
30.96666712810596,-2.9
31.000000461936,-2.959
31.03333379576604,-2.842
31.06666712959608,-2.885
31.100000463426117,-2.752
31.133333797256157,-2.814
31.166667131086196,-2.947
31.20000046491623,-3.017
31.23333379874627,-3.031
31.26666713257631,-2.935
31.300000466406345,-2.987
31.333333800236385,-3.01
31.366667134066425,-3.117
31.40000046789646,-3.151
31.4333338017265,-2.963
31.46666713555654,-2.911
31.500000469386578,-2.881
31.533333803216617,-2.842
31.566667137046657,-2.802
31.600000470876694,-2.838
31.633333804706734,-2.838
31.666667138536774,-2.846
31.70000047236681,-2.805
31.73333380619685,-2.78
31.76666714002689,-2.793
31.80000047385693,-2.782
31.83333380768697,-2.778
31.86666714151701,-2.8
31.90000047534704,-2.87
31.93333380917708,-2.911
31.96666714300712,-2.922
32.00000047683716,-3.028
32.033333810667195,-3.013
32.06666714449724,-2.947
32.100000478327274,-2.978
32.13333381215731,-3.015
32.166667145987354,-2.885
32.20000047981739,-2.966
32.23333381364743,-2.941
32.26666714747747,-3.04
32.30000048130751,-2.997
32.33333381513754,-2.961
32.366667148967586,-2.8
32.40000048279762,-2.804
32.43333381662766,-2.734
32.4666671504577,-2.767
32.50000048428774,-2.801
32.533333818117775,-2.897
32.56666715194782,-2.796
32.600000485777855,-2.885
32.63333381960789,-2.889
32.666667153437935,-2.956
32.70000048726797,-2.864
32.73333382109801,-2.894
32.76666715492805,-2.839
32.80000048875809,-2.685
32.83333382258812,-2.588
32.86666715641817,-2.539
32.9000004902482,-2.663
32.93333382407824,-2.8
32.96666715790828,-2.997
33.00000049173832,-3.035
33.03333382556836,-3.048
33.0666671593984,-2.928
33.10000049322844,-2.751
33.13333382705847,-2.688
33.166667160888515,-2.859
33.20000049471855,-3.006
33.23333382854859,-2.941
33.26666716237863,-2.889
33.30000049620867,-2.85
33.333333830038704,-3.037
33.36666716386875,-3.078
33.400000497698784,-3.086
33.43333383152882,-2.937
33.466667165358864,-2.961
