time_min,absorb_mau
0.0,-0.004
0.0016666666915019,-0.004
0.0033333333830038,-0.005
0.0050000000745058,-0.005
0.0066666667660077,-0.006
0.0083333334575096,-0.009
0.0100000001490116,-0.014
0.0116666668405135,-0.018
0.0133333335320154,-0.022
0.0150000002235174,-0.026
0.0166666669150193,-0.03
0.0183333336065212,-0.033
0.0200000002980232,-0.038
0.0216666669895251,-0.042
0.023333333681027,-0.047
0.025000000372529,-0.053
0.0266666670640309,-0.058
0.0283333337555329,-0.064
0.0300000004470348,-0.071
0.0316666671385367,-0.075
0.0333333338300387,-0.083
0.0350000005215406,-0.089
0.0366666672130425,-0.095
0.0383333339045445,-0.101
0.0400000005960464,-0.107
0.0416666672875483,-0.107
0.0433333339790503,-0.109
0.0450000006705522,-0.109
0.0466666673620541,-0.108
0.0483333340535561,-0.108
0.050000000745058,-0.108
0.0516666674365599,-0.107
0.0533333341280619,-0.107
0.0550000008195638,-0.107
0.0566666675110658,-0.106
0.0583333342025677,-0.111
0.0600000008940696,-0.122
0.0616666675855716,-0.131
0.0633333342770735,-0.141
0.0650000009685754,-0.149
0.0666666676600774,-0.161
0.0683333343515793,-0.171
0.0700000010430812,-0.181
0.0716666677345832,-0.191
0.0733333344260851,-0.201
0.075000001117587,-0.211
0.076666667809089,-0.218
0.0783333345005909,-0.227
0.0800000011920929,-0.236
0.0816666678835948,-0.245
0.0833333345750967,-0.253
0.0850000012665987,-0.262
0.0866666679581006,-0.271
0.0883333346496025,-0.279
0.0900000013411045,-0.288
0.0916666680326064,-0.293
0.0933333347241083,-0.291
0.0950000014156103,-0.29
0.0966666681071122,-0.287
0.0983333347986141,-0.285
0.1000000014901161,-0.281
0.101666668181618,-0.278
0.1033333348731199,-0.275
0.1050000015646219,-0.272
0.1066666682561238,-0.27
0.1083333349476258,-0.268
0.1100000016391277,-0.262
0.1116666683306296,-0.266
0.1133333350221316,-0.264
0.1150000017136335,-0.262
0.1166666684051354,-0.261
0.1183333350966374,-0.259
0.1200000017881393,-0.258
0.1216666684796412,-0.256
0.1233333351711432,-0.255
0.1250000018626451,-0.253
0.1266666685541471,-0.247
0.128333335245649,-0.243
0.1300000019371509,-0.24
0.1316666686286529,-0.238
0.1333333353201548,-0.235
0.1350000020116567,-0.232
0.1366666687031587,-0.229
0.1383333353946606,-0.227
0.1400000020861625,-0.224
0.1416666687776645,-0.221
0.1433333354691664,-0.215
0.1450000021606683,-0.2
0.1466666688521703,-0.185
0.1483333355436722,-0.171
0.1500000022351741,-0.157
0.1516666689266761,-0.142
0.153333335618178,-0.128
0.15500000230968,-0.114
0.1566666690011819,-0.099
0.1583333356926838,-0.085
0.1600000023841858,-0.077
0.1616666690756877,-0.067
0.1633333357671896,-0.058
0.1650000024586916,-0.049
0.1666666691501935,-0.04
0.1683333358416954,-0.031
0.1700000025331974,-0.022
0.1716666692246993,-0.015
0.1733333359162013,-0.005
0.1750000026077032,0.003
0.1766666692992051,0.008
0.178333335990707,0.006
0.180000002682209,0.004
0.1816666693737109,0.002
0.1833333360652129,0.0
0.1850000027567148,-0.001
0.1866666694482167,-0.003
0.1883333361397187,-0.005
0.1900000028312206,-0.007
0.1916666695227225,-0.009
0.1933333362142245,-0.009
0.1950000029057264,-0.006
0.1966666695972283,0.0
0.1983333362887303,0.003
0.2000000029802322,0.008
0.2016666696717342,0.012
0.2033333363632361,0.016
0.205000003054738,0.02
0.2066666697462399,0.025
0.2083333364377419,0.03
0.2100000031292438,0.026
0.2116666698207458,0.024
0.2133333365122477,0.014
0.2150000032037496,0.005
0.2166666698952516,-0.003
0.2183333365867535,-0.01
0.2200000032782554,-0.021
0.2216666699697574,-0.03
0.2233333366612593,-0.039
0.2250000033527612,-0.048
0.2266666700442632,-0.055
0.2283333367357651,-0.056
0.2300000034272671,-0.063
0.231666670118769,-0.067
0.2333333368102709,-0.072
0.2350000035017728,-0.076
0.2366666701932748,-0.081
0.2383333368847767,-0.085
0.2400000035762786,-0.09
0.2416666702677806,-0.095
0.2433333369592825,-0.103
0.2450000036507845,-0.102
0.2466666703422864,-0.11
0.2483333370337883,-0.114
0.2500000037252903,-0.118
0.2516666704167922,-0.121
0.2533333371082942,-0.126
0.2550000037997961,-0.13
0.256666670491298,-0.134
0.2583333371828,-0.138
0.2600000038743019,-0.141
0.2616666705658038,-0.144
0.2633333372573058,-0.143
0.2650000039488077,-0.143
0.2666666706403096,-0.143
0.2683333373318116,-0.143
0.2700000040233135,-0.143
0.2716666707148155,-0.143
0.2733333374063174,-0.144
0.2750000040978193,-0.144
0.2766666707893213,-0.143
0.2783333374808232,-0.142
0.2800000041723251,-0.143
0.2816666708638271,-0.143
0.283333337555329,-0.143
0.285000004246831,-0.143
0.2866666709383328,-0.143
0.2883333376298348,-0.144
0.2900000043213367,-0.144
0.2916666710128387,-0.144
0.2933333377043406,-0.146
0.2950000043958425,-0.142
0.2966666710873445,-0.138
0.2983333377788464,-0.134
0.3000000044703483,-0.129
0.3016666711618503,-0.125
0.3033333378533522,-0.12
0.3050000045448541,-0.116
0.3066666712363561,-0.111
0.308333337927858,-0.106
0.31000000461936,-0.101
0.3116666713108619,-0.107
0.3133333380023638,-0.119
0.3150000046938658,-0.133
0.3166666713853677,-0.144
0.3183333380768696,-0.154
0.3200000047683716,-0.168
0.3216666714598735,-0.179
0.3233333381513754,-0.191
0.3250000048428774,-0.203
0.3266666715343793,-0.215
0.3283333382258813,-0.211
0.3300000049173832,-0.211
0.3316666716088851,-0.205
0.3333333383003871,-0.2
0.335000004991889,-0.196
0.3366666716833909,-0.191
0.3383333383748929,-0.187
0.3400000050663948,-0.182
0.3416666717578968,-0.177
0.3433333384493987,-0.172
0.3450000051409006,-0.168
0.3466666718324026,-0.163
0.3483333385239044,-0.156
0.3500000052154064,-0.151
0.3516666719069083,-0.147
0.3533333385984103,-0.141
0.3550000052899122,-0.137
0.3566666719814141,-0.132
0.3583333386729161,-0.126
0.360000005364418,-0.12
0.3616666720559199,-0.126
0.3633333387474219,-0.14
0.3650000054389238,-0.149
0.3666666721304258,-0.164
0.3683333388219277,-0.173
0.3700000055134296,-0.188
0.3716666722049316,-0.198
0.3733333388964335,-0.21
0.3750000055879354,-0.225
0.3766666722794374,-0.237
0.3783333389709393,-0.246
0.3800000056624412,-0.248
0.3816666723539432,-0.257
0.3833333390454451,-0.262
0.3850000057369471,-0.267
0.386666672428449,-0.273
0.3883333391199509,-0.278
0.3900000058114529,-0.283
0.3916666725029548,-0.29
0.3933333391944567,-0.296
0.3950000058859587,-0.297
0.3966666725774606,-0.298
0.3983333392689626,-0.291
0.4000000059604645,-0.283
0.4016666726519664,-0.278
0.4033333393434684,-0.271
0.4050000060349703,-0.265
0.4066666727264722,-0.258
0.4083333394179742,-0.251
0.4100000061094761,-0.244
0.411666672800978,-0.236
0.4133333394924799,-0.239
0.4150000061839819,-0.247
0.4166666728754838,-0.253
0.4183333395669857,-0.258
0.4200000062584877,-0.264
0.4216666729499896,-0.27
0.4233333396414916,-0.276
0.4250000063329935,-0.284
0.4266666730244954,-0.29
0.4283333397159974,-0.295
0.4300000064074993,-0.3
0.4316666730990012,-0.31
0.4333333397905032,-0.317
0.4350000064820051,-0.323
0.436666673173507,-0.33
0.438333339865009,-0.338
0.4400000065565109,-0.344
0.4416666732480129,-0.353
0.4433333399395148,-0.36
0.4450000066310167,-0.365
0.4466666733225187,-0.366
0.4483333400140206,-0.353
0.4500000067055225,-0.344
0.4516666733970245,-0.336
0.4533333400885264,-0.326
0.4550000067800283,-0.315
0.4566666734715303,-0.307
0.4583333401630322,-0.296
0.4600000068545342,-0.286
0.4616666735460361,-0.279
0.463333340237538,-0.27
0.46500000692904,-0.261
0.4666666736205419,-0.258
0.4683333403120438,-0.253
0.4700000070035457,-0.248
0.4716666736950477,-0.242
0.4733333403865497,-0.238
0.4750000070780515,-0.231
0.4766666737695535,-0.226
0.4783333404610554,-0.222
0.4800000071525573,-0.218
0.4816666738440593,-0.217
0.4833333405355612,-0.217
0.4850000072270632,-0.216
0.4866666739185651,-0.215
0.488333340610067,-0.214
0.490000007301569,-0.213
0.4916666739930709,-0.212
0.4933333406845728,-0.211
0.4950000073760748,-0.21
0.4966666740675767,-0.211
0.4983333407590787,-0.209
0.5000000074505806,-0.208
0.5016666741420825,-0.207
0.5033333408335845,-0.206
0.5050000075250864,-0.206
0.5066666742165884,-0.205
0.5083333409080902,-0.204
0.5100000075995922,-0.204
0.5116666742910941,-0.203
0.5133333409825961,-0.193
0.515000007674098,-0.191
0.5166666743656,-0.184
0.5183333410571019,-0.178
0.5200000077486039,-0.172
0.5216666744401057,-0.165
0.5233333411316077,-0.159
0.5250000078231096,-0.154
0.5266666745146116,-0.146
0.5283333412061135,-0.14
0.5300000078976155,-0.122
0.5316666745891174,-0.102
0.5333333412806193,-0.086
0.5350000079721212,-0.068
0.5366666746636232,-0.05
0.5383333413551251,-0.032
0.5400000080466271,-0.013
0.541666674738129,0.004
0.543333341429631,0.022
0.5450000081211329,0.04
0.5466666748126348,0.084
0.5483333415041367,0.136
0.5500000081956387,0.19
0.5516666748871406,0.242
0.5533333415786426,0.295
0.5550000082701445,0.348
0.5566666749616465,0.401
0.5583333416531483,0.443
0.5600000083446502,0.506
0.5616666750361522,0.559
0.5633333417276541,0.658
0.5650000084191561,0.773
0.566666675110658,0.946
0.56833334180216,1.088
0.570000008493662,1.229
0.5716666751851638,1.343
0.5733333418766657,1.513
0.5750000085681677,1.654
0.5766666752596696,1.796
0.5783333419511716,1.937
0.5800000086426735,2.151
0.5816666753341755,2.45
0.5833333420256774,2.747
0.5850000087171793,3.042
0.5866666754086812,3.338
0.5883333421001832,3.633
0.5900000087916851,3.929
0.5916666754831871,4.165
0.593333342174689,4.52
0.595000008866191,4.815
0.5966666755576928,5.214
0.5983333422491948,5.669
0.6000000089406967,6.355
0.6016666756321987,6.921
0.6033333423237006,7.487
0.6050000090152026,7.94
0.6066666757067045,8.619
0.6083333423982065,9.185
0.6100000090897083,9.75
0.6116666757812103,10.316
0.6133333424727122,11.011
0.6150000091642142,12.026
0.6166666758557161,13.054
0.6183333425472181,14.068
0.62000000923872,15.082
0.6216666759302218,16.095
0.6233333426217238,17.109
0.6250000093132257,17.92
0.6266666760047277,19.137
0.6283333426962296,20.151
0.6300000093877316,21.284
0.6316666760792335,22.596
0.6333333427707355,24.57
0.6350000094622373,26.198
0.6366666761537393,27.826
0.6383333428452412,29.128
0.6400000095367432,31.082
0.6416666762282451,32.711
0.6433333429197471,34.339
0.645000009611249,35.967
0.6466666763027509,37.67
0.6483333429942528,40.084
0.6500000096857548,42.472
0.6516666763772567,44.84
0.6533333430687587,47.209
0.6550000097602606,49.579
0.6566666764517626,51.949
0.6583333431432645,53.845
0.6600000098347664,56.689
0.6616666765262683,59.059
0.6633333432177703,61.429
0.6650000099092722,64.063
0.6666666766007742,67.93
0.6683333432922761,71.12
0.6700000099837781,74.315
0.6716666766752799,76.87
0.6733333433667819,80.704
0.6750000100582838,83.899
0.6766666767497858,87.093
0.6783333434412877,90.288
0.6800000101327897,93.483
0.6816666768242916,97.607
0.6833333435157936,101.672
0.6850000102072954,105.704
0.6866666768987973,109.742
0.6883333435902993,113.779
0.6900000102818012,117.816
0.6916666769733032,121.046
0.6933333436648051,125.891
0.6950000103563071,129.929
0.6966666770478089,133.966
0.6983333437393109,137.854
0.7000000104308128,143.608
0.7016666771223148,148.309
0.7033333438138167,153.028
0.7050000105053187,156.803
0.7066666771968206,162.466
0.7083333438883226,167.184
0.7100000105798244,171.903
0.7116666772713264,176.622
0.7133333439628283,181.341
0.7150000106543303,186.776
0.7166666773458322,191.969
0.7183333440373342,197.089
0.7200000107288361,202.228
0.721666677420338,207.368
0.7233333441118399,212.508
0.7250000108033419,216.619
0.7266666774948438,222.787
0.7283333441863458,227.926
0.7300000108778477,233.066
0.7316666775693497,237.568
0.7333333442608516,244.295
0.7350000109523535,249.626
0.7366666776438554,254.982
0.7383333443353574,259.266
0.7400000110268593,265.693
0.7416666777183613,271.049
0.7433333444098632,276.405
0.7450000111013652,281.76
0.746666677792867,287.116
0.748333344484369,292.905
0.7500000111758709,298.443
0.7516666778673728,303.716
0.7533333445588748,309.011
0.7550000112503767,314.306
0.7566666779418787,319.601
0.7583333446333806,323.837
0.7600000113248825,330.192
0.7616666780163844,335.487
0.7633333447078864,340.782
0.7650000113993883,345.152
0.7666666780908903,351.569
0.7683333447823922,356.404
0.7700000114738942,361.263
0.771666678165396,365.15
0.773333344856898,370.981
0.7750000115483999,375.84
0.7766666782399019,380.699
0.7783333449314038,385.558
0.7800000116229058,390.417
0.7816666783144077,395.423
0.7833333450059097,400.179
0.7850000116974115,404.427
0.7866666783889135,408.691
0.7883333450804154,412.955
0.7900000117719174,417.219
0.7916666784634193,421.484
0.7933333451549213,425.748
0.7950000118464232,430.012
0.7966666785379252,434.277
0.798333345229427,437.688
0.800000011920929,442.838
0.8016666786124309,446.466
0.8033333453039329,450.102
0.8050000119954348,453.017
0.8066666786869368,457.391
0.8083333453784387,461.036
0.8100000120699405,464.681
0.8116666787614425,468.326
0.8133333454529444,471.97
0.8150000121444464,475.634
0.8166666788359483,479.05
0.8183333455274503,481.812
0.8200000122189522,484.561
0.8216666789104542,487.328
0.823333345601956,490.096
0.825000012293458,492.863
0.8266666789849599,495.631
0.8283333456764619,498.399
0.8300000123679638,501.166
0.8316666790594658,503.934
0.8333333457509677,506.552
0.8350000124424696,508.51
0.8366666791339715,510.441
0.8383333458254735,512.396
0.8400000125169754,514.351
0.8416666792084774,516.306
0.8433333458999793,518.261
0.8450000125914813,519.825
0.8466666792829832,522.171
0.8483333459744851,524.127
0.850000012665987,525.875
0.851666679357489,527.062
0.8533333460489909,528.235
0.8550000127404929,529.42
0.8566666794319948,530.604
0.8583333461234968,531.789
0.8600000128149986,532.973
0.8616666795065006,534.157
0.8633333461980025,535.342
0.8650000128895045,536.526
0.8666666795810064,537.47
0.8683333462725084,537.863
0.8700000129640103,538.237
0.8716666796555123,538.627
0.8733333463470141,539.016
0.875000013038516,539.405
0.876666679730018,539.794
0.87833334642152,540.106
0.8800000131130219,540.573
0.8816666798045238,540.962
0.8833333464960258,541.129
0.8850000131875276,540.729
0.8866666798790296,540.325
0.8883333465705315,539.929
0.8900000132620335,539.533
0.8916666799535354,539.136
0.8933333466450374,538.74
0.8950000133365393,538.344
0.8966666800280413,537.947
0.8983333467195431,537.551
0.9000000134110451,536.923
0.901666680102547,535.959
0.903333346794049,534.977
0.9050000134855508,534.004
0.9066666801770528,533.03
0.9083333468685548,532.056
0.9100000135600568,531.083
0.9116666802515586,530.304
0.9133333469430606,529.135
0.9150000136345624,528.162
0.9166666803260644,526.967
0.9183333470175664,525.734
0.9200000137090684,523.86
0.9216666804005704,522.305
0.9233333470920722,520.749
0.925000013783574,519.505
0.926666680475076,517.639
0.928333347166578,516.083
0.93000001385808,514.528
0.931666680549582,512.973
0.933333347241084,511.219
0.9350000139325856,509.179
0.9366666806240876,507.16
0.9383333473155896,505.152
0.9400000140070917,503.144
0.9416666806985936,501.137
0.9433333473900954,499.129
0.9450000140815974,497.523
0.9466666807730992,495.114
0.9483333474646012,493.106
0.9500000141561032,490.938
0.9516666808476052,488.97
0.953333347539107,486.176
0.955000014230609,483.849
0.9566666809221108,481.522
0.9583333476136128,479.661
0.9600000143051148,476.868
0.9616666809966168,474.541
0.9633333476881186,472.214
0.9650000143796206,469.887
0.9666666810711224,467.448
0.9683333477626244,464.682
0.9700000144541264,462.087
0.9716666811456284,459.499
0.9733333478371302,456.907
0.9750000145286322,454.316
0.976666681220134,451.724
0.978333347911636,449.651
0.980000014603138,446.541
0.98166668129464,443.949
0.983333347986142,441.357
0.9850000146776438,438.898
0.9866666813691456,435.549
0.9883333480606477,432.773
0.9900000147521496,429.994
0.9916666814436516,427.77
0.9933333481351536,424.435
0.9950000148266556,421.656
0.9966666815181574,418.876
0.9983333482096592,416.097
1.0000000149011612,413.318
1.0016666815926631,410.184
1.003333348284165,407.32
1.005000014975667,404.472
1.006666681667169,401.616
1.008333348358671,398.761
1.010000015050173,395.905
1.0116666817416748,393.621
1.0133333484331768,390.194
1.0150000151246787,387.338
1.0166666818161805,384.482
1.0183333485076824,381.876
1.0200000151991844,378.412
1.0216666818906863,375.565
1.0233333485821885,372.7
1.0250000152736902,370.408
1.0266666819651922,366.97
1.028333348656694,364.104
1.030000015348196,361.239
1.031666682039698,358.374
1.0333333487312,355.509
1.035000015422702,352.342
1.036666682114204,349.494
1.0383333488057058,346.683
1.0400000154972078,343.858
1.0416666821887095,341.033
1.0433333488802117,338.208
1.0450000155717134,335.948
1.0466666822632154,332.558
1.0483333489547173,329.733
1.0500000156462193,326.909
1.0516666823377212,324.443
1.0533333490292232,320.985
1.055000015720725,318.24
1.056666682412227,315.479
1.058333349103729,313.27
1.060000015795231,309.956
1.061666682486733,307.195
1.0633333491782349,304.433
1.0650000158697368,301.672
1.0666666825612383,298.91
1.0683333492527405,295.94
1.0700000159442424,293.184
1.0716666826357444,290.582
1.0733333493272463,287.971
1.0750000160187485,285.359
1.0766666827102502,282.748
1.0783333494017522,280.136
1.080000016093254,277.525
1.081666682784756,274.913
1.083333349476258,272.302
1.08500001616776,269.516
1.086666682859262,266.839
1.088333349550764,264.35
1.0900000162422658,261.851
1.0916666829337676,259.353
1.0933333496252695,256.854
1.0950000163167717,254.355
1.0966666830082734,251.856
1.0983333496997754,249.357
1.100000016391277,246.858
1.1016666830827793,244.267
1.1033333497742812,241.767
1.1050000164657832,239.488
1.1066666831572851,237.211
1.108333349848787,234.934
1.110000016540289,232.657
1.111666683231791,230.38
1.113333349923293,228.104
1.1150000166147949,225.827
1.1166666833062966,223.55
1.1183333499977983,221.19
1.1200000166893005,218.71
1.1216666833808024,216.507
1.1233333500723044,214.31
1.1250000167638063,212.106
1.1266666834553083,209.903
1.1283333501468102,207.7
1.1300000168383122,205.496
1.131666683529814,203.293
1.133333350221316,201.09
1.135000016912818,198.849
1.13666668360432,196.437
1.138333350295822,194.328
1.140000016987324,192.245
1.1416666836788258,190.153
1.1433333503703276,188.06
1.1450000170618295,185.968
1.1466666837533317,183.875
1.1483333504448334,181.782
1.1500000171363354,179.69
1.151666683827837,177.597
1.1533333505193393,175.347
1.1550000172108412,173.397
1.1566666839023432,171.467
1.1583333505938451,169.528
1.160000017285347,167.59
1.161666683976849,165.651
1.163333350668351,163.712
1.165000017359853,161.774
1.1666666840513549,159.835
1.1683333507428566,157.896
1.1700000174343586,155.812
1.1716666841258605,154.042
1.1733333508173625,152.281
1.1750000175088644,150.518
1.1766666842003664,148.755
1.1783333508918683,146.992
1.1800000175833705,145.229
1.1816666842748722,143.466
1.1833333509663742,141.703
1.185000017657876,139.94
1.186666684349378,138.034
1.18833335104088,136.369
1.190000017732382,134.725
1.191666684423884,133.07
1.1933333511153856,131.416
1.1950000178068876,129.761
1.1966666844983895,128.106
1.1983333511898917,126.452
1.2000000178813934,124.797
1.2016666845728954,123.143
1.203333351264397,121.344
1.2050000179558993,119.91
1.2066666846474012,118.501
1.2083333513389032,117.082
1.2100000180304051,115.664
1.211666684721907,114.246
1.213333351413409,112.828
1.215000018104911,111.409
1.216666684796413,109.991
1.2183333514879149,108.573
1.2200000181794166,107.041
1.2216666848709186,105.793
1.2233333515624203,104.621
1.2250000182539225,103.433
1.2266666849454244,102.246
1.2283333516369264,101.058
1.2300000183284283,99.87
1.2316666850199305,98.682
1.2333333517114322,97.495
1.2350000184029342,96.307
1.236666685094436,95.037
1.238333351785938,93.894
1.24000001847744,92.841
1.241666685168942,91.774
1.2433333518604437,90.708
1.2450000185519456,89.642
1.2466666852434476,88.575
1.2483333519349495,87.509
1.2500000186264515,86.443
1.2516666853179534,85.376
1.2533333520094554,84.257
1.2550000187009571,83.217
1.2566666853924593,82.273
1.2583333520839612,81.324
1.2600000187754632,80.375
1.2616666854669651,79.426
1.263333352158467,78.477
1.265000018849969,77.528
1.266666685541471,76.579
1.2683333522329727,75.63
1.270000018924475,74.644
1.2716666856159766,73.694
1.2733333523074786,72.837
1.2750000189989803,71.978
1.2766666856904825,71.118
1.2783333523819844,70.259
1.2800000190734864,69.4
1.2816666857649883,68.541
1.2833333524564905,67.682
1.2850000191479922,66.823
1.2866666858394942,65.942
1.288333352530996,65.075
1.290000019222498,64.325
1.291666685914,63.573
1.2933333526055018,62.819
1.2950000192970037,62.066
1.2966666859885057,61.312
1.2983333526800076,60.559
1.3000000193715096,59.805
1.3016666860630115,59.052
1.3033333527545137,58.289
1.3050000194460154,57.507
1.3066666861375174,56.84
1.3083333528290193,56.178
1.3100000195205213,55.514
1.3116666862120232,54.849
1.3133333529035252,54.185
1.315000019595027,53.52
1.316666686286529,52.856
1.3183333529780308,52.191
1.3200000196695327,51.527
1.321666686361035,50.821
1.3233333530525366,50.236
1.3250000197440386,49.652
1.3266666864355403,49.068
1.3283333531270425,48.484
1.3300000198185444,47.9
1.3316666865100464,47.315
1.3333333532015483,46.731
1.3350000198930505,46.147
1.3366666865845522,45.562
1.3383333532760542,44.954
1.340000019967556,44.45
1.341666686659058,43.959
1.3433333533505598,43.462
1.3450000200420618,42.965
1.3466666867335635,42.468
1.3483333534250657,41.971
1.3500000201165676,41.474
1.3516666868080696,40.977
1.3533333534995715,40.48
1.3550000201910737,39.944
1.3566666868825754,39.507
1.3583333535740774,39.074
1.360000020265579,38.639
1.3616666869570813,38.204
1.3633333536485832,37.77
1.3650000203400852,37.335
1.3666666870315871,36.901
1.3683333537230888,36.466
1.3700000204145908,36.032
1.3716666871060927,35.554
1.3733333537975947,35.156
1.3750000204890966,34.766
1.3766666871805986,34.374
1.3783333538721003,33.982
1.3800000205636025,33.59
1.3816666872551044,33.198
1.3833333539466064,32.806
1.3850000206381083,32.413
1.3866666873296103,32.021
1.3883333540211122,31.603
1.3900000207126142,31.259
1.391666687404116,30.928
1.393333354095618,30.596
1.3950000207871198,30.264
1.3966666874786218,29.932
1.3983333541701235,29.6
1.4000000208616257,29.268
1.4016666875531276,28.936
1.4033333542446296,28.604
1.4050000209361315,28.244
1.4066666876276337,27.925
1.4083333543191354,27.631
1.4100000210106374,27.335
1.411666687702139,27.038
1.4133333543936413,26.742
1.4150000210851432,26.445
1.4166666877766452,26.149
1.418333354468147,25.852
1.4200000211596489,25.556
1.4216666878511508,25.234
1.4233333545426528,24.931
1.4250000212341547,24.647
1.4266666879256569,24.36
1.4283333546171586,24.073
1.4300000213086606,23.786
1.4316666880001625,23.5
1.4333333546916645,23.213
1.4350000213831664,22.926
1.4366666880746684,22.639
1.4383333547661703,22.341
1.4400000214576725,22.061
1.4416666881491742,21.801
1.443333354840676,21.544
1.445000021532178,21.287
1.4466666882236798,21.03
1.4483333549151818,20.773
1.4500000216066835,20.516
1.4516666882981857,20.259
1.4533333549896876,20.003
1.4550000216811896,19.741
1.4566666883726915,19.488
1.4583333550641937,19.271
1.4600000217556954,19.055
1.4616666884471974,18.837
1.463333355138699,18.62
1.4650000218302013,18.403
1.4666666885217032,18.186
1.468333355213205,17.969
1.470000021904707,17.751
1.4716666885962089,17.531
1.4733333552877108,17.304
1.4750000219792128,17.1
1.4766666886707147,16.897
1.4783333553622169,16.695
1.4800000220537186,16.492
1.4816666887452206,16.29
1.4833333554367223,16.087
1.4850000221282245,15.885
1.4866666888197264,15.682
1.4883333555112284,15.479
1.4900000222027303,15.272
1.4916666888942325,15.103
1.493333355585734,14.939
1.495000022277236,14.772
1.496666688968738,14.606
1.4983333556602398,14.439
1.5000000223517418,14.272
1.5016666890432435,14.105
1.5033333557347457,13.939
1.5050000224262476,13.772
1.5066666891177496,13.591
1.5083333558092515,13.441
1.5100000225007535,13.294
1.5116666891922554,13.147
1.5133333558837574,13.0
1.5150000225752591,12.853
1.5166666892667613,12.706
1.518333355958263,12.559
1.520000022649765,12.412
1.521666689341267,12.265
1.5233333560327689,12.115
1.5250000227242708,11.986
1.5266666894157728,11.868
1.5283333561072747,11.746
1.530000022798777,11.624
1.5316666894902786,11.502
1.5333333561817806,11.38
1.5350000228732823,11.258
1.5366666895647845,11.136
1.5383333562562864,11.014
1.5400000229477884,10.872
1.5416666896392903,10.751
1.543333356330792,10.632
1.545000023022294,10.511
1.546666689713796,10.391
1.548333356405298,10.27
1.5500000230968,10.15
1.5516666897883018,10.029
1.5533333564798038,9.909
1.5550000231713057,9.788
1.5566666898628077,9.664
1.5583333565543096,9.56
1.5600000232458116,9.461
1.5616666899373135,9.362
1.5633333566288157,9.262
1.5650000233203174,9.163
1.5666666900118194,9.064
1.568333356703321,8.964
1.570000023394823,8.865
1.571666690086325,8.766
1.573333356777827,8.657
1.5750000234693289,8.555
1.5766666901608308,8.464
1.5783333568523328,8.37
1.5800000235438347,8.275
1.581666690235337,8.181
1.5833333569268386,8.086
1.5850000236183406,7.991
1.5866666903098423,7.897
1.5883333570013445,7.802
1.5900000236928464,7.704
1.5916666903843484,7.618
1.5933333570758503,7.545
1.595000023767352,7.47
1.596666690458854,7.396
1.598333357150356,7.321
1.600000023841858,7.246
1.60166669053336,7.172
1.6033333572248618,7.097
1.6050000239163638,7.023
1.6066666906078657,6.945
1.6083333572993677,6.861
1.6100000239908696,6.785
1.6116666906823716,6.708
1.6133333573738735,6.631
1.6150000240653757,6.555
1.6166666907568774,6.478
1.6183333574483794,6.401
1.620000024139881,6.324
1.621666690831383,6.247
1.623333357522885,6.165
1.625000024214387,6.083
1.626666690905889,6.018
1.6283333575973908,5.95
1.6300000242888928,5.882
1.6316666909803947,5.814
1.6333333576718967,5.746
1.6350000243633986,5.678
1.6366666910549006,5.61
1.6383333577464023,5.542
1.6400000244379045,5.472
1.6416666911294064,5.403
1.6433333578209084,5.342
1.64500002451241,5.268
1.646666691203912,5.218
1.648333357895414,5.155
1.650000024586916,5.092
1.651666691278418,5.029
1.65333335796992,4.954
1.6550000246614218,4.904
1.6566666913529238,4.841
1.6583333580444255,4.784
1.6600000247359277,4.725
1.6616666914274296,4.675
1.6633333581189316,4.637
1.6650000248104335,4.589
1.6666666915019357,4.531
1.6683333581934374,4.493
1.6700000248849391,4.445
1.671666691576441,4.387
1.673333358267943,4.349
1.675000024959445,4.29
1.676666691650947,4.24
1.678333358342449,4.177
1.6800000250339509,4.136
1.6816666917254528,4.085
1.6833333584169548,4.034
1.6850000251084567,3.983
1.6866666917999589,3.921
1.6883333584914606,3.87
1.6900000251829626,3.829
1.6916666918744645,3.779
1.6933333585659665,3.738
1.6950000252574682,3.702
1.69666669194897,3.673
1.698333358640472,3.637
1.700000025331974,3.594
1.701666692023476,3.565
1.703333358714978,3.53
1.70500002540648,3.487
1.7066666920979818,3.451
1.7083333587894838,3.415
1.7100000254809855,3.381
1.7116666921724877,3.341
1.7133333588639896,3.309
1.7150000255554916,3.283
1.7166666922469935,3.25
1.7183333589384957,3.218
1.7200000256299972,3.186
1.7216666923214992,3.147
1.723333359013001,3.121
1.725000025704503,3.089
1.726666692396005,3.05
1.728333359087507,3.018
1.730000025779009,2.993
1.7316666924705109,2.961
1.7333333591620128,2.924
1.7350000258535148,2.899
1.7366666925450167,2.867
1.7383333592365189,2.83
1.7400000259280206,2.798
1.7416666926195226,2.771
1.7433333593110245,2.738
1.7450000260025262,2.702
1.7466666926940282,2.67
1.74833335938553,2.645
1.750000026077032,2.607
1.751666692768534,2.582
1.753333359460036,2.55
1.755000026151538,2.512
1.75666669284304,2.48
1.7583333595345418,2.453
1.7600000262260438,2.43
1.7616666929175455,2.404
1.7633333596090477,2.384
1.7650000263005496,2.367
1.7666666929920516,2.347
1.7683333596835535,2.326
1.7700000263750553,2.305
1.7716666930665572,2.281
1.7733333597580592,2.26
1.7750000264495611,2.241
1.776666693141063,2.21
1.778333359832565,2.178
1.780000026524067,2.149
1.781666693215569,2.126
1.7833333599070709,2.097
1.7850000265985728,2.068
1.7866666932900748,2.039
1.7883333599815767,2.004
1.790000026673079,1.975
1.7916666933645806,1.956
1.7933333600560826,1.936
1.7950000267475843,1.929
1.7966666934390862,1.921
1.7983333601305882,1.914
1.80000002682209,1.906
1.801666693513592,1.897
1.803333360205094,1.89
1.805000026896596,1.881
1.806666693588098,1.873
1.8083333602796,1.865
1.8100000269711016,1.847
1.811666693662604,1.828
1.8133333603541055,1.812
1.815000027045608,1.799
1.8166666937371097,1.783
1.818333360428612,1.763
1.820000027120113,1.75
1.8216666938116155,1.73
1.8233333605031168,1.714
1.8250000271946192,1.701
1.826666693886121,1.68
1.828333360577623,1.659
1.830000027269125,1.642
1.831666693960627,1.627
1.833333360652129,1.609
1.8350000273436309,1.588
1.8366666940351328,1.573
1.8383333607266348,1.552
1.8400000274181367,1.534
1.841666694109639,1.52
1.8433333608011409,1.498
1.8450000274926424,1.472
1.8466666941841443,1.45
1.8483333608756465,1.433
1.850000027567148,1.412
1.8516666942586504,1.387
1.853333360950152,1.37
1.855000027641654,1.345
1.856666694333156,1.323
1.858333361024658,1.302
1.86000002771616,1.278
1.8616666944076616,1.254
1.863333361099164,1.229
1.8650000277906655,1.207
1.866666694482168,1.184
1.8683333611736697,1.162
1.8700000278651716,1.144
1.8716666945566731,1.121
1.8733333612481755,1.094
1.8750000279396768,1.071
1.8766666946311792,1.062
1.8783333613226807,1.04
1.880000028014183,1.024
1.881666694705685,1.007
1.883333361397187,0.993
1.885000028088689,0.972
1.886666694780191,0.955
1.8883333614716928,0.938
1.8900000281631948,0.92
1.8916666948546967,0.903
1.8933333615461987,0.889
1.8950000282377004,0.884
1.8966666949292024,0.879
1.8983333616207043,0.874
1.9000000283122065,0.87
1.901666695003708,0.865
1.9033333616952104,0.861
1.905000028386712,0.856
1.906666695078214,0.851
1.908333361769716,0.846
1.910000028461218,0.837
1.91166669515272,0.819
1.9133333618442216,0.805
1.915000028535724,0.791
1.9166666952272255,0.78
1.918333361918728,0.763
1.9200000286102292,0.749
1.9216666953017316,0.735
1.9233333619932331,0.722
1.9250000286847355,0.708
1.9266666953762368,0.696
1.9283333620677392,0.692
1.9300000287592407,0.687
1.931666695450743,0.683
1.933333362142245,0.678
1.935000028833747,0.675
1.936666695525249,0.671
1.938333362216751,0.665
1.9400000289082528,0.661
1.9416666955997548,0.657
1.9433333622912567,0.648
1.9450000289827585,0.639
1.9466666956742604,0.632
1.9483333623657624,0.625
1.9500000290572643,0.62
1.9516666957487665,0.611
1.953333362440268,0.605
1.9550000291317704,0.598
1.956666695823272,0.591
1.958333362514774,0.584
1.960000029206276,0.58
1.961666695897778,0.566
1.96333336258928,0.552
1.9650000292807817,0.537
1.966666695972284,0.521
1.9683333626637856,0.506
1.9700000293552875,0.49
1.9716666960467892,0.475
1.9733333627382916,0.459
1.9750000294297931,0.444
1.9766666961212955,0.433
1.9783333628127973,0.427
1.9800000295042992,0.415
1.9816666961958007,0.406
1.983333362887303,0.4
1.985000029578805,0.389
1.986666696270307,0.381
1.988333362961809,0.372
1.990000029653311,0.364
1.9916666963448129,0.355
1.9933333630363148,0.344
1.9950000297278163,0.341
1.9966666964193185,0.348
1.9983333631108204,0.351
2.0000000298023224,0.354
2.001666696493825,0.358
2.0033333631853263,0.362
2.0050000298768285,0.365
2.00666669656833,0.369
2.008333363259832,0.373
2.010000029951334,0.376
2.011666696642836,0.365
2.013333363334338,0.356
2.01500003002584,0.347
2.016666696717342,0.339
2.018333363408844,0.326
2.020000030100346,0.316
2.0216666967918475,0.306
2.0233333634833497,0.296
2.0250000301748514,0.286
2.0266666968663536,0.275
2.0283333635578558,0.267
2.030000030249357,0.265
2.031666696940859,0.258
2.033333363632361,0.254
2.035000030323863,0.251
2.036666697015365,0.248
2.038333363706867,0.244
2.0400000303983687,0.241
2.041666697089871,0.238
2.0433333637813726,0.235
2.045000030472875,0.238
2.0466666971643765,0.236
2.0483333638558787,0.235
2.0500000305473804,0.234
2.0516666972388826,0.234
2.0533333639303843,0.233
2.0550000306218865,0.232
2.056666697313388,0.232
2.05833336400489,0.231
2.060000030696392,0.231
2.061666697387894,0.231
2.063333364079396,0.226
2.0650000307708978,0.224
2.0666666974624,0.219
2.0683333641539017,0.215
2.070000030845404,0.21
2.0716666975369056,0.205
2.073333364228408,0.201
2.075000030919909,0.196
2.076666697611412,0.191
2.0783333643029134,0.184
2.0800000309944155,0.182
2.0816666976859173,0.174
2.083333364377419,0.169
2.085000031068921,0.163
2.086666697760423,0.158
2.088333364451925,0.152
2.090000031143427,0.148
2.091666697834929,0.141
2.0933333645264307,0.136
2.095000031217933,0.131
2.0966666979094346,0.136
2.098333364600937,0.142
2.1000000312924385,0.149
2.1016666979839407,0.155
2.1033333646754424,0.16
2.1050000313669446,0.168
2.1066666980584463,0.174
2.108333364749948,0.181
2.11000003144145,0.187
2.111666698132952,0.186
2.113333364824454,0.186
2.115000031515956,0.186
2.116666698207458,0.186
2.11833336489896,0.185
2.120000031590462,0.185
2.121666698281964,0.185
2.123333364973466,0.184
2.1250000316649675,0.184
2.1266666983564697,0.183
2.1283333650479714,0.185
2.1300000317394736,0.19
2.131666698430976,0.187
2.133333365122477,0.186
2.1350000318139792,0.186
2.136666698505481,0.186
2.138333365196983,0.185
2.140000031888485,0.185
2.141666698579987,0.185
2.1433333652714888,0.184
2.145000031962991,0.186
2.1466666986544927,0.183
2.148333365345995,0.176
2.150000032037497,0.172
2.1516666987289987,0.167
2.1533333654205005,0.162
2.155000032112002,0.157
2.1566666988035044,0.153
2.158333365495006,0.148
2.1600000321865083,0.143
2.16166669887801,0.138
2.163333365569512,0.14
2.165000032261014,0.142
2.166666698952516,0.144
2.168333365644018,0.146
2.17000003233552,0.147
2.1716666990270217,0.15
2.173333365718524,0.152
2.1750000324100256,0.154
2.176666699101528,0.156
2.178333365793029,0.158
2.180000032484532,0.151
2.1816666991760334,0.149
2.183333365867535,0.143
2.1850000325590373,0.138
2.186666699250539,0.133
2.188333365942041,0.128
2.190000032633543,0.124
2.191666699325045,0.117
2.193333366016547,0.112
2.195000032708049,0.107
2.1966666993995507,0.111
2.198333366091053,0.116
2.200000032782554,0.125
2.201666699474057,0.134
2.2033333661655585,0.141
2.2050000328570607,0.151
2.2066666995485624,0.159
2.208333366240064,0.168
2.2100000329315663,0.176
2.211666699623068,0.185
2.2133333663145702,0.185
2.215000033006072,0.185
2.216666699697574,0.185
2.218333366389076,0.183
2.220000033080578,0.181
2.22166669977208,0.179
2.223333366463582,0.177
2.225000033155084,0.175
2.226666699846586,0.173
2.228333366538088,0.171
2.2300000332295897,0.174
2.2316666999210915,0.182
2.233333366612593,0.185
2.235000033304096,0.19
2.236666699995597,0.194
2.2383333666870997,0.2
2.240000033378601,0.205
2.241666700070103,0.21
2.243333366761605,0.215
2.245000033453107,0.22
2.246666700144609,0.221
2.248333366836111,0.213
2.2500000335276127,0.205
2.251666700219115,0.198
2.2533333669106166,0.19
2.2550000336021188,0.183
2.2566667002936205,0.177
2.258333366985122,0.169
2.2600000336766244,0.162
2.261666700368126,0.154
2.2633333670596283,0.145
2.26500003375113,0.133
2.266666700442632,0.118
2.268333367134134,0.106
2.270000033825636,0.097
2.271666700517138,0.083
2.27333336720864,0.072
2.2750000339001417,0.06
2.276666700591644,0.049
2.2783333672831456,0.037
2.280000033974648,0.033
2.281666700666149,0.032
2.283333367357652,0.038
2.2850000340491534,0.04
2.286666700740655,0.042
2.2883333674321573,0.044
2.290000034123659,0.046
2.291666700815161,0.048
2.293333367506663,0.05
2.295000034198165,0.052
2.296666700889667,0.05
2.298333367581169,0.045
2.3000000342726707,0.036
2.301666700964173,0.03
2.303333367655674,0.025
2.305000034347177,0.018
2.3066667010386785,0.012
2.3083333677301807,0.006
2.3100000344216824,0.0
2.311666701113184,-0.005
2.3133333678046863,-0.006
2.315000034496188,-0.012
2.3166667011876902,-0.02
2.318333367879192,-0.027
2.320000034570694,-0.034
2.321666701262196,-0.042
2.323333367953698,-0.049
2.3250000346452,-0.056
2.326666701336702,-0.063
2.328333368028204,-0.07
2.330000034719706,-0.076
2.331666701411208,-0.083
2.3333333681027097,-0.08
2.3350000347942115,-0.081
2.336666701485713,-0.08
2.338333368177216,-0.08
2.340000034868717,-0.08
2.3416667015602197,-0.08
2.343333368251721,-0.08
2.345000034943223,-0.08
2.346666701634725,-0.08
2.348333368326227,-0.08
2.350000035017729,-0.064
2.351666701709231,-0.056
2.3533333684007327,-0.046
2.355000035092235,-0.037
2.3566667017837366,-0.027
2.358333368475239,-0.017
2.3600000351667405,-0.007
2.3616667018582422,0.001
2.3633333685497444,0.011
2.365000035241246,0.018
2.3666667019327483,0.013
2.36833336862425,0.007
2.370000035315752,0.001
2.371666702007254,-0.003
2.373333368698756,-0.008
2.375000035390258,-0.013
2.37666670208176,-0.018
2.3783333687732617,-0.024
2.380000035464764,-0.029
2.3816667021562656,-0.029
2.383333368847768,-0.022
2.385000035539269,-0.011
2.3866667022307717,-0.002
2.388333368922273,0.006
2.390000035613775,0.015
2.3916667023052773,0.025
2.393333368996779,0.034
2.395000035688281,0.043
2.396666702379783,0.052
2.398333369071285,0.061
2.400000035762787,0.054
2.401666702454289,0.054
2.4033333691457908,0.052
2.405000035837293,0.051
2.4066667025287947,0.049
2.408333369220297,0.048
2.4100000359117986,0.046
2.4116667026033003,0.045
2.4133333692948025,0.043
2.415000035986304,0.039
2.4166667026778064,0.032
2.418333369369308,0.026
2.4200000360608103,0.02
2.421666702752312,0.013
2.423333369443814,0.007
2.425000036135316,0.001
2.426666702826818,-0.004
2.42833336951832,-0.01
2.430000036209822,-0.016
2.431666702901324,-0.022
2.433333369592826,-0.024
2.435000036284328,-0.033
2.4366667029758293,-0.038
2.4383333696673315,-0.043
2.440000036358833,-0.048
2.4416667030503354,-0.053
2.443333369741837,-0.058
2.4450000364333397,-0.064
2.446666703124841,-0.069
2.448333369816343,-0.073
2.450000036507845,-0.077
2.451666703199347,-0.082
2.453333369890849,-0.086
2.455000036582351,-0.09
2.4566667032738527,-0.094
2.458333369965355,-0.099
2.4600000366568566,-0.103
2.4616667033483584,-0.108
2.4633333700398605,-0.112
2.4650000367313623,-0.119
2.4666667034228644,-0.134
2.468333370114366,-0.151
2.4700000368058683,-0.167
2.47166670349737,-0.182
2.473333370188872,-0.198
2.475000036880374,-0.214
2.476666703571876,-0.227
2.478333370263378,-0.246
2.48000003695488,-0.262
2.4816667036463818,-0.275
2.483333370337884,-0.279
2.4850000370293857,-0.274
2.4866667037208874,-0.273
2.4883333704123896,-0.272
2.4900000371038917,-0.271
2.491666703795393,-0.27
2.493333370486895,-0.269
2.4950000371783974,-0.268
2.496666703869899,-0.267
2.4983333705614013,-0.264
2.500000037252903,-0.262
2.501666703944405,-0.254
2.503333370635907,-0.248
2.505000037327409,-0.242
2.506666704018911,-0.235
2.508333370710413,-0.228
2.5100000374019147,-0.222
2.5116667040934164,-0.215
2.5133333707849186,-0.209
2.5150000374764203,-0.203
2.5166667041679225,-0.208
2.518333370859424,-0.207
2.5200000375509264,-0.209
2.521666704242428,-0.211
2.5233333709339303,-0.213
2.525000037625432,-0.215
2.526666704316934,-0.217
2.528333371008436,-0.219
2.530000037699938,-0.221
2.53166670439144,-0.223
2.533333371082942,-0.221
2.535000037774444,-0.215
2.536666704465945,-0.213
2.538333371157448,-0.21
2.5400000378489493,-0.206
2.5416667045404515,-0.203
2.543333371231953,-0.2
2.5450000379234554,-0.197
2.546666704614957,-0.194
2.5483333713064598,-0.191
2.550000037997961,-0.192
2.551666704689463,-0.182
2.553333371380965,-0.174
2.555000038072467,-0.166
2.556666704763969,-0.158
2.558333371455471,-0.15
2.5600000381469727,-0.141
2.5616667048384745,-0.133
2.5633333715299766,-0.125
2.5650000382214784,-0.117
2.5666667049129805,-0.119
2.5683333716044823,-0.135
2.5700000382959844,-0.154
2.571666704987486,-0.171
2.5733333716789883,-0.188
2.57500003837049,-0.205
2.576666705061992,-0.222
2.578333371753494,-0.239
2.580000038444996,-0.255
2.581666705136498,-0.272
2.583333371828,-0.284
2.5850000385195018,-0.297
2.5866667052110035,-0.311
2.5883333719025057,-0.324
2.5900000385940074,-0.337
2.5916667052855096,-0.35
2.5933333719770117,-0.363
2.595000038668513,-0.375
2.596666705360015,-0.388
2.5983333720515174,-0.401
2.600000038743019,-0.409
2.6016667054345213,-0.396
2.603333372126023,-0.39
2.605000038817525,-0.381
2.606666705509027,-0.373
2.608333372200529,-0.364
2.610000038892031,-0.356
2.6116667055835325,-0.347
2.6133333722750347,-0.338
2.6150000389665364,-0.33
2.6166667056580386,-0.325
2.6183333723495403,-0.329
2.6200000390410425,-0.337
2.621666705732544,-0.344
2.6233333724240464,-0.351
2.625000039115548,-0.358
2.6266667058070503,-0.364
2.628333372498552,-0.371
2.630000039190054,-0.378
2.631666705881556,-0.384
2.633333372573058,-0.388
2.63500003926456,-0.388
2.6366667059560616,-0.389
2.638333372647564,-0.388
2.640000039339065,-0.387
2.641666706030568,-0.386
2.6433333727220694,-0.384
2.6450000394135715,-0.383
2.6466667061050733,-0.382
2.6483333727965754,-0.381
2.650000039488077,-0.379
2.65166670617958,-0.372
2.653333372871081,-0.357
2.6550000395625832,-0.344
2.656666706254085,-0.33
2.658333372945587,-0.316
2.660000039637089,-0.302
2.6616667063285906,-0.288
2.6633333730200928,-0.274
2.6650000397115945,-0.261
2.6666667064030967,-0.247
2.6683333730945984,-0.242
2.670000039786101,-0.234
2.6716667064776023,-0.228
2.6733333731691045,-0.223
2.675000039860606,-0.217
2.6766667065521084,-0.212
2.67833337324361,-0.206
2.6800000399351123,-0.201
2.681666706626614,-0.196
2.683333373318116,-0.19
2.685000040009618,-0.176
2.68666670670112,-0.184
2.688333373392622,-0.185
2.6900000400841235,-0.186
2.6916667067756257,-0.188
2.6933333734671274,-0.189
2.6950000401586296,-0.19
2.6966667068501318,-0.191
2.698333373541633,-0.192
2.7000000402331352,-0.193
2.7016667069246374,-0.196
2.703333373616139,-0.189
2.7050000403076413,-0.184
2.706666706999143,-0.179
2.708333373690645,-0.174
2.710000040382147,-0.169
2.7116667070736487,-0.164
2.713333373765151,-0.159
2.715000040456653,-0.154
2.7166667071481547,-0.149
2.7183333738396565,-0.15
2.720000040531158,-0.155
2.7216667072226604,-0.158
2.7233333739141625,-0.163
2.7250000406056643,-0.167
2.7266667072971664,-0.171
2.728333373988668,-0.176
2.7300000406801703,-0.18
2.731666707371672,-0.184
2.7333333740631742,-0.188
2.735000040754676,-0.192
2.7366667074461777,-0.188
2.73833337413768,-0.189
2.7400000408291816,-0.189
2.741666707520684,-0.189
2.743333374212185,-0.189
2.745000040903688,-0.189
2.7466667075951894,-0.189
2.748333374286692,-0.188
2.7500000409781933,-0.188
2.7516667076696955,-0.19
2.753333374361197,-0.183
2.7550000410527,-0.178
2.756666707744201,-0.172
2.7583333744357037,-0.167
2.760000041127205,-0.162
2.7616667078187067,-0.157
2.763333374510209,-0.152
2.7650000412017106,-0.147
2.766666707893213,-0.142
2.7683333745847145,-0.138
2.7700000412762167,-0.139
2.7716667079677184,-0.138
2.7733333746592206,-0.139
2.7750000413507223,-0.14
2.7766667080422245,-0.141
2.778333374733726,-0.142
2.7800000414252284,-0.143
2.78166670811673,-0.144
2.7833333748082323,-0.145
2.785000041499734,-0.148
2.786666708191236,-0.148
2.788333374882738,-0.149
2.79000004157424,-0.15
2.791666708265742,-0.151
2.7933333749572435,-0.151
2.7950000416487457,-0.152
2.7966667083402474,-0.153
2.7983333750317496,-0.154
2.800000041723252,-0.155
2.801666708414753,-0.155
2.8033333751062552,-0.15
2.8050000417977574,-0.139
2.806666708489259,-0.13
2.8083333751807613,-0.121
2.810000041872263,-0.112
2.8116667085637648,-0.104
2.813333375255267,-0.095
2.8150000419467687,-0.086
2.816666708638271,-0.077
2.818333375329773,-0.072
2.8200000420212747,-0.08
2.8216667087127765,-0.091
2.823333375404278,-0.105
2.8250000420957804,-0.117
2.8266667087872825,-0.128
2.8283333754787843,-0.14
2.8300000421702864,-0.152
2.831666708861788,-0.164
2.8333333755532903,-0.176
2.835000042244792,-0.185
2.836666708936294,-0.184
2.838333375627796,-0.187
2.8400000423192977,-0.187
2.8416667090108,-0.187
2.8433333757023016,-0.188
2.845000042393804,-0.188
2.846666709085305,-0.189
2.848333375776808,-0.189
2.8500000424683094,-0.189
2.851666709159812,-0.19
2.8533333758513133,-0.192
2.8550000425428155,-0.201
2.856666709234317,-0.207
2.85833337592582,-0.212
2.860000042617321,-0.218
2.861666709308823,-0.224
2.863333376000325,-0.229
2.8650000426918267,-0.235
2.866666709383329,-0.241
2.86833337607483,-0.246
2.870000042766333,-0.249
2.8716667094578345,-0.252
2.8733333761493367,-0.255
2.8750000428408384,-0.258
2.8766667095323406,-0.26
2.8783333762238423,-0.263
2.8800000429153445,-0.265
2.8816667096068462,-0.268
2.8833333762983484,-0.27
2.88500004298985,-0.273
2.886666709681352,-0.282
2.888333376372854,-0.294
2.890000043064356,-0.312
2.891666709755858,-0.327
2.89333337644736,-0.342
2.895000043138862,-0.356
2.896666709830364,-0.371
2.8983333765218657,-0.386
2.9000000432133675,-0.401
2.9016667099048696,-0.416
2.903333376596372,-0.428
2.905000043287873,-0.42
2.9066667099793757,-0.415
2.908333376670877,-0.408
2.910000043362379,-0.402
2.911666710053881,-0.396
2.913333376745383,-0.39
2.915000043436885,-0.383
2.916666710128387,-0.377
2.9183333768198887,-0.371
2.920000043511391,-0.36
2.9216667102028926,-0.366
2.9233333768943948,-0.366
2.9250000435858965,-0.368
2.9266667102773987,-0.371
2.9283333769689004,-0.373
2.9300000436604026,-0.376
2.9316667103519043,-0.378
2.9333333770434065,-0.381
2.935000043734908,-0.383
2.93666671042641,-0.387
2.938333377117912,-0.381
2.940000043809414,-0.377
2.941666710500916,-0.373
2.9433333771924177,-0.369
2.94500004388392,-0.365
2.9466667105754216,-0.36
2.948333377266924,-0.356
2.950000043958425,-0.352
2.951666710649928,-0.348
2.953333377341429,-0.344
2.955000044032932,-0.344
2.9566667107244333,-0.347
2.9583333774159355,-0.348
2.960000044107437,-0.349
2.961666710798939,-0.35
2.963333377490441,-0.352
2.965000044181943,-0.353
2.966666710873445,-0.354
2.9683333775649468,-0.355
2.970000044256449,-0.353
2.9716667109479507,-0.339
2.973333377639453,-0.327
2.9750000443309546,-0.311
2.9766667110224567,-0.296
2.9783333777139585,-0.281
2.9800000444054606,-0.266
2.9816667110969624,-0.251
2.9833333777884645,-0.236
2.9850000444799663,-0.221
2.986666711171468,-0.21
2.98833337786297,-0.208
2.990000044554472,-0.217
2.991666711245974,-0.225
2.993333377937476,-0.231
2.995000044628978,-0.238
2.99666671132048,-0.244
2.998333378011982,-0.25
3.000000044703484,-0.257
3.0016667113949858,-0.263
3.0033333780864875,-0.269
3.0050000447779897,-0.277
3.0066667114694914,-0.287
3.0083333781609936,-0.293
3.0100000448524957,-0.302
3.011666711543997,-0.311
3.013333378235499,-0.32
3.015000044927001,-0.329
3.016666711618503,-0.34
3.018333378310005,-0.347
3.020000045001507,-0.356
3.0216667116930087,-0.36
3.023333378384511,-0.365
3.0250000450760126,-0.368
3.026666711767515,-0.371
3.0283333784590165,-0.375
3.0300000451505187,-0.38
3.0316667118420204,-0.383
3.0333333785335226,-0.388
3.0350000452250243,-0.391
3.036666711916526,-0.395
3.038333378608028,-0.393
3.04000004529953,-0.39
3.041666711991032,-0.387
3.043333378682534,-0.382
3.045000045374036,-0.378
3.0466667120655377,-0.374
3.04833337875704,-0.37
3.0500000454485416,-0.366
3.051666712140044,-0.361
3.053333378831545,-0.357
3.055000045523048,-0.361
3.056666712214549,-0.375
3.058333378906052,-0.383
3.0600000455975533,-0.393
3.061666712289055,-0.401
3.063333378980557,-0.413
3.065000045672059,-0.421
3.066666712363561,-0.432
3.068333379055063,-0.442
3.070000045746565,-0.454
3.0716667124380668,-0.459
3.073333379129569,-0.449
3.0750000458210707,-0.436
3.076666712512573,-0.423
3.0783333792040746,-0.414
3.0800000458955767,-0.4
3.0816667125870785,-0.391
3.0833333792785806,-0.38
3.0850000459700824,-0.367
3.086666712661584,-0.355
3.0883333793530863,-0.351
3.090000046044588,-0.343
3.09166671273609,-0.34
3.093333379427592,-0.336
3.095000046119094,-0.333
3.096666712810596,-0.327
3.098333379502098,-0.324
3.1000000461936,-0.32
3.101666712885102,-0.315
3.103333379576604,-0.31
3.1050000462681058,-0.309
3.1066667129596075,-0.319
3.1083333796511097,-0.327
3.1100000463426114,-0.338
3.111666713034113,-0.346
3.1133333797256157,-0.357
3.115000046417117,-0.364
3.116666713108619,-0.373
3.118333379800121,-0.384
3.120000046491623,-0.393
3.121666713183125,-0.396
3.123333379874627,-0.402
3.1250000465661287,-0.406
3.126666713257631,-0.411
3.1283333799491326,-0.415
3.130000046640635,-0.419
3.1316667133321365,-0.424
3.1333333800236387,-0.428
3.1350000467151404,-0.434
3.136666713406642,-0.439
3.1383333800981443,-0.441
3.140000046789646,-0.445
3.141666713481148,-0.445
3.14333338017265,-0.445
3.145000046864152,-0.445
3.146666713555654,-0.445
3.148333380247156,-0.445
3.1500000469386578,-0.445
3.15166671363016,-0.445
3.1533333803216617,-0.445
3.155000047013164,-0.447
3.1566667137046656,-0.461
3.158333380396168,-0.478
3.160000047087669,-0.494
3.161666713779171,-0.506
3.1633333804706734,-0.521
3.165000047162175,-0.54
3.1666667138536773,-0.552
3.168333380545179,-0.57
3.170000047236681,-0.586
3.171666713928183,-0.596
3.173333380619685,-0.598
3.175000047311187,-0.604
3.176666714002689,-0.606
3.1783333806941907,-0.607
3.180000047385693,-0.609
3.1816667140771946,-0.611
3.1833333807686968,-0.612
3.1850000474601985,-0.614
3.1866667141517007,-0.615
3.1883333808432024,-0.617
