time_min,absorb_mau
0.0,-0.003
0.0100000001490116,-0.009
0.0200000002980232,-0.014
0.0300000004470348,-0.005
0.0400000005960464,0.024
0.050000000745058,0.036
0.0600000008940696,0.041
0.0700000010430812,0.048
0.0800000011920929,0.056
0.0900000013411045,0.068
0.1000000014901161,0.058
0.1100000016391277,0.036
0.1200000017881393,0.021
0.1300000019371509,-0.006
0.1400000020861625,-0.067
0.1500000022351741,-0.11
0.1600000023841858,-0.144
0.1700000025331974,-0.192
0.180000002682209,-0.224
0.1900000028312206,-0.201
0.2000000029802322,-0.212
0.2100000031292438,-0.266
0.2200000032782554,-0.26
0.2300000034272671,-0.236
0.2400000035762786,-0.227
0.2500000037252903,-0.217
0.2600000038743019,-0.203
0.2700000040233135,-0.216
0.2800000041723251,-0.247
0.2900000043213367,-0.248
0.3000000044703483,-0.227
0.31000000461936,-0.18
0.3200000047683716,-0.147
0.3300000049173832,-0.123
0.3400000050663948,-0.098
0.3500000052154064,-0.102
0.360000005364418,-0.149
0.3700000055134296,-0.145
0.3800000056624412,-0.116
0.3900000058114529,-0.142
0.4000000059604645,-0.145
0.4100000061094761,-0.103
0.4200000062584877,0.204
0.4300000064074993,0.647
0.4400000065565109,3.611
0.4500000067055225,8.292
0.4600000068545342,16.851
0.4700000070035457,29.493
0.4800000071525573,44.673
0.490000007301569,64.337
0.5000000074505806,84.804
0.5100000075995922,106.541
0.5200000077486039,127.101
0.5300000078976155,146.24
0.5400000080466271,160.108
0.5500000081956387,171.693
0.5600000083446502,175.886
0.570000008493662,177.333
0.5800000086426735,175.092
0.5900000087916851,169.888
0.6000000089406967,163.547
0.6100000090897083,155.898
0.62000000923872,147.964
0.6300000093877316,139.983
0.6400000095367432,131.975
0.6500000096857548,124.097
0.6600000098347664,116.869
0.6700000099837781,109.799
0.6800000101327897,103.384
0.6900000102818012,97.581
0.7000000104308128,92.238
0.7100000105798244,87.819
0.7200000107288361,83.734
0.7300000108778477,80.504
0.7400000110268593,77.701
0.7500000111758709,75.271
0.7600000113248825,73.619
0.7700000114738942,72.179
0.7800000116229058,71.167
0.7900000117719174,70.371
0.800000011920929,69.781
0.8100000120699405,69.48
0.8200000122189522,69.285
0.8300000123679638,69.32
0.8400000125169754,69.403
0.850000012665987,69.52
0.8600000128149986,69.602
0.8700000129640103,69.713
0.8800000131130219,69.896
0.8900000132620335,70.043
0.9000000134110451,70.138
0.9100000135600568,70.043
0.9200000137090684,69.893
0.93000001385808,69.639
0.9400000140070917,69.284
0.9500000141561032,68.863
0.9600000143051148,68.296
0.9700000144541264,67.634
0.980000014603138,66.789
0.9900000147521496,65.87
1.0000000149011612,64.966
1.010000015050173,63.961
1.0200000151991844,62.875
1.030000015348196,61.712
1.0400000154972078,60.459
1.0500000156462193,59.194
1.060000015795231,57.861
1.0700000159442424,56.531
1.080000016093254,55.116
1.0900000162422658,53.705
1.100000016391277,52.358
1.110000016540289,50.992
1.1200000166893005,49.669
1.1300000168383122,48.287
1.140000016987324,46.887
1.1500000171363354,45.511
1.160000017285347,44.154
1.1700000174343586,42.864
1.1800000175833705,41.471
1.190000017732382,40.084
1.2000000178813934,38.798
1.2100000180304051,37.517
1.2200000181794166,36.298
1.2300000183284283,35.162
1.24000001847744,34.058
1.2500000186264515,32.992
1.2600000187754632,31.942
1.270000018924475,30.964
1.2800000190734864,29.962
1.290000019222498,28.967
1.3000000193715096,28.037
1.3100000195205213,27.124
1.3200000196695327,26.275
1.3300000198185444,25.445
1.340000019967556,24.633
1.3500000201165676,23.933
1.360000020265579,23.214
1.3700000204145908,22.525
1.3800000205636025,21.882
1.3900000207126142,21.271
1.4000000208616257,20.72
1.4100000210106374,20.15
1.4200000211596489,19.584
1.4300000213086606,19.028
1.4400000214576725,18.489
1.4500000216066835,18.018
1.4600000217556954,17.564
1.470000021904707,17.117
1.4800000220537186,16.601
1.4900000222027303,16.058
1.5000000223517418,15.63
1.5100000225007535,15.21
1.520000022649765,14.791
1.530000022798777,14.397
1.5400000229477884,14.041
1.5500000230968,13.684
1.5600000232458116,13.345
1.570000023394823,13.115
1.5800000235438347,12.844
1.5900000236928464,12.54
1.600000023841858,12.281
1.6100000239908696,12.019
1.620000024139881,11.692
1.6300000242888928,11.376
1.6400000244379045,11.086
1.650000024586916,10.788
1.6600000247359277,10.492
1.6700000248849391,10.248
1.6800000250339509,9.994
1.6900000251829626,9.729
1.700000025331974,9.508
1.7100000254809855,9.319
1.7200000256299972,9.161
1.730000025779009,8.981
1.7400000259280206,8.784
1.750000026077032,8.565
1.7600000262260438,8.347
1.7700000263750553,8.217
1.780000026524067,8.069
1.790000026673079,7.892
1.80000002682209,7.678
1.8100000269711016,7.443
1.820000027120113,7.252
1.830000027269125,7.087
1.8400000274181367,6.988
1.850000027567148,6.866
1.86000002771616,6.72
1.8700000278651716,6.583
1.880000028014183,6.453
1.8900000281631948,6.337
1.9000000283122065,6.245
1.910000028461218,6.177
1.9200000286102292,6.014
1.9300000287592407,5.846
1.9400000289082528,5.715
1.9500000290572643,5.573
1.960000029206276,5.438
1.9700000293552875,5.354
1.9800000295042992,5.273
1.990000029653311,5.109
2.0000000298023224,4.992
2.010000029951334,4.954
2.020000030100346,4.859
2.030000030249357,4.74
2.0400000303983687,4.707
2.0500000305473804,4.649
2.060000030696392,4.547
2.070000030845404,4.512
2.0800000309944155,4.507
2.090000031143427,4.394
2.1000000312924385,4.301
2.11000003144145,4.26
2.120000031590462,4.135
2.1300000317394736,3.969
2.140000031888485,3.858
2.150000032037497,3.748
2.1600000321865083,3.629
2.17000003233552,3.575
2.180000032484532,3.576
2.190000032633543,3.485
2.200000032782554,3.387
2.2100000329315663,3.342
2.220000033080578,3.34
2.2300000332295897,3.363
2.240000033378601,3.332
2.2500000335276127,3.291
2.2600000336766244,3.211
2.270000033825636,3.135
2.280000033974648,3.072
2.290000034123659,3.075
2.3000000342726707,3.083
2.3100000344216824,2.99
2.320000034570694,2.894
2.330000034719706,2.808
2.340000034868717,2.713
2.350000035017729,2.621
2.3600000351667405,2.601
2.370000035315752,2.561
2.380000035464764,2.489
2.390000035613775,2.472
2.400000035762787,2.476
2.4100000359117986,2.421
2.4200000360608103,2.379
2.430000036209822,2.356
2.440000036358833,2.315
2.450000036507845,2.261
2.4600000366568566,2.233
2.4700000368058683,2.216
2.48000003695488,2.195
2.4900000371038917,2.206
2.500000037252903,2.251
2.5100000374019147,2.276
2.5200000375509264,2.301
2.530000037699938,2.322
2.5400000378489493,2.323
2.550000037997961,2.308
2.5600000381469727,2.289
2.5700000382959844,2.263
2.580000038444996,2.26
2.5900000385940074,2.233
2.600000038743019,2.191
2.610000038892031,2.181
2.6200000390410425,2.168
2.630000039190054,2.159
2.640000039339065,2.12
2.650000039488077,2.043
2.660000039637089,2.007
2.670000039786101,1.976
2.6800000399351123,1.979
2.6900000400841235,1.972
2.7000000402331352,1.947
2.710000040382147,1.921
2.720000040531158,1.901
2.7300000406801703,1.914
2.7400000408291816,1.914
2.7500000409781933,1.881
2.760000041127205,1.89
2.7700000412762167,1.917
2.7800000414252284,1.878
2.79000004157424,1.865
2.800000041723252,1.912
2.810000041872263,1.931
2.8200000420212747,1.933
2.8300000421702864,1.91
2.8400000423192977,1.873
2.8500000424683094,1.78
2.860000042617321,1.728
2.870000042766333,1.709
2.8800000429153445,1.672
2.890000043064356,1.63
2.9000000432133675,1.615
2.910000043362379,1.586
2.920000043511391,1.554
2.9300000436604026,1.582
2.940000043809414,1.618
2.950000043958425,1.604
2.960000044107437,1.579
2.970000044256449,1.534
2.9800000444054606,1.528
2.990000044554472,1.526
3.000000044703484,1.532
3.0100000448524957,1.515
3.020000045001507,1.462
3.0300000451505187,1.462
3.04000004529953,1.473
3.0500000454485416,1.483
3.0600000455975533,1.451
3.070000045746565,1.362
3.0800000458955767,1.343
3.090000046044588,1.351
3.1000000461936,1.373
3.1100000463426114,1.383
3.120000046491623,1.363
3.130000046640635,1.31
3.140000046789646,1.249
3.1500000469386578,1.289
3.160000047087669,1.338
3.170000047236681,1.371
3.180000047385693,1.373
3.190000047534704,1.36
3.200000047683716,1.365
3.2100000478327275,1.381
3.220000047981739,1.447
3.230000048130751,1.472
3.240000048279762,1.456
3.250000048428774,1.366
3.2600000485777856,1.279
3.2700000487267973,1.256
3.280000048875809,1.219
3.29000004902482,1.17
3.300000049173832,1.151
3.310000049322844,1.137
3.320000049471856,1.164
3.330000049620867,1.185
3.3400000497698783,1.208
3.35000004991889,1.227
3.3600000500679017,1.249
3.3700000502169134,1.338
3.380000050365925,1.38
3.3900000505149364,1.362
3.400000050663948,1.356
3.41000005081296,1.351
3.4200000509619715,1.384
3.430000051110983,1.422
3.4400000512599944,1.458
3.450000051409006,1.424
3.460000051558018,1.356
3.470000051707029,1.381
3.480000051856041,1.388
3.4900000520050525,1.34
3.500000052154064,1.335
3.510000052303076,1.35
3.520000052452088,1.327
3.5300000526010997,1.309
3.5400000527501105,1.32
3.5500000528991222,1.295
3.560000053048134,1.243
3.5700000531971456,1.226
3.5800000533461573,1.23
3.5900000534951686,1.235
3.6000000536441803,1.218
3.610000053793192,1.188
3.620000053942204,1.148
3.630000054091216,1.115
3.640000054240226,1.138
3.6500000543892384,1.177
3.66000005453825,1.23
3.6700000546872618,1.195
3.6800000548362735,1.136
3.6900000549852847,1.139
3.700000055134296,1.133
3.710000055283308,1.125
3.72000005543232,1.098
3.730000055581332,1.067
3.740000055730343,1.026
3.7500000558793545,1.01
3.760000056028366,1.036
3.770000056177378,1.031
3.7800000563263896,1.021
3.790000056475401,1.062
3.800000056624413,1.115
3.810000056773424,1.18
3.820000056922436,1.182
3.830000057071448,1.156
3.840000057220459,1.125
3.850000057369471,1.107
3.8600000575184814,1.122
3.870000057667494,1.086
3.8800000578165057,1.014
3.890000057965517,0.922
3.9000000581145287,0.843
3.910000058263541,0.852
3.920000058412552,0.858
3.930000058561564,0.859
3.940000058710575,0.827
3.9500000588595863,0.803
3.9600000590085984,0.851
3.97000005915761,0.898
3.980000059306622,0.946
3.990000059455633,0.987
4.000000059604645,1.009
4.010000059753657,0.982
4.020000059902668,0.953
4.030000060051679,0.932
4.040000060200692,0.93
4.050000060349703,0.926
4.060000060498715,0.895
4.070000060647726,0.888
4.0800000607967375,0.906
4.09000006094575,0.857
4.100000061094761,0.801
4.110000061243773,0.829
4.120000061392784,0.849
4.130000061541796,0.844
4.140000061690808,0.835
4.150000061839819,0.827
4.160000061988831,0.753
4.170000062137842,0.703
4.180000062286854,0.746
4.190000062435866,0.774
4.200000062584877,0.781
4.210000062733889,0.762
4.2200000628829,0.738
4.230000063031912,0.714
4.240000063180924,0.735
4.250000063329935,0.783
4.260000063478947,0.864
4.270000063627959,0.93
4.28000006377697,0.933
4.290000063925982,0.948
4.300000064074993,0.973
4.310000064224005,1.05
4.3200000643730165,1.134
4.330000064522028,1.128
4.34000006467104,1.104
4.350000064820051,1.054
4.360000064969063,1.017
4.370000065118075,0.987
4.380000065267086,0.98
4.390000065416098,0.952
4.400000065565109,0.901
4.410000065714121,0.84
4.420000065863133,0.777
4.430000066012144,0.726
4.440000066161156,0.681
4.450000066310167,0.654
4.46000006645918,0.614
4.470000066608191,0.57
4.480000066757202,0.573
4.490000066906214,0.584
4.500000067055225,0.619
4.5100000672042375,0.688
4.520000067353249,0.771
4.53000006750226,0.817
4.540000067651272,0.849
4.550000067800283,0.858
4.560000067949296,0.826
4.570000068098307,0.767
4.580000068247318,0.721
4.59000006839633,0.675
4.6000000685453415,0.614
4.610000068694354,0.578
4.620000068843365,0.564
4.630000068992376,0.517
4.640000069141388,0.489
4.6500000692904,0.53
4.660000069439412,0.557
4.670000069588423,0.573
4.680000069737434,0.595
4.690000069886446,0.608
4.700000070035458,0.591
4.71000007018447,0.609
4.720000070333481,0.674
4.730000070482492,0.713
4.740000070631504,0.732
4.750000070780516,0.742
4.760000070929528,0.741
4.770000071078539,0.721
4.78000007122755,0.706
4.7900000713765625,0.696
4.800000071525574,0.653
4.810000071674586,0.609
4.820000071823597,0.557
4.830000071972608,0.549
4.8400000721216205,0.564
4.850000072270632,0.597
4.860000072419644,0.625
4.870000072568655,0.65
4.880000072717666,0.734
4.890000072866679,0.847
4.90000007301569,0.857
4.910000073164702,0.855
4.920000073313713,0.819
4.9300000734627245,0.747
4.940000073611737,0.653
4.950000073760748,0.584
4.96000007390976,0.522
4.970000074058771,0.444
4.980000074207783,0.384
4.990000074356795,0.356
5.000000074505806,0.332
5.010000074654818,0.326
5.020000074803829,0.41
5.030000074952841,0.477
5.040000075101853,0.528
5.050000075250864,0.553
5.060000075399876,0.562
5.070000075548887,0.588
5.080000075697899,0.591
5.090000075846911,0.572
5.100000075995922,0.587
5.110000076144934,0.593
5.1200000762939455,0.547
5.130000076442957,0.503
5.140000076591969,0.454
5.15000007674098,0.431
5.160000076889992,0.417
5.170000077039004,0.436
5.180000077188015,0.436
5.190000077337027,0.376
5.200000077486038,0.349
5.21000007763505,0.351
5.220000077784062,0.384
5.230000077933073,0.41
5.240000078082085,0.421
5.250000078231096,0.46
5.260000078380108,0.516
5.27000007852912,0.566
5.280000078678131,0.596
5.290000078827143,0.607
5.300000078976154,0.62
5.310000079125167,0.628
5.320000079274178,0.589
5.330000079423189,0.544
5.340000079572201,0.463
5.350000079721212,0.408
5.3600000798702245,0.371
5.370000080019236,0.386
5.380000080168247,0.402
5.390000080317259,0.351
5.4000000804662704,0.343
5.410000080615283,0.399
5.420000080764294,0.46
5.430000080913305,0.516
5.440000081062317,0.491
5.4500000812113285,0.487
5.460000081360341,0.507
5.470000081509352,0.484
5.480000081658363,0.457
5.490000081807375,0.43
5.500000081956387,0.406
5.510000082105399,0.391
5.52000008225441,0.384
5.530000082403421,0.387
5.540000082552433,0.297
5.550000082701445,0.239
5.560000082850457,0.277
5.570000082999468,0.295
5.580000083148479,0.294
5.590000083297491,0.309
5.600000083446503,0.316
5.610000083595515,0.317
5.620000083744526,0.338
5.630000083893537,0.381
5.6400000840425495,0.369
5.650000084191561,0.347
5.660000084340573,0.309
5.670000084489584,0.263
5.680000084638595,0.203
5.690000084787608,0.202
5.700000084936619,0.204
5.710000085085631,0.183
5.720000085234642,0.166
5.7300000853836535,0.161
5.740000085532666,0.202
5.750000085681677,0.244
5.760000085830689,0.219
5.7700000859797,0.185
5.780000086128712,0.135
5.790000086277724,0.111
5.800000086426735,0.102
5.810000086575747,0.147
5.820000086724758,0.181
5.83000008687377,0.184
5.840000087022782,0.222
5.850000087171793,0.283
5.860000087320805,0.331
5.870000087469816,0.362
5.880000087618828,0.366
5.89000008776784,0.365
5.900000087916851,0.353
5.910000088065863,0.298
5.920000088214874,0.254
5.930000088363886,0.241
5.940000088512898,0.24
5.950000088661909,0.245
5.960000088810921,0.235
5.9700000889599325,0.245
5.980000089108944,0.26
5.990000089257956,0.278
6.000000089406967,0.302
6.010000089555979,0.282
6.020000089704991,0.245
6.030000089854002,0.183
6.040000090003014,0.146
6.050000090152025,0.145
6.060000090301037,0.097
6.070000090450049,0.04
6.08000009059906,0.003
6.090000090748072,-0.022
6.100000090897083,-0.039
6.110000091046095,-0.045
6.120000091195107,-0.04
6.130000091344118,0.0
6.14000009149313,0.019
6.150000091642141,0.017
6.1600000917911535,0.022
6.170000091940165,0.028
6.180000092089176,0.048
6.190000092238188,0.064
6.200000092387199,0.078
6.210000092536212,0.094
6.220000092685223,0.1
6.230000092834234,0.115
6.240000092983246,0.133
6.2500000931322575,0.147
6.26000009328127,0.17
6.270000093430281,0.197
6.280000093579292,0.204
6.290000093728304,0.213
6.300000093877316,0.187
6.310000094026328,0.165
6.320000094175339,0.148
6.33000009432435,0.149
6.340000094473362,0.146
6.350000094622374,0.134
6.360000094771386,0.121
6.370000094920397,0.117
6.380000095069408,0.117
6.39000009521842,0.119
6.400000095367432,0.156
6.410000095516444,0.189
6.420000095665455,0.213
6.430000095814466,0.166
6.440000095963478,0.116
6.45000009611249,0.144
6.460000096261502,0.178
6.470000096410513,0.216
6.480000096559524,0.25
6.4900000967085365,0.272
6.500000096857548,0.191
6.51000009700656,0.168
6.520000097155571,0.25
6.530000097304582,0.271
6.540000097453595,0.263
6.550000097602606,0.264
6.560000097751618,0.248
6.570000097900629,0.202
6.5800000980496405,0.226
6.590000098198653,0.3
6.600000098347664,0.274
6.610000098496676,0.248
6.620000098645687,0.253
6.6300000987946985,0.231
6.640000098943711,0.187
6.650000099092722,0.197
6.660000099241734,0.214
6.670000099390745,0.226
6.680000099539757,0.228
6.690000099688769,0.23
6.70000009983778,0.199
6.710000099986792,0.163
6.720000100135803,0.135
6.730000100284815,0.103
6.740000100433827,0.065
6.750000100582838,0.036
6.76000010073185,-0.002
6.7700001008808615,-0.032
6.780000101029873,-0.038
6.790000101178885,-0.007
6.800000101327896,-0.025
6.810000101476908,-0.055
6.82000010162592,-0.082
6.830000101774931,-0.115
6.840000101923943,-0.161
6.850000102072954,-0.173
6.860000102221966,-0.169
6.870000102370978,-0.244
6.880000102519989,-0.272
6.890000102669001,-0.203
6.900000102818012,-0.152
6.910000102967024,-0.109
6.920000103116036,-0.098
6.930000103265047,-0.088
6.940000103414059,-0.092
6.95000010356307,-0.042
6.960000103712082,0.042
6.970000103861094,-0.014
6.980000104010105,-0.05
6.990000104159117,0.001
7.000000104308128,0.013
7.0100001044571405,0.004
7.020000104606152,0.02
7.030000104755163,0.033
7.040000104904175,0.026
7.050000105053186,0.058
7.060000105202199,0.143
7.07000010535121,0.123
7.080000105500221,0.079
7.090000105649233,0.094
7.1000001057982445,0.075
7.110000105947257,0.018
7.120000106096268,0.01
7.130000106245279,0.001
7.140000106394291,-0.087
7.150000106543303,-0.179
7.160000106692315,-0.261
7.170000106841326,-0.269
7.180000106990337,-0.25
7.190000107139349,-0.215
7.200000107288361,-0.182
7.210000107437373,-0.185
7.220000107586384,-0.167
7.230000107735395,-0.13
7.240000107884407,-0.039
7.250000108033419,0.021
7.260000108182431,0.001
7.270000108331442,-0.03
7.280000108480453,-0.067
7.2900001086294655,-0.09
7.300000108778477,-0.126
7.310000108927489,-0.158
7.3200001090765,-0.177
7.330000109225511,-0.193
7.3400001093745235,-0.157
7.350000109523535,-0.121
7.360000109672547,-0.072
7.370000109821558,-0.072
7.380000109970569,-0.112
7.390000110119582,-0.098
7.400000110268593,-0.071
7.410000110417605,-0.082
7.420000110566616,-0.108
7.4300001107156275,-0.151
7.44000011086464,-0.159
7.450000111013651,-0.169
7.460000111162663,-0.189
7.470000111311674,-0.191
7.480000111460685,-0.178
7.490000111609698,-0.182
7.500000111758709,-0.197
7.510000111907721,-0.22
7.520000112056732,-0.255
7.530000112205744,-0.307
7.540000112354756,-0.293
7.550000112503767,-0.246
7.560000112652779,-0.224
7.57000011280179,-0.23
7.580000112950802,-0.269
7.590000113099814,-0.301
7.600000113248825,-0.325
7.610000113397837,-0.334
7.620000113546848,-0.331
7.63000011369586,-0.332
7.640000113844872,-0.358
7.650000113993883,-0.405
7.660000114142895,-0.397
7.670000114291906,-0.381
7.680000114440918,-0.351
7.69000011458993,-0.287
7.700000114738941,-0.201
7.710000114887953,-0.18
7.720000115036965,-0.175
7.730000115185976,-0.17
7.740000115334988,-0.138
7.750000115483999,-0.087
7.760000115633011,-0.133
7.770000115782023,-0.193
7.780000115931034,-0.286
7.790000116080046,-0.34
7.800000116229057,-0.345
7.810000116378069,-0.335
7.820000116527081,-0.326
7.830000116676092,-0.393
7.840000116825104,-0.424
7.850000116974115,-0.378
7.860000117123127,-0.338
7.870000117272139,-0.307
7.88000011742115,-0.336
7.890000117570162,-0.369
7.900000117719173,-0.402
7.910000117868186,-0.375
7.920000118017197,-0.322
7.930000118166208,-0.319
7.94000011831522,-0.322
7.950000118464231,-0.335
7.960000118613244,-0.334
7.970000118762255,-0.321
7.980000118911266,-0.31
7.990000119060278,-0.304
8.00000011920929,-0.346
8.0100001193583,-0.328
8.020000119507314,-0.266
8.030000119656325,-0.199
8.040000119805336,-0.123
8.050000119954348,-0.045
8.060000120103359,-0.003
8.070000120252372,0.009
8.080000120401383,0.026
8.090000120550394,0.035
8.100000120699406,-0.014
8.110000120848417,-0.088
8.12000012099743,-0.187
8.130000121146441,-0.262
8.140000121295452,-0.342
8.150000121444464,-0.38
8.160000121593475,-0.401
8.170000121742488,-0.403
8.1800001218915,-0.409
8.19000012204051,-0.417
8.200000122189522,-0.41
8.210000122338533,-0.404
8.220000122487546,-0.412
8.230000122636557,-0.39
8.240000122785569,-0.348
8.25000012293458,-0.367
8.260000123083591,-0.365
8.270000123232604,-0.316
8.280000123381615,-0.267
8.290000123530627,-0.212
8.300000123679638,-0.142
8.31000012382865,-0.081
8.320000123977662,-0.042
8.330000124126673,-0.038
8.340000124275685,-0.053
8.350000124424696,-0.124
8.360000124573707,-0.184
8.37000012472272,-0.197
8.380000124871732,-0.234
8.390000125020743,-0.295
8.400000125169754,-0.317
8.410000125318765,-0.33
8.420000125467778,-0.292
8.43000012561679,-0.238
8.4400001257658,-0.172
8.450000125914812,-0.171
8.460000126063823,-0.177
8.470000126212836,-0.149
8.480000126361848,-0.142
8.490000126510859,-0.16
8.50000012665987,-0.177
8.510000126808881,-0.197
8.520000126957894,-0.259
8.530000127106906,-0.304
8.540000127255917,-0.319
8.550000127404928,-0.34
8.56000012755394,-0.371
8.570000127702952,-0.369
8.580000127851964,-0.342
8.590000128000975,-0.279
8.600000128149986,-0.23
8.610000128298998,-0.183
8.62000012844801,-0.166
8.630000128597022,-0.134
8.640000128746033,-0.081
8.650000128895044,-0.046
8.660000129044056,-0.022
8.670000129193069,-0.064
8.68000012934208,-0.102
8.690000129491091,-0.113
8.700000129640102,-0.14
8.710000129789114,-0.174
8.720000129938127,-0.24
8.730000130087138,-0.311
8.74000013023615,-0.357
8.75000013038516,-0.361
8.760000130534172,-0.327
8.770000130683185,-0.322
8.780000130832196,-0.32
8.790000130981207,-0.289
8.800000131130219,-0.224
8.81000013127923,-0.13
8.820000131428243,-0.074
8.830000131577254,-0.038
8.840000131726265,-0.088
8.850000131875277,-0.135
8.860000132024288,-0.168
8.8700001321733,-0.205
8.880000132322312,-0.238
8.890000132471323,-0.346
8.900000132620335,-0.445
8.910000132769346,-0.52
8.920000132918359,-0.514
8.93000013306737,-0.473
8.940000133216381,-0.428
8.950000133365393,-0.385
8.960000133514404,-0.337
8.970000133663417,-0.314
8.980000133812428,-0.303
8.99000013396144,-0.217
9.00000013411045,-0.179
9.010000134259462,-0.265
9.020000134408477,-0.328
9.030000134557486,-0.374
9.040000134706498,-0.349
9.050000134855509,-0.309
9.06000013500452,-0.234
9.070000135153531,-0.206
9.080000135302544,-0.226
9.090000135451556,-0.177
9.100000135600569,-0.112
9.110000135749578,-0.086
9.120000135898591,-0.084
9.130000136047602,-0.117
9.140000136196614,-0.174
9.150000136345623,-0.236
9.160000136494636,-0.304
9.17000013664365,-0.347
9.18000013679266,-0.363
9.190000136941672,-0.357
9.200000137090685,-0.347
9.210000137239694,-0.376
9.220000137388707,-0.404
9.23000013753772,-0.43
9.24000013768673,-0.391
9.25000013783574,-0.324
9.260000137984752,-0.28
9.270000138133764,-0.251
9.280000138282777,-0.252
9.290000138431788,-0.224
9.3000001385808,-0.175
9.31000013872981,-0.124
9.320000138878823,-0.097
9.330000139027836,-0.133
9.340000139176846,-0.168
9.350000139325855,-0.205
9.360000139474868,-0.276
9.37000013962388,-0.33
9.380000139772893,-0.341
9.390000139921904,-0.38
9.400000140070915,-0.436
9.410000140219926,-0.402
9.42000014036894,-0.365
9.43000014051795,-0.383
9.440000140666962,-0.386
9.450000140815972,-0.368
9.460000140964985,-0.403
9.470000141113998,-0.452
9.480000141263009,-0.448
9.49000014141202,-0.46
9.500000141561031,-0.504
9.510000141710044,-0.562
9.520000141859056,-0.609
9.530000142008069,-0.587
9.540000142157078,-0.567
9.55000014230609,-0.549
9.5600001424551,-0.549
9.570000142604114,-0.547
9.580000142753123,-0.509
9.590000142902136,-0.481
9.600000143051147,-0.456
9.61000014320016,-0.457
9.620000143349172,-0.476
9.630000143498185,-0.433
9.640000143647194,-0.398
9.650000143796206,-0.38
9.660000143945217,-0.422
9.67000014409423,-0.508
9.68000014424324,-0.443
9.690000144392252,-0.366
9.700000144541264,-0.303
9.710000144690277,-0.309
9.720000144839288,-0.364
9.7300001449883,-0.357
9.74000014513731,-0.345
9.750000145286322,-0.338
9.760000145435331,-0.34
9.770000145584346,-0.371
9.780000145733355,-0.406
9.790000145882368,-0.437
9.80000014603138,-0.408
9.810000146180393,-0.381
9.820000146329404,-0.364
9.830000146478415,-0.353
9.840000146627428,-0.33
9.850000146776438,-0.331
9.860000146925447,-0.31
9.870000147074462,-0.268
9.880000147223472,-0.222
9.890000147372485,-0.178
9.900000147521496,-0.216
9.910000147670509,-0.246
9.92000014781952,-0.251
9.930000147968531,-0.277
9.940000148117544,-0.316
9.950000148266554,-0.387
9.960000148415563,-0.46
9.970000148564578,-0.535
9.98000014871359,-0.53
9.9900001488626,-0.478
10.000000149011612,-0.494
10.010000149160623,-0.502
10.020000149309636,-0.496
10.030000149458647,-0.481
10.04000014960766,-0.461
10.05000014975667,-0.377
10.06000014990568,-0.303
10.070000150054694,-0.281
10.080000150203706,-0.271
10.090000150352717,-0.255
10.100000150501728,-0.275
10.11000015065074,-0.285
10.120000150799752,-0.249
10.130000150948764,-0.231
10.140000151097777,-0.243
10.150000151246786,-0.304
10.160000151395796,-0.363
10.17000015154481,-0.368
10.180000151693822,-0.339
10.190000151842831,-0.279
10.200000151991844,-0.311
10.210000152140855,-0.362
10.220000152289868,-0.365
10.23000015243888,-0.348
10.240000152587893,-0.296
10.250000152736902,-0.233
