time_min,absorb_mau
0.0,0.024
0.0266666670640309,0.107
0.0533333341280619,0.093
0.0800000011920929,0.17
0.1066666682561238,0.053
0.1333333353201548,0.171
0.1600000023841858,0.153
0.1866666694482167,0.272
0.2133333365122477,0.22
0.2400000035762786,0.099
0.2666666706403096,0.115
0.2933333377043406,0.137
0.3200000047683716,0.289
0.3466666718324026,0.266
0.3733333388964335,0.235
0.4000000059604645,0.252
0.4266666730244954,0.152
0.4533333400885264,0.188
0.4800000071525573,0.405
0.5066666742165884,1.254
0.5333333412806193,2.89
0.5600000083446502,5.329
0.5866666754086812,8.397
0.6133333424727122,11.764
0.6400000095367432,15.295
0.6666666766007742,19.045
0.6933333436648051,23.11
0.7200000107288361,27.632
0.746666677792867,32.22
0.773333344856898,37.118
0.800000011920929,41.868
0.8266666789849599,46.26
0.8533333460489909,49.936
0.8800000131130219,52.689
0.9066666801770528,54.786
0.933333347241084,56.333
0.9600000143051148,57.427
0.9866666813691456,58.337
1.0133333484331768,59.062
1.0400000154972078,59.868
1.0666666825612383,60.647
1.0933333496252695,61.375
1.1200000166893005,62.006
1.1466666837533317,62.611
1.1733333508173625,63.193
1.2000000178813934,63.562
1.2266666849454244,63.661
1.2533333520094554,63.562
1.2800000190734864,63.402
1.3066666861375174,63.174
1.3333333532015483,62.732
1.360000020265579,62.097
1.3866666873296103,61.286
1.4133333543936413,60.363
1.4400000214576725,59.595
1.4666666885217032,58.626
1.493333355585734,57.803
1.520000022649765,56.874
1.546666689713796,55.956
1.573333356777827,54.973
1.600000023841858,53.741
1.626666690905889,52.529
1.65333335796992,51.337
1.6800000250339509,50.108
1.7066666920979818,49.05
1.7333333591620128,48.02
1.7600000262260438,47.207
1.7866666932900748,46.351
1.8133333603541055,45.474
1.8400000274181367,44.727
1.866666694482168,43.972
1.8933333615461987,43.292
1.9200000286102292,42.623
1.9466666956742604,41.99
1.9733333627382916,41.397
2.0000000298023224,40.673
2.0266666968663536,40.041
2.0533333639303843,39.471
2.0800000309944155,39.073
2.1066666980584463,38.513
2.133333365122477,37.962
2.1600000321865083,37.408
2.186666699250539,36.826
2.2133333663145702,36.335
2.240000033378601,35.651
2.266666700442632,35.029
2.293333367506663,34.524
2.320000034570694,34.093
2.346666701634725,33.661
2.373333368698756,33.132
2.400000035762787,32.626
2.426666702826818,32.139
2.453333369890849,31.543
2.48000003695488,31.037
2.506666704018911,30.598
2.533333371082942,30.297
2.5600000381469727,29.992
2.5866667052110035,29.621
2.6133333722750347,29.152
2.640000039339065,28.694
2.6666667064030967,28.286
2.6933333734671274,27.826
2.720000040531158,27.514
2.7466667075951894,27.099
2.7733333746592206,26.746
2.800000041723252,26.212
2.8266667087872825,25.783
2.8533333758513133,25.416
2.8800000429153445,25.066
2.9066667099793757,24.79
2.9333333770434065,24.288
2.960000044107437,23.904
2.986666711171468,23.617
3.013333378235499,23.451
3.04000004529953,23.192
3.066666712363561,22.887
3.093333379427592,22.409
3.120000046491623,22.146
3.146666713555654,21.792
3.173333380619685,21.701
3.200000047683716,21.495
3.226666714747747,21.409
3.253333381811778,21.145
3.280000048875809,21.032
3.30666671593984,20.801
3.333333383003871,20.553
3.3600000500679017,20.301
3.386666717131933,20.071
3.413333384195964,19.868
3.4400000512599944,19.522
3.4666667183240256,19.194
3.4933333853880564,18.991
3.520000052452088,18.921
3.5466667195161183,18.786
3.573333386580149,18.539
3.6000000536441803,18.291
3.626666720708212,18.108
3.653333387772242,17.852
3.6800000548362735,17.642
3.706666721900304,17.451
3.733333388964336,17.258
3.760000056028366,17.21
3.786666723092397,17.07
3.813333390156428,16.935
3.840000057220459,16.673
3.86666672428449,16.366
3.893333391348521,16.146
3.920000058412552,16.067
3.946666725476583,16.04
3.973333392540614,15.974
4.000000059604645,15.846
4.026666726668676,15.679
4.053333393732707,15.512
4.0800000607967375,15.337
4.106666727860769,15.054
4.1333333949248,14.831
4.160000061988831,14.603
4.186666729052861,14.41
4.213333396116893,14.329
4.240000063180924,14.236
4.266666730244954,14.195
4.293333397308985,13.915
4.3200000643730165,13.729
4.346666731437048,13.646
4.373333398501078,13.629
4.400000065565109,13.457
4.4266667326291405,13.186
4.453333399693172,12.998
4.480000066757202,12.789
4.506666733821233,12.648
4.533333400885264,12.505
4.560000067949296,12.344
4.586666735013326,12.247
4.613333402077357,12.173
4.640000069141388,12.164
4.66666673620542,12.117
4.69333340326945,11.867
4.720000070333481,11.547
4.746666737397512,11.392
4.773333404461543,11.362
4.800000071525574,11.254
4.826666738589605,11.069
4.853333405653636,10.926
4.880000072717666,10.9
4.906666739781698,10.884
4.933333406845729,10.669
4.96000007390976,10.561
4.98666674097379,10.461
5.013333408037822,10.392
5.040000075101853,10.227
5.066666742165884,10.155
5.093333409229914,10.155
5.1200000762939455,10.074
5.146666743357977,9.88
5.173333410422007,9.763
5.200000077486038,9.649
5.226666744550069,9.604
5.253333411614101,9.463
5.280000078678131,9.359
5.306666745742162,9.234
5.333333412806193,9.116
5.3600000798702245,9.009
5.386666746934255,8.95
5.413333413998286,8.874
5.440000081062317,8.811
5.4666667481263485,8.75
5.493333415190379,8.708
5.52000008225441,8.455
5.546666749318441,8.246
5.573333416382472,8.152
5.600000083446503,8.24
5.626666750510534,8.171
5.653333417574565,8.042
5.680000084638595,8.039
5.706666751702627,8.025
5.733333418766658,8.076
5.760000085830689,8.037
5.786666752894719,8.044
5.813333419958751,8.005
5.840000087022782,7.82
5.866666754086813,7.584
5.893333421150843,7.546
5.920000088214874,7.503
5.946666755278906,7.404
5.973333422342936,7.293
6.000000089406967,7.133
6.026666756470998,7.034
6.05333342353503,6.958
6.08000009059906,6.933
6.106666757663091,6.884
6.133333424727122,6.915
6.1600000917911535,6.87
6.186666758855184,6.912
6.213333425919215,6.81
6.240000092983246,6.809
6.266666760047277,6.795
6.293333427111308,6.779
6.320000094175339,6.622
6.34666676123937,6.506
6.373333428303401,6.478
6.400000095367432,6.473
6.426666762431463,6.493
6.453333429495494,6.378
6.480000096559524,6.325
6.506666763623556,6.239
6.533333430687587,6.319
6.560000097751618,6.254
6.586666764815648,6.091
6.61333343187968,5.996
6.640000098943711,5.959
6.666666766007742,6.045
6.693333433071772,5.846
6.720000100135803,5.777
6.746666767199835,5.702
6.773333434263866,5.722
6.800000101327896,5.662
6.826666768391927,5.621
6.853333435455959,5.627
6.880000102519989,5.664
6.90666676958402,5.618
6.933333436648051,5.504
6.960000103712082,5.469
6.986666770776113,5.365
7.013333437840144,5.438
7.040000104904175,5.426
7.066666771968206,5.362
7.093333439032237,5.345
7.120000106096268,5.293
7.146666773160299,5.319
7.17333344022433,5.131
7.200000107288361,5.068
7.226666774352392,4.996
7.253333441416423,5.086
7.280000108480453,4.997
7.306666775544484,4.986
7.333333442608516,4.971
7.360000109672547,4.972
7.386666776736577,4.945
7.413333443800608,4.812
7.44000011086464,4.744
7.466666777928671,4.72
7.493333444992701,4.744
7.520000112056732,4.762
7.546666779120764,4.711
7.573333446184795,4.622
7.600000113248825,4.491
7.626666780312856,4.371
7.653333447376887,4.387
7.680000114440918,4.504
7.706666781504949,4.64
7.73333344856898,4.615
7.760000115633011,4.475
7.786666782697042,4.405
7.813333449761073,4.43
7.840000116825104,4.507
7.866666783889135,4.43
7.893333450953166,4.286
7.920000118017197,4.273
7.946666785081228,4.323
7.973333452145259,4.477
8.00000011920929,4.496
8.02666678627332,4.327
8.053333453337352,4.196
8.080000120401383,4.097
8.106666787465414,4.203
8.133333454529444,4.224
8.160000121593475,4.176
8.186666788657506,4.076
8.213333455721537,4.019
8.240000122785569,3.972
8.2666667898496,4.028
8.293333456913631,3.914
8.320000123977662,3.91
8.346666791041692,3.829
8.373333458105723,3.882
8.400000125169754,3.863
8.426666792233785,3.937
8.453333459297816,3.934
8.480000126361848,3.945
8.506666793425879,3.923
8.533333460489908,3.944
8.56000012755394,3.87
8.58666679461797,3.689
8.613333461682002,3.529
8.640000128746033,3.482
8.666666795810064,3.601
8.693333462874095,3.664
8.720000129938127,3.744
8.746666797002156,3.769
8.773333464066187,3.666
8.800000131130219,3.637
8.82666679819425,3.558
8.853333465258281,3.59
8.880000132322312,3.502
8.906666799386343,3.498
8.933333466450373,3.378
8.960000133514404,3.266
8.986666800578435,3.107
9.013333467642466,3.113
9.040000134706498,3.201
9.066666801770529,3.273
9.09333346883456,3.23
9.120000135898591,3.236
9.14666680296262,3.163
9.173333470026652,3.163
9.200000137090685,3.012
9.226666804154714,3.054
9.253333471218744,3.107
9.280000138282777,3.116
9.306666805346808,3.099
9.33333347241084,3.155
9.360000139474868,3.214
9.3866668065389,3.273
9.41333347360293,3.196
9.440000140666962,3.216
9.466666807730991,3.132
9.493333474795024,3.167
9.520000141859056,3.269
9.546666808923083,3.101
9.573333475987116,3.016
9.600000143051147,2.971
9.62666681011518,3.114
9.65333347717921,3.105
9.68000014424324,3.077
9.706666811307272,2.917
9.733333478371303,2.884
9.760000145435331,2.802
9.786666812499364,2.878
9.813333479563395,2.956
9.840000146627428,2.987
9.866666813691458,3.049
9.893333480755487,2.979
9.92000014781952,2.936
9.94666681488355,2.791
9.97333348194758,2.656
10.000000149011612,2.579
10.026666816075643,2.623
10.053333483139674,2.79
10.080000150203706,2.828
10.106666817267737,2.754
10.133333484331768,2.527
10.160000151395796,2.531
10.186666818459829,2.588
10.21333348552386,2.698
10.240000152587893,2.629
10.266666819651922,2.594
10.293333486715952,2.608
10.320000153779985,2.708
10.346666820844014,2.732
10.373333487908043,2.591
10.400000154972076,2.467
10.426666822036108,2.403
10.45333348910014,2.521
10.48000015616417,2.581
10.5066668232282,2.542
10.533333490292232,2.519
10.560000157356262,2.592
10.586666824420291,2.522
10.613333491484324,2.431
10.640000158548355,2.367
10.666666825612388,2.397
10.693333492676418,2.418
10.720000159740447,2.429
10.746666826804478,2.402
10.77333349386851,2.363
10.80000016093254,2.316
10.826666827996572,2.288
10.853333495060603,2.312
10.880000162124634,2.398
10.906666829188666,2.324
10.933333496252695,2.299
10.960000163316726,2.302
10.986666830380758,2.429
11.013333497444789,2.471
11.04000016450882,2.427
11.066666831572851,2.355
11.093333498636882,2.284
11.120000165700914,2.237
11.146666832764945,2.277
11.173333499828974,2.164
11.200000166893004,2.168
11.226666833957037,2.064
11.253333501021068,2.132
11.2800001680851,2.24
11.30666683514913,2.326
11.33333350221316,2.314
11.36000016927719,2.151
11.386666836341222,2.005
11.413333503405251,1.921
11.440000170469284,1.985
11.466666837533316,2.113
11.493333504597349,2.154
11.520000171661378,2.239
11.546666838725407,2.192
11.57333350578944,2.246
11.60000017285347,2.277
11.6266668399175,2.289
11.653333506981532,2.266
11.680000174045563,2.266
11.706666841109596,2.259
11.733333508173626,2.2
11.760000175237655,2.07
11.786666842301686,2.04
11.813333509365718,2.101
11.840000176429747,2.179
11.86666684349378,2.171
11.893333510557811,2.23
11.920000177621842,2.09
11.946666844685872,2.028
11.973333511749903,1.784
12.000000178813934,1.765
12.026666845877966,1.813
12.053333512941997,1.864
12.080000180006028,1.756
12.10666684707006,1.786
12.13333351413409,1.855
12.16000018119812,2.033
12.186666848262153,2.078
12.213333515326182,2.012
12.240000182390212,1.995
12.266666849454245,2.025
12.293333516518276,1.939
12.320000183582309,1.84
12.346666850646336,1.725
12.373333517710368,1.842
12.4000001847744,1.971
12.42666685183843,1.918
12.45333351890246,1.858
12.480000185966492,1.734
12.506666853030524,1.788
12.533333520094557,1.713
12.560000187158584,1.81
12.586666854222615,1.792
12.613333521286648,1.826
12.640000188350678,1.717
12.666666855414707,1.739
12.69333352247874,1.759
12.720000189542771,1.731
12.746666856606804,1.724
12.773333523670832,1.687
12.800000190734863,1.762
12.826666857798894,1.761
12.853333524862926,1.709
12.880000191926957,1.652
12.906666858990988,1.718
12.93333352605502,1.737
12.960000193119049,1.789
12.98666686018308,1.676
13.013333527247111,1.565
13.040000194311142,1.612
13.066666861375174,1.557
13.093333528439205,1.566
13.120000195503236,1.497
13.146666862567267,1.581
13.173333529631297,1.59
13.200000196695328,1.566
13.22666686375936,1.493
13.25333353082339,1.523
13.28000019788742,1.492
13.306666864951453,1.607
13.333333532015484,1.561
13.360000199079511,1.646
13.386666866143544,1.539
13.413333533207576,1.487
13.440000200271609,1.404
13.466666867335638,1.544
13.49333353439967,1.535
13.5200002014637,1.54
13.546666868527732,1.446
13.57333353559176,1.514
13.600000202655792,1.54
13.626666869719823,1.419
13.653333536783856,1.434
13.680000203847886,1.467
13.706666870911915,1.693
13.733333537975948,1.68
13.760000205039978,1.56
13.786666872104009,1.412
13.81333353916804,1.344
13.840000206232071,1.506
13.866666873296102,1.429
13.893333540360134,1.4
13.920000207424165,1.292
13.946666874488196,1.352
13.973333541552226,1.435
14.000000208616257,1.413
14.026666875680288,1.509
14.05333354274432,1.483
14.08000020980835,1.494
14.106666876872382,1.374
14.133333543936413,1.38
14.160000211000442,1.418
14.186666878064472,1.584
14.213333545128505,1.507
14.240000212192536,1.481
14.266666879256569,1.4
14.293333546320598,1.345
14.32000021338463,1.205
14.34666688044866,1.139
14.37333354751269,1.178
14.40000021457672,1.244
14.426666881640752,1.349
14.453333548704784,1.346
14.480000215768817,1.32
14.506666882832846,1.223
14.533333549896875,1.195
14.560000216960908,1.164
14.586666884024938,1.213
14.613333551088967,1.352
14.640000218153,1.371
14.666666885217031,1.345
14.693333552281064,1.272
14.720000219345094,1.274
14.746666886409123,1.285
14.773333553473154,1.146
14.800000220537186,1.124
14.826666887601217,1.182
14.853333554665248,1.245
14.88000022172928,1.158
14.90666688879331,1.073
14.933333555857342,1.069
14.960000222921373,1.194
14.986666889985402,1.255
15.013333557049434,1.325
15.040000224113465,1.273
15.066666891177496,1.332
15.093333558241527,1.371
15.120000225305558,1.329
15.14666689236959,1.241
15.17333355943362,1.212
15.20000022649765,1.093
15.22666689356168,1.139
15.253333560625713,1.007
15.280000227689744,1.116
15.306666894753777,1.247
15.333333561817806,1.232
15.360000228881836,1.154
15.386666895945869,0.977
15.413333563009898,0.939
15.44000023007393,0.927
15.46666689713796,0.849
15.493333564201992,0.892
15.520000231266025,0.955
15.546666898330054,1.096
15.573333565394083,1.128
15.600000232458116,1.166
15.626666899522146,1.127
15.653333566586175,1.029
15.680000233650208,0.968
15.70666690071424,0.898
15.73333356777827,1.063
15.7600002348423,0.943
15.786666901906331,0.932
15.813333568970362,0.834
15.840000236034394,0.865
15.866666903098425,0.91
15.893333570162456,1.035
15.920000237226487,1.188
15.946666904290518,1.287
15.973333571354548,1.173
16.00000023841858,1.041
16.02666690548261,0.874
16.05333357254664,0.898
16.080000239610673,0.977
16.106666906674704,0.891
16.133333573738735,0.914
16.160000240802766,0.807
16.186666907866798,0.81
16.21333357493083,0.817
16.24000024199486,0.908
16.266666909058888,1.05
16.29333357612292,1.003
16.32000024318695,0.966
16.34666691025098,0.947
16.373333577315012,1.04
16.400000244379044,0.958
16.426666911443075,1.02
16.453333578507106,0.997
16.480000245571137,1.056
16.50666691263517,1.04
16.5333335796992,0.979
16.56000024676323,0.907
16.586666913827262,0.849
16.613333580891293,0.835
16.640000247955324,0.8
16.666666915019352,0.771
16.693333582083383,0.646
16.720000249147414,0.725
16.746666916211446,0.76
16.773333583275477,0.844
16.800000250339508,0.836
16.82666691740354,0.708
16.85333358446757,0.766
16.8800002515316,0.773
16.906666918595633,0.852
16.933333585659664,0.853
16.960000252723695,0.983
16.986666919787726,1.061
17.013333586851758,1.151
17.04000025391579,1.045
17.066666920979817,1.076
17.093333588043848,0.924
17.12000025510788,1.094
17.14666692217191,1.0
17.17333358923594,1.069
17.200000256299973,0.945
17.226666923364004,0.964
17.253333590428035,0.97
17.280000257492066,1.057
17.306666924556097,1.025
17.33333359162013,1.037
17.36000025868416,1.001
17.38666692574819,0.981
17.413333592812222,0.996
17.440000259876253,0.997
17.46666692694028,1.073
17.493333594004312,0.943
17.520000261068343,0.923
17.546666928132375,0.94
17.573333595196406,1.035
17.600000262260437,1.187
17.626666929324468,1.12
17.6533335963885,1.169
17.68000026345253,1.162
17.706666930516562,1.165
17.733333597580593,1.122
17.760000264644624,1.016
17.786666931708655,1.045
17.813333598772687,1.086
17.840000265836718,1.074
17.866666932900745,0.959
17.893333599964777,0.951
17.920000267028808,0.978
17.94666693409284,0.964
17.97333360115687,0.98
18.0000002682209,0.934
18.026666935284933,0.934
18.053333602348964,0.955
18.080000269412995,0.972
18.106666936477023,1.052
18.133333603541057,0.98
18.16000027060509,0.973
18.18666693766912,0.946
18.21333360473315,0.839
18.240000271797182,0.817
18.266666938861214,0.804
18.29333360592524,0.889
18.320000272989272,0.893
18.346666940053304,0.876
18.37333360711733,0.882
18.40000027418137,0.707
18.4266669412454,0.592
18.45333360830943,0.443
18.48000027537346,0.581
18.50666694243749,0.605
18.53333360950152,0.795
18.560000276565557,0.755
18.586666943629584,0.852
18.613333610693616,0.751
18.640000277757647,0.649
18.66666694482168,0.584
18.693333611885706,0.595
18.720000278949737,0.75
18.746666946013768,0.87
18.7733336130778,0.889
18.80000028014183,0.89
18.82666694720586,0.847
18.853333614269893,0.832
18.880000281333924,0.85
18.906666948397955,0.707
18.933333615461983,0.598
18.960000282526018,0.519
18.98666694959005,0.555
19.01333361665408,0.503
19.04000028371811,0.443
19.066666950782142,0.447
19.09333361784617,0.519
19.1200002849102,0.64
19.146666951974236,0.657
19.173333619038264,0.734
19.20000028610229,0.757
19.22666695316633,0.698
19.25333362023036,0.674
19.28000028729439,0.553
19.30666695435842,0.594
19.33333362142245,0.623
19.36000028848648,0.73
19.386666955550517,0.816
19.413333622614545,0.906
19.440000289678576,0.894
19.466666956742607,0.746
19.493333623806635,0.781
19.520000290870662,0.827
19.546666957934697,0.76
19.573333624998728,0.659
19.60000029206276,0.565
19.62666695912679,0.466
19.653333626190825,0.539
19.680000293254853,0.503
19.706666960318884,0.602
19.733333627382915,0.473
19.760000294446947,0.536
19.786666961510974,0.466
19.81333362857501,0.599
19.84000029563904,0.663
19.86666696270307,0.7
19.8933336297671,0.767
19.92000029683113,0.563
19.94666696389516,0.61
19.973333630959196,0.508
20.000000298023224,0.689
20.02666696508725,0.715
20.053333632151286,0.789
20.08000029921532,0.642
20.10666696627935,0.581
20.13333363334338,0.465
20.16000030040741,0.576
20.18666696747144,0.583
20.213333634535477,0.656
20.240000301599505,0.682
20.266666968663536,0.66
20.293333635727564,0.673
20.320000302791595,0.583
20.346666969855622,0.589
20.373333636919657,0.539
20.40000030398369,0.612
20.42666697104772,0.702
20.45333363811175,0.82
20.480000305175786,0.726
20.506666972239813,0.571
20.533333639303844,0.482
20.56000030636788,0.471
20.586666973431907,0.607
20.613333640495934,0.6
20.64000030755997,0.616
20.666666974624,0.508
20.693333641688028,0.576
20.72000030875206,0.635
20.74666697581609,0.738
20.77333364288012,0.7
20.800000309944156,0.638
20.826666977008184,0.522
20.85333364407221,0.526
20.880000311136246,0.461
20.90666697820028,0.464
20.93333364526431,0.521
20.96000031232834,0.668
20.98666697939237,0.639
21.0133336464564,0.747
21.040000313520437,0.687
21.066666980584465,0.731
21.093333647648493,0.528
21.120000314712524,0.414
21.146666981776555,0.41
21.173333648840583,0.483
21.200000315904617,0.498
21.22666698296865,0.422
21.25333365003268,0.275
21.28000031709671,0.313
21.306666984160746,0.268
21.333333651224773,0.272
21.360000318288805,0.185
21.38666698535284,0.148
21.413333652416867,0.287
21.440000319480895,0.384
21.46666698654493,0.489
21.49333365360896,0.544
21.520000320672988,0.566
21.54666698773702,0.546
21.57333365480105,0.491
21.60000032186508,0.482
21.626666988929117,0.439
21.653333655993144,0.36
21.680000323057172,0.326
21.706666990121207,0.422
21.73333365718524,0.508
21.76000032424927,0.39
21.7866669913133,0.341
21.81333365837733,0.162
21.840000325441363,0.151
21.866666992505397,0.001
21.89333365956942,0.089
21.920000326633453,0.16
21.946666993697484,0.287
21.973333660761515,0.202
22.000000327825543,0.191
22.026666994889577,0.129
22.05333366195361,0.118
22.08000032901764,0.128
22.10666699608167,0.131
22.133333663145702,0.191
22.160000330209733,0.281
22.186666997273765,0.362
22.2133336643378,0.479
22.240000331401827,0.454
22.26666699846586,0.48
22.29333366552989,0.359
22.32000033259392,0.374
22.34666699965795,0.253
22.37333366672198,0.336
22.40000033378601,0.27
22.42666700085004,0.313
22.453333667914077,0.284
22.480000334978104,0.235
22.506667002042136,0.173
22.533333669106167,0.098
22.5600003361702,0.086
22.58666700323423,0.064
22.61333367029826,-0.077
22.64000033736229,0.014
22.666667004426323,0.195
22.69333367149035,0.273
22.72000033855438,0.295
22.746667005618413,0.052
22.773333672682444,0.152
22.800000339746475,0.25
22.826667006810503,0.378
22.853333673874538,0.303
22.88000034093857,0.014
22.9066670080026,0.083
22.93333367506663,0.167
22.960000342130662,0.189
22.986667009194694,0.076
23.013333676258725,-0.14
23.04000034332276,-0.01
23.066667010386787,-0.016
23.09333367745081,0.03
23.12000034451485,-0.044
23.14666701157888,0.05
23.17333367864291,0.105
23.20000034570694,0.159
23.22666701277097,0.211
23.253333679835,0.144
23.280000346899037,0.254
23.306667013963065,0.256
23.333333681027096,0.412
23.360000348091127,0.318
23.38666701515516,0.228
23.41333368221919,0.034
23.44000034928322,0.138
23.46666701634725,0.029
23.49333368341128,0.14
23.52000035047531,-0.033
23.54666701753934,0.004
23.573333684603373,0.021
23.600000351667404,0.143
23.626667018731435,0.312
23.653333685795467,0.209
23.680000352859494,0.142
23.70666701992353,0.012
23.73333368698756,0.144
23.76000035405159,0.217
23.786667021115623,0.134
23.81333368817965,0.046
23.840000355243685,0.053
23.86666702230772,0.039
23.893333689371744,0.122
23.92000035643577,-0.03
23.946667023499806,0.018
23.97333369056384,-0.043
24.00000035762787,-0.1
24.0266670246919,-0.083
24.05333369175593,0.024
24.08000035881996,0.123
24.106667025883997,0.103
24.133333692948025,0.146
24.160000360012056,0.253
24.186667027076087,0.341
24.21333369414012,0.245
24.24000036120415,0.261
24.26666702826818,0.243
24.29333369533221,0.184
24.32000036239624,0.116
24.34666702946027,0.037
24.373333696524305,-0.031
24.400000363588333,0.039
24.426667030652364,-0.03
24.4533336977164,-0.007
24.480000364780427,0.013
24.506667031844454,0.123
24.53333369890849,0.194
24.56000036597252,0.265
24.58666703303655,0.105
24.613333700100583,0.04
24.64000036716461,-0.058
24.666667034228645,-0.025
24.693333701292676,-0.01
24.720000368356704,0.142
24.74666703542073,0.199
24.773333702484766,0.252
24.8000003695488,0.149
24.82666703661283,0.159
24.85333370367686,0.122
24.88000037074089,0.059
24.90666703780492,-0.077
24.933333704868957,-0.145
24.960000371932985,-0.063
24.986667038997016,-0.043
25.013333706061047,-0.026
25.04000037312508,0.05
25.06666704018911,0.146
25.093333707253137,0.121
25.12000037431717,0.001
25.1466670413812,-0.186
25.17333370844523,-0.208
25.200000375509266,-0.142
25.226667042573293,-0.125
25.253333709637324,-0.075
25.28000037670136,-0.076
25.306667043765387,-0.036
25.333333710829415,-0.071
25.36000037789345,-0.165
25.38666704495748,-0.17
25.41333371202151,-0.156
25.440000379085543,0.028
25.46666704614957,0.121
25.493333713213605,0.25
25.520000380277637,0.141
25.546667047341664,0.035
25.573333714405692,-0.063
25.600000381469727,-0.083
25.62666704853376,-0.092
25.65333371559779,-0.067
25.68000038266182,-0.06
25.70666704972585,0.016
25.733333716789883,0.037
25.760000383853917,0.138
25.786667050917945,0.098
25.813333717981976,0.064
25.840000385046007,0.086
25.86666705211004,0.114
25.89333371917407,0.092
25.920000386238097,0.012
25.94666705330213,-0.013
25.97333372036616,0.06
26.00000038743019,0.044
26.026667054494222,-0.048
26.053333721558253,-0.2
26.080000388622285,-0.246
26.10666705568632,-0.228
26.133333722750347,-0.229
26.16000038981438,-0.114
26.18666705687841,-0.026
26.21333372394244,-0.055
26.240000391006472,-0.078
26.266667058070503,-0.114
26.29333372513453,-0.003
26.32000039219856,-0.095
26.346667059262597,-0.326
26.373333726326624,-0.461
26.400000393390656,-0.436
26.426667060454687,-0.327
26.45333372751872,-0.249
26.48000039458275,-0.259
26.50666706164678,-0.181
26.53333372871081,-0.208
26.560000395774843,-0.086
26.586667062838877,-0.102
26.613333729902905,-0.068
26.640000396966936,-0.057
26.666667064030968,0.005
26.693333731095,-0.044
26.720000398159023,-0.02
26.746667065223058,-0.084
26.77333373228709,-0.181
26.80000039935112,-0.164
26.82666706641515,-0.189
26.853333733479182,-0.151
26.880000400543214,-0.137
26.906667067607245,-0.115
26.93333373467128,-0.039
26.960000401735307,-0.042
26.98666706879934,-0.158
27.01333373586337,-0.225
27.0400004029274,-0.233
27.066667069991432,-0.146
27.093333737055463,-0.079
27.12000040411949,-0.091
27.14666707118352,-0.227
27.173333738247557,-0.276
27.200000405311584,-0.157
27.226667072375616,0.022
27.253333739439647,0.214
27.28000040650368,0.158
27.30666707356771,0.074
27.33333374063174,-0.087
27.36000040769577,-0.087
27.386667074759803,-0.179
27.413333741823838,-0.129
27.440000408887865,-0.128
27.466667075951896,0.004
27.493333743015928,0.018
27.520000410079955,-0.078
27.546667077143987,-0.151
27.573333744208018,-0.138
27.60000041127205,-0.117
27.62666707833608,0.044
27.65333374540011,0.175
27.680000412464143,0.24
27.706667079528174,0.209
27.733333746592205,0.007
27.76000041365624,-0.118
27.786667080720267,-0.212
27.8133337477843,-0.267
27.84000041484833,-0.27
27.86666708191236,-0.284
27.893333748976392,-0.237
27.92000041604042,-0.055
27.94666708310445,0.048
27.97333375016848,0.055
28.000000417232517,-0.058
28.026667084296545,-0.278
28.053333751360576,-0.317
28.080000418424607,-0.406
28.10666708548864,-0.302
28.13333375255267,-0.113
28.1600004196167,-0.016
28.18666708668073,-0.191
28.213333753744763,-0.263
28.240000420808794,-0.315
28.266667087872825,-0.097
28.293333754936857,-0.155
28.320000422000884,-0.15
28.34666708906492,-0.229
28.373333756128947,-0.244
28.400000423192974,-0.334
28.42666709025701,-0.521
28.45333375732104,-0.386
28.48000042438507,-0.408
28.506667091449103,-0.236
28.53333375851313,-0.198
28.560000425577165,-0.176
28.5866670926412,-0.138
28.613333759705228,-0.035
28.64000042676926,-0.04
28.66666709383329,-0.169
28.69333376089732,-0.409
28.72000042796135,-0.437
28.74666709502538,-0.433
28.77333376208941,-0.361
28.80000042915344,-0.397
28.826667096217477,-0.381
28.853333763281505,-0.254
28.880000430345536,-0.219
28.906667097409567,-0.144
28.9333337644736,-0.341
28.96000043153763,-0.435
28.98666709860166,-0.595
