time_min,absorb_mau
0.0,-0.003
0.023333333681027,0.035
0.0466666673620541,0.156
0.0700000010430812,0.23
0.0933333347241083,0.241
0.1166666684051354,0.253
0.1400000020861625,0.062
0.1633333357671896,0.042
0.1866666694482167,0.018
0.2100000031292438,0.085
0.2333333368102709,0.19
0.256666670491298,0.189
0.2800000041723251,0.248
0.3033333378533522,0.219
0.3266666715343793,0.282
0.3500000052154064,0.287
0.3733333388964335,0.313
0.3966666725774606,0.341
0.4200000062584877,0.309
0.4433333399395148,0.249
0.4666666736205419,0.124
0.490000007301569,-0.001
0.5133333409825961,0.041
0.5366666746636232,0.03
0.5600000083446502,-0.042
0.5833333420256774,0.0
0.6066666757067045,0.098
0.6300000093877316,0.195
0.6533333430687587,0.347
0.6766666767497858,0.524
0.7000000104308128,0.855
0.7233333441118399,1.476
0.746666677792867,2.514
0.7700000114738942,4.126
0.7933333451549213,6.66
0.8166666788359483,10.408
0.8400000125169754,15.166
0.8633333461980025,21.258
0.8866666798790296,28.395
0.9100000135600568,37.066
0.933333347241084,46.813
0.9566666809221108,57.287
0.980000014603138,67.427
1.003333348284165,77.697
1.0266666819651922,87.081
1.0500000156462193,95.91
1.0733333493272463,103.975
1.0966666830082734,110.858
1.1200000166893005,116.894
1.1433333503703276,122.19
1.1666666840513549,126.82
1.190000017732382,131.073
1.213333351413409,134.875
1.236666685094436,138.253
1.2600000187754632,141.047
1.2833333524564905,143.435
1.3066666861375174,145.52
1.3300000198185444,147.443
1.3533333534995715,148.986
1.3766666871805986,150.222
1.4000000208616257,150.904
1.4233333545426528,151.239
1.4466666882236798,151.344
1.470000021904707,151.269
1.493333355585734,150.836
1.5166666892667613,149.944
1.5400000229477884,148.629
1.5633333566288157,146.994
1.5866666903098423,145.064
1.6100000239908696,142.849
1.6333333576718967,140.255
1.6566666913529238,137.503
1.6800000250339509,134.688
1.703333358714978,131.924
1.726666692396005,129.285
1.750000026077032,126.33
1.7733333597580592,123.42
1.7966666934390862,120.471
1.820000027120113,117.624
1.8433333608011409,114.623
1.866666694482168,111.799
1.8900000281631948,108.91
1.9133333618442216,106.069
1.936666695525249,103.226
1.960000029206276,100.384
1.983333362887303,97.556
2.00666669656833,94.775
2.030000030249357,92.107
2.0533333639303843,89.527
2.076666697611412,86.987
2.1000000312924385,84.514
2.123333364973466,82.038
2.1466666986544927,79.516
2.17000003233552,77.009
2.193333366016547,74.433
2.216666699697574,71.832
2.240000033378601,69.291
2.2633333670596283,67.023
2.286666700740655,64.894
2.3100000344216824,62.848
2.3333333681027097,60.799
2.3566667017837366,58.856
2.380000035464764,56.888
2.4033333691457908,55.081
2.426666702826818,53.305
2.450000036507845,51.569
2.473333370188872,50.03
2.496666703869899,48.471
2.5200000375509264,47.083
2.543333371231953,45.736
2.5666667049129805,44.353
2.5900000385940074,43.103
2.6133333722750347,41.85
2.6366667059560616,40.609
2.660000039637089,39.555
2.683333373318116,38.348
2.706666706999143,37.425
2.7300000406801703,36.39
2.753333374361197,35.282
2.7766667080422245,34.254
2.800000041723252,33.095
2.823333375404278,32.134
2.846666709085305,31.263
2.870000042766333,30.362
2.89333337644736,29.507
2.916666710128387,28.653
2.940000043809414,27.73
2.963333377490441,26.817
2.986666711171468,25.933
3.0100000448524957,25.22
3.0333333785335226,24.599
3.056666712214549,24.136
3.0800000458955767,23.612
3.103333379576604,22.935
3.126666713257631,22.205
3.1500000469386578,21.643
3.173333380619685,21.064
3.196666714300712,20.581
3.220000047981739,20.149
3.243333381662766,19.66
3.2666667153437934,19.309
3.29000004902482,18.972
3.3133333827058475,18.553
3.336666716386875,17.982
3.3600000500679017,17.51
3.383333383748929,17.004
3.406666717429956,16.655
3.430000051110983,16.306
3.45333338479201,15.976
3.4766667184730373,15.582
3.500000052154064,15.289
3.5233333858350915,14.919
3.5466667195161183,14.643
3.5700000531971456,14.463
3.5933333868781725,14.109
3.6166667205592,13.763
3.640000054240226,13.403
3.663333387921254,12.927
3.686666721602281,12.584
3.710000055283308,12.285
3.733333388964336,11.987
3.7566667226453614,11.813
3.7800000563263896,11.64
3.803333390007416,11.531
3.826666723688444,11.515
3.850000057369471,11.361
3.873333391050498,11.171
3.8966667247315248,10.952
3.920000058412552,10.672
3.943333392093579,10.459
3.966666725774606,10.29
3.990000059455633,10.087
4.01333339313666,9.879
4.036666726817687,9.648
4.060000060498715,9.341
4.083333394179742,9.156
4.106666727860769,8.975
4.130000061541796,8.782
4.153333395222823,8.637
4.17666672890385,8.455
4.200000062584877,8.287
4.223333396265904,8.209
4.246666729946932,8.087
4.270000063627959,7.983
4.293333397308985,7.959
4.316666730990012,7.906
4.34000006467104,7.851
4.363333398352067,7.7
4.386666732033094,7.648
4.410000065714121,7.568
4.433333399395148,7.524
4.456666733076175,7.459
4.480000066757202,7.318
4.50333340043823,7.22
4.526666734119257,7.143
4.550000067800283,7.067
4.57333340148131,7.068
4.596666735162338,7.021
4.620000068843365,6.935
4.643333402524392,6.809
4.66666673620542,6.7
4.690000069886446,6.516
4.713333403567473,6.417
4.7366667372485,6.303
4.760000070929528,6.174
4.783333404610555,6.191
4.8066667382915815,6.124
4.830000071972608,6.068
4.853333405653636,6.018
4.876666739334663,5.876
4.90000007301569,5.913
4.923333406696717,5.859
4.9466667403777445,5.873
4.970000074058771,5.885
4.993333407739798,5.905
5.016666741420826,5.956
5.040000075101853,5.845
5.06333340878288,5.696
5.0866667424639065,5.655
5.110000076144934,5.61
5.133333409825961,5.595
5.156666743506988,5.579
5.180000077188015,5.441
5.2033334108690426,5.354
5.226666744550069,5.346
5.250000078231096,5.295
5.273333411912123,5.274
5.296666745593151,5.201
5.320000079274178,5.147
5.343333412955205,5.134
5.366666746636232,5.038
5.390000080317259,4.983
5.413333413998286,4.898
5.436666747679313,4.881
5.460000081360341,4.867
5.483333415041368,4.841
5.506666748722394,4.885
5.530000082403421,4.857
5.553333416084449,4.875
5.576666749765476,4.836
5.600000083446503,4.713
5.6233334171275295,4.641
5.646666750808557,4.582
5.670000084489584,4.555
5.693333418170611,4.577
5.716666751851639,4.569
5.740000085532666,4.577
5.7633334192136925,4.694
5.786666752894719,4.664
5.810000086575747,4.589
5.833333420256774,4.449
5.856666753937801,4.317
5.880000087618828,4.241
5.903333421299855,4.196
5.926666754980882,4.22
5.950000088661909,4.129
5.973333422342936,4.107
5.996666756023964,4.039
6.020000089704991,3.95
6.043333423386017,3.932
6.066666757067045,3.935
6.090000090748072,3.993
6.113333424429099,4.094
6.136666758110126,4.059
6.1600000917911535,4.075
6.18333342547218,3.996
6.206666759153207,3.999
6.230000092834234,4.005
6.253333426515262,4.015
6.276666760196289,4.04
6.300000093877316,4.046
6.323333427558342,4.022
6.34666676123937,4.002
6.370000094920397,4.033
6.393333428601424,4.022
6.416666762282452,4.001
6.440000095963478,4.0
6.463333429644505,3.979
6.486666763325532,3.994
6.51000009700656,4.003
6.533333430687587,3.949
6.556666764368614,3.86
6.5800000980496405,3.855
6.603333431730668,3.783
6.626666765411695,3.837
6.650000099092722,3.881
6.67333343277375,3.841
6.6966667664547765,3.844
6.720000100135803,3.803
6.74333343381683,3.795
6.766666767497858,3.833
6.790000101178885,3.831
6.813333434859912,3.823
6.836666768540939,3.833
6.860000102221966,3.813
6.883333435902993,3.9
6.90666676958402,4.023
6.930000103265047,4.002
6.953333436946075,3.89
6.9766667706271015,3.782
7.000000104308128,3.692
7.023333437989156,3.645
7.046666771670183,3.645
7.07000010535121,3.571
7.093333439032237,3.482
7.116666772713264,3.377
7.140000106394291,3.306
7.163333440075318,3.279
7.186666773756345,3.274
7.210000107437373,3.303
7.2333334411184,3.331
7.256666774799426,3.296
7.280000108480453,3.26
7.303333442161481,3.259
7.326666775842508,3.217
7.350000109523535,3.217
7.373333443204562,3.237
7.396666776885589,3.173
7.420000110566616,3.173
7.443333444247643,3.135
7.466666777928671,3.091
7.490000111609698,3.114
7.513333445290723,3.167
7.536666778971751,3.174
7.560000112652779,3.078
7.583333446333806,3.008
7.606666780014833,2.925
7.63000011369586,2.867
7.653333447376887,2.925
7.676666781057914,2.938
7.700000114738941,2.927
7.723333448419969,2.951
7.746666782100996,2.912
7.770000115782023,2.963
7.7933334494630495,2.969
7.816666783144077,2.954
7.840000116825104,2.946
7.863333450506131,2.892
7.886666784187158,2.936
7.910000117868186,2.894
7.933333451549212,2.952
7.956666785230239,2.946
7.980000118911266,2.865
8.003333452592294,2.878
8.02666678627332,2.808
8.050000119954348,2.798
8.073333453635374,2.811
8.096666787316401,2.802
8.12000012099743,2.83
8.143333454678457,2.8
8.166666788359484,2.844
8.19000012204051,2.773
8.213333455721537,2.746
8.236666789402564,2.751
8.260000123083591,2.671
8.283333456764618,2.63
8.306666790445647,2.619
8.330000124126673,2.61
8.3533334578077,2.594
8.376666791488727,2.592
8.400000125169754,2.565
8.42333345885078,2.564
8.446666792531808,2.603
8.470000126212836,2.628
8.493333459893863,2.616
8.51666679357489,2.609
8.540000127255917,2.61
8.563333460936944,2.582
8.58666679461797,2.624
8.610000128298998,2.667
8.633333461980024,2.705
8.656666795661053,2.714
8.68000012934208,2.64
8.703333463023107,2.584
8.726666796704134,2.603
8.75000013038516,2.604
8.773333464066187,2.615
8.796666797747214,2.572
8.820000131428243,2.549
8.84333346510927,2.525
8.866666798790297,2.468
8.890000132471323,2.46
8.91333346615235,2.396
8.936666799833377,2.354
8.960000133514404,2.321
8.98333346719543,2.234
9.00666680087646,2.244
9.030000134557486,2.2
9.053333468238511,2.12
9.07666680191954,2.059
9.100000135600569,2.01
9.123333469281594,2.015
9.14666680296262,2.072
9.17000013664365,2.092
9.193333470324676,2.129
9.216666804005705,2.101
9.24000013768673,2.086
9.263333471367757,2.129
9.286666805048784,2.174
9.31000013872981,2.143
9.33333347241084,2.081
9.356666806091866,1.976
9.380000139772893,1.888
9.40333347345392,1.86
9.426666807134946,1.825
9.450000140815972,1.863
9.473333474497,1.893
9.496666808178029,1.904
9.520000141859056,1.908
9.543333475540082,1.841
9.56666680922111,1.863
9.590000142902136,1.869
9.613333476583165,1.896
9.63666681026419,1.861
9.660000143945217,1.823
9.683333477626244,1.792
9.706666811307272,1.684
9.7300001449883,1.635
9.753333478669326,1.59
9.776666812350353,1.537
9.80000014603138,1.595
9.823333479712408,1.542
9.846666813393432,1.545
9.870000147074462,1.533
9.893333480755487,1.492
9.916666814436516,1.467
9.940000148117544,1.505
9.96333348179857,1.496
9.986666815479596,1.491
10.010000149160623,1.482
10.033333482841652,1.445
10.05666681652268,1.49
10.080000150203706,1.453
10.103333483884732,1.465
10.12666681756576,1.426
10.150000151246786,1.4
10.173333484927811,1.424
10.19666681860884,1.368
10.220000152289868,1.386
10.243333485970895,1.444
10.266666819651922,1.485
10.290000153332947,1.464
10.313333487013976,1.398
10.336666820695005,1.299
10.36000015437603,1.262
10.383333488057058,1.26
10.406666821738083,1.22
10.430000155419112,1.164
10.45333348910014,1.139
10.476666822781166,1.148
10.500000156462193,1.158
10.52333349014322,1.193
10.546666823824246,1.119
10.570000157505277,1.118
10.593333491186302,1.176
10.616666824867329,1.154
10.640000158548355,1.178
10.663333492229382,1.154
10.68666682591041,1.131
10.710000159591436,1.093
10.733333493272465,1.116
10.756666826953492,1.053
10.780000160634518,0.979
10.803333494315543,0.982
10.826666827996572,0.991
10.8500001616776,1.019
10.873333495358626,1.036
10.896666829039653,0.995
10.92000016272068,0.989
10.943333496401708,0.971
10.966666830082737,0.917
10.990000163763762,0.951
11.013333497444789,0.911
11.036666831125816,0.949
11.060000164806842,0.893
11.083333498487873,0.918
11.106666832168898,0.946
11.130000165849925,0.98
11.153333499530952,1.018
11.17666683321198,0.946
11.200000166893004,0.862
11.223333500574032,0.806
11.24666683425506,0.786
11.270000167936088,0.793
11.293333501617116,0.776
11.31666683529814,0.738
11.340000168979168,0.805
11.363333502660195,0.782
11.386666836341222,0.785
11.410000170022249,0.762
11.433333503703278,0.772
11.456666837384304,0.822
11.480000171065331,0.851
11.503333504746358,0.877
11.526666838427383,0.879
11.550000172108412,0.893
11.57333350578944,0.875
11.596666839470466,0.839
11.620000173151494,0.851
11.64333350683252,0.925
11.666666840513548,0.93
11.690000174194576,0.876
11.713333507875602,0.759
11.736666841556628,0.649
11.760000175237655,0.576
11.783333508918684,0.582
11.80666684259971,0.547
11.830000176280738,0.592
11.853333509961764,0.581
11.876666843642791,0.551
11.900000177323818,0.565
11.923333511004843,0.605
11.946666844685872,0.628
11.9700001783669,0.699
11.993333512047927,0.701
12.016666845728954,0.708
12.04000017940998,0.795
12.063333513091008,0.735
12.086666846772037,0.733
12.110000180453062,0.693
12.13333351413409,0.63
12.156666847815115,0.624
12.180000181496144,0.634
12.203333515177173,0.583
12.226666848858198,0.647
12.250000182539225,0.654
12.273333516220251,0.674
12.296666849901278,0.701
12.320000183582309,0.691
12.343333517263334,0.661
12.36666685094436,0.668
12.390000184625388,0.615
12.413333518306414,0.57
12.43666685198744,0.581
12.460000185668468,0.613
12.483333519349497,0.588
12.506666853030524,0.563
12.53000018671155,0.565
12.553333520392576,0.544
12.576666854073604,0.563
12.600000187754633,0.474
12.623333521435658,0.442
12.646666855116685,0.482
12.670000188797712,0.51
12.69333352247874,0.588
12.716666856159769,0.573
12.740000189840794,0.606
12.76333352352182,0.696
12.786666857202848,0.737
12.810000190883876,0.734
12.833333524564903,0.703
12.85666685824593,0.731
12.880000191926957,0.716
12.903333525607984,0.693
12.92666685928901,0.641
12.950000192970036,0.514
12.973333526651064,0.525
12.996666860332091,0.494
13.02000019401312,0.477
13.043333527694148,0.56
13.066666861375174,0.55
13.0900001950562,0.534
13.113333528737227,0.57
13.136666862418254,0.54
13.16000019609928,0.528
13.18333352978031,0.56
13.206666863461336,0.46
13.230000197142363,0.453
13.25333353082339,0.415
13.276666864504415,0.434
13.300000198185444,0.458
13.32333353186647,0.499
13.3466668655475,0.575
13.370000199228526,0.529
13.393333532909551,0.65
13.41666686659058,0.724
13.440000200271609,0.754
13.463333533952634,0.781
13.48666686763366,0.722
13.510000201314687,0.66
13.533333534995716,0.632
13.556666868676745,0.583
13.58000020235777,0.509
13.603333536038797,0.52
13.626666869719823,0.425
13.65000020340085,0.418
13.673333537081875,0.427
13.696666870762906,0.396
13.720000204443933,0.427
13.74333353812496,0.427
13.766666871805986,0.463
13.790000205487011,0.495
13.81333353916804,0.474
13.836666872849069,0.448
13.860000206530094,0.358
13.883333540211122,0.301
13.90666687389215,0.349
13.930000207573176,0.419
13.953333541254205,0.457
13.97666687493523,0.452
14.000000208616257,0.435
14.023333542297284,0.449
14.046666875978312,0.426
14.07000020965934,0.425
14.093333543340366,0.433
14.116666877021393,0.399
14.14000021070242,0.366
14.163333544383446,0.357
14.186666878064472,0.286
14.2100002117455,0.364
14.233333545426529,0.361
14.256666879107556,0.366
14.280000212788584,0.38
14.30333354646961,0.336
14.326666880150636,0.25
14.350000213831663,0.255
14.37333354751269,0.228
14.39666688119372,0.32
14.420000214874744,0.361
14.443333548555772,0.347
14.4666668822368,0.385
14.490000215917826,0.279
14.513333549598851,0.301
14.53666688327988,0.276
14.560000216960908,0.225
14.583333550641935,0.318
14.606666884322962,0.23
14.630000218003987,0.229
14.653333551685016,0.213
14.676666885366044,0.2
14.70000021904707,0.229
14.723333552728096,0.213
14.746666886409123,0.152
14.770000220090152,0.118
14.79333355377118,0.091
14.816666887452206,0.078
14.840000221133232,0.097
14.86333355481426,0.14
14.886666888495286,0.119
14.910000222176311,0.155
14.933333555857342,0.186
14.956666889538369,0.104
14.980000223219395,0.097
15.003333556900422,0.031
15.026666890581447,0.022
15.050000224262476,-0.016
15.073333557943505,-0.051
15.096666891624531,-0.052
15.120000225305558,-0.061
15.143333558986583,-0.019
15.166666892667612,0.039
15.19000022634864,0.048
15.213333560029666,0.135
15.236666893710693,0.146
15.26000022739172,0.083
15.283333561072748,0.058
15.306666894753777,0.036
15.330000228434802,0.031
15.353333562115829,0.061
15.376666895796856,0.087
15.400000229477882,0.114
15.42333356315891,0.168
15.446666896839938,0.19
15.470000230520965,0.224
15.493333564201992,0.208
15.516666897883018,0.135
15.540000231564044,0.05
15.563333565245072,0.019
15.5866668989261,0.0
15.610000232607126,0.056
15.633333566288156,0.092
15.65666689996918,0.168
15.680000233650208,0.219
15.703333567331237,0.166
15.726666901012262,0.148
15.750000234693289,0.117
15.773333568374316,0.128
15.796666902055344,0.188
15.820000235736371,0.176
15.843333569417398,0.132
15.866666903098425,0.048
15.890000236779452,0.021
15.91333357046048,0.01
15.936666904141504,0.034
15.960000237822532,0.143
15.98333357150356,0.185
16.006666905184588,0.257
16.030000238865615,0.292
16.05333357254664,0.268
16.07666690622767,0.272
16.100000239908695,0.195
16.123333573589722,0.187
16.14666690727075,0.144
16.170000240951776,0.101
16.193333574632803,0.099
16.21666690831383,0.092
16.24000024199486,0.114
16.263333575675887,0.173
16.286666909356914,0.103
16.31000024303794,0.017
16.333333576718967,0.006
16.356666910399994,-0.042
16.38000024408102,0.024
16.403333577762048,0.036
16.426666911443075,0.068
16.4500002451241,0.084
16.47333357880513,0.14
16.496666912486155,0.172
16.520000246167182,0.107
16.54333357984821,0.074
16.566666913529236,0.003
16.590000247210266,-0.035
16.613333580891293,-0.042
16.63666691457232,-0.04
16.660000248253347,0.013
16.683333581934374,0.059
16.7066669156154,0.068
16.730000249296427,0.097
16.753333582977454,0.047
16.77666691665848,0.045
16.800000250339508,0.133
16.823333584020535,0.125
16.84666691770156,0.149
16.87000025138259,0.084
16.893333585063615,0.05
16.916666918744642,0.026
16.940000252425673,0.008
16.9633335861067,-0.036
16.986666919787726,0.013
17.010000253468753,0.052
17.03333358714978,0.118
17.056666920830807,0.157
17.080000254511834,0.069
17.10333358819286,0.075
17.126666921873888,0.097
17.150000255554914,0.151
17.17333358923594,0.132
17.196666922916968,0.033
17.220000256597995,-0.051
17.243333590279022,-0.06
17.26666692396005,-0.06
17.29000025764108,-0.05
17.313333591322106,-0.151
17.336666925003133,-0.176
17.36000025868416,-0.157
17.383333592365187,-0.094
17.406666926046213,-0.035
17.43000025972724,0.015
17.453333593408267,-0.04
17.476666927089294,-0.076
17.50000026077032,-0.074
17.523333594451348,-0.051
17.546666928132375,-0.073
17.5700002618134,0.003
17.59333359549443,0.0
17.616666929175455,-0.016
17.640000262856486,-0.053
17.663333596537512,-0.151
17.68666693021854,-0.234
17.710000263899566,-0.253
17.733333597580593,-0.197
17.75666693126162,-0.102
17.780000264942647,-0.007
17.803333598623674,-0.014
17.8266669323047,-0.052
17.850000265985727,-0.105
17.873333599666754,-0.161
17.89666693334778,-0.195
17.920000267028808,-0.208
17.943333600709835,-0.196
17.96666693439086,-0.126
17.990000268071892,-0.053
18.01333360175292,-0.051
18.036666935433946,-0.038
18.060000269114973,-0.068
18.083333602796,-0.101
18.106666936477023,-0.132
18.130000270158053,-0.121
18.15333360383908,-0.164
18.176666937520107,-0.134
18.200000271201134,-0.074
18.22333360488216,-0.036
18.246666938563187,0.017
18.27000027224421,0.048
18.29333360592524,-0.006
18.31666693960627,0.022
18.3400002732873,-0.001
18.363333606968325,-0.039
18.386666940649352,-0.197
18.41000027433038,-0.332
18.43333360801141,-0.389
18.456666941692436,-0.393
18.48000027537346,-0.286
18.503333609054486,-0.284
18.526666942735517,-0.312
18.55000027641654,-0.246
18.573333610097567,-0.247
18.596666943778597,-0.192
18.62000027745962,-0.155
18.643333611140648,-0.193
18.66666694482168,-0.18
18.690000278502705,-0.245
18.71333361218373,-0.251
18.73666694586476,-0.26
18.760000279545785,-0.271
18.78333361322681,-0.268
18.80666694690784,-0.273
18.830000280588862,-0.264
18.853333614269893,-0.226
18.87666694795092,-0.278
18.900000281631947,-0.311
18.923333615312973,-0.411
18.946666948994,-0.429
18.970000282675027,-0.39
18.99333361635605,-0.362
19.016666950037084,-0.293
19.04000028371811,-0.326
19.063333617399135,-0.402
19.086666951080165,-0.426
19.110000284761192,-0.41
19.13333361844222,-0.319
19.15666695212325,-0.278
19.180000285804272,-0.281
19.2033336194853,-0.264
19.22666695316633,-0.264
19.250000286847357,-0.339
19.27333362052838,-0.385
19.296666954209407,-0.406
19.320000287890437,-0.369
19.34333362157146,-0.283
19.36666695525249,-0.202
19.39000028893352,-0.188
19.413333622614545,-0.184
19.43666695629557,-0.229
19.4600002899766,-0.342
19.483333623657625,-0.367
19.50666695733865,-0.373
19.53000029101968,-0.397
19.553333624700706,-0.346
19.576666958381733,-0.401
19.60000029206276,-0.431
19.623333625743783,-0.465
19.646666959424813,-0.463
19.67000029310584,-0.459
19.693333626786867,-0.43
19.716666960467897,-0.404
19.740000294148924,-0.438
19.76333362782995,-0.451
19.786666961510974,-0.441
19.810000295192005,-0.443
19.83333362887303,-0.425
19.85666696255406,-0.438
19.880000296235085,-0.418
19.903333629916112,-0.384
19.92666696359714,-0.36
19.95000029727817,-0.319
19.973333630959196,-0.398
19.99666696464022,-0.401
20.020000298321246,-0.394
20.043333632002277,-0.393
20.066666965683304,-0.331
20.09000029936433,-0.325
20.11333363304536,-0.334
20.136666966726384,-0.334
20.16000030040741,-0.334
20.18333363408844,-0.319
20.206666967769465,-0.369
20.23000030145049,-0.393
20.25333363513152,-0.433
20.276666968812545,-0.409
20.30000030249357,-0.386
20.3233336361746,-0.353
20.346666969855622,-0.372
20.370000303536653,-0.299
20.39333363721768,-0.357
20.41666697089871,-0.353
20.440000304579737,-0.301
20.463333638260764,-0.318
20.48666697194179,-0.267
20.510000305622818,-0.334
20.533333639303844,-0.34
20.55666697298487,-0.394
20.580000306665895,-0.41
20.603333640346925,-0.446
20.626666974027952,-0.428
20.65000030770898,-0.484
20.67333364139001,-0.5
20.696666975071032,-0.458
20.72000030875206,-0.425
20.74333364243309,-0.439
20.76666697611412,-0.418
20.790000309795143,-0.513
20.81333364347617,-0.51
20.8366669771572,-0.493
20.860000310838224,-0.528
20.88333364451925,-0.47
20.90666697820028,-0.524
20.930000311881304,-0.526
20.95333364556233,-0.491
20.97666697924336,-0.491
21.000000312924385,-0.51
21.02333364660541,-0.503
21.04666698028644,-0.55
21.070000313967466,-0.54
21.093333647648493,-0.569
21.116666981329523,-0.554
21.14000031501055,-0.587
21.163333648691577,-0.576
21.186666982372603,-0.537
21.21000031605363,-0.551
21.233333649734657,-0.579
21.256666983415684,-0.575
21.28000031709671,-0.554
21.303333650777738,-0.569
21.326666984458765,-0.495
21.35000031813979,-0.466
21.37333365182082,-0.493
21.396666985501845,-0.462
21.420000319182872,-0.514
21.4433336528639,-0.55
21.46666698654493,-0.501
21.49000032022596,-0.516
21.513333653906983,-0.538
21.53666698758801,-0.516
21.56000032126904,-0.547
21.583333654950064,-0.491
21.60666698863109,-0.362
21.63000032231212,-0.299
21.653333655993144,-0.236
21.67666698967417,-0.294
21.7000003233552,-0.373
21.723333657036225,-0.448
21.74666699071725,-0.457
21.77000032439828,-0.435
21.793333658079305,-0.463
21.816666991760336,-0.483
21.840000325441363,-0.498
21.86333365912239,-0.477
21.886666992803416,-0.445
21.910000326484443,-0.404
21.93333366016547,-0.424
21.956666993846497,-0.437
21.980000327527524,-0.455
22.00333366120855,-0.454
22.026666994889577,-0.455
22.050000328570604,-0.416
22.07333366225163,-0.433
22.096666995932654,-0.444
22.120000329613685,-0.47
22.14333366329471,-0.502
22.166666996975746,-0.537
22.19000033065677,-0.599
22.2133336643378,-0.655
22.236666998018823,-0.718
22.26000033169985,-0.657
22.28333366538088,-0.598
22.306666999061903,-0.507
22.33000033274293,-0.5
22.35333366642396,-0.551
22.376667000104984,-0.553
22.40000033378601,-0.584
22.42333366746704,-0.546
22.446667001148064,-0.491
22.47000033482909,-0.479
22.49333366851012,-0.472
22.51666700219115,-0.521
22.540000335872172,-0.546
22.5633336695532,-0.538
22.58666700323423,-0.504
22.610000336915256,-0.451
22.633333670596283,-0.443
22.65666700427731,-0.449
22.680000337958337,-0.429
22.703333671639363,-0.509
22.72666700532039,-0.55
22.750000339001417,-0.603
22.773333672682444,-0.673
22.79666700636347,-0.641
22.820000340044498,-0.63
22.843333673725525,-0.559
22.866667007406555,-0.553
22.890000341087585,-0.542
22.91333367476861,-0.545
22.93666700844964,-0.525
22.960000342130662,-0.504
22.98333367581169,-0.539
23.00666700949272,-0.572
23.030000343173743,-0.523
23.05333367685477,-0.542
23.0766670105358,-0.478
23.100000344216824,-0.418
23.12333367789785,-0.477
23.14666701157888,-0.577
23.170000345259904,-0.628
23.19333367894093,-0.667
23.21666701262196,-0.644
23.24000034630299,-0.545
23.26333367998401,-0.481
23.28666701366504,-0.503
23.31000034734607,-0.471
23.333333681027096,-0.55
23.356667014708123,-0.55
23.38000034838915,-0.501
23.403333682070176,-0.505
23.426667015751203,-0.447
23.45000034943223,-0.425
23.473333683113257,-0.464
23.496667016794284,-0.483
23.52000035047531,-0.472
23.543333684156337,-0.435
23.566667017837368,-0.39
23.590000351518395,-0.385
23.61333368519942,-0.453
23.63666701888045,-0.489
23.660000352561475,-0.525
23.683333686242506,-0.542
23.70666701992353,-0.527
23.73000035360456,-0.568
23.753333687285583,-0.555
23.77666702096661,-0.585
23.80000035464764,-0.613
23.823333688328663,-0.629
23.84666702200969,-0.593
23.87000035569072,-0.527
23.893333689371744,-0.477
23.91666702305277,-0.416
23.9400003567338,-0.498
23.963333690414828,-0.477
23.98666702409585,-0.518
24.01000035777688,-0.557
24.03333369145791,-0.52
24.056667025138932,-0.508
24.08000035881996,-0.496
24.10333369250099,-0.486
24.126667026182016,-0.533
24.150000359863043,-0.591
24.17333369354407,-0.628
24.196667027225097,-0.557
24.220000360906123,-0.522
24.24333369458715,-0.484
24.26666702826818,-0.509
24.290000361949208,-0.602
24.313333695630234,-0.604
24.33666702931126,-0.629
24.360000362992288,-0.629
24.383333696673315,-0.615
24.406667030354345,-0.637
24.43000036403537,-0.627
24.4533336977164,-0.629
24.476667031397422,-0.605
24.50000036507845,-0.662
24.52333369875948,-0.714
24.546667032440503,-0.75
24.57000036612153,-0.775
24.59333369980256,-0.756
24.616667033483587,-0.708
24.64000036716461,-0.674
24.66333370084564,-0.682
24.686667034526668,-0.659
24.71000036820769,-0.647
24.73333370188872,-0.586
24.75666703556975,-0.513
24.78000036925077,-0.476
24.8033337029318,-0.535
24.82666703661283,-0.591
24.850000370293856,-0.62
24.873333703974883,-0.645
24.89666703765591,-0.635
24.920000371336936,-0.653
24.943333705017963,-0.632
24.966667038698997,-0.65
24.99000037238002,-0.663
25.013333706061047,-0.63
25.036667039742078,-0.609
25.0600003734231,-0.561
25.083333707104128,-0.592
25.106667040785155,-0.574
25.13000037446618,-0.583
25.15333370814721,-0.54
25.176667041828235,-0.526
25.200000375509266,-0.556
25.22333370919029,-0.632
25.24666704287132,-0.652
25.270000376552343,-0.676
25.29333371023337,-0.632
25.3166670439144,-0.581
25.340000377595427,-0.589
25.363333711276454,-0.549
25.38666704495748,-0.579
25.410000378638507,-0.647
25.43333371231953,-0.68
25.45666704600056,-0.693
25.480000379681588,-0.625
25.50333371336261,-0.583
25.52666704704364,-0.553
25.55000038072467,-0.636
25.573333714405692,-0.695
25.59666704808672,-0.722
25.62000038176775,-0.714
25.64333371544878,-0.752
25.666667049129806,-0.734
25.690000382810837,-0.792
25.71333371649186,-0.732
25.736667050172887,-0.689
25.760000383853917,-0.664
25.78333371753494,-0.575
25.806667051215967,-0.573
25.830000384896994,-0.511
25.85333371857802,-0.531
25.876667052259048,-0.527
