time_min,absorb_mau
0.0,0.0
0.0200000002980232,0.013
0.0400000005960464,-0.004
0.0600000008940696,-0.012
0.0800000011920929,-0.041
0.1000000014901161,-0.071
0.1200000017881393,-0.098
0.1400000020861625,-0.152
0.1600000023841858,-0.117
0.180000002682209,-0.098
0.2000000029802322,-0.062
0.2200000032782554,-0.029
0.2400000035762786,0.002
0.2600000038743019,-0.047
0.2800000041723251,-0.066
0.3000000044703483,-0.071
0.3200000047683716,-0.087
0.3400000050663948,-0.143
0.360000005364418,-0.125
0.3800000056624412,-0.164
0.4000000059604645,-0.187
0.4200000062584877,-0.101
0.4400000065565109,0.041
0.4600000068545342,0.278
0.4800000071525573,1.055
0.5000000074505806,2.124
0.5200000077486039,3.768
0.5400000080466271,5.754
0.5600000083446502,7.904
0.5800000086426735,10.015
0.6000000089406967,11.981
0.62000000923872,13.791
0.6400000095367432,15.537
0.6600000098347664,17.237
0.6800000101327897,18.81
0.7000000104308128,20.817
0.7200000107288361,23.008
0.7400000110268593,25.556
0.7600000113248825,28.697
0.7800000116229058,32.075
0.800000011920929,35.85
0.8200000122189522,39.707
0.8400000125169754,43.795
0.8600000128149986,47.773
0.8800000131130219,51.545
0.9000000134110451,54.796
0.9200000137090684,57.608
0.9400000140070917,59.7
0.9600000143051148,61.164
0.980000014603138,62.218
1.0000000149011612,62.561
1.0200000151991844,62.459
1.0400000154972078,61.819
1.060000015795231,60.793
1.080000016093254,59.549
1.100000016391277,57.87
1.1200000166893005,56.134
1.140000016987324,54.258
1.160000017285347,52.134
1.1800000175833705,49.93
1.2000000178813934,47.843
1.2200000181794166,45.74
1.24000001847744,43.726
1.2600000187754632,41.968
1.2800000190734864,40.155
1.3000000193715096,38.344
1.3200000196695327,36.709
1.340000019967556,35.188
1.360000020265579,33.767
1.3800000205636025,32.595
1.4000000208616257,31.421
1.4200000211596489,30.302
1.4400000214576725,29.241
1.4600000217556954,28.156
1.4800000220537186,27.244
1.5000000223517418,26.347
1.520000022649765,25.665
1.5400000229477884,25.105
1.5600000232458116,24.455
1.5800000235438347,23.862
1.600000023841858,23.368
1.620000024139881,22.828
1.6400000244379045,22.308
1.6600000247359277,21.837
1.6800000250339509,21.311
1.700000025331974,20.839
1.7200000256299972,20.417
1.7400000259280206,20.048
1.7600000262260438,19.664
1.780000026524067,19.316
1.80000002682209,18.981
1.820000027120113,18.675
1.8400000274181367,18.33
1.86000002771616,17.996
1.880000028014183,17.643
1.9000000283122065,17.319
1.9200000286102292,17.084
1.9400000289082528,16.72
1.960000029206276,16.503
1.9800000295042992,16.322
2.0000000298023224,16.013
2.020000030100346,15.794
2.0400000303983687,15.497
2.060000030696392,15.18
2.0800000309944155,14.913
2.1000000312924385,14.686
2.120000031590462,14.556
2.140000031888485,14.38
2.1600000321865083,14.182
2.180000032484532,14.156
2.200000032782554,13.981
2.220000033080578,13.88
2.240000033378601,13.764
2.2600000336766244,13.474
2.280000033974648,13.392
2.3000000342726707,13.195
2.320000034570694,13.056
2.340000034868717,13.082
2.3600000351667405,13.053
2.380000035464764,12.906
2.400000035762787,12.867
2.4200000360608103,12.825
2.440000036358833,12.688
2.4600000366568566,12.635
2.48000003695488,12.398
2.500000037252903,12.233
2.5200000375509264,12.116
2.5400000378489493,11.886
2.5600000381469727,11.847
2.580000038444996,11.79
2.600000038743019,11.724
2.6200000390410425,11.754
2.640000039339065,11.795
2.660000039637089,11.692
2.6800000399351123,11.51
2.7000000402331352,11.351
2.720000040531158,11.097
2.7400000408291816,10.971
2.760000041127205,10.91
2.7800000414252284,10.85
2.800000041723252,10.865
2.8200000420212747,10.767
2.8400000423192977,10.62
2.860000042617321,10.533
2.8800000429153445,10.411
2.9000000432133675,10.294
2.920000043511391,10.275
2.940000043809414,10.181
2.960000044107437,10.111
2.9800000444054606,10.022
3.000000044703484,9.88
3.020000045001507,9.786
3.04000004529953,9.63
3.0600000455975533,9.527
3.0800000458955767,9.485
3.1000000461936,9.456
3.120000046491623,9.408
3.140000046789646,9.298
3.160000047087669,9.199
3.180000047385693,9.033
3.200000047683716,8.806
3.220000047981739,8.755
3.240000048279762,8.719
3.2600000485777856,8.672
3.280000048875809,8.731
3.300000049173832,8.734
3.320000049471856,8.598
3.3400000497698783,8.456
3.3600000500679017,8.356
3.380000050365925,8.25
3.400000050663948,8.207
3.4200000509619715,8.218
3.4400000512599944,8.123
3.460000051558018,8.081
3.480000051856041,8.111
3.500000052154064,8.11
3.520000052452088,8.095
3.5400000527501105,8.034
3.560000053048134,7.878
3.5800000533461573,7.676
3.6000000536441803,7.574
3.620000053942204,7.433
3.640000054240226,7.386
3.66000005453825,7.367
3.6800000548362735,7.3
3.700000055134296,7.196
3.72000005543232,7.114
3.740000055730343,7.087
3.760000056028366,6.967
3.7800000563263896,6.912
3.800000056624413,6.929
3.820000056922436,6.821
3.840000057220459,6.787
3.8600000575184814,6.846
3.8800000578165057,6.817
3.9000000581145287,6.898
3.920000058412552,6.898
3.940000058710575,6.88
3.9600000590085984,6.809
3.980000059306622,6.749
4.000000059604645,6.79
4.020000059902668,6.895
4.040000060200692,6.97
4.060000060498715,7.051
4.0800000607967375,7.03
4.100000061094761,6.997
4.120000061392784,6.931
4.140000061690808,6.804
4.160000061988831,6.719
4.180000062286854,6.635
4.200000062584877,6.587
4.2200000628829,6.528
4.240000063180924,6.489
4.260000063478947,6.432
4.28000006377697,6.377
4.300000064074993,6.367
4.3200000643730165,6.301
4.34000006467104,6.186
4.360000064969063,6.079
4.380000065267086,5.891
4.400000065565109,5.9
4.420000065863133,5.865
4.440000066161156,5.768
4.46000006645918,5.739
4.480000066757202,5.765
4.500000067055225,5.646
4.520000067353249,5.708
4.540000067651272,5.709
4.560000067949296,5.617
4.580000068247318,5.503
4.6000000685453415,5.422
4.620000068843365,5.353
4.640000069141388,5.309
4.660000069439412,5.244
4.680000069737434,5.241
4.700000070035458,5.255
4.720000070333481,5.263
4.740000070631504,5.221
4.760000070929528,5.136
4.78000007122755,5.006
4.800000071525574,4.858
4.820000071823597,4.906
4.8400000721216205,4.917
4.860000072419644,4.934
4.880000072717666,4.894
4.90000007301569,4.86
4.920000073313713,4.849
4.940000073611737,4.833
4.96000007390976,4.874
4.980000074207783,4.87
5.000000074505806,4.749
5.020000074803829,4.687
5.040000075101853,4.696
5.060000075399876,4.683
5.080000075697899,4.685
5.100000075995922,4.709
5.1200000762939455,4.656
5.140000076591969,4.647
5.160000076889992,4.546
5.180000077188015,4.477
5.200000077486038,4.491
5.220000077784062,4.453
5.240000078082085,4.521
5.260000078380108,4.561
5.280000078678131,4.61
5.300000078976154,4.572
5.320000079274178,4.465
5.340000079572201,4.368
5.3600000798702245,4.274
5.380000080168247,4.225
5.4000000804662704,4.314
5.420000080764294,4.424
5.440000081062317,4.44
5.460000081360341,4.45
5.480000081658363,4.465
5.500000081956387,4.474
5.52000008225441,4.523
5.540000082552433,4.512
5.560000082850457,4.369
5.580000083148479,4.289
5.600000083446503,4.263
5.620000083744526,4.208
5.6400000840425495,4.275
5.660000084340573,4.315
5.680000084638595,4.25
5.700000084936619,4.299
5.720000085234642,4.242
5.740000085532666,4.198
5.760000085830689,4.199
5.780000086128712,4.031
5.800000086426735,3.915
5.820000086724758,3.859
5.840000087022782,3.841
5.860000087320805,3.933
5.880000087618828,4.014
5.900000087916851,4.1
5.920000088214874,4.133
5.940000088512898,4.043
5.960000088810921,4.012
5.980000089108944,4.048
6.000000089406967,3.991
6.020000089704991,4.046
6.040000090003014,4.06
6.060000090301037,4.048
6.08000009059906,3.954
6.100000090897083,3.885
6.120000091195107,3.87
6.14000009149313,3.831
6.1600000917911535,3.803
6.180000092089176,3.797
6.200000092387199,3.818
6.220000092685223,3.791
6.240000092983246,3.833
6.26000009328127,3.829
6.280000093579292,3.795
6.300000093877316,3.729
6.320000094175339,3.629
6.340000094473362,3.615
6.360000094771386,3.645
6.380000095069408,3.672
6.400000095367432,3.65
6.420000095665455,3.555
6.440000095963478,3.489
6.460000096261502,3.509
6.480000096559524,3.522
6.500000096857548,3.686
6.520000097155571,3.717
6.540000097453595,3.683
6.560000097751618,3.642
6.5800000980496405,3.523
6.600000098347664,3.393
6.620000098645687,3.35
6.640000098943711,3.278
6.660000099241734,3.31
6.680000099539757,3.365
6.70000009983778,3.395
6.720000100135803,3.406
6.740000100433827,3.384
6.76000010073185,3.294
6.780000101029873,3.292
6.800000101327896,3.297
6.82000010162592,3.272
6.840000101923943,3.369
6.860000102221966,3.285
6.880000102519989,3.203
6.900000102818012,3.197
6.920000103116036,3.227
6.940000103414059,3.272
6.960000103712082,3.31
6.980000104010105,3.229
7.000000104308128,3.138
7.020000104606152,3.051
7.040000104904175,3.043
7.060000105202199,3.157
7.080000105500221,3.234
7.1000001057982445,3.333
7.120000106096268,3.373
7.140000106394291,3.319
7.160000106692315,3.326
7.180000106990337,3.16
7.200000107288361,3.097
7.220000107586384,3.03
7.240000107884407,2.877
7.260000108182431,2.906
7.280000108480453,2.938
7.300000108778477,2.957
7.3200001090765,3.086
7.3400001093745235,3.096
7.360000109672547,3.1
7.380000109970569,3.091
7.400000110268593,3.102
7.420000110566616,3.054
7.44000011086464,3.095
7.460000111162663,3.15
7.480000111460685,3.171
7.500000111758709,3.109
7.520000112056732,3.13
7.540000112354756,3.105
7.560000112652779,2.98
7.580000112950802,3.006
7.600000113248825,3.006
7.620000113546848,2.933
7.640000113844872,2.994
7.660000114142895,3.038
7.680000114440918,3.126
7.700000114738941,3.123
7.720000115036965,2.985
7.740000115334988,2.87
7.760000115633011,2.732
7.780000115931034,2.612
7.800000116229057,2.731
7.820000116527081,2.718
7.840000116825104,2.777
7.860000117123127,2.765
7.88000011742115,2.746
7.900000117719173,2.769
7.920000118017197,2.765
7.94000011831522,2.804
7.960000118613244,2.825
7.980000118911266,2.807
8.00000011920929,2.681
8.020000119507314,2.648
8.040000119805336,2.613
8.060000120103359,2.649
8.080000120401383,2.687
8.100000120699406,2.686
8.12000012099743,2.716
8.140000121295452,2.703
8.160000121593475,2.676
8.1800001218915,2.711
8.200000122189522,2.659
8.220000122487546,2.557
8.240000122785569,2.507
8.260000123083591,2.485
8.280000123381615,2.452
8.300000123679638,2.474
8.320000123977662,2.58
8.340000124275685,2.494
8.360000124573707,2.454
8.380000124871732,2.384
8.400000125169754,2.268
8.420000125467778,2.177
8.4400001257658,2.2
8.460000126063823,2.214
8.480000126361848,2.265
8.50000012665987,2.33
8.520000126957894,2.282
8.540000127255917,2.181
8.56000012755394,2.144
8.580000127851964,2.107
8.600000128149986,2.218
8.62000012844801,2.378
8.640000128746033,2.4
8.660000129044056,2.416
8.68000012934208,2.375
8.700000129640102,2.401
8.720000129938127,2.41
8.74000013023615,2.383
8.760000130534172,2.423
8.780000130832196,2.405
8.800000131130219,2.382
8.820000131428243,2.429
8.840000131726265,2.458
8.860000132024288,2.376
8.880000132322312,2.322
8.900000132620335,2.322
8.920000132918359,2.374
8.940000133216381,2.421
8.960000133514404,2.487
8.980000133812428,2.539
9.00000013411045,2.478
9.020000134408477,2.478
9.040000134706498,2.406
9.06000013500452,2.365
9.080000135302544,2.307
9.100000135600569,2.295
9.120000135898591,2.224
9.140000136196614,2.162
9.160000136494636,2.222
9.18000013679266,2.168
9.200000137090685,2.155
9.220000137388707,2.197
9.24000013768673,2.195
9.260000137984752,2.179
9.280000138282777,2.212
9.3000001385808,2.158
9.320000138878823,2.199
9.340000139176846,2.217
9.360000139474868,2.199
9.380000139772893,2.273
9.400000140070915,2.227
9.42000014036894,2.152
9.440000140666962,2.256
9.460000140964985,2.196
9.480000141263009,2.199
9.500000141561031,2.361
9.520000141859056,2.203
9.540000142157078,2.168
9.5600001424551,2.157
9.580000142753123,2.033
9.600000143051147,2.036
9.620000143349172,2.046
9.640000143647194,2.056
9.660000143945217,2.024
9.68000014424324,2.055
9.700000144541264,2.144
9.720000144839288,2.005
9.74000014513731,2.034
9.760000145435331,2.129
9.780000145733355,2.162
9.80000014603138,2.207
9.820000146329404,2.329
9.840000146627428,2.281
9.860000146925447,2.247
9.880000147223472,2.281
9.900000147521496,2.266
9.92000014781952,2.267
9.940000148117544,2.257
9.960000148415563,2.257
9.98000014871359,2.323
10.000000149011612,2.348
10.020000149309636,2.22
10.04000014960766,2.128
10.06000014990568,1.989
10.080000150203706,1.931
10.100000150501728,2.035
10.120000150799752,2.059
10.140000151097777,2.08
10.160000151395796,1.994
10.180000151693822,1.942
10.200000151991844,1.924
10.220000152289868,1.89
10.240000152587893,2.0
10.260000152885912,2.101
10.280000153183938,2.001
10.30000015348196,2.022
10.320000153779985,1.946
10.340000154078009,1.846
10.36000015437603,1.848
10.380000154674054,1.884
10.400000154972076,1.922
10.4200001552701,1.882
10.440000155568123,1.872
10.460000155866146,1.847
10.48000015616417,1.878
10.500000156462193,2.014
10.520000156760217,2.144
10.54000015705824,2.218
10.560000157356262,2.27
10.580000157654286,2.231
10.600000157952309,2.158
10.620000158250331,2.086
10.640000158548355,1.97
10.660000158846378,1.89
10.680000159144402,1.87
10.700000159442425,2.0
10.720000159740447,2.096
10.740000160038472,2.113
10.760000160336494,2.123
10.780000160634518,2.06
10.80000016093254,2.032
10.820000161230563,2.093
10.840000161528588,2.096
10.86000016182661,2.062
10.880000162124634,2.036
10.900000162422655,1.917
10.92000016272068,1.908
10.940000163018704,1.997
10.960000163316726,2.001
10.98000016361475,2.065
11.000000163912771,2.176
11.020000164210796,2.123
11.04000016450882,2.082
11.060000164806842,2.039
11.080000165104869,1.977
11.10000016540289,1.975
11.120000165700914,1.969
11.140000165998936,1.984
11.16000016629696,1.938
11.180000166594985,1.945
11.200000166893004,1.928
11.22000016719103,1.947
11.240000167489052,1.929
11.260000167787076,1.913
11.2800001680851,1.86
11.30000016838312,1.731
11.320000168681146,1.838
11.340000168979168,1.826
11.36000016927719,1.823
11.380000169575217,1.916
11.400000169873238,1.842
11.420000170171262,1.841
11.440000170469284,1.839
11.460000170767309,1.867
11.480000171065331,1.833
11.500000171363354,1.817
11.520000171661378,1.807
11.5400001719594,1.868
11.560000172257425,1.965
11.580000172555447,2.09
11.60000017285347,2.117
11.620000173151494,1.978
11.640000173449517,1.954
11.66000017374754,1.884
11.680000174045563,1.912
11.700000174343586,2.017
11.72000017464161,1.948
11.740000174939633,1.931
11.760000175237655,1.912
11.78000017553568,1.853
11.800000175833702,1.813
11.820000176131726,1.806
11.840000176429747,1.807
11.860000176727771,1.771
11.880000177025796,1.814
11.900000177323818,1.867
11.920000177621842,1.908
11.940000177919863,2.017
11.960000178217888,2.089
11.980000178515912,2.094
12.000000178813934,2.082
12.02000017911196,2.0
12.04000017940998,2.014
12.060000179708004,2.073
12.080000180006028,2.098
12.10000018030405,2.041
12.120000180602077,2.042
12.140000180900095,1.958
12.16000018119812,1.937
12.180000181496144,2.04
12.200000181794168,2.143
12.22000018209219,2.16
12.240000182390212,2.16
12.260000182688236,2.105
12.28000018298626,2.008
12.300000183284284,1.96
12.320000183582309,1.931
12.34000018388033,1.938
12.360000184178352,1.96
12.380000184476376,1.95
12.4000001847744,1.903
12.420000185072425,1.883
12.440000185370446,1.86
12.460000185668468,1.792
12.480000185966492,1.795
12.500000186264517,1.826
12.52000018656254,1.799
12.540000186860562,1.8
12.560000187158584,1.838
12.580000187456609,1.757
12.600000187754633,1.822
12.620000188052655,1.757
12.640000188350678,1.706
12.6600001886487,1.662
12.680000188946725,1.643
12.700000189244747,1.65
12.720000189542771,1.702
12.740000189840794,1.744
12.760000190138816,1.795
12.78000019043684,1.936
12.800000190734863,1.964
12.820000191032888,2.052
12.84000019133091,2.055
12.860000191628933,1.931
12.880000191926957,1.904
12.90000019222498,1.775
12.920000192523004,1.734
12.940000192821026,1.754
12.960000193119049,1.78
12.980000193417071,1.73
13.000000193715096,1.712
13.02000019401312,1.564
13.040000194311142,1.583
13.060000194609165,1.708
13.08000019490719,1.832
13.100000195205212,1.984
13.120000195503236,2.028
13.140000195801258,2.029
13.16000019609928,2.001
13.180000196397303,1.973
13.200000196695328,2.005
13.220000196993352,1.91
13.240000197291376,1.882
13.260000197589395,1.854
13.28000019788742,1.852
13.300000198185444,1.887
13.320000198483468,1.82
13.34000019878149,1.752
13.360000199079511,1.756
13.380000199377536,1.707
13.40000019967556,1.709
13.420000199973584,1.761
13.440000200271609,1.647
13.46000020056963,1.489
13.480000200867654,1.496
13.500000201165676,1.455
13.5200002014637,1.445
13.540000201761725,1.521
13.560000202059744,1.533
13.58000020235777,1.524
13.600000202655792,1.554
13.620000202953817,1.607
13.64000020325184,1.633
13.660000203549862,1.603
13.680000203847886,1.647
13.700000204145908,1.618
13.720000204443933,1.576
13.740000204741955,1.594
13.760000205039978,1.507
13.780000205338002,1.485
13.800000205636024,1.435
13.820000205934049,1.422
13.840000206232071,1.355
13.860000206530094,1.472
13.880000206828118,1.573
13.90000020712614,1.643
13.920000207424165,1.672
13.940000207722187,1.664
13.96000020802021,1.515
13.980000208318234,1.423
14.000000208616257,1.392
14.02000020891428,1.414
14.040000209212304,1.486
14.060000209510326,1.503
14.08000020980835,1.549
14.100000210106373,1.518
14.120000210404395,1.479
14.14000021070242,1.506
14.160000211000442,1.539
14.180000211298466,1.552
14.200000211596487,1.552
14.220000211894511,1.57
14.240000212192536,1.544
14.260000212490558,1.588
14.280000212788584,1.536
14.300000213086603,1.525
14.32000021338463,1.528
14.340000213682652,1.492
14.360000213980674,1.539
14.3800002142787,1.614
14.40000021457672,1.628
14.420000214874744,1.638
14.440000215172768,1.607
14.46000021547079,1.511
14.480000215768817,1.402
14.500000216066836,1.318
14.520000216364862,1.237
14.540000216662884,1.234
14.560000216960908,1.203
14.580000217258933,1.232
14.600000217556952,1.313
14.620000217854978,1.374
14.640000218153,1.464
14.660000218451025,1.501
14.680000218749049,1.459
14.70000021904707,1.363
14.720000219345094,1.33
14.740000219643116,1.349
14.76000021994114,1.392
14.780000220239163,1.417
14.800000220537186,1.486
14.82000022083521,1.511
14.840000221133232,1.517
14.860000221431257,1.581
14.88000022172928,1.612
14.900000222027302,1.52
14.920000222325326,1.489
14.940000222623349,1.443
14.960000222921373,1.364
14.980000223219395,1.29
15.000000223517418,1.36
15.020000223815442,1.309
15.040000224113465,1.283
15.060000224411487,1.369
15.080000224709512,1.413
15.100000225007534,1.533
15.120000225305558,1.563
15.14000022560358,1.635
15.160000225901603,1.653
15.180000226199628,1.621
15.20000022649765,1.633
15.220000226795674,1.551
15.240000227093695,1.536
15.26000022739172,1.494
15.280000227689744,1.473
15.300000227987766,1.488
15.32000022828579,1.451
15.340000228583811,1.573
15.360000228881836,1.57
15.38000022917986,1.575
15.400000229477882,1.55
15.420000229775908,1.52
15.44000023007393,1.481
15.460000230371952,1.451
15.480000230669976,1.405
15.500000230968,1.301
15.520000231266025,1.278
15.540000231564044,1.225
15.560000231862068,1.273
15.580000232160092,1.344
15.600000232458116,1.343
15.62000023275614,1.448
15.64000023305416,1.477
15.660000233352184,1.514
15.680000233650208,1.571
15.70000023394823,1.508
15.720000234246257,1.425
15.740000234544278,1.335
15.7600002348423,1.295
15.780000235140324,1.201
15.800000235438349,1.149
15.820000235736371,1.146
15.840000236034394,1.094
15.860000236332416,1.108
15.88000023663044,1.076
15.900000236928465,1.101
15.920000237226487,1.136
15.94000023752451,1.235
15.960000237822532,1.364
15.980000238120557,1.351
16.00000023841858,1.269
16.0200002387166,1.166
16.040000239014628,1.058
16.06000023931265,1.01
16.080000239610673,0.997
16.100000239908695,1.04
16.120000240206718,0.956
16.140000240504744,0.933
16.160000240802766,0.964
16.18000024110079,0.842
16.20000024139881,0.976
16.220000241696834,1.044
16.24000024199486,1.076
16.260000242292882,1.143
16.280000242590905,1.194
16.300000242888927,1.21
16.32000024318695,1.137
16.340000243484976,1.161
16.360000243783,1.104
16.38000024408102,1.029
16.400000244379044,1.096
16.420000244677066,1.09
16.440000244975092,1.068
16.460000245273115,1.058
16.480000245571137,1.066
16.50000024586916,1.016
16.520000246167182,1.016
16.54000024646521,1.026
16.56000024676323,1.0
16.580000247061253,0.983
16.600000247359276,0.985
16.6200002476573,1.001
16.640000247955324,0.976
16.660000248253347,1.109
16.68000024855137,1.111
16.700000248849392,1.082
16.720000249147414,1.077
16.74000024944544,0.97
16.760000249743463,0.925
16.780000250041486,0.989
16.800000250339508,1.006
16.82000025063753,1.036
16.840000250935557,0.984
16.86000025123358,0.998
16.8800002515316,0.972
16.900000251829624,0.966
16.920000252127647,0.975
16.940000252425673,0.846
16.960000252723695,0.847
16.980000253021718,0.923
17.00000025331974,1.045
17.020000253617763,1.202
17.04000025391579,1.281
17.06000025421381,1.255
17.080000254511834,1.2
17.100000254809856,1.07
17.12000025510788,1.067
17.140000255405905,1.011
17.160000255703928,0.976
17.18000025600195,1.031
17.200000256299973,0.986
17.220000256597995,0.918
17.24000025689602,1.035
17.260000257194044,1.14
17.280000257492066,1.18
17.30000025779009,1.268
17.32000025808811,1.239
17.340000258386137,1.059
17.36000025868416,1.104
17.380000258982182,1.077
17.400000259280205,0.947
17.420000259578227,0.93
17.440000259876253,0.946
17.460000260174276,0.878
17.4800002604723,1.037
17.50000026077032,1.094
17.520000261068343,1.024
17.54000026136637,1.022
17.560000261664392,0.971
17.580000261962414,0.936
17.600000262260437,1.004
17.62000026255846,1.046
17.640000262856486,1.064
17.660000263154508,1.019
17.68000026345253,1.088
17.700000263750553,1.167
17.720000264048576,1.174
17.7400002643466,1.248
17.760000264644624,1.165
17.780000264942647,1.095
17.80000026524067,1.049
17.82000026553869,1.009
17.840000265836718,1.012
17.86000026613474,1.039
17.880000266432763,1.053
17.900000266730785,1.113
17.920000267028808,1.011
17.940000267326834,0.869
17.960000267624856,0.86
17.98000026792288,0.792
18.0000002682209,0.908
18.020000268518924,1.053
18.04000026881695,1.014
18.060000269114973,1.001
18.080000269412995,0.969
18.100000269711018,0.875
18.12000027000904,0.963
18.140000270307063,1.03
18.16000027060509,0.995
18.18000027090311,0.988
18.200000271201134,0.997
18.22000027149916,0.928
18.240000271797182,0.984
18.260000272095205,1.022
18.280000272393227,0.993
18.30000027269125,0.934
18.320000272989272,0.885
18.3400002732873,0.864
18.36000027358532,0.955
18.380000273883343,0.994
18.40000027418137,0.983
18.42000027447939,1.073
18.44000027477741,1.147
18.46000027507544,1.169
18.48000027537346,1.267
18.50000027567148,1.301
18.520000275969505,1.16
18.54000027626753,1.192
18.560000276565557,1.113
18.580000276863576,1.044
18.6000002771616,1.035
18.62000027745962,0.848
18.640000277757647,0.903
18.66000027805567,0.934
18.68000027835369,0.866
18.700000278651714,0.912
18.720000278949737,0.856
18.740000279247763,0.794
18.760000279545785,0.923
18.780000279843808,1.033
18.80000028014183,1.115
18.820000280439853,1.201
18.84000028073788,1.158
18.8600002810359,1.12
18.880000281333924,1.052
18.900000281631947,1.01
18.92000028192997,1.011
18.940000282227995,0.974
18.960000282526018,0.957
18.98000028282404,0.953
19.000000283122063,0.958
19.020000283420085,0.959
19.04000028371811,0.981
19.060000284016134,1.035
19.08000028431416,1.045
19.10000028461218,1.052
19.1200002849102,1.06
19.140000285208227,1.052
19.16000028550625,1.069
19.180000285804272,0.982
19.20000028610229,0.95
19.22000028640032,0.894
19.240000286698344,0.932
19.26000028699637,0.936
19.28000028729439,0.947
19.30000028759241,0.976
19.320000287890437,0.958
19.34000028818846,0.962
19.36000028848648,1.064
19.380000288784505,1.176
19.400000289082527,1.194
19.42000028938055,1.177
19.440000289678576,1.247
19.4600002899766,1.129
19.48000029027462,1.132
19.500000290572643,1.092
19.520000290870662,1.002
19.54000029116869,0.996
19.560000291466714,0.979
19.580000291764737,1.017
19.60000029206276,1.039
19.620000292360785,1.025
19.640000292658808,0.988
19.66000029295683,0.97
19.680000293254853,0.937
19.70000029355288,0.947
19.720000293850894,0.886
19.740000294148924,0.905
19.760000294446947,0.977
19.78000029474497,1.036
19.80000029504299,1.086
19.82000029534101,1.1
19.84000029563904,1.061
19.860000295937063,0.97
19.880000296235085,0.97
19.900000296533108,1.055
19.92000029683113,1.003
19.94000029712916,1.107
19.96000029742718,1.163
19.9800002977252,1.145
20.000000298023224,1.169
20.020000298321246,1.123
20.040000298619272,1.105
20.06000029891729,1.132
20.08000029921532,1.167
20.10000029951334,1.253
20.120000299811363,1.24
20.14000030010939,1.117
20.16000030040741,1.108
20.180000300705437,1.104
20.200000301003456,1.11
20.22000030130148,1.18
20.240000301599505,1.111
20.260000301897527,1.08
20.28000030219555,1.117
20.30000030249357,1.106
20.320000302791595,1.126
20.34000030308962,1.084
20.360000303387643,0.989
20.380000303685662,0.933
20.40000030398369,0.904
20.42000030428171,0.897
20.440000304579737,0.888
20.46000030487776,0.882
20.480000305175786,0.981
20.500000305473804,1.08
20.520000305771827,1.089
20.540000306069853,1.049
20.56000030636788,0.976
20.580000306665895,0.84
20.60000030696392,0.828
20.620000307261943,0.863
20.64000030755997,0.925
20.66000030785799,0.94
20.68000030815601,1.015
20.70000030845404,1.008
20.72000030875206,0.992
20.740000309050085,1.127
20.760000309348108,1.091
20.78000030964613,1.049
20.800000309944156,1.095
20.820000310242172,1.084
20.8400003105402,1.001
20.860000310838224,1.061
20.880000311136246,1.035
20.90000031143427,0.965
20.92000031173229,1.025
20.94000031203032,1.041
20.96000031232834,1.045
20.980000312626363,1.044
21.000000312924385,1.108
21.020000313222408,1.066
21.040000313520437,1.075
21.060000313818456,1.117
21.08000031411648,0.97
21.1000003144145,0.883
21.120000314712524,0.878
21.14000031501055,0.828
21.16000031530857,0.805
21.180000315606595,0.915
21.200000315904617,0.831
21.22000031620264,0.835
21.240000316500662,0.939
21.26000031679869,0.885
21.28000031709671,0.954
21.300000317394733,1.115
21.32000031769276,1.132
21.340000317990786,1.124
21.360000318288805,1.176
21.380000318586827,1.04
21.40000031888485,0.918
21.420000319182872,0.958
21.440000319480895,0.92
21.46000031977892,0.946
21.480000320076943,0.98
21.50000032037497,0.859
21.520000320672988,0.843
21.54000032097101,0.861
21.56000032126904,0.864
21.58000032156706,0.994
21.60000032186508,0.953
21.620000322163104,0.917
21.64000032246113,0.809
21.660000322759156,0.717
21.680000323057172,0.767
21.7000003233552,0.801
21.72000032365322,0.878
21.740000323951246,0.876
21.76000032424927,0.837
21.78000032454729,0.799
21.800000324845318,0.689
21.820000325143337,0.734
21.840000325441363,0.815
21.860000325739385,0.937
21.880000326037408,1.119
21.90000032633543,1.111
21.920000326633453,1.167
21.94000032693148,1.019
21.9600003272295,0.882
21.980000327527524,0.82
22.000000327825543,0.747
22.02000032812357,0.858
22.040000328421595,0.862
22.060000328719617,0.876
22.08000032901764,0.866
22.100000329315662,0.85
22.120000329613685,0.897
22.14000032991171,0.924
22.160000330209733,0.897
22.18000033050776,0.924
22.20000033080578,0.919
22.2200003311038,0.932
22.240000331401827,0.983
22.26000033169985,0.972
22.280000331997872,0.869
22.30000033229589,0.819
22.32000033259392,0.901
22.340000332891943,0.834
22.36000033318997,0.845
22.38000033348799,0.877
22.40000033378601,0.774
22.420000334084037,0.795
22.44000033438206,0.922
22.46000033468008,0.927
22.480000334978104,0.964
22.500000335276127,0.986
22.52000033557415,0.899
22.540000335872172,0.836
22.5600003361702,0.924
22.58000033646822,0.881
22.600000336766243,0.91
22.620000337064265,0.964
22.64000033736229,0.891
22.660000337660318,0.88
