time_min,absorb_mau
0.0,-0.007
0.0166666669150193,-0.044
0.0333333338300387,-0.08
0.050000000745058,-0.178
0.0666666676600774,-0.172
0.0833333345750967,-0.205
0.1000000014901161,-0.157
0.1166666684051354,-0.142
0.1333333353201548,-0.14
0.1500000022351741,-0.105
0.1666666691501935,-0.026
0.1833333360652129,-0.056
0.2000000029802322,-0.076
0.2166666698952516,-0.009
0.2333333368102709,-0.015
0.2500000037252903,-0.061
0.2666666706403096,-0.05
0.283333337555329,-0.076
0.3000000044703483,-0.077
0.3166666713853677,-0.126
0.3333333383003871,-0.16
0.3500000052154064,-0.21
0.3666666721304258,-0.178
0.3833333390454451,-0.13
0.4000000059604645,-0.162
0.4166666728754838,-0.183
0.4333333397905032,-0.217
0.4500000067055225,-0.308
0.4666666736205419,-0.322
0.4833333405355612,-0.284
0.5000000074505806,-0.077
0.5166666743656,0.421
0.5333333412806193,1.292
0.5500000081956387,2.677
0.566666675110658,4.956
0.5833333420256774,8.269
0.6000000089406967,12.729
0.6166666758557161,18.77
0.6333333427707355,26.513
0.6500000096857548,36.894
0.6666666766007742,49.484
0.6833333435157936,66.162
0.7000000104308128,85.407
0.7166666773458322,109.61
0.7333333442608516,135.998
0.7500000111758709,166.983
0.7666666780908903,198.797
0.7833333450059097,234.428
0.800000011920929,269.513
0.8166666788359483,306.925
0.8333333457509677,344.392
0.850000012665987,381.818
0.8666666795810064,418.797
0.8833333464960258,455.639
0.9000000134110451,491.825
0.9166666803260644,525.51
0.933333347241084,556.133
0.9500000141561032,582.77
0.9666666810711224,603.141
0.983333347986142,617.103
1.0000000149011612,623.423
1.0166666818161805,622.347
1.0333333487312,613.976
1.0500000156462193,599.012
1.0666666825612383,578.635
1.083333349476258,553.669
1.100000016391277,525.455
1.1166666833062966,494.868
1.133333350221316,462.753
1.1500000171363354,429.953
1.1666666840513549,397.268
1.1833333509663742,365.876
1.2000000178813934,334.969
1.216666684796413,305.711
1.2333333517114322,277.71
1.2500000186264515,252.21
1.266666685541471,227.574
1.2833333524564905,205.696
1.3000000193715096,185.438
1.316666686286529,167.7
1.3333333532015483,151.155
1.3500000201165676,136.813
1.3666666870315871,123.644
1.3833333539466064,112.416
1.4000000208616257,102.088
1.4166666877766452,93.101
1.4333333546916645,84.709
1.4500000216066835,77.42
1.4666666885217032,70.562
1.4833333554367223,64.696
1.5000000223517418,59.336
1.5166666892667613,54.769
1.5333333561817806,50.533
1.5500000230968,46.882
1.5666666900118194,43.489
1.5833333569268386,40.445
1.600000023841858,37.625
1.6166666907568774,35.196
1.6333333576718967,33.183
1.650000024586916,31.403
1.6666666915019357,29.836
1.6833333584169548,28.287
1.700000025331974,26.982
1.7166666922469935,25.621
1.7333333591620128,24.359
1.750000026077032,23.106
1.7666666929920516,22.116
1.7833333599070709,21.176
1.80000002682209,20.285
1.8166666937371097,19.462
1.833333360652129,18.655
1.850000027567148,17.929
1.866666694482168,17.227
1.883333361397187,16.518
1.9000000283122065,15.933
1.9166666952272255,15.491
1.933333362142245,14.911
1.9500000290572643,14.295
1.966666695972284,13.803
1.983333362887303,13.331
2.0000000298023224,12.849
2.016666696717342,12.401
2.033333363632361,12.047
2.0500000305473804,11.626
2.0666666974624,11.138
2.083333364377419,10.684
2.1000000312924385,10.375
2.116666698207458,10.019
2.133333365122477,9.662
2.150000032037497,9.385
2.166666698952516,9.121
2.183333365867535,8.767
2.200000032782554,8.327
2.216666699697574,8.001
2.233333366612593,7.692
2.2500000335276127,7.376
2.266666700442632,7.119
2.283333367357652,6.967
2.3000000342726707,6.831
2.3166667011876902,6.643
2.3333333681027097,6.455
2.350000035017729,6.239
2.3666667019327483,6.094
2.383333368847768,5.905
2.400000035762787,5.777
2.4166667026778064,5.683
2.433333369592826,5.586
2.450000036507845,5.457
2.4666667034228644,5.37
2.483333370337884,5.258
2.500000037252903,5.078
2.5166667041679225,4.942
2.533333371082942,4.84
2.550000037997961,4.721
2.5666667049129805,4.586
2.583333371828,4.518
2.600000038743019,4.476
2.6166667056580386,4.367
2.633333372573058,4.251
2.650000039488077,4.174
2.6666667064030967,4.072
2.683333373318116,3.939
2.7000000402331352,3.857
2.7166667071481547,3.804
2.7333333740631742,3.741
2.7500000409781933,3.711
2.766666707893213,3.678
2.7833333748082323,3.622
2.800000041723252,3.572
2.816666708638271,3.495
2.8333333755532903,3.434
2.8500000424683094,3.421
2.866666709383329,3.412
2.8833333762983484,3.362
2.9000000432133675,3.294
2.916666710128387,3.216
2.9333333770434065,3.076
2.950000043958425,2.939
2.966666710873445,2.872
2.9833333777884645,2.867
3.000000044703484,2.84
3.016666711618503,2.836
3.0333333785335226,2.91
3.0500000454485416,2.889
3.066666712363561,2.816
3.0833333792785806,2.75
3.1000000461936,2.73
3.116666713108619,2.633
3.1333333800236387,2.533
3.1500000469386578,2.51
3.1666667138536773,2.562
3.1833333807686968,2.564
3.200000047683716,2.58
3.2166667145987358,2.605
3.233333381513755,2.583
3.250000048428774,2.533
3.2666667153437934,2.505
3.283333382258813,2.444
3.300000049173832,2.386
3.3166667160888514,2.374
3.333333383003871,2.317
3.35000004991889,2.256
3.366666716833909,2.214
3.383333383748929,2.175
3.400000050663948,2.156
3.416666717578968,2.16
3.433333384493987,2.141
3.450000051409006,2.023
3.4666667183240256,2.063
3.483333385239045,2.026
3.500000052154064,1.969
3.516666719069084,1.901
3.533333385984103,1.931
3.5500000528991222,1.825
3.5666667198141417,1.776
3.583333386729161,1.703
3.6000000536441803,1.713
3.6166667205592,1.774
3.6333333874742193,1.816
3.6500000543892384,1.872
3.666666721304258,1.888
3.683333388219277,1.892
3.700000055134296,1.851
3.716666722049316,1.716
3.733333388964336,1.573
3.7500000558793545,1.505
3.766666722794374,1.436
3.7833333897093935,1.348
3.800000056624413,1.393
3.816666723539432,1.457
3.833333390454452,1.375
3.850000057369471,1.328
3.86666672428449,1.294
3.8833333911995096,1.246
3.9000000581145287,1.249
3.916666725029548,1.34
3.933333391944568,1.347
3.9500000588595863,1.36
3.966666725774606,1.38
3.9833333926896257,1.334
4.000000059604645,1.247
4.016666726519664,1.217
4.033333393434684,1.216
4.050000060349703,1.206
4.066666727264722,1.153
4.083333394179742,1.129
4.100000061094761,1.147
4.11666672800978,1.184
4.1333333949248,1.2
4.150000061839819,1.244
4.166666728754838,1.315
4.183333395669858,1.355
4.200000062584877,1.295
4.216666729499896,1.257
4.233333396414916,1.252
4.250000063329935,1.217
4.266666730244954,1.182
4.283333397159974,1.21
4.300000064074993,1.241
4.316666730990012,1.243
4.333333397905032,1.238
4.350000064820051,1.226
4.36666673173507,1.16
4.38333339865009,1.115
4.400000065565109,1.105
4.416666732480128,1.086
4.433333399395148,1.068
4.450000066310167,1.049
4.466666733225186,1.015
4.483333400140206,0.957
4.500000067055225,0.951
4.516666733970244,0.968
4.533333400885264,1.008
4.550000067800283,1.067
4.566666734715303,1.043
4.583333401630322,0.968
4.6000000685453415,0.92
4.616666735460361,0.868
4.6333334023753805,0.769
4.6500000692904,0.736
4.66666673620542,0.786
4.683333403120439,0.776
4.700000070035458,0.767
4.716666736950478,0.834
4.733333403865497,0.88
4.750000070780516,0.831
4.766666737695536,0.878
4.783333404610555,0.885
4.800000071525574,0.826
4.816666738440594,0.783
4.833333405355613,0.841
4.850000072270632,0.787
4.866666739185652,0.724
4.883333406100671,0.727
4.90000007301569,0.697
4.91666673993071,0.683
4.933333406845729,0.697
4.950000073760748,0.788
4.966666740675768,0.817
4.983333407590787,0.854
5.000000074505806,0.808
5.016666741420826,0.706
5.033333408335845,0.599
5.050000075250864,0.559
5.066666742165884,0.504
5.083333409080903,0.426
5.100000075995922,0.469
5.116666742910942,0.52
5.133333409825961,0.476
5.15000007674098,0.53
5.166666743656,0.545
5.183333410571019,0.522
5.200000077486038,0.482
5.216666744401058,0.56
5.233333411316077,0.518
5.250000078231096,0.556
5.266666745146116,0.483
5.283333412061135,0.462
5.300000078976154,0.4
5.316666745891174,0.408
5.333333412806193,0.337
5.350000079721212,0.363
5.366666746636232,0.366
5.383333413551251,0.354
5.4000000804662704,0.315
5.41666674738129,0.329
5.433333414296309,0.305
5.4500000812113285,0.209
5.4666667481263485,0.167
5.483333415041368,0.144
5.500000081956387,0.124
5.516666748871407,0.149
5.533333415786426,0.219
5.550000082701445,0.19
5.566666749616465,0.15
5.583333416531484,0.129
5.600000083446503,0.095
5.616666750361523,0.086
5.633333417276542,0.118
5.650000084191561,0.133
5.666666751106581,0.115
5.6833334180216,0.142
5.700000084936619,0.148
5.716666751851639,0.175
5.733333418766658,0.267
5.750000085681677,0.321
5.766666752596697,0.329
5.783333419511716,0.341
5.800000086426735,0.318
5.816666753341755,0.249
5.833333420256774,0.223
5.850000087171793,0.211
5.866666754086813,0.208
5.883333421001832,0.208
5.900000087916851,0.154
5.916666754831871,0.091
5.93333342174689,0.109
5.950000088661909,0.111
5.966666755576929,0.086
5.983333422491948,0.141
6.000000089406967,0.193
6.016666756321987,0.201
6.033333423237006,0.195
6.050000090152025,0.19
6.066666757067045,0.145
6.083333423982064,0.103
6.100000090897083,0.089
6.116666757812103,0.099
6.133333424727122,0.154
6.150000091642141,0.218
6.166666758557161,0.275
6.18333342547218,0.308
6.200000092387199,0.299
6.216666759302219,0.26
6.233333426217238,0.229
6.2500000931322575,0.225
6.266666760047277,0.197
6.2833334269622965,0.171
6.300000093877316,0.206
6.316666760792336,0.24
6.3333334277073545,0.24
6.350000094622374,0.259
6.3666667615373935,0.288
6.383333428452413,0.247
6.400000095367432,0.199
6.416666762282452,0.161
6.433333429197471,0.108
6.45000009611249,0.096
6.46666676302751,0.104
6.483333429942529,0.118
6.500000096857548,0.151
6.516666763772568,0.24
6.533333430687587,0.236
6.550000097602606,0.164
6.566666764517626,0.149
6.583333431432645,0.146
6.600000098347664,0.1
6.616666765262684,0.069
6.633333432177703,0.15
6.650000099092722,0.109
6.666666766007742,0.02
6.683333432922761,0.013
6.70000009983778,0.004
6.7166667667528,0.005
6.733333433667819,0.031
6.750000100582838,0.111
6.766666767497858,0.05
6.783333434412877,0.059
6.800000101327896,0.069
6.816666768242916,0.065
6.833333435157935,0.015
6.850000102072954,0.087
6.866666768987974,0.075
6.883333435902993,-0.022
6.900000102818012,-0.005
6.916666769733032,0.074
6.933333436648051,0.064
6.95000010356307,0.017
6.96666677047809,0.059
6.983333437393109,0.032
7.000000104308128,-0.025
7.016666771223148,-0.102
7.033333438138167,-0.043
7.050000105053186,-0.081
7.066666771968206,-0.051
7.083333438883225,-0.058
7.1000001057982445,-0.066
7.116666772713264,-0.025
7.133333439628284,-0.035
7.150000106543303,-0.033
7.1666667734583225,0.047
7.1833334403733415,0.0
7.200000107288361,0.019
7.216666774203379,0.074
7.2333334411184,0.005
7.250000108033419,-0.092
7.266666774948439,-0.031
7.283333441863458,-0.051
7.300000108778477,-0.072
7.316666775693497,-0.083
7.333333442608516,-0.044
7.350000109523535,0.016
7.366666776438555,0.007
7.383333443353574,-0.049
7.400000110268593,-0.023
7.416666777183613,-0.09
7.433333444098632,-0.149
7.450000111013651,-0.156
7.466666777928671,-0.1
7.48333344484369,-0.063
7.500000111758709,0.041
7.516666778673729,0.052
7.533333445588748,0.046
7.550000112503767,0.079
7.566666779418787,0.112
7.583333446333806,0.085
7.600000113248825,0.036
7.616666780163845,0.028
7.633333447078864,-0.013
7.650000113993883,-0.039
7.666666780908903,-0.083
7.683333447823922,-0.088
7.700000114738941,-0.056
7.716666781653961,-0.063
7.73333344856898,-0.124
7.750000115483999,-0.131
7.766666782399019,-0.059
7.783333449314038,-0.01
7.800000116229057,0.013
7.816666783144077,0.063
7.833333450059096,0.107
7.850000116974115,0.09
7.866666783889135,0.03
7.883333450804154,-0.046
7.900000117719173,-0.125
7.916666784634193,-0.231
7.933333451549212,-0.286
7.950000118464231,-0.29
7.966666785379251,-0.322
7.9833334522942705,-0.254
8.00000011920929,-0.118
8.01666678612431,-0.061
8.033333453039328,-0.085
8.050000119954348,-0.056
8.066666786869368,-0.055
8.083333453784386,-0.149
8.100000120699406,-0.197
8.116666787614426,-0.167
8.133333454529444,-0.145
8.150000121444464,-0.144
8.166666788359484,-0.14
8.183333455274502,-0.101
8.200000122189522,-0.121
8.216666789104542,-0.134
8.23333345601956,-0.148
8.25000012293458,-0.188
8.2666667898496,-0.151
8.283333456764618,-0.104
8.300000123679638,-0.063
8.316666790594658,-0.036
8.333333457509676,0.009
8.350000124424696,-0.056
8.366666791339716,-0.122
8.383333458254734,-0.173
8.400000125169754,-0.151
8.416666792084774,-0.156
8.433333458999792,-0.137
8.450000125914812,-0.102
8.466666792829832,-0.074
8.48333345974485,-0.12
8.50000012665987,-0.144
8.51666679357489,-0.162
8.533333460489908,-0.227
8.550000127404928,-0.316
8.566666794319948,-0.32
8.583333461234966,-0.25
8.600000128149986,-0.205
8.616666795065006,-0.175
8.633333461980024,-0.189
8.650000128895044,-0.214
8.666666795810064,-0.285
8.683333462725082,-0.279
8.700000129640102,-0.252
8.716666796555122,-0.193
8.73333346347014,-0.321
8.75000013038516,-0.268
8.76666679730018,-0.28
8.783333464215199,-0.349
8.800000131130219,-0.315
8.816666798045238,-0.151
8.833333464960257,-0.184
8.850000131875277,-0.285
8.866666798790297,-0.258
8.883333465705315,-0.255
8.900000132620335,-0.28
8.916666799535355,-0.254
8.933333466450373,-0.175
8.950000133365393,-0.149
8.966666800280413,-0.198
8.98333346719543,-0.254
9.00000013411045,-0.224
9.01666680102547,-0.219
9.033333467940489,-0.225
9.050000134855509,-0.174
9.066666801770529,-0.086
9.083333468685549,-0.059
9.100000135600569,-0.028
9.116666802515589,0.014
9.133333469430609,-0.01
9.150000136345623,-0.091
9.166666803260645,-0.214
9.183333470175665,-0.281
9.200000137090685,-0.359
9.216666804005705,-0.362
9.233333470920725,-0.373
9.25000013783574,-0.338
9.26666680475076,-0.357
9.28333347166578,-0.358
9.3000001385808,-0.379
9.31666680549582,-0.407
9.33333347241084,-0.441
9.350000139325855,-0.401
9.366666806240875,-0.395
9.383333473155895,-0.425
9.400000140070915,-0.403
9.416666806985935,-0.324
9.433333473900955,-0.373
9.450000140815972,-0.437
9.466666807730991,-0.399
9.483333474646011,-0.387
9.500000141561031,-0.402
9.516666808476051,-0.353
9.533333475391071,-0.281
9.55000014230609,-0.3
9.56666680922111,-0.277
9.58333347613613,-0.224
9.600000143051147,-0.222
9.616666809966167,-0.19
9.633333476881187,-0.152
9.650000143796206,-0.202
9.666666810711224,-0.274
9.683333477626244,-0.263
9.700000144541264,-0.261
9.716666811456284,-0.243
9.733333478371303,-0.203
9.750000145286322,-0.189
9.766666812201342,-0.247
9.783333479116362,-0.262
9.80000014603138,-0.303
9.8166668129464,-0.302
9.83333347986142,-0.244
9.850000146776438,-0.175
9.866666813691458,-0.127
9.883333480606478,-0.089
9.900000147521496,-0.035
9.916666814436516,-0.004
9.933333481351536,0.045
9.950000148266554,0.045
9.966666815181574,0.005
9.983333482096594,-0.086
10.000000149011612,-0.141
10.016666815926632,-0.162
10.033333482841652,-0.169
10.05000014975667,-0.139
10.06666681667169,-0.047
10.08333348358671,-0.007
10.100000150501728,-0.03
10.116666817416748,-0.119
10.133333484331768,-0.132
10.150000151246786,-0.148
10.166666818161806,-0.167
10.183333485076826,-0.165
10.200000151991844,-0.008
10.216666818906864,-0.004
10.233333485821884,0.0
10.250000152736902,0.046
10.266666819651922,0.018
10.283333486566942,-0.087
10.30000015348196,-0.103
10.31666682039698,-0.141
10.333333487312,-0.167
10.350000154227018,-0.111
10.366666821142038,-0.08
10.383333488057058,-0.076
10.400000154972076,0.015
10.416666821887096,0.01
10.433333488802116,-0.062
10.450000155717134,-0.072
10.466666822632154,-0.09
10.483333489547174,-0.147
10.500000156462193,-0.196
10.516666823377212,-0.214
10.533333490292232,-0.158
10.55000015720725,-0.17
10.56666682412227,-0.202
10.58333349103729,-0.154
10.600000157952309,-0.115
10.616666824867329,-0.177
10.633333491782349,-0.15
10.650000158697368,-0.093
10.666666825612388,-0.082
10.683333492527408,-0.063
10.700000159442425,-0.059
10.716666826357445,-0.112
10.733333493272465,-0.143
10.750000160187485,-0.17
10.766666827102505,-0.176
10.783333494017525,-0.165
10.80000016093254,-0.128
10.81666682784756,-0.142
10.83333349476258,-0.131
10.8500001616776,-0.119
10.86666682859262,-0.085
10.88333349550764,-0.03
10.900000162422655,-0.047
10.916666829337675,-0.033
10.933333496252695,-0.052
10.950000163167717,-0.057
10.966666830082737,-0.077
10.983333496997757,-0.022
11.000000163912771,-0.013
11.016666830827791,-0.097
11.033333497742811,-0.138
11.050000164657831,-0.162
11.066666831572851,-0.176
11.083333498487873,-0.157
11.10000016540289,-0.102
11.11666683231791,-0.099
11.13333349923293,-0.103
11.150000166147947,-0.038
11.166666833062967,-0.018
11.183333499977987,-0.011
11.200000166893004,0.016
11.216666833808024,0.015
11.233333500723043,-0.039
11.250000167638063,-0.066
11.266666834553083,-0.049
11.283333501468103,-0.099
11.30000016838312,-0.138
11.31666683529814,-0.136
11.33333350221316,-0.153
11.35000016912818,-0.18
11.3666668360432,-0.145
11.38333350295822,-0.073
11.400000169873238,-0.047
11.416666836788258,-0.01
11.433333503703278,0.013
11.450000170618296,0.068
11.466666837533316,0.105
11.483333504448336,0.087
11.500000171363354,0.066
11.516666838278374,0.065
11.533333505193394,0.013
11.550000172108412,-0.037
11.566666839023432,-0.056
11.583333505938452,-0.097
11.60000017285347,-0.113
11.61666683976849,-0.102
11.63333350668351,-0.06
11.650000173598528,-0.079
11.666666840513548,-0.082
11.683333507428568,-0.212
11.700000174343586,-0.274
11.716666841258606,-0.324
11.733333508173626,-0.335
11.750000175088644,-0.342
11.766666842003664,-0.306
11.783333508918684,-0.248
11.800000175833702,-0.255
11.816666842748722,-0.327
11.833333509663742,-0.32
11.85000017657876,-0.252
11.86666684349378,-0.243
11.8833335104088,-0.202
11.900000177323818,-0.094
11.916666844238838,-0.087
11.933333511153858,-0.055
11.950000178068876,-0.068
11.966666844983896,-0.074
11.983333511898916,-0.085
12.000000178813934,-0.085
12.016666845728954,-0.126
12.033333512643974,-0.03
12.050000179558992,-0.028
12.066666846474012,0.005
12.083333513389032,-0.011
12.10000018030405,0.001
12.11666684721907,-0.174
12.13333351413409,-0.236
12.150000181049109,-0.264
12.166666847964128,-0.242
12.183333514879148,-0.258
12.200000181794168,-0.21
12.216666848709188,-0.178
12.233333515624206,-0.214
12.250000182539225,-0.242
12.266666849454245,-0.238
12.283333516369265,-0.195
12.300000183284284,-0.195
12.316666850199304,-0.174
12.333333517114324,-0.158
12.35000018402934,-0.204
12.36666685094436,-0.212
12.38333351785938,-0.281
12.4000001847744,-0.296
12.41666685168942,-0.313
12.43333351860444,-0.296
12.450000185519457,-0.258
12.466666852434477,-0.175
12.483333519349497,-0.178
12.500000186264517,-0.196
12.516666853179537,-0.211
12.533333520094557,-0.225
12.550000187009571,-0.212
12.566666853924591,-0.199
12.583333520839613,-0.248
12.600000187754633,-0.214
12.616666854669653,-0.17
12.633333521584673,-0.256
12.650000188499687,-0.275
12.666666855414707,-0.2
12.683333522329727,-0.14
12.700000189244747,-0.13
12.716666856159769,-0.068
12.733333523074789,-0.009
12.750000189989803,-0.015
12.766666856904823,-0.127
12.783333523819843,-0.215
12.800000190734863,-0.296
12.816666857649883,-0.388
12.833333524564903,-0.375
12.85000019147992,-0.286
12.86666685839494,-0.244
12.88333352530996,-0.216
12.90000019222498,-0.158
12.91666685914,-0.172
12.93333352605502,-0.206
12.950000192970036,-0.221
12.966666859885056,-0.192
12.983333526800076,-0.147
13.000000193715096,-0.153
13.016666860630115,-0.145
13.033333527545135,-0.102
13.050000194460154,-0.076
13.066666861375174,-0.123
13.083333528290192,-0.115
13.100000195205212,-0.086
13.116666862120232,-0.104
13.133333529035252,-0.113
13.15000019595027,-0.113
13.16666686286529,-0.123
13.18333352978031,-0.133
13.200000196695328,-0.104
13.216666863610348,-0.109
13.233333530525368,-0.09
13.250000197440386,-0.101
13.266666864355406,-0.183
13.283333531270426,-0.231
13.300000198185444,-0.24
13.316666865100464,-0.274
13.333333532015484,-0.296
13.350000198930502,-0.271
13.366666865845522,-0.271
13.383333532760542,-0.232
13.40000019967556,-0.196
13.41666686659058,-0.207
13.4333335335056,-0.136
13.450000200420618,-0.112
13.466666867335638,-0.117
13.483333534250658,-0.164
13.500000201165676,-0.17
13.516666868080696,-0.151
13.533333534995716,-0.208
13.550000201910734,-0.331
13.566666868825754,-0.41
13.583333535740774,-0.388
13.600000202655792,-0.441
13.616666869570812,-0.49
13.633333536485832,-0.468
13.65000020340085,-0.389
13.66666687031587,-0.363
13.68333353723089,-0.368
13.700000204145908,-0.323
13.716666871060928,-0.359
13.733333537975948,-0.41
13.750000204890966,-0.417
13.766666871805986,-0.419
13.783333538721006,-0.551
13.800000205636024,-0.424
13.816666872551044,-0.445
13.833333539466064,-0.496
13.850000206381084,-0.496
13.866666873296102,-0.414
13.883333540211122,-0.428
13.90000020712614,-0.49
13.91666687404116,-0.438
13.93333354095618,-0.467
13.9500002078712,-0.455
13.96666687478622,-0.527
13.98333354170124,-0.428
14.000000208616257,-0.493
14.016666875531277,-0.488
14.033333542446297,-0.459
14.050000209361317,-0.384
14.066666876276336,-0.463
14.083333543191356,-0.392
14.100000210106373,-0.324
14.116666877021393,-0.297
14.133333543936413,-0.302
14.150000210851433,-0.221
14.16666687776645,-0.197
14.18333354468147,-0.23
14.200000211596487,-0.296
14.216666878511507,-0.337
14.233333545426529,-0.412
14.250000212341549,-0.48
14.266666879256569,-0.568
14.283333546171589,-0.623
14.300000213086603,-0.602
14.316666880001623,-0.571
14.333333546916643,-0.535
14.350000213831663,-0.457
14.366666880746685,-0.401
14.383333547661705,-0.38
14.40000021457672,-0.318
14.41666688149174,-0.278
14.43333354840676,-0.301
14.45000021532178,-0.295
14.4666668822368,-0.284
14.48333354915182,-0.371
14.500000216066836,-0.455
14.516666882981855,-0.453
14.533333549896875,-0.439
14.550000216811895,-0.478
14.566666883726915,-0.477
14.583333550641935,-0.48
14.600000217556952,-0.499
14.616666884471972,-0.536
14.633333551386992,-0.567
14.650000218302011,-0.551
14.666666885217031,-0.508
14.683333552132051,-0.468
14.70000021904707,-0.479
14.71666688596209,-0.465
14.73333355287711,-0.501
14.750000219792128,-0.568
14.766666886707148,-0.572
14.783333553622167,-0.556
14.800000220537186,-0.527
14.816666887452206,-0.482
14.833333554367226,-0.442
14.850000221282244,-0.489
14.866666888197264,-0.548
14.883333555112284,-0.541
14.900000222027302,-0.522
14.916666888942322,-0.458
14.933333555857342,-0.438
14.95000022277236,-0.438
14.96666688968738,-0.407
14.9833335566024,-0.436
15.000000223517418,-0.555
15.016666890432438,-0.556
15.033333557347458,-0.478
15.050000224262476,-0.484
15.066666891177496,-0.485
15.083333558092516,-0.45
15.100000225007534,-0.502
15.116666891922554,-0.549
15.133333558837574,-0.587
15.150000225752592,-0.682
15.166666892667612,-0.691
15.183333559582632,-0.618
15.20000022649765,-0.579
15.21666689341267,-0.576
15.23333356032769,-0.516
15.250000227242708,-0.535
15.266666894157728,-0.573
15.283333561072748,-0.635
15.300000227987766,-0.677
15.316666894902786,-0.665
15.333333561817806,-0.641
15.350000228732824,-0.617
15.366666895647844,-0.615
15.383333562562864,-0.669
15.400000229477882,-0.621
15.416666896392902,-0.585
15.433333563307922,-0.64
15.45000023022294,-0.619
15.46666689713796,-0.556
15.48333356405298,-0.597
15.500000230968,-0.608
15.516666897883018,-0.5
15.533333564798038,-0.596
15.550000231713057,-0.533
15.566666898628077,-0.603
15.583333565543096,-0.569
15.600000232458116,-0.552
15.616666899373136,-0.503
15.633333566288156,-0.435
15.650000233203173,-0.411
15.666666900118193,-0.421
15.683333567033213,-0.423
15.70000023394823,-0.378
15.71666690086325,-0.428
15.73333356777827,-0.365
15.750000234693289,-0.326
15.766666901608309,-0.355
15.783333568523329,-0.382
15.800000235438349,-0.357
15.816666902353369,-0.385
15.833333569268389,-0.463
15.850000236183403,-0.5
15.866666903098425,-0.477
15.883333570013445,-0.474
15.900000236928465,-0.5
15.916666903843485,-0.495
15.933333570758505,-0.49
15.95000023767352,-0.519
15.96666690458854,-0.579
15.98333357150356,-0.567
16.00000023841858,-0.553
16.016666905333597,-0.574
16.03333357224862,-0.538
16.050000239163637,-0.501
16.066666906078655,-0.52
16.083333572993677,-0.491
16.100000239908695,-0.494
16.116666906823713,-0.555
16.133333573738735,-0.582
16.150000240653753,-0.554
16.16666690756877,-0.585
16.183333574483793,-0.602
16.20000024139881,-0.613
16.21666690831383,-0.605
16.23333357522885,-0.596
16.25000024214387,-0.584
16.266666909058888,-0.539
16.28333357597391,-0.512
16.300000242888927,-0.513
16.316666909803946,-0.505
16.333333576718967,-0.502
16.350000243633986,-0.567
16.366666910549004,-0.559
16.383333577464025,-0.504
16.400000244379044,-0.547
16.41666691129406,-0.621
16.433333578209083,-0.65
16.4500002451241,-0.655
16.46666691203912,-0.672
16.48333357895414,-0.628
16.50000024586916,-0.554
16.516666912784178,-0.465
16.5333335796992,-0.382
16.550000246614218,-0.382
16.566666913529236,-0.422
16.583333580444258,-0.48
16.600000247359276,-0.521
16.616666914274294,-0.551
16.633333581189316,-0.578
16.650000248104334,-0.595
16.666666915019352,-0.534
16.683333581934374,-0.486
16.700000248849392,-0.51
16.71666691576441,-0.514
16.733333582679432,-0.478
16.75000024959445,-0.573
16.766666916509468,-0.65
16.78333358342449,-0.59
16.800000250339508,-0.575
16.816666917254526,-0.549
16.833333584169548,-0.532
