time_min,absorb_mau
0.0,0.0
0.0150000002235174,0.003
0.0300000004470348,0.022
0.0450000006705522,0.034
0.0600000008940696,0.065
0.075000001117587,0.077
0.0900000013411045,0.094
0.1050000015646219,0.104
0.1200000017881393,0.107
0.1350000020116567,0.122
0.1500000022351741,0.129
0.1650000024586916,0.148
0.180000002682209,0.14
0.1950000029057264,0.174
0.2100000031292438,0.188
0.2250000033527612,0.179
0.2400000035762786,0.172
0.2550000037997961,0.167
0.2700000040233135,0.148
0.285000004246831,0.107
0.3000000044703483,0.077
0.3150000046938658,0.052
0.3300000049173832,0.021
0.3450000051409006,0.047
0.360000005364418,0.064
0.3750000055879354,0.081
0.3900000058114529,0.11
0.4050000060349703,0.153
0.4200000062584877,0.201
0.4350000064820051,0.2
0.4500000067055225,0.24
0.46500000692904,0.3
0.4800000071525573,0.333
0.4950000073760748,0.338
0.5100000075995922,0.328
0.5250000078231096,0.32
0.5400000080466271,0.295
0.5550000082701445,0.242
0.570000008493662,0.229
0.5850000087171793,0.274
0.6000000089406967,0.395
0.6150000091642142,0.545
0.6300000093877316,0.75
0.645000009611249,1.011
0.6600000098347664,1.29
0.6750000100582838,1.568
0.6900000102818012,1.864
0.7050000105053187,2.162
0.7200000107288361,2.453
0.7350000109523535,2.76
0.7500000111758709,3.068
0.7650000113993883,3.348
0.7800000116229058,3.613
0.7950000118464232,3.872
0.8100000120699405,4.123
0.825000012293458,4.364
0.8400000125169754,4.603
0.8550000127404929,4.869
0.8700000129640103,5.131
0.8850000131875276,5.399
0.9000000134110451,5.705
0.9150000136345624,6.042
0.93000001385808,6.382
0.9450000140815974,6.752
0.9600000143051148,7.156
0.9750000145286322,7.629
0.9900000147521496,8.093
1.005000014975667,8.621
1.0200000151991844,9.226
1.035000015422702,9.914
1.0500000156462193,10.642
1.0650000158697368,11.422
1.080000016093254,12.268
1.0950000163167717,13.149
1.110000016540289,14.03
1.1250000167638063,14.878
1.140000016987324,15.749
1.1550000172108412,16.61
1.1700000174343586,17.434
1.185000017657876,18.245
1.2000000178813934,19.082
1.215000018104911,19.926
1.2300000183284283,20.741
1.2450000185519456,21.533
1.2600000187754632,22.299
1.2750000189989803,23.062
1.290000019222498,23.773
1.3050000194460154,24.436
1.3200000196695327,25.11
1.3350000198930505,25.794
1.3500000201165676,26.456
1.3650000203400852,27.097
1.3800000205636025,27.747
1.3950000207871198,28.412
1.4100000210106374,29.065
1.4250000212341547,29.66
1.4400000214576725,30.238
1.4550000216811896,30.8
1.470000021904707,31.356
1.4850000221282245,31.86
1.5000000223517418,32.316
1.5150000225752591,32.785
1.530000022798777,33.257
1.545000023022294,33.685
1.5600000232458116,34.031
1.5750000234693289,34.406
1.5900000236928464,34.756
1.6050000239163638,35.069
1.620000024139881,35.358
1.6350000243633986,35.641
1.650000024586916,35.922
1.6650000248104335,36.176
1.6800000250339509,36.399
1.6950000252574682,36.594
1.7100000254809855,36.744
1.725000025704503,36.881
1.7400000259280206,36.984
1.755000026151538,37.053
1.7700000263750553,37.101
1.7850000265985728,37.138
1.80000002682209,37.176
1.815000027045608,37.18
1.830000027269125,37.157
1.8450000274926424,37.154
1.86000002771616,37.126
1.8750000279396768,37.076
1.8900000281631948,36.997
1.905000028386712,36.912
1.9200000286102292,36.822
1.935000028833747,36.717
1.9500000290572643,36.631
1.9650000292807817,36.527
1.9800000295042992,36.434
1.9950000297278163,36.326
2.010000029951334,36.233
2.0250000301748514,36.108
2.0400000303983687,35.968
2.0550000306218865,35.828
2.070000030845404,35.667
2.085000031068921,35.513
2.1000000312924385,35.335
2.115000031515956,35.16
2.1300000317394736,34.984
2.145000031962991,34.797
2.1600000321865083,34.609
2.1750000324100256,34.389
2.190000032633543,34.139
2.2050000328570607,33.913
2.220000033080578,33.685
2.235000033304096,33.462
2.2500000335276127,33.189
2.26500003375113,32.981
2.280000033974648,32.771
2.295000034198165,32.514
2.3100000344216824,32.238
2.3250000346452,31.984
2.340000034868717,31.726
2.355000035092235,31.44
2.370000035315752,31.132
2.385000035539269,30.847
2.400000035762787,30.554
2.415000035986304,30.237
2.430000036209822,29.912
2.4450000364333397,29.586
2.4600000366568566,29.274
2.475000036880374,28.965
2.4900000371038917,28.637
2.505000037327409,28.32
2.5200000375509264,27.973
2.535000037774444,27.672
2.550000037997961,27.309
2.5650000382214784,26.951
2.580000038444996,26.554
2.595000038668513,26.148
2.610000038892031,25.738
2.625000039115548,25.308
2.640000039339065,24.891
2.6550000395625832,24.489
2.670000039786101,24.1
2.685000040009618,23.718
2.7000000402331352,23.321
2.715000040456653,22.966
2.7300000406801703,22.612
2.745000040903688,22.236
2.760000041127205,21.882
2.7750000413507223,21.572
2.79000004157424,21.26
2.8050000417977574,20.921
2.8200000420212747,20.636
2.835000042244792,20.372
2.8500000424683094,20.071
2.8650000426918267,19.754
2.8800000429153445,19.436
2.895000043138862,19.104
2.910000043362379,18.751
2.9250000435858965,18.399
2.940000043809414,18.054
2.955000044032932,17.697
2.970000044256449,17.356
2.9850000444799663,17.011
3.000000044703484,16.674
3.015000044927001,16.346
3.0300000451505187,16.016
3.045000045374036,15.689
3.0600000455975533,15.367
3.0750000458210707,15.049
3.090000046044588,14.711
3.1050000462681058,14.397
3.120000046491623,14.105
3.1350000467151404,13.814
3.1500000469386578,13.528
3.165000047162175,13.259
3.180000047385693,12.999
3.19500004760921,12.758
3.2100000478327275,12.497
3.225000048056245,12.251
3.240000048279762,12.001
3.25500004850328,11.758
3.2700000487267973,11.516
3.2850000489503146,11.276
3.300000049173832,11.058
3.3150000493973493,10.821
3.330000049620867,10.602
3.3450000498443844,10.38
3.3600000500679017,10.164
3.375000050291419,9.919
3.3900000505149364,9.675
3.405000050738454,9.438
3.4200000509619715,9.215
3.435000051185489,8.982
3.450000051409006,8.752
3.4650000516325234,8.548
3.480000051856041,8.346
3.4950000520795586,8.167
3.510000052303076,7.981
3.525000052526593,7.792
3.5400000527501105,7.622
3.5550000529736283,7.443
3.5700000531971456,7.265
3.585000053420663,7.089
3.6000000536441803,6.916
3.6150000538676976,6.768
3.630000054091216,6.613
3.6450000543147327,6.468
3.66000005453825,6.318
3.675000054761768,6.183
3.6900000549852847,6.037
3.7050000552088025,5.872
3.72000005543232,5.704
3.735000055655837,5.55
3.7500000558793545,5.411
3.765000056102872,5.256
3.7800000563263896,5.106
3.795000056549907,4.97
3.810000056773424,4.847
3.8250000569969416,4.711
3.840000057220459,4.563
3.8550000574439767,4.432
3.870000057667494,4.327
3.8850000578910113,4.204
3.9000000581145287,4.101
3.915000058338046,4.004
3.930000058561564,3.926
3.945000058785081,3.833
3.9600000590085984,3.748
3.975000059232116,3.663
3.990000059455633,3.571
4.00500005967915,3.487
4.020000059902668,3.388
4.035000060126186,3.297
4.050000060349703,3.197
4.065000060573221,3.125
4.0800000607967375,3.051
4.095000061020255,2.955
4.110000061243773,2.863
4.12500006146729,2.808
4.140000061690808,2.772
4.155000061914325,2.692
4.170000062137842,2.616
4.18500006236136,2.588
4.200000062584877,2.522
4.215000062808395,2.413
4.230000063031912,2.31
4.245000063255429,2.235
4.260000063478947,2.16
4.275000063702464,2.072
4.290000063925982,2.02
4.305000064149499,1.975
4.3200000643730165,1.926
4.335000064596534,1.87
4.350000064820051,1.848
4.365000065043569,1.812
4.380000065267086,1.785
4.395000065490604,1.77
4.410000065714121,1.746
4.425000065937638,1.717
4.440000066161156,1.68
4.455000066384673,1.67
4.470000066608191,1.621
4.4850000668317085,1.605
4.500000067055225,1.593
4.515000067278743,1.578
4.53000006750226,1.566
4.545000067725778,1.554
4.560000067949296,1.527
4.5750000681728125,1.488
4.59000006839633,1.464
4.605000068619847,1.447
4.620000068843365,1.405
4.635000069066883,1.356
4.6500000692904,1.313
4.665000069513917,1.265
4.680000069737434,1.212
4.695000069960952,1.159
4.71000007018447,1.125
4.725000070407987,1.118
4.740000070631504,1.088
4.755000070855021,1.065
4.770000071078539,1.045
4.785000071302057,1.02
4.800000071525574,1.006
4.815000071749092,1.007
4.830000071972608,1.004
4.845000072196126,0.997
4.860000072419644,0.96
4.875000072643161,0.92
4.890000072866679,0.871
4.905000073090196,0.839
4.920000073313713,0.818
4.935000073537231,0.794
4.950000073760748,0.773
4.965000073984266,0.754
4.980000074207783,0.731
4.9950000744313,0.708
5.010000074654818,0.694
5.025000074878335,0.692
5.040000075101853,0.684
5.05500007532537,0.692
5.070000075548887,0.7
5.085000075772405,0.688
5.100000075995922,0.671
5.11500007621944,0.674
5.130000076442957,0.693
5.1450000766664745,0.669
5.160000076889992,0.636
5.175000077113509,0.633
5.190000077337027,0.625
5.205000077560544,0.614
5.220000077784062,0.601
5.235000078007579,0.594
5.250000078231096,0.608
5.265000078454614,0.586
5.280000078678131,0.569
5.295000078901649,0.542
5.310000079125167,0.557
5.325000079348683,0.56
5.340000079572201,0.558
5.355000079795718,0.556
5.370000080019236,0.561
5.385000080242754,0.581
5.4000000804662704,0.556
5.415000080689788,0.567
5.430000080913305,0.553
5.445000081136823,0.543
5.460000081360341,0.532
5.4750000815838575,0.522
5.490000081807375,0.515
5.505000082030892,0.505
5.52000008225441,0.505
5.535000082477928,0.502
5.550000082701445,0.493
5.565000082924962,0.494
5.580000083148479,0.48
5.595000083371997,0.475
5.610000083595515,0.483
5.625000083819032,0.488
5.6400000840425495,0.494
5.655000084266066,0.516
5.670000084489584,0.529
5.685000084713102,0.538
5.700000084936619,0.546
5.715000085160137,0.55
5.7300000853836535,0.549
5.745000085607171,0.534
5.760000085830689,0.522
5.775000086054206,0.512
5.790000086277724,0.502
5.8050000865012406,0.499
5.820000086724758,0.468
5.835000086948276,0.475
5.850000087171793,0.486
5.865000087395311,0.496
5.880000087618828,0.496
5.895000087842345,0.497
5.910000088065863,0.514
5.92500008828938,0.532
5.940000088512898,0.532
5.955000088736415,0.534
5.9700000889599325,0.532
5.98500008918345,0.564
6.000000089406967,0.558
6.015000089630485,0.567
6.030000089854002,0.584
6.04500009007752,0.602
6.060000090301037,0.613
6.075000090524554,0.604
6.090000090748072,0.614
6.105000090971589,0.588
6.120000091195107,0.569
6.1350000914186245,0.561
6.150000091642141,0.567
6.165000091865659,0.557
6.180000092089176,0.545
6.195000092312694,0.555
6.210000092536212,0.57
6.225000092759728,0.557
6.240000092983246,0.517
6.255000093206763,0.516
6.270000093430281,0.517
6.285000093653799,0.509
6.300000093877316,0.499
6.315000094100833,0.49
6.33000009432435,0.479
6.345000094547868,0.465
6.360000094771386,0.456
6.375000094994903,0.426
6.39000009521842,0.436
6.405000095441937,0.447
6.420000095665455,0.451
6.435000095888973,0.45
6.45000009611249,0.446
6.465000096336008,0.447
6.480000096559524,0.452
6.495000096783042,0.466
6.51000009700656,0.453
6.525000097230077,0.47
6.540000097453595,0.476
6.555000097677112,0.456
6.570000097900629,0.423
6.585000098124147,0.411
6.600000098347664,0.408
6.615000098571182,0.385
6.6300000987946985,0.368
6.645000099018216,0.345
6.660000099241734,0.345
6.675000099465251,0.318
6.690000099688769,0.31
6.705000099912286,0.316
6.720000100135803,0.33
6.735000100359321,0.344
6.750000100582838,0.349
6.765000100806356,0.356
6.780000101029873,0.343
6.795000101253391,0.329
6.810000101476908,0.323
6.825000101700425,0.315
6.840000101923943,0.319
6.85500010214746,0.345
6.870000102370978,0.368
6.885000102594495,0.383
6.900000102818012,0.41
6.91500010304153,0.438
6.930000103265047,0.492
6.945000103488565,0.503
6.960000103712082,0.527
6.975000103935599,0.538
6.990000104159117,0.548
7.005000104382634,0.543
7.020000104606152,0.517
7.0350001048296695,0.51
7.050000105053186,0.526
7.065000105276704,0.524
7.080000105500221,0.539
7.095000105723739,0.532
7.110000105947257,0.551
7.1250001061707735,0.567
7.140000106394291,0.573
7.155000106617808,0.577
7.170000106841326,0.57
7.185000107064844,0.593
7.200000107288361,0.618
7.215000107511878,0.599
7.230000107735395,0.588
7.245000107958913,0.607
7.260000108182431,0.605
7.275000108405948,0.583
7.2900001086294655,0.564
7.305000108852982,0.567
7.3200001090765,0.573
7.335000109300018,0.547
7.350000109523535,0.548
7.3650001097470525,0.54
7.380000109970569,0.543
7.395000110194087,0.538
7.410000110417605,0.522
7.425000110641122,0.521
7.44000011086464,0.532
7.4550001110881565,0.521
7.470000111311674,0.5
7.485000111535192,0.481
7.500000111758709,0.464
7.515000111982227,0.441
7.530000112205744,0.421
7.545000112429261,0.417
7.560000112652779,0.425
7.575000112876296,0.438
7.590000113099814,0.444
7.605000113323331,0.424
7.620000113546848,0.429
7.635000113770366,0.401
7.650000113993883,0.381
7.665000114217401,0.349
7.680000114440918,0.319
7.695000114664436,0.31
7.710000114887953,0.302
7.72500011511147,0.281
7.740000115334988,0.257
7.755000115558505,0.252
7.770000115782023,0.286
7.78500011600554,0.25
7.800000116229057,0.228
7.815000116452575,0.212
7.830000116676092,0.203
7.84500011689961,0.193
7.860000117123127,0.165
7.875000117346644,0.156
7.890000117570162,0.14
7.905000117793679,0.159
7.920000118017197,0.167
7.935000118240715,0.156
7.950000118464231,0.163
7.965000118687749,0.186
7.980000118911266,0.202
7.995000119134784,0.194
8.0100001193583,0.182
8.025000119581819,0.21
8.040000119805336,0.206
8.055000120028854,0.193
8.070000120252372,0.171
8.085000120475888,0.151
8.100000120699406,0.133
8.115000120922923,0.113
8.130000121146441,0.103
8.145000121369959,0.095
8.160000121593475,0.084
8.175000121816993,0.112
8.19000012204051,0.081
8.205000122264028,0.071
8.220000122487546,0.076
8.235000122711062,0.074
8.25000012293458,0.061
8.265000123158098,0.045
8.280000123381615,0.048
8.295000123605133,0.042
8.31000012382865,0.034
8.325000124052167,0.046
8.340000124275685,0.054
8.355000124499202,0.052
8.37000012472272,0.047
8.385000124946236,0.043
8.400000125169754,0.029
8.415000125393272,-0.001
8.43000012561679,-0.029
8.445000125840307,-0.007
8.460000126063823,0.002
8.475000126287341,-0.023
8.490000126510859,-0.017
8.505000126734377,0.016
8.520000126957894,0.032
8.53500012718141,0.028
8.550000127404928,0.04
8.565000127628446,0.066
8.580000127851964,0.069
8.595000128075482,0.093
8.610000128298998,0.117
8.625000128522515,0.142
8.640000128746033,0.168
8.65500012896955,0.192
8.670000129193069,0.198
8.685000129416585,0.175
8.700000129640102,0.144
8.71500012986362,0.104
8.730000130087138,0.074
8.745000130310656,0.059
8.760000130534172,0.058
8.77500013075769,0.066
8.790000130981207,0.085
8.805000131204725,0.104
8.820000131428243,0.115
8.835000131651759,0.12
8.850000131875277,0.124
8.865000132098794,0.144
8.880000132322312,0.173
8.89500013254583,0.202
8.910000132769346,0.222
8.925000132992864,0.243
8.940000133216381,0.261
8.9550001334399,0.277
8.970000133663417,0.288
8.985000133886933,0.291
9.00000013411045,0.295
9.015000134333969,0.312
9.030000134557486,0.331
9.045000134781004,0.331
9.06000013500452,0.329
9.075000135228038,0.343
9.090000135451556,0.356
9.105000135675072,0.342
9.120000135898591,0.344
9.135000136122107,0.362
9.150000136345623,0.363
9.165000136569144,0.361
9.18000013679266,0.377
9.195000137016178,0.381
9.210000137239694,0.372
9.225000137463212,0.368
9.24000013768673,0.376
9.255000137910248,0.379
9.270000138133764,0.379
9.28500013835728,0.38
9.3000001385808,0.369
9.315000138804317,0.347
9.330000139027836,0.338
9.345000139251352,0.343
9.360000139474868,0.358
9.375000139698386,0.39
9.390000139921904,0.434
9.405000140145422,0.461
9.42000014036894,0.479
9.435000140592456,0.454
9.450000140815972,0.436
9.465000141039493,0.419
9.480000141263009,0.398
9.495000141486528,0.38
9.510000141710044,0.364
9.52500014193356,0.368
9.540000142157078,0.364
9.555000142380596,0.309
9.570000142604114,0.306
9.58500014282763,0.28
9.600000143051147,0.265
9.615000143274663,0.251
9.630000143498185,0.243
9.6450001437217,0.252
9.660000143945217,0.257
9.675000144168736,0.308
9.690000144392252,0.302
9.70500014461577,0.313
9.720000144839288,0.31
9.735000145062804,0.317
9.750000145286322,0.302
9.76500014550984,0.293
9.780000145733355,0.308
9.795000145956877,0.298
9.810000146180393,0.304
9.825000146403909,0.293
9.840000146627428,0.299
9.855000146850944,0.281
9.870000147074462,0.275
9.885000147297978,0.282
9.900000147521496,0.28
9.915000147745014,0.273
9.930000147968531,0.27
9.94500014819205,0.26
9.960000148415563,0.234
9.975000148639085,0.21
9.9900001488626,0.207
10.005000149086118,0.198
10.020000149309636,0.184
10.035000149533152,0.19
10.05000014975667,0.205
10.065000149980188,0.196
10.080000150203706,0.186
10.095000150427223,0.186
10.11000015065074,0.196
10.125000150874255,0.187
10.140000151097777,0.2
10.155000151321293,0.223
10.17000015154481,0.232
10.185000151768326,0.236
10.200000151991844,0.25
10.215000152215362,0.26
10.23000015243888,0.251
10.245000152662396,0.265
10.260000152885912,0.277
10.275000153109431,0.28
10.290000153332947,0.278
10.305000153556469,0.285
10.320000153779985,0.295
10.3350001540035,0.302
10.350000154227018,0.326
10.365000154450536,0.332
10.380000154674054,0.339
10.395000154897572,0.331
10.410000155121088,0.326
10.425000155344604,0.305
10.440000155568123,0.285
10.45500015579164,0.27
10.47000015601516,0.262
10.485000156238677,0.271
10.500000156462193,0.267
10.51500015668571,0.259
10.530000156909228,0.258
10.545000157132746,0.283
10.560000157356262,0.29
10.57500015757978,0.277
10.590000157803296,0.263
10.605000158026815,0.253
10.620000158250331,0.231
10.635000158473847,0.2
10.650000158697368,0.195
10.665000158920884,0.2
10.680000159144402,0.208
10.69500015936792,0.246
10.710000159591436,0.272
10.725000159814954,0.27
10.740000160038472,0.258
10.75500016026199,0.251
10.770000160485507,0.234
10.785000160709023,0.193
10.80000016093254,0.17
10.81500016115606,0.162
10.830000161379576,0.168
10.845000161603094,0.181
10.86000016182661,0.197
10.875000162050128,0.213
10.890000162273646,0.226
10.905000162497164,0.224
10.92000016272068,0.201
10.935000162944196,0.195
10.950000163167717,0.153
10.965000163391233,0.106
10.98000016361475,0.076
10.995000163838268,0.051
11.010000164061784,0.012
11.025000164285302,-0.033
11.04000016450882,-0.044
11.055000164732338,-0.034
11.070000164955855,-0.029
11.085000165179371,-0.002
11.10000016540289,0.05
11.115000165626409,0.104
11.130000165849925,0.141
11.145000166073444,0.173
11.16000016629696,0.206
11.175000166520476,0.224
11.190000166743994,0.225
11.205000166967512,0.234
11.22000016719103,0.228
11.235000167414546,0.22
11.250000167638063,0.224
11.26500016786158,0.224
11.2800001680851,0.208
11.295000168308617,0.192
11.310000168532133,0.206
11.32500016875565,0.203
11.340000168979168,0.184
11.355000169202686,0.173
11.370000169426204,0.189
11.38500016964972,0.194
11.400000169873238,0.179
11.415000170096755,0.16
11.430000170320271,0.146
11.445000170543793,0.135
11.460000170767309,0.113
11.475000170990825,0.12
11.490000171214342,0.118
11.50500017143786,0.124
11.520000171661378,0.113
11.535000171884894,0.112
11.550000172108412,0.102
11.56500017233193,0.079
11.580000172555447,0.078
11.595000172778963,0.076
11.61000017300248,0.086
11.625000173226,0.073
11.640000173449517,0.099
11.655000173673034,0.128
11.670000173896552,0.124
11.685000174120068,0.109
11.700000174343586,0.095
11.715000174567104,0.073
11.730000174790622,0.049
11.74500017501414,0.034
11.760000175237655,0.062
11.775000175461171,0.108
11.79000017568469,0.136
11.805000175908209,0.168
11.820000176131726,0.19
11.835000176355242,0.206
11.85000017657876,0.218
11.865000176802278,0.221
11.880000177025796,0.248
11.895000177249312,0.233
11.91000017747283,0.246
11.925000177696347,0.243
11.940000177919863,0.242
11.955000178143385,0.245
11.9700001783669,0.268
11.985000178590417,0.306
12.000000178813934,0.324
12.015000179037452,0.336
12.03000017926097,0.331
12.045000179484488,0.33
12.060000179708004,0.303
12.07500017993152,0.273
12.09000018015504,0.244
12.105000180378555,0.229
12.120000180602077,0.221
12.13500018082559,0.201
12.150000181049109,0.191
12.165000181272626,0.174
12.180000181496144,0.189
12.195000181719662,0.173
12.210000181943178,0.173
12.225000182166696,0.158
12.240000182390212,0.136
12.255000182613731,0.121
12.270000182837247,0.102
12.285000183060763,0.097
12.300000183284284,0.065
12.3150001835078,0.104
12.330000183731318,0.129
12.345000183954836,0.165
12.360000184178352,0.197
12.37500018440187,0.232
12.390000184625388,0.261
12.405000184848904,0.261
12.420000185072425,0.252
12.43500018529594,0.22
12.450000185519457,0.217
12.465000185742976,0.199
12.480000185966492,0.19
12.49500018619001,0.193
12.510000186413526,0.202
12.525000186637044,0.21
12.540000186860562,0.212
12.55500018708408,0.215
12.570000187307595,0.205
12.585000187531111,0.202
12.600000187754633,0.224
12.615000187978149,0.226
12.630000188201668,0.223
12.645000188425184,0.222
12.6600001886487,0.215
12.675000188872218,0.209
12.690000189095736,0.214
12.705000189319254,0.217
12.720000189542771,0.247
12.735000189766287,0.273
12.750000189989803,0.279
12.765000190213325,0.269
12.78000019043684,0.252
12.79500019066036,0.235
12.810000190883876,0.218
12.825000191107392,0.213
12.84000019133091,0.213
12.855000191554428,0.184
12.870000191777946,0.172
12.885000192001462,0.182
12.90000019222498,0.164
12.915000192448495,0.165
12.930000192672017,0.19
12.945000192895533,0.215
12.960000193119049,0.237
12.975000193342566,0.264
12.990000193566084,0.291
13.005000193789602,0.288
13.02000019401312,0.26
13.035000194236636,0.249
13.050000194460154,0.244
13.065000194683671,0.244
13.08000019490719,0.257
13.095000195130709,0.288
13.110000195354225,0.37
13.12500019557774,0.41
13.140000195801258,0.418
13.155000196024776,0.439
13.170000196248294,0.443
13.18500019647181,0.428
13.200000196695328,0.414
13.215000196918846,0.412
13.230000197142363,0.411
13.24500019736588,0.421
13.260000197589395,0.47
13.275000197812917,0.511
13.290000198036433,0.538
13.30500019825995,0.56
13.320000198483468,0.578
13.335000198706984,0.572
13.350000198930502,0.544
13.36500019915402,0.513
13.380000199377536,0.49
13.395000199601055,0.474
13.410000199824571,0.428
13.425000200048087,0.425
13.440000200271609,0.412
13.455000200495125,0.393
13.470000200718642,0.383
13.485000200942158,0.393
13.500000201165676,0.417
13.515000201389194,0.433
13.530000201612712,0.473
13.54500020183623,0.506
13.560000202059744,0.53
13.575000202283263,0.556
13.59000020250678,0.579
13.6050002027303,0.603
13.620000202953817,0.635
13.635000203177333,0.669
13.65000020340085,0.683
13.665000203624368,0.695
13.680000203847886,0.677
13.695000204071404,0.666
13.71000020429492,0.643
13.725000204518436,0.64
13.740000204741955,0.64
13.755000204965471,0.64
13.77000020518899,0.642
13.785000205412508,0.625
13.800000205636024,0.604
13.815000205859542,0.577
13.83000020608306,0.544
13.845000206306578,0.528
13.860000206530094,0.511
13.875000206753612,0.505
13.89000020697713,0.504
13.905000207200649,0.499
13.920000207424165,0.495
13.93500020764768,0.497
13.9500002078712,0.485
13.965000208094716,0.466
13.980000208318234,0.439
13.995000208541752,0.407
14.010000208765268,0.37
14.025000208988786,0.343
14.040000209212304,0.328
14.05500020943582,0.32
