time_min,absorb_mau
0.0,-0.216
0.0100000001490116,-0.236
0.0200000002980232,-0.252
0.0300000004470348,-0.256
0.0400000005960464,-0.267
0.050000000745058,-0.28
0.0600000008940696,-0.289
0.0700000010430812,-0.296
0.0800000011920929,-0.293
0.0900000013411045,-0.295
0.1000000014901161,-0.299
0.1100000016391277,-0.317
0.1200000017881393,-0.339
0.1300000019371509,-0.348
0.1400000020861625,-0.36
0.1500000022351741,-0.379
0.1600000023841858,-0.4
0.1700000025331974,-0.421
0.180000002682209,-0.423
0.1900000028312206,-0.415
0.2000000029802322,-0.394
0.2100000031292438,-0.387
0.2200000032782554,-0.379
0.2300000034272671,-0.348
0.2400000035762786,-0.318
0.2500000037252903,-0.291
0.2600000038743019,-0.268
0.2700000040233135,-0.249
0.2800000041723251,-0.268
0.2900000043213367,-0.28
0.3000000044703483,-0.262
0.31000000461936,-0.253
0.3200000047683716,-0.251
0.3300000049173832,-0.251
0.3400000050663948,-0.248
0.3500000052154064,-0.239
0.360000005364418,-0.221
0.3700000055134296,-0.193
0.3800000056624412,-0.183
0.3900000058114529,-0.177
0.4000000059604645,-0.176
0.4100000061094761,-0.171
0.4200000062584877,-0.162
0.4300000064074993,-0.108
0.4400000065565109,-0.025
0.4500000067055225,0.148
0.4600000068545342,0.497
0.4700000070035457,1.012
0.4800000071525573,2.064
0.490000007301569,3.378
0.5000000074505806,5.604
0.5100000075995922,8.56
0.5200000077486039,12.341
0.5300000078976155,18.002
0.5400000080466271,24.503
0.5500000081956387,33.949
0.5600000083446502,44.922
0.570000008493662,57.891
0.5800000086426735,74.028
0.5900000087916851,91.314
0.6000000089406967,110.542
0.6100000090897083,130.515
0.62000000923872,151.176
0.6300000093877316,171.438
0.6400000095367432,190.9
0.6500000096857548,207.087
0.6600000098347664,221.346
0.6700000099837781,230.482
0.6800000101327897,236.387
0.6900000102818012,239.743
0.7000000104308128,237.151
0.7100000105798244,232.697
0.7200000107288361,224.254
0.7300000108778477,214.168
0.7400000110268593,202.815
0.7500000111758709,190.484
0.7600000113248825,178.002
0.7700000114738942,165.96
0.7800000116229058,154.124
0.7900000117719174,143.062
0.800000011920929,132.702
0.8100000120699405,122.747
0.8200000122189522,114.168
0.8300000123679638,105.864
0.8400000125169754,98.399
0.850000012665987,91.533
0.8600000128149986,85.021
0.8700000129640103,79.524
0.8800000131130219,74.191
0.8900000132620335,69.455
0.9000000134110451,64.978
0.9100000135600568,60.732
0.9200000137090684,56.914
0.93000001385808,53.22
0.9400000140070917,49.917
0.9500000141561032,46.799
0.9600000143051148,43.883
0.9700000144541264,41.184
0.980000014603138,38.587
0.9900000147521496,36.294
1.0000000149011612,34.152
1.010000015050173,32.211
1.0200000151991844,30.4
1.030000015348196,28.643
1.0400000154972078,27.033
1.0500000156462193,25.475
1.060000015795231,24.034
1.0700000159442424,22.652
1.080000016093254,21.309
1.0900000162422658,20.099
1.100000016391277,18.921
1.110000016540289,17.83
1.1200000166893005,16.767
1.1300000168383122,15.805
1.140000016987324,14.931
1.1500000171363354,14.073
1.160000017285347,13.258
1.1700000174343586,12.572
1.1800000175833705,11.891
1.190000017732382,11.263
1.2000000178813934,10.631
1.2100000180304051,10.01
1.2200000181794166,9.392
1.2300000183284283,8.803
1.24000001847744,8.269
1.2500000186264515,7.731
1.2600000187754632,7.18
1.270000018924475,6.682
1.2800000190734864,6.229
1.290000019222498,5.792
1.3000000193715096,5.393
1.3100000195205213,5.059
1.3200000196695327,4.721
1.3300000198185444,4.406
1.340000019967556,4.098
1.3500000201165676,3.809
1.360000020265579,3.558
1.3700000204145908,3.302
1.3800000205636025,3.054
1.3900000207126142,2.84
1.4000000208616257,2.639
1.4100000210106374,2.487
1.4200000211596489,2.331
1.4300000213086606,2.191
1.4400000214576725,2.068
1.4500000216066835,1.957
1.4600000217556954,1.875
1.470000021904707,1.786
1.4800000220537186,1.687
1.4900000222027303,1.593
1.5000000223517418,1.498
1.5100000225007535,1.417
1.520000022649765,1.328
1.530000022798777,1.246
1.5400000229477884,1.166
1.5500000230968,1.09
1.5600000232458116,1.03
1.570000023394823,0.972
1.5800000235438347,0.907
1.5900000236928464,0.841
1.600000023841858,0.778
1.6100000239908696,0.724
1.620000024139881,0.662
1.6300000242888928,0.596
1.6400000244379045,0.539
1.650000024586916,0.491
1.6600000247359277,0.46
1.6700000248849391,0.428
1.6800000250339509,0.394
1.6900000251829626,0.354
1.700000025331974,0.308
1.7100000254809855,0.286
1.7200000256299972,0.267
1.730000025779009,0.249
1.7400000259280206,0.229
1.750000026077032,0.207
1.7600000262260438,0.198
1.7700000263750553,0.193
1.780000026524067,0.198
1.790000026673079,0.193
1.80000002682209,0.176
1.8100000269711016,0.156
1.820000027120113,0.137
1.830000027269125,0.12
1.8400000274181367,0.103
1.850000027567148,0.087
1.86000002771616,0.077
1.8700000278651716,0.065
1.880000028014183,0.048
1.8900000281631948,0.033
1.9000000283122065,0.023
1.910000028461218,0.0
1.9200000286102292,-0.029
1.9300000287592407,-0.044
1.9400000289082528,-0.055
1.9500000290572643,-0.061
1.960000029206276,-0.075
1.9700000293552875,-0.088
1.9800000295042992,-0.094
1.990000029653311,-0.089
2.0000000298023224,-0.062
2.010000029951334,-0.056
2.020000030100346,-0.062
2.030000030249357,-0.08
2.0400000303983687,-0.095
2.0500000305473804,-0.084
2.060000030696392,-0.081
2.070000030845404,-0.083
2.0800000309944155,-0.092
2.090000031143427,-0.102
2.1000000312924385,-0.088
2.11000003144145,-0.082
2.120000031590462,-0.081
2.1300000317394736,-0.079
2.140000031888485,-0.081
2.150000032037497,-0.095
2.1600000321865083,-0.109
2.17000003233552,-0.124
2.180000032484532,-0.134
2.190000032633543,-0.145
2.200000032782554,-0.145
2.2100000329315663,-0.146
2.220000033080578,-0.147
2.2300000332295897,-0.149
2.240000033378601,-0.15
2.2500000335276127,-0.16
2.2600000336766244,-0.177
2.270000033825636,-0.204
2.280000033974648,-0.22
2.290000034123659,-0.232
2.3000000342726707,-0.246
2.3100000344216824,-0.257
2.320000034570694,-0.258
2.330000034719706,-0.256
2.340000034868717,-0.251
2.350000035017729,-0.237
2.3600000351667405,-0.223
2.370000035315752,-0.218
2.380000035464764,-0.211
2.390000035613775,-0.204
2.400000035762787,-0.197
2.4100000359117986,-0.193
2.4200000360608103,-0.19
2.430000036209822,-0.192
2.440000036358833,-0.198
2.450000036507845,-0.205
2.4600000366568566,-0.214
2.4700000368058683,-0.227
2.48000003695488,-0.234
2.4900000371038917,-0.234
2.500000037252903,-0.24
2.5100000374019147,-0.245
2.5200000375509264,-0.237
2.530000037699938,-0.23
2.5400000378489493,-0.221
2.550000037997961,-0.218
2.5600000381469727,-0.213
2.5700000382959844,-0.201
2.580000038444996,-0.19
2.5900000385940074,-0.179
2.600000038743019,-0.173
2.610000038892031,-0.17
2.6200000390410425,-0.179
2.630000039190054,-0.177
2.640000039339065,-0.157
2.650000039488077,-0.153
2.660000039637089,-0.158
2.670000039786101,-0.163
2.6800000399351123,-0.16
2.6900000400841235,-0.145
2.7000000402331352,-0.134
2.710000040382147,-0.123
2.720000040531158,-0.12
2.7300000406801703,-0.122
2.7400000408291816,-0.127
2.7500000409781933,-0.121
2.760000041127205,-0.106
2.7700000412762167,-0.105
2.7800000414252284,-0.101
2.79000004157424,-0.081
2.800000041723252,-0.074
2.810000041872263,-0.078
2.8200000420212747,-0.061
2.8300000421702864,-0.04
2.8400000423192977,-0.033
2.8500000424683094,-0.033
2.860000042617321,-0.04
2.870000042766333,-0.034
2.8800000429153445,-0.03
2.890000043064356,-0.029
2.9000000432133675,-0.023
2.910000043362379,-0.014
2.920000043511391,-0.016
2.9300000436604026,-0.022
2.940000043809414,-0.015
2.950000043958425,-0.018
2.960000044107437,-0.043
2.970000044256449,-0.04
2.9800000444054606,-0.025
2.990000044554472,-0.045
3.000000044703484,-0.061
3.0100000448524957,-0.06
3.020000045001507,-0.052
3.0300000451505187,-0.039
3.04000004529953,-0.039
3.0500000454485416,-0.037
3.0600000455975533,-0.04
3.070000045746565,-0.041
3.0800000458955767,-0.038
3.090000046044588,-0.039
3.1000000461936,-0.04
3.1100000463426114,-0.042
3.120000046491623,-0.043
3.130000046640635,-0.038
3.140000046789646,-0.048
3.1500000469386578,-0.06
3.160000047087669,-0.066
3.170000047236681,-0.068
3.180000047385693,-0.068
3.190000047534704,-0.083
3.200000047683716,-0.098
3.2100000478327275,-0.088
3.220000047981739,-0.079
3.230000048130751,-0.071
3.240000048279762,-0.06
3.250000048428774,-0.048
3.2600000485777856,-0.042
3.2700000487267973,-0.039
3.280000048875809,-0.039
3.29000004902482,-0.049
3.300000049173832,-0.067
3.310000049322844,-0.065
3.320000049471856,-0.074
3.330000049620867,-0.099
3.3400000497698783,-0.118
3.35000004991889,-0.133
3.3600000500679017,-0.148
3.3700000502169134,-0.159
3.380000050365925,-0.165
3.3900000505149364,-0.172
3.400000050663948,-0.181
3.41000005081296,-0.164
3.4200000509619715,-0.145
3.430000051110983,-0.134
3.4400000512599944,-0.125
3.450000051409006,-0.116
3.460000051558018,-0.11
3.470000051707029,-0.107
3.480000051856041,-0.119
3.4900000520050525,-0.124
3.500000052154064,-0.122
3.510000052303076,-0.126
3.520000052452088,-0.133
3.5300000526010997,-0.139
3.5400000527501105,-0.143
3.5500000528991222,-0.147
3.560000053048134,-0.129
3.5700000531971456,-0.104
3.5800000533461573,-0.111
3.5900000534951686,-0.116
3.6000000536441803,-0.12
3.610000053793192,-0.111
3.620000053942204,-0.096
3.630000054091216,-0.09
3.640000054240226,-0.087
3.6500000543892384,-0.095
3.66000005453825,-0.089
3.6700000546872618,-0.076
3.6800000548362735,-0.068
3.6900000549852847,-0.065
3.700000055134296,-0.076
3.710000055283308,-0.081
3.72000005543232,-0.081
3.730000055581332,-0.087
3.740000055730343,-0.096
3.7500000558793545,-0.119
3.760000056028366,-0.138
3.770000056177378,-0.154
3.7800000563263896,-0.153
3.790000056475401,-0.148
3.800000056624413,-0.15
3.810000056773424,-0.141
3.820000056922436,-0.123
3.830000057071448,-0.11
3.840000057220459,-0.094
3.850000057369471,-0.069
3.8600000575184814,-0.035
3.870000057667494,0.004
3.8800000578165057,0.021
3.890000057965517,0.035
3.9000000581145287,0.031
3.910000058263541,0.03
3.920000058412552,0.036
3.930000058561564,0.049
3.940000058710575,0.061
3.9500000588595863,0.045
3.9600000590085984,0.032
3.97000005915761,0.032
3.980000059306622,0.044
3.990000059455633,0.059
4.000000059604645,0.056
4.010000059753657,0.05
4.020000059902668,0.032
4.030000060051679,0.015
4.040000060200692,0.001
4.050000060349703,-0.018
4.060000060498715,-0.034
4.070000060647726,-0.055
4.0800000607967375,-0.071
4.09000006094575,-0.082
4.100000061094761,-0.079
4.110000061243773,-0.076
4.120000061392784,-0.067
4.130000061541796,-0.052
4.140000061690808,-0.028
4.150000061839819,-0.009
4.160000061988831,0.004
4.170000062137842,0.018
4.180000062286854,0.022
4.190000062435866,0.013
4.200000062584877,0.004
4.210000062733889,-0.006
4.2200000628829,-0.024
4.230000063031912,-0.037
4.240000063180924,-0.046
4.250000063329935,-0.06
4.260000063478947,-0.074
4.270000063627959,-0.07
4.28000006377697,-0.069
4.290000063925982,-0.072
4.300000064074993,-0.065
4.310000064224005,-0.053
4.3200000643730165,-0.064
4.330000064522028,-0.069
4.34000006467104,-0.056
4.350000064820051,-0.057
4.360000064969063,-0.068
4.370000065118075,-0.072
4.380000065267086,-0.073
4.390000065416098,-0.069
4.400000065565109,-0.065
4.410000065714121,-0.059
4.420000065863133,-0.083
4.430000066012144,-0.108
4.440000066161156,-0.11
4.450000066310167,-0.106
4.46000006645918,-0.097
4.470000066608191,-0.109
4.480000066757202,-0.124
4.490000066906214,-0.138
4.500000067055225,-0.141
4.5100000672042375,-0.131
4.520000067353249,-0.128
4.53000006750226,-0.129
4.540000067651272,-0.147
4.550000067800283,-0.161
4.560000067949296,-0.169
4.570000068098307,-0.197
4.580000068247318,-0.227
4.59000006839633,-0.226
4.6000000685453415,-0.231
4.610000068694354,-0.244
4.620000068843365,-0.25
4.630000068992376,-0.253
4.640000069141388,-0.266
4.6500000692904,-0.269
4.660000069439412,-0.246
4.670000069588423,-0.242
4.680000069737434,-0.25
4.690000069886446,-0.236
4.700000070035458,-0.226
4.71000007018447,-0.23
4.720000070333481,-0.223
4.730000070482492,-0.209
4.740000070631504,-0.189
4.750000070780516,-0.174
4.760000070929528,-0.172
4.770000071078539,-0.165
4.78000007122755,-0.157
4.7900000713765625,-0.133
4.800000071525574,-0.107
4.810000071674586,-0.076
4.820000071823597,-0.058
4.830000071972608,-0.049
4.8400000721216205,-0.032
4.850000072270632,-0.012
4.860000072419644,-0.012
4.870000072568655,-0.013
4.880000072717666,-0.017
4.890000072866679,-0.031
4.90000007301569,-0.051
4.910000073164702,-0.058
4.920000073313713,-0.078
4.9300000734627245,-0.115
4.940000073611737,-0.133
4.950000073760748,-0.145
4.96000007390976,-0.15
4.970000074058771,-0.157
4.980000074207783,-0.165
4.990000074356795,-0.164
5.000000074505806,-0.16
5.010000074654818,-0.15
5.020000074803829,-0.138
5.030000074952841,-0.139
5.040000075101853,-0.141
5.050000075250864,-0.144
5.060000075399876,-0.149
5.070000075548887,-0.154
5.080000075697899,-0.17
5.090000075846911,-0.176
5.100000075995922,-0.169
5.110000076144934,-0.162
5.1200000762939455,-0.157
5.130000076442957,-0.154
5.140000076591969,-0.135
5.15000007674098,-0.096
5.160000076889992,-0.078
5.170000077039004,-0.063
5.180000077188015,-0.043
5.190000077337027,-0.02
5.200000077486038,0.001
5.21000007763505,0.012
5.220000077784062,0.021
5.230000077933073,0.002
5.240000078082085,-0.016
5.250000078231096,-0.029
5.260000078380108,-0.027
5.27000007852912,-0.023
5.280000078678131,-0.049
5.290000078827143,-0.067
5.300000078976154,-0.071
5.310000079125167,-0.071
5.320000079274178,-0.07
5.330000079423189,-0.06
5.340000079572201,-0.052
5.350000079721212,-0.065
5.3600000798702245,-0.072
5.370000080019236,-0.074
5.380000080168247,-0.07
5.390000080317259,-0.066
5.4000000804662704,-0.063
5.410000080615283,-0.066
5.420000080764294,-0.072
5.430000080913305,-0.093
5.440000081062317,-0.112
5.4500000812113285,-0.105
5.460000081360341,-0.101
5.470000081509352,-0.101
5.480000081658363,-0.091
5.490000081807375,-0.087
5.500000081956387,-0.099
5.510000082105399,-0.103
5.52000008225441,-0.094
5.530000082403421,-0.1
5.540000082552433,-0.114
5.550000082701445,-0.128
5.560000082850457,-0.15
5.570000082999468,-0.185
5.580000083148479,-0.194
5.590000083297491,-0.188
5.600000083446503,-0.189
5.610000083595515,-0.19
5.620000083744526,-0.188
5.630000083893537,-0.182
5.6400000840425495,-0.174
5.650000084191561,-0.134
5.660000084340573,-0.105
5.670000084489584,-0.097
5.680000084638595,-0.093
5.690000084787608,-0.093
5.700000084936619,-0.077
5.710000085085631,-0.065
5.720000085234642,-0.06
5.7300000853836535,-0.057
5.740000085532666,-0.061
5.750000085681677,-0.031
5.760000085830689,0.0
5.7700000859797,0.024
5.780000086128712,0.041
5.790000086277724,0.051
5.800000086426735,0.07
5.810000086575747,0.09
5.820000086724758,0.093
5.83000008687377,0.087
5.840000087022782,0.07
5.850000087171793,0.073
5.860000087320805,0.084
5.870000087469816,0.085
5.880000087618828,0.082
5.89000008776784,0.072
5.900000087916851,0.061
5.910000088065863,0.05
5.920000088214874,0.046
5.930000088363886,0.041
5.940000088512898,0.031
5.950000088661909,0.035
5.960000088810921,0.044
5.9700000889599325,0.044
5.980000089108944,0.037
5.990000089257956,0.017
6.000000089406967,0.009
6.010000089555979,0.007
6.020000089704991,0.0
6.030000089854002,-0.006
6.040000090003014,-0.024
6.050000090152025,-0.036
6.060000090301037,-0.042
6.070000090450049,-0.026
6.08000009059906,-0.009
6.090000090748072,-0.01
6.100000090897083,-0.004
6.110000091046095,0.005
6.120000091195107,0.013
6.130000091344118,0.024
6.14000009149313,0.052
6.150000091642141,0.078
6.1600000917911535,0.104
6.170000091940165,0.122
6.180000092089176,0.143
6.190000092238188,0.157
6.200000092387199,0.169
6.210000092536212,0.176
6.220000092685223,0.185
6.230000092834234,0.19
6.240000092983246,0.189
6.2500000931322575,0.182
6.26000009328127,0.172
6.270000093430281,0.162
6.280000093579292,0.149
6.290000093728304,0.149
6.300000093877316,0.14
6.310000094026328,0.114
6.320000094175339,0.1
6.33000009432435,0.092
6.340000094473362,0.106
6.350000094622374,0.113
6.360000094771386,0.101
6.370000094920397,0.095
6.380000095069408,0.091
6.39000009521842,0.102
6.400000095367432,0.11
6.410000095516444,0.101
6.420000095665455,0.088
6.430000095814466,0.072
6.440000095963478,0.074
6.45000009611249,0.079
6.460000096261502,0.073
6.470000096410513,0.061
6.480000096559524,0.044
6.4900000967085365,0.045
6.500000096857548,0.049
6.51000009700656,0.041
6.520000097155571,0.039
6.530000097304582,0.039
6.540000097453595,0.04
6.550000097602606,0.039
6.560000097751618,0.035
6.570000097900629,0.023
6.5800000980496405,-0.001
6.590000098198653,0.005
6.600000098347664,0.023
6.610000098496676,0.034
6.620000098645687,0.035
6.6300000987946985,0.019
6.640000098943711,0.015
6.650000099092722,0.015
6.660000099241734,0.015
6.670000099390745,0.006
6.680000099539757,-0.03
6.690000099688769,-0.063
6.70000009983778,-0.093
6.710000099986792,-0.103
6.720000100135803,-0.106
6.730000100284815,-0.104
6.740000100433827,-0.098
6.750000100582838,-0.091
6.76000010073185,-0.086
6.7700001008808615,-0.079
6.780000101029873,-0.067
6.790000101178885,-0.054
6.800000101327896,-0.038
6.810000101476908,-0.038
6.82000010162592,-0.043
6.830000101774931,-0.035
6.840000101923943,-0.027
6.850000102072954,-0.013
6.860000102221966,-0.017
6.870000102370978,-0.026
6.880000102519989,-0.029
6.890000102669001,-0.029
6.900000102818012,-0.024
6.910000102967024,-0.026
6.920000103116036,-0.032
6.930000103265047,-0.04
6.940000103414059,-0.045
6.95000010356307,-0.044
6.960000103712082,-0.041
6.970000103861094,-0.038
6.980000104010105,-0.04
6.990000104159117,-0.037
7.000000104308128,-0.026
7.0100001044571405,-0.027
7.020000104606152,-0.033
7.030000104755163,-0.044
7.040000104904175,-0.052
7.050000105053186,-0.056
7.060000105202199,-0.061
7.07000010535121,-0.067
7.080000105500221,-0.086
7.090000105649233,-0.103
7.1000001057982445,-0.104
7.110000105947257,-0.105
7.120000106096268,-0.106
7.130000106245279,-0.117
7.140000106394291,-0.128
7.150000106543303,-0.134
7.160000106692315,-0.145
7.170000106841326,-0.16
7.180000106990337,-0.172
7.190000107139349,-0.181
7.200000107288361,-0.18
7.210000107437373,-0.184
7.220000107586384,-0.195
7.230000107735395,-0.201
7.240000107884407,-0.208
7.250000108033419,-0.203
7.260000108182431,-0.189
7.270000108331442,-0.165
7.280000108480453,-0.165
7.2900001086294655,-0.174
7.300000108778477,-0.161
7.310000108927489,-0.155
7.3200001090765,-0.165
7.330000109225511,-0.16
7.3400001093745235,-0.147
7.350000109523535,-0.165
7.360000109672547,-0.183
7.370000109821558,-0.178
7.380000109970569,-0.182
7.390000110119582,-0.193
7.400000110268593,-0.196
7.410000110417605,-0.2
7.420000110566616,-0.216
7.4300001107156275,-0.234
7.44000011086464,-0.252
7.450000111013651,-0.26
7.460000111162663,-0.268
7.470000111311674,-0.266
7.480000111460685,-0.265
7.490000111609698,-0.264
7.500000111758709,-0.262
7.510000111907721,-0.261
7.520000112056732,-0.256
7.530000112205744,-0.25
7.540000112354756,-0.243
7.550000112503767,-0.233
7.560000112652779,-0.222
7.57000011280179,-0.219
7.580000112950802,-0.214
7.590000113099814,-0.208
7.600000113248825,-0.197
7.610000113397837,-0.184
7.620000113546848,-0.188
7.63000011369586,-0.192
7.640000113844872,-0.195
7.650000113993883,-0.196
7.660000114142895,-0.196
7.670000114291906,-0.189
7.680000114440918,-0.187
7.69000011458993,-0.193
7.700000114738941,-0.185
7.710000114887953,-0.166
7.720000115036965,-0.145
7.730000115185976,-0.13
7.740000115334988,-0.127
7.750000115483999,-0.126
7.760000115633011,-0.128
7.770000115782023,-0.126
7.780000115931034,-0.123
7.790000116080046,-0.126
7.800000116229057,-0.138
7.810000116378069,-0.158
7.820000116527081,-0.17
7.830000116676092,-0.177
7.840000116825104,-0.19
7.850000116974115,-0.198
7.860000117123127,-0.2
7.870000117272139,-0.218
7.88000011742115,-0.237
7.890000117570162,-0.229
7.900000117719173,-0.209
7.910000117868186,-0.17
7.920000118017197,-0.149
7.930000118166208,-0.135
7.94000011831522,-0.125
7.950000118464231,-0.104
7.960000118613244,-0.063
7.970000118762255,-0.05
7.980000118911266,-0.053
7.990000119060278,-0.081
8.00000011920929,-0.099
8.0100001193583,-0.082
8.020000119507314,-0.055
8.030000119656325,-0.026
8.040000119805336,-0.009
8.050000119954348,0.004
8.060000120103359,0.027
8.070000120252372,0.059
8.080000120401383,0.099
8.090000120550394,0.115
8.100000120699406,0.126
8.110000120848417,0.12
8.12000012099743,0.107
8.130000121146441,0.088
8.140000121295452,0.076
8.150000121444464,0.065
8.160000121593475,0.044
8.170000121742488,0.02
8.1800001218915,-0.004
8.19000012204051,-0.023
8.200000122189522,-0.038
8.210000122338533,-0.026
8.220000122487546,-0.006
8.230000122636557,0.022
8.240000122785569,0.047
8.25000012293458,0.071
8.260000123083591,0.095
8.270000123232604,0.117
8.280000123381615,0.138
8.290000123530627,0.157
8.300000123679638,0.175
8.31000012382865,0.174
8.320000123977662,0.172
8.330000124126673,0.171
8.340000124275685,0.169
8.350000124424696,0.168
8.360000124573707,0.169
8.37000012472272,0.165
8.380000124871732,0.148
8.390000125020743,0.13
8.400000125169754,0.109
8.410000125318765,0.096
8.420000125467778,0.086
8.43000012561679,0.084
8.4400001257658,0.084
8.450000125914812,0.086
8.460000126063823,0.079
8.470000126212836,0.072
8.480000126361848,0.069
8.490000126510859,0.067
8.50000012665987,0.067
8.510000126808881,0.057
8.520000126957894,0.044
8.530000127106906,0.018
8.540000127255917,-0.009
