time_min,absorb_mau
0.0,0.0
0.0333333338300387,-0.018
0.0666666676600774,0.023
0.1000000014901161,0.054
0.1333333353201548,0.072
0.1666666691501935,0.076
0.2000000029802322,0.223
0.2333333368102709,0.351
0.2666666706403096,0.281
0.3000000044703483,0.071
0.3333333383003871,-0.055
0.3666666721304258,-0.118
0.4000000059604645,-0.115
0.4333333397905032,-0.06
0.4666666736205419,0.182
0.5000000074505806,0.669
0.5333333412806193,1.139
0.566666675110658,1.141
0.6000000089406967,0.854
0.6333333427707355,0.675
0.6666666766007742,0.872
0.7000000104308128,1.253
0.7333333442608516,1.536
0.7666666780908903,1.538
0.800000011920929,1.426
0.8333333457509677,1.287
0.8666666795810064,1.178
0.9000000134110451,1.05
0.933333347241084,0.946
0.9666666810711224,0.886
1.0000000149011612,0.942
1.0333333487312,1.033
1.0666666825612383,1.118
1.100000016391277,1.152
1.133333350221316,1.212
1.1666666840513549,1.219
1.2000000178813934,1.221
1.2333333517114322,1.208
1.266666685541471,1.176
1.3000000193715096,1.13
1.3333333532015483,1.125
1.3666666870315871,1.122
1.4000000208616257,1.114
1.4333333546916645,1.112
1.4666666885217032,1.116
1.5000000223517418,1.195
1.5333333561817806,1.308
1.5666666900118194,1.332
1.600000023841858,1.373
1.6333333576718967,1.453
1.6666666915019357,1.498
1.700000025331974,1.522
1.7333333591620128,1.602
1.7666666929920516,1.675
1.80000002682209,1.699
1.833333360652129,1.718
1.866666694482168,1.805
1.9000000283122065,1.923
1.933333362142245,2.026
1.966666695972284,2.062
2.0000000298023224,2.154
2.033333363632361,2.215
2.0666666974624,2.282
2.1000000312924385,2.298
2.133333365122477,2.315
2.166666698952516,2.387
2.200000032782554,2.454
2.233333366612593,2.582
2.266666700442632,2.683
2.3000000342726707,2.801
2.3333333681027097,2.935
2.3666667019327483,3.11
2.400000035762787,3.236
2.433333369592826,3.338
2.4666667034228644,3.388
2.500000037252903,3.482
2.533333371082942,3.605
2.5666667049129805,3.675
2.600000038743019,3.696
2.633333372573058,3.68
2.6666667064030967,3.746
2.7000000402331352,3.817
2.7333333740631742,3.907
2.766666707893213,4.031
2.800000041723252,4.16
2.8333333755532903,4.248
2.866666709383329,4.309
2.9000000432133675,4.396
2.9333333770434065,4.47
2.966666710873445,4.525
3.000000044703484,4.59
3.0333333785335226,4.688
3.066666712363561,4.712
3.1000000461936,4.758
3.1333333800236387,4.817
3.1666667138536773,4.843
3.200000047683716,4.88
3.233333381513755,4.935
3.2666667153437934,5.062
3.300000049173832,5.165
3.333333383003871,5.311
3.366666716833909,5.403
3.400000050663948,5.509
3.433333384493987,5.547
3.4666667183240256,5.601
3.500000052154064,5.656
3.533333385984103,5.709
3.5666667198141417,5.715
3.6000000536441803,5.737
3.6333333874742193,5.854
3.666666721304258,5.96
3.700000055134296,6.076
3.733333388964336,6.135
3.766666722794374,6.146
3.800000056624413,6.12
3.833333390454452,6.114
3.86666672428449,6.126
3.9000000581145287,6.11
3.933333391944568,6.131
3.966666725774606,6.124
4.000000059604645,6.137
4.033333393434684,6.143
4.066666727264722,6.163
4.100000061094761,6.231
4.1333333949248,6.3
4.166666728754838,6.328
4.200000062584877,6.322
4.233333396414916,6.339
4.266666730244954,6.351
4.300000064074993,6.347
4.333333397905032,6.384
4.36666673173507,6.491
4.400000065565109,6.574
4.433333399395148,6.605
4.466666733225186,6.624
4.500000067055225,6.676
4.533333400885264,6.711
4.566666734715303,6.831
4.6000000685453415,6.911
4.6333334023753805,6.947
4.66666673620542,6.947
4.700000070035458,6.975
4.733333403865497,7.024
4.766666737695536,7.004
4.800000071525574,7.035
4.833333405355613,6.98
4.866666739185652,6.919
4.90000007301569,6.879
4.933333406845729,6.863
4.966666740675768,6.862
5.000000074505806,6.859
5.033333408335845,6.883
5.066666742165884,6.89
5.100000075995922,6.873
5.133333409825961,6.831
5.166666743656,6.795
5.200000077486038,6.807
5.233333411316077,6.82
5.266666745146116,6.814
5.300000078976154,6.804
5.333333412806193,6.8
5.366666746636232,6.841
5.4000000804662704,6.917
5.433333414296309,6.959
5.4666667481263485,6.968
5.500000081956387,6.949
5.533333415786426,6.922
5.566666749616465,6.9
5.600000083446503,6.897
5.633333417276542,6.913
5.666666751106581,6.877
5.700000084936619,6.817
5.733333418766658,6.738
5.766666752596697,6.717
5.800000086426735,6.743
5.833333420256774,6.748
5.866666754086813,6.721
5.900000087916851,6.663
5.93333342174689,6.604
5.966666755576929,6.543
6.000000089406967,6.518
6.033333423237006,6.55
6.066666757067045,6.612
6.100000090897083,6.625
6.133333424727122,6.674
6.166666758557161,6.683
6.200000092387199,6.684
6.233333426217238,6.628
6.266666760047277,6.561
6.300000093877316,6.439
6.3333334277073545,6.382
6.3666667615373935,6.334
6.400000095367432,6.366
6.433333429197471,6.39
6.46666676302751,6.385
6.500000096857548,6.369
6.533333430687587,6.342
6.566666764517626,6.297
6.600000098347664,6.267
6.633333432177703,6.233
6.666666766007742,6.214
6.70000009983778,6.143
6.733333433667819,6.125
6.766666767497858,6.125
6.800000101327896,6.124
6.833333435157935,6.07
6.866666768987974,5.993
6.900000102818012,5.912
6.933333436648051,5.896
6.96666677047809,5.892
7.000000104308128,5.877
7.033333438138167,5.825
7.066666771968206,5.754
7.1000001057982445,5.712
7.133333439628284,5.72
7.1666667734583225,5.727
7.200000107288361,5.749
7.2333334411184,5.712
7.266666774948439,5.695
7.300000108778477,5.731
7.333333442608516,5.753
7.366666776438555,5.719
7.400000110268593,5.681
7.433333444098632,5.668
7.466666777928671,5.645
7.500000111758709,5.629
7.533333445588748,5.619
7.566666779418787,5.625
7.600000113248825,5.625
7.633333447078864,5.57
7.666666780908903,5.55
7.700000114738941,5.56
7.73333344856898,5.595
7.766666782399019,5.627
7.800000116229057,5.677
7.833333450059096,5.641
7.866666783889135,5.584
7.900000117719173,5.559
7.933333451549212,5.563
7.966666785379251,5.567
8.00000011920929,5.535
8.033333453039328,5.498
8.066666786869368,5.476
8.100000120699406,5.482
8.133333454529444,5.477
8.166666788359484,5.439
8.200000122189522,5.408
8.23333345601956,5.385
8.2666667898496,5.306
8.300000123679638,5.262
8.333333457509676,5.236
8.366666791339716,5.223
8.400000125169754,5.203
8.433333458999792,5.127
8.466666792829832,5.046
8.50000012665987,5.004
8.533333460489908,5.035
8.566666794319948,5.085
8.600000128149986,5.117
8.633333461980024,5.055
8.666666795810064,5.036
8.700000129640102,5.014
8.73333346347014,5.007
8.76666679730018,4.979
8.800000131130219,4.967
8.833333464960257,4.952
8.866666798790297,4.917
8.900000132620335,4.856
8.933333466450373,4.798
8.966666800280413,4.781
9.00000013411045,4.785
9.033333467940489,4.776
9.066666801770529,4.751
9.100000135600569,4.697
9.133333469430609,4.684
9.166666803260645,4.651
9.200000137090685,4.593
9.233333470920725,4.503
9.26666680475076,4.418
9.3000001385808,4.352
9.33333347241084,4.317
9.366666806240875,4.325
9.400000140070915,4.363
9.433333473900955,4.408
9.466666807730991,4.374
9.500000141561031,4.301
9.533333475391071,4.215
9.56666680922111,4.152
9.600000143051147,4.093
9.633333476881187,4.046
9.666666810711224,4.052
9.700000144541264,4.021
9.733333478371303,4.009
9.766666812201342,3.979
9.80000014603138,3.937
9.83333347986142,3.862
9.866666813691458,3.818
9.900000147521496,3.776
9.933333481351536,3.742
9.966666815181574,3.65
10.000000149011612,3.613
10.033333482841652,3.606
10.06666681667169,3.577
10.100000150501728,3.485
10.133333484331768,3.445
10.166666818161806,3.411
10.200000151991844,3.373
10.233333485821884,3.384
10.266666819651922,3.394
10.30000015348196,3.386
10.333333487312,3.346
10.366666821142038,3.314
10.400000154972076,3.307
10.433333488802116,3.276
10.466666822632154,3.233
10.500000156462193,3.166
10.533333490292232,3.124
10.56666682412227,3.111
10.600000157952309,3.061
10.633333491782349,2.999
10.666666825612388,2.94
10.700000159442425,2.89
10.733333493272465,2.843
10.766666827102505,2.758
10.80000016093254,2.7
10.83333349476258,2.673
10.86666682859262,2.723
10.900000162422655,2.708
10.933333496252695,2.648
10.966666830082737,2.567
11.000000163912771,2.514
11.033333497742811,2.476
11.066666831572851,2.431
11.10000016540289,2.419
11.13333349923293,2.386
11.166666833062967,2.296
11.200000166893004,2.208
11.233333500723043,2.15
11.266666834553083,2.072
11.30000016838312,2.004
11.33333350221316,1.995
11.3666668360432,1.955
11.400000169873238,1.886
11.433333503703278,1.782
11.466666837533316,1.726
11.500000171363354,1.689
11.533333505193394,1.67
11.566666839023432,1.642
11.60000017285347,1.611
11.63333350668351,1.594
11.666666840513548,1.538
11.700000174343586,1.502
11.733333508173626,1.415
11.766666842003664,1.356
11.800000175833702,1.323
11.833333509663742,1.227
11.86666684349378,1.146
11.900000177323818,1.086
11.933333511153858,1.104
11.966666844983896,1.078
12.000000178813934,1.015
12.033333512643974,0.963
12.066666846474012,0.945
12.10000018030405,0.927
12.13333351413409,0.975
12.166666847964128,0.985
12.200000181794168,0.962
12.233333515624206,0.926
12.266666849454245,0.9
12.300000183284284,0.88
12.333333517114324,0.872
12.36666685094436,0.849
12.4000001847744,0.83
12.43333351860444,0.796
12.466666852434477,0.787
12.500000186264517,0.744
12.533333520094557,0.733
12.566666853924591,0.714
12.600000187754633,0.706
12.633333521584673,0.669
12.666666855414707,0.627
12.700000189244747,0.585
12.733333523074789,0.529
12.766666856904823,0.483
12.800000190734863,0.49
12.833333524564903,0.496
12.86666685839494,0.508
12.90000019222498,0.463
12.93333352605502,0.454
12.966666859885056,0.404
13.000000193715096,0.363
13.033333527545135,0.335
13.066666861375174,0.315
13.100000195205212,0.331
13.133333529035252,0.372
13.16666686286529,0.356
13.200000196695328,0.344
13.233333530525368,0.339
13.266666864355406,0.343
13.300000198185444,0.345
13.333333532015484,0.325
13.366666865845522,0.302
13.40000019967556,0.316
13.4333335335056,0.294
13.466666867335638,0.264
13.500000201165676,0.237
13.533333534995716,0.219
13.566666868825754,0.252
13.600000202655792,0.281
13.633333536485832,0.277
13.66666687031587,0.241
13.700000204145908,0.264
13.733333537975948,0.245
13.766666871805986,0.257
13.800000205636024,0.253
13.833333539466064,0.214
13.866666873296102,0.183
13.90000020712614,0.159
13.93333354095618,0.135
13.96666687478622,0.116
14.000000208616257,0.088
14.033333542446297,0.069
14.066666876276336,0.063
14.100000210106373,0.052
14.133333543936413,0.049
14.16666687776645,0.041
14.200000211596487,0.0
14.233333545426529,0.003
14.266666879256569,0.036
14.300000213086603,0.065
14.333333546916643,0.084
14.366666880746685,0.124
14.40000021457672,0.156
14.43333354840676,0.266
14.4666668822368,0.328
14.500000216066836,0.364
14.533333549896875,0.321
14.566666883726915,0.252
14.600000217556952,0.195
14.633333551386992,0.161
14.666666885217031,0.099
14.70000021904707,0.037
14.73333355287711,-0.004
14.766666886707148,0.013
14.800000220537186,-0.024
14.833333554367226,-0.024
14.866666888197264,-0.013
14.900000222027302,0.056
14.933333555857342,0.045
14.96666688968738,0.001
15.000000223517418,-0.079
15.033333557347458,-0.111
15.066666891177496,-0.135
15.100000225007534,-0.101
15.133333558837574,-0.114
15.166666892667612,-0.055
15.20000022649765,-0.022
15.23333356032769,-0.035
15.266666894157728,-0.024
15.300000227987766,0.045
15.333333561817806,0.089
15.366666895647844,0.111
15.400000229477882,0.127
15.433333563307922,0.106
15.46666689713796,0.124
15.500000230968,0.128
15.533333564798038,0.117
15.566666898628077,0.12
15.600000232458116,0.099
15.633333566288156,0.106
15.666666900118193,0.173
15.70000023394823,0.267
15.73333356777827,0.326
15.766666901608309,0.276
15.800000235438349,0.244
15.833333569268389,0.171
15.866666903098425,0.113
15.900000236928465,0.07
15.933333570758505,0.045
15.96666690458854,0.056
16.00000023841858,0.095
16.03333357224862,0.121
16.066666906078655,0.112
16.100000239908695,0.124
16.133333573738735,0.182
16.16666690756877,0.23
16.20000024139881,0.259
16.23333357522885,0.256
16.266666909058888,0.26
16.300000242888927,0.202
16.333333576718967,0.135
16.366666910549004,0.121
16.400000244379044,0.121
16.433333578209083,0.087
16.46666691203912,0.035
16.50000024586916,0.045
16.5333335796992,0.035
16.566666913529236,0.04
16.600000247359276,0.022
16.633333581189316,-0.012
16.666666915019352,0.028
16.700000248849392,0.047
16.733333582679432,0.09
16.766666916509468,0.085
16.800000250339508,0.101
16.833333584169548,0.093
16.866666917999584,0.117
16.900000251829624,0.14
16.933333585659664,0.107
16.9666669194897,0.104
17.00000025331974,0.091
17.03333358714978,0.112
17.066666920979817,0.098
17.100000254809856,0.096
17.133333588639896,0.107
17.166666922469933,0.16
17.200000256299973,0.164
17.233333590130012,0.174
17.26666692396005,0.163
17.30000025779009,0.136
17.33333359162013,0.1
17.366666925450165,0.041
17.400000259280205,0.025
17.433333593110245,0.052
17.46666692694028,0.005
17.50000026077032,-0.041
17.53333359460036,-0.06
17.566666928430397,-0.003
17.600000262260437,0.077
17.633333596090477,0.133
17.666666929920513,0.125
17.700000263750553,0.085
17.733333597580593,0.077
17.76666693141063,0.101
17.80000026524067,0.128
17.83333359907071,0.132
17.866666932900745,0.11
17.900000266730785,0.084
17.933333600560825,0.067
17.96666693439086,0.013
18.0000002682209,-0.043
18.03333360205094,-0.072
18.066666935880978,-0.054
18.100000269711018,0.002
18.133333603541057,0.104
18.16666693737109,0.193
18.200000271201134,0.246
18.233333605031174,0.277
18.266666938861214,0.327
18.30000027269125,0.358
18.33333360652129,0.397
18.36666694035133,0.424
18.40000027418137,0.461
18.43333360801141,0.392
18.46666694184145,0.318
18.50000027567148,0.311
18.53333360950152,0.348
18.56666694333156,0.34
18.6000002771616,0.275
18.63333361099164,0.185
18.66666694482168,0.095
18.700000278651714,0.028
18.733333612481758,-0.014
18.766666946311798,-0.038
18.80000028014183,-0.055
18.83333361397187,-0.107
18.86666694780191,-0.167
18.900000281631947,-0.137
18.933333615461983,-0.108
18.966666949292023,-0.13
19.000000283122063,-0.148
19.033333616952103,-0.144
19.066666950782142,-0.113
19.10000028461218,-0.122
19.13333361844222,-0.07
19.16666695227226,-0.015
19.20000028610229,-0.004
19.23333361993233,-0.037
19.26666695376237,-0.043
19.30000028759241,-0.037
19.33333362142245,-0.055
19.36666695525249,-0.058
19.400000289082527,-0.039
19.433333622912567,-0.01
19.466666956742607,-0.024
19.500000290572643,-0.005
19.533333624402683,0.008
19.566666958232723,-0.018
19.60000029206276,-0.055
19.6333336258928,-0.077
19.66666695972284,-0.088
19.70000029355288,-0.085
19.733333627382915,-0.028
19.766666961212955,0.006
19.80000029504299,-0.028
19.83333362887303,-0.038
19.86666696270307,-0.04
19.900000296533108,-0.026
19.933333630363148,-0.006
19.966666964193188,-0.016
20.000000298023224,-0.043
20.033333631853264,-0.083
20.066666965683304,-0.13
20.10000029951334,-0.151
20.13333363334338,-0.179
20.16666696717342,-0.2
20.200000301003456,-0.21
20.233333634833496,-0.153
20.266666968663536,-0.083
20.30000030249357,0.007
20.33333363632361,0.078
20.36666697015365,0.109
20.40000030398369,0.084
20.43333363781373,0.064
20.466666971643768,0.089
20.500000305473804,0.107
20.533333639303844,0.163
20.566666973133884,0.17
20.60000030696392,0.152
20.63333364079396,0.097
20.666666974624,0.106
20.70000030845404,0.047
20.73333364228408,-0.036
20.76666697611412,-0.052
20.800000309944156,-0.064
20.833333643774196,-0.074
20.866666977604236,-0.152
20.90000031143427,-0.185
20.93333364526431,-0.215
20.96666697909435,-0.17
21.000000312924385,-0.153
21.033333646754425,-0.127
21.066666980584465,-0.114
21.1000003144145,-0.074
21.13333364824454,-0.063
21.16666698207458,-0.104
21.200000315904617,-0.124
21.233333649734657,-0.087
21.266666983564697,-0.068
21.300000317394733,-0.101
21.333333651224773,-0.168
21.366666985054813,-0.23
21.40000031888485,-0.223
21.43333365271489,-0.164
21.46666698654493,-0.108
21.50000032037497,-0.053
21.53333365420501,-0.076
21.566666988035045,-0.14
21.60000032186508,-0.167
21.63333365569512,-0.19
21.66666698952516,-0.196
21.7000003233552,-0.166
21.73333365718524,-0.101
21.76666699101528,-0.066
21.800000324845318,-0.036
21.833333658675357,-0.019
21.866666992505397,-0.089
21.90000032633543,-0.107
21.93333366016547,-0.058
21.96666699399551,-0.026
22.000000327825543,-0.026
22.033333661655583,-0.055
22.066666995485622,-0.048
22.100000329315662,-0.051
22.133333663145702,-0.034
22.166666996975746,-0.042
22.20000033080578,-0.05
22.23333366463582,-0.057
22.26666699846586,-0.053
22.30000033229589,-0.029
22.33333366612593,0.017
22.36666699995597,0.028
22.40000033378601,0.0
22.43333366761605,0.003
22.46666700144609,0.015
22.500000335276127,-0.006
22.533333669106167,-0.034
22.566667002936207,-0.068
22.600000336766243,-0.063
22.633333670596283,-0.086
22.666667004426323,-0.115
22.70000033825636,-0.144
22.7333336720864,-0.167
22.76666700591644,-0.199
22.800000339746475,-0.206
22.833333673576515,-0.235
22.866667007406555,-0.275
22.90000034123659,-0.319
22.93333367506663,-0.314
22.96666700889667,-0.274
23.000000342726707,-0.197
23.033333676556747,-0.131
23.066667010386787,-0.036
23.100000344216824,-0.015
23.133333678046863,0.03
23.166667011876903,0.007
23.20000034570694,0.024
23.23333367953698,0.032
23.26666701336702,0.018
23.300000347197056,-0.025
23.333333681027096,0.0
23.366667014857136,0.1
23.40000034868717,0.173
23.43333368251721,0.178
23.46666701634725,0.163
23.500000350177288,0.107
23.533333684007328,0.066
23.566667017837368,0.115
23.600000351667404,0.124
23.633333685497444,0.085
23.666667019327484,0.014
23.70000035315752,0.012
23.73333368698756,0.032
23.7666670208176,0.035
23.80000035464764,0.002
23.83333368847768,-0.052
23.86666702230772,-0.065
23.900000356137756,-0.052
23.933333689967792,-0.082
23.966667023797832,-0.103
24.00000035762787,-0.129
24.03333369145791,-0.105
24.06666702528795,-0.09
24.100000359117985,-0.076
24.133333692948025,-0.047
24.166667026778065,-0.01
24.2000003606081,-0.018
24.23333369443814,-0.051
24.26666702826818,-0.077
24.300000362098217,-0.067
24.333333695928257,-0.062
24.366667029758297,-0.03
24.400000363588333,-0.003
24.433333697418373,0.006
24.466667031248413,-0.01
24.50000036507845,-0.044
24.53333369890849,-0.05
24.56666703273853,-0.047
24.600000366568565,-0.041
24.633333700398605,0.05
24.666667034228645,0.114
24.70000036805868,0.122
24.73333370188872,0.106
24.76666703571876,0.175
24.8000003695488,0.192
24.83333370337884,0.165
24.86666703720888,0.116
24.900000371038917,0.095
24.933333704868957,0.125
24.966667038698997,0.167
25.00000037252903,0.181
25.03333370635907,0.151
25.06666704018911,0.16
25.100000374019142,0.138
25.133333707849182,0.085
25.166667041679226,0.017
25.200000375509266,0.006
25.233333709339306,0.033
25.266667043169345,0.088
25.300000376999375,0.174
25.333333710829415,0.216
25.366667044659454,0.195
25.40000037848949,0.149
25.43333371231953,0.135
25.46666704614957,0.107
25.50000037997961,0.056
25.53333371380965,0.057
25.56666704763969,0.096
25.600000381469727,0.152
25.633333715299766,0.173
25.666667049129806,0.147
25.700000382959843,0.125
25.733333716789883,0.099
25.76666705061992,0.042
25.80000038444996,0.043
25.83333371828,0.045
25.86666705211004,0.063
25.900000385940075,0.08
25.933333719770115,0.09
25.966667053600155,0.048
26.00000038743019,-0.008
26.03333372126023,-0.019
26.06666705509027,-0.048
26.100000388920307,-0.082
26.133333722750347,-0.104
26.166667056580387,-0.09
26.200000390410423,-0.102
26.233333724240463,-0.112
26.266667058070503,-0.129
26.30000039190054,-0.168
26.33333372573058,-0.18
26.36666705956062,-0.189
26.400000393390656,-0.188
26.433333727220692,-0.205
26.46666706105073,-0.187
26.50000039488077,-0.183
26.53333372871081,-0.202
26.56666706254085,-0.2
26.600000396370888,-0.189
26.633333730200928,-0.157
26.666667064030968,-0.152
26.700000397861004,-0.14
26.733333731691044,-0.152
26.766667065521084,-0.186
26.80000039935112,-0.177
26.83333373318116,-0.161
26.8666670670112,-0.124
26.90000040084124,-0.097
26.93333373467128,-0.08
26.96666706850132,-0.065
27.000000402331352,-0.077
27.033333736161392,-0.055
27.066667069991432,-0.062
27.10000040382147,-0.115
27.13333373765151,-0.134
27.166667071481548,-0.104
27.200000405311584,-0.064
27.233333739141624,-0.06
27.266667072971664,-0.109
27.3000004068017,-0.192
27.33333374063174,-0.213
27.36666707446178,-0.282
27.400000408291817,-0.321
27.433333742121857,-0.302
27.466667075951896,-0.288
27.500000409781933,-0.243
27.533333743611973,-0.201
27.566667077442013,-0.166
27.60000041127205,-0.175
27.63333374510209,-0.173
27.66666707893213,-0.189
27.700000412762165,-0.192
27.733333746592205,-0.177
27.766667080422245,-0.094
27.80000041425228,-0.083
27.83333374808232,-0.09
27.86666708191236,-0.087
27.9000004157424,-0.06
27.93333374957244,-0.037
27.96666708340248,-0.035
28.000000417232517,-0.065
28.033333751062557,-0.08
28.066667084892597,-0.141
28.10000041872263,-0.165
28.13333375255267,-0.179
28.16666708638271,-0.137
28.200000420212746,-0.146
28.233333754042786,-0.185
28.266667087872825,-0.218
28.300000421702865,-0.26
28.3333337555329,-0.259
28.36666708936294,-0.248
28.400000423192974,-0.273
28.433333757023014,-0.253
28.466667090853058,-0.269
28.50000042468309,-0.31
28.53333375851313,-0.315
28.56666709234317,-0.334
28.60000042617321,-0.372
28.63333376000325,-0.349
28.66666709383329,-0.314
28.700000427663326,-0.245
28.73333376149337,-0.146
28.76666709532341,-0.105
28.80000042915344,-0.149
28.83333376298348,-0.145
28.86666709681352,-0.103
28.90000043064356,-0.048
28.9333337644736,-0.039
28.96666709830364,0.02
29.000000432133675,0.053
29.033333765963715,0.093
29.066667099793754,0.118
29.10000043362379,0.157
29.13333376745383,0.151
29.16666710128387,0.146
29.200000435113907,0.162
29.233333768943947,0.196
29.266667102773987,0.153
29.300000436604023,0.121
29.333333770434063,0.086
29.366667104264103,0.085
29.40000043809414,0.102
29.43333377192418,0.08
29.46666710575422,0.04
29.50000043958425,-0.017
29.53333377341429,-0.022
29.56666710724433,-0.008
29.60000044107437,0.015
29.63333377490441,0.0
29.66666710873445,-0.011
29.700000442564487,0.001
29.733333776394527,0.04
29.766667110224567,0.022
29.800000444054604,0.041
29.833333777884643,0.022
29.866667111714683,-0.014
29.90000044554472,-0.073
29.93333377937476,-0.061
29.9666671132048,-0.041
30.00000044703484,-0.027
30.03333378086488,-0.022
30.06666711469492,-0.026
30.100000448524952,-0.052
30.133333782354992,-0.049
30.16666711618503,-0.042
30.200000450015068,-0.088
30.233333783845108,-0.132
30.266667117675148,-0.129
30.300000451505184,-0.137
30.333333785335224,-0.112
30.366667119165264,-0.092
30.4000004529953,-0.069
30.43333378682534,-0.049
