time_min,absorb_mau
0.0,0.001
0.0666666676600774,0.032
0.133333335320155,0.085
0.200000002980232,0.122
0.26666667064031,0.033
0.333333338300387,0.0
0.400000005960465,-0.03
0.466666673620542,-0.025
0.533333341280619,0.092
0.600000008940697,0.178
0.666666676600774,1.036
0.733333344260852,3.155
0.800000011920929,4.771
0.866666679581006,5.47
0.933333347241084,6.046
1.00000001490116,6.72
1.06666668256124,7.348
1.13333335022132,7.789
1.20000001788139,7.826
1.26666668554147,7.787
1.33333335320155,7.721
1.40000002086163,7.66
1.4666666885217,7.509
1.53333335618178,7.292
1.60000002384186,7.023
1.66666669150194,6.859
1.73333335916201,6.663
1.80000002682209,6.506
1.86666669448217,6.435
1.93333336214225,6.351
2.00000002980232,6.215
2.0666666974624,6.246
2.13333336512248,6.297
2.20000003278255,6.265
2.26666670044263,6.314
2.33333336810271,6.358
2.40000003576279,6.471
2.46666670342286,6.43
2.53333337108294,6.479
2.60000003874302,6.695
2.6666667064031,6.921
2.73333337406317,7.054
2.80000004172325,7.233
2.86666670938333,7.384
2.93333337704341,7.549
3.00000004470348,7.848
3.06666671236356,8.017
3.13333338002364,8.138
3.20000004768372,8.319
3.26666671534379,8.479
3.33333338300387,8.673
3.40000005066395,8.932
3.46666671832403,9.14
3.5333333859841,9.414
3.60000005364418,9.689
3.66666672130426,9.984
3.73333338896434,10.277
3.80000005662441,10.476
3.86666672428449,10.723
3.93333339194457,10.938
4.00000005960465,11.218
4.06666672726472,11.542
4.1333333949248,11.905
4.20000006258488,12.25
4.26666673024495,12.526
4.33333339790503,12.893
4.40000006556511,13.189
4.46666673322519,13.458
4.53333340088526,13.67
4.60000006854534,14.029
4.66666673620542,14.294
4.7333334038655,14.527
4.80000007152557,14.823
4.86666673918565,15.017
4.93333340684573,15.234
5.00000007450581,15.415
5.06666674216588,15.58
5.13333340982596,15.814
5.20000007748604,15.963
5.26666674514612,16.103
5.33333341280619,16.305
5.40000008046627,16.492
5.46666674812635,16.588
5.53333341578643,16.604
5.6000000834465,16.661
5.66666675110658,16.825
5.73333341876666,16.963
5.80000008642674,17.112
5.86666675408681,17.222
5.93333342174689,17.336
6.00000008940697,17.481
6.06666675706705,17.561
6.13333342472712,17.577
6.2000000923872,17.649
6.26666676004728,17.816
6.33333342770735,17.976
6.40000009536743,18.114
6.46666676302751,18.211
6.53333343068759,18.282
6.60000009834766,18.298
6.66666676600774,18.446
6.73333343366782,18.477
6.8000001013279,18.447
6.86666676898797,18.488
6.93333343664805,18.425
7.00000010430813,18.445
7.06666677196821,18.493
7.13333343962828,18.526
7.20000010728836,18.65
7.26666677494844,18.773
7.33333344260852,18.79
7.40000011026859,18.894
7.46666677792867,19.12
7.53333344558875,19.255
7.60000011324883,19.266
7.6666667809089,19.284
7.73333344856898,19.294
7.80000011622906,19.36
7.86666678388914,19.457
7.93333345154921,19.593
8.00000011920929,19.639
8.06666678686937,19.585
8.13333345452944,19.554
8.20000012218952,19.517
8.2666667898496,19.48
8.33333345750968,19.347
8.40000012516975,19.294
8.46666679282983,19.366
8.53333346048991,19.386
8.60000012814999,19.389
8.66666679581006,19.339
8.73333346347014,19.338
8.80000013113022,19.431
8.8666667987903,19.489
8.93333346645037,19.382
9.00000013411045,19.255
9.06666680177053,19.235
9.13333346943061,19.288
9.20000013709068,19.323
9.26666680475076,19.377
9.33333347241084,19.391
9.40000014007092,19.366
9.46666680773099,19.347
9.53333347539107,19.324
9.60000014305115,19.269
9.66666681071123,19.233
9.7333334783713,19.199
9.80000014603138,19.09
9.86666681369146,19.032
9.93333348135154,19.084
10.0000001490116,19.096
10.0666668166717,19.103
10.1333334843318,19.062
10.2000001519918,19.013
10.2666668196519,18.954
10.333333487312,18.862
10.4000001549721,18.832
10.4666668226322,18.739
10.5333334902922,18.662
10.6000001579523,18.744
10.6666668256124,18.892
10.7333334932725,18.965
10.8000001609325,19.063
10.8666668285926,19.126
10.9333334962527,19.061
11.0000001639128,19.06
11.0666668315729,19.049
11.1333334992329,19.023
11.200000166893,19.103
11.2666668345531,19.08
11.3333335022132,19.048
11.4000001698732,19.073
11.4666668375333,18.991
11.5333335051934,18.926
11.6000001728535,18.713
11.6666668405135,18.55
11.7333335081736,18.454
11.8000001758337,18.357
11.8666668434938,18.308
11.9333335111539,18.199
12.0000001788139,18.156
12.066666846474,18.178
12.1333335141341,18.229
12.2000001817942,18.235
12.2666668494542,18.146
12.3333335171143,18.135
12.4000001847744,18.098
12.4666668524345,18.047
12.5333335200946,17.921
12.6000001877546,17.791
12.6666668554147,17.733
12.7333335230748,17.806
12.8000001907349,17.725
12.8666668583949,17.662
12.933333526055,17.655
13.0000001937151,17.565
13.0666668613752,17.47
13.1333335290353,17.444
13.2000001966953,17.252
13.2666668643554,17.117
13.3333335320155,17.055
13.4000001996756,17.037
13.4666668673356,17.019
13.5333335349957,17.234
13.6000002026558,17.3
13.6666668703159,17.219
13.733333537976,17.151
13.800000205636,17.068
13.8666668732961,16.892
13.9333335409562,16.791
14.0000002086163,16.744
14.0666668762763,16.791
14.1333335439364,16.829
14.2000002115965,16.935
14.2666668792566,16.978
14.3333335469166,16.963
14.4000002145767,16.964
14.4666668822368,16.847
14.5333335498969,16.758
14.600000217557,16.675
14.666666885217,16.63
14.7333335528771,16.544
14.8000002205372,16.425
14.8666668881973,16.453
14.9333335558573,16.427
15.0000002235174,16.322
15.0666668911775,16.23
15.1333335588376,16.134
15.2000002264977,16.149
15.2666668941577,16.124
15.3333335618178,15.94
15.4000002294779,15.834
15.466666897138,15.784
15.533333564798,15.737
15.6000002324581,15.871
15.6666669001182,15.89
15.7333335677783,15.807
15.8000002354383,15.729
15.8666669030984,15.624
15.9333335707585,15.417
16.0000002384186,15.318
16.0666669060787,15.239
16.1333335737387,15.288
16.2000002413988,15.18
16.2666669090589,15.191
16.333333576719,15.177
16.400000244379,15.248
16.4666669120391,15.222
16.5333335796992,15.183
16.6000002473593,15.222
16.6666669150194,15.204
16.7333335826794,15.138
16.8000002503395,15.104
16.8666669179996,15.226
16.9333335856597,15.213
17.0000002533197,15.173
17.0666669209798,15.149
17.1333335886399,15.09
17.2000002563,15.075
17.26666692396,14.998
17.3333335916201,15.036
17.4000002592802,14.983
17.4666669269403,14.868
17.5333335946004,14.829
17.6000002622604,14.712
17.6666669299205,14.742
17.7333335975806,14.749
17.8000002652407,14.656
17.8666669329007,14.636
17.9333336005608,14.486
18.0000002682209,14.31
18.066666935881,14.082
18.1333336035411,14.044
18.2000002712011,13.987
18.2666669388612,13.874
18.3333336065213,13.868
18.4000002741814,13.755
18.4666669418414,13.775
18.5333336095015,13.872
18.6000002771616,13.966
18.6666669448217,13.818
18.7333336124818,13.738
18.8000002801418,13.535
18.8666669478019,13.379
18.933333615462,13.334
19.0000002831221,13.334
19.0666669507821,13.43
19.1333336184422,13.339
19.2000002861023,13.255
19.2666669537624,13.136
19.3333336214225,13.013
19.4000002890825,12.783
19.4666669567426,12.67
19.5333336244027,12.546
19.6000002920628,12.426
19.6666669597228,12.382
19.7333336273829,12.331
19.800000295043,12.287
19.8666669627031,12.433
19.9333336303631,12.488
20.0000002980232,12.423
20.0666669656833,12.476
20.1333336333434,12.414
20.2000003010035,12.357
20.2666669686635,12.345
20.3333336363236,12.298
20.4000003039837,12.29
20.4666669716438,12.35
20.5333336393038,12.32
20.6000003069639,12.329
20.666666974624,12.255
20.7333336422841,12.237
20.8000003099441,12.035
20.8666669776042,11.976
20.9333336452643,11.758
21.0000003129244,11.671
21.0666669805845,11.564
21.1333336482445,11.568
21.2000003159046,11.511
21.2666669835647,11.49
21.3333336512248,11.449
21.4000003188848,11.396
21.4666669865449,11.346
21.533333654205,11.198
21.6000003218651,11.034
21.6666669895252,10.954
21.7333336571852,10.915
21.8000003248453,10.96
21.8666669925054,10.919
21.9333336601655,10.764
22.0000003278255,10.669
22.0666669954856,10.634
22.1333336631457,10.483
22.2000003308058,10.327
22.2666669984659,10.109
22.3333336661259,9.995
22.400000333786,9.894
22.4666670014461,9.917
22.5333336691062,9.946
22.6000003367662,9.838
22.6666670044263,9.728
22.7333336720864,9.633
22.8000003397465,9.507
22.8666670074066,9.37
22.9333336750666,9.323
23.0000003427267,9.212
23.0666670103868,9.146
23.1333336780469,9.079
23.2000003457069,9.003
23.266667013367,8.868
23.3333336810271,8.891
23.4000003486872,8.873
23.4666670163473,8.894
23.5333336840073,8.843
23.6000003516674,8.706
23.6666670193275,8.634
23.7333336869876,8.626
23.8000003546476,8.585
23.8666670223077,8.563
23.9333336899678,8.43
24.0000003576279,8.395
24.0666670252879,8.317
24.133333692948,8.265
24.2000003606081,8.22
24.2666670282682,8.063
24.3333336959283,7.898
24.4000003635883,7.882
24.4666670312484,7.779
24.5333336989085,7.653
24.6000003665686,7.537
24.6666670342286,7.554
24.7333337018887,7.494
24.8000003695488,7.419
24.8666670372089,7.252
24.933333704869,7.225
25.000000372529,7.25
25.0666670401891,7.166
25.1333337078492,6.963
25.2000003755093,6.867
25.2666670431693,6.759
25.3333337108294,6.596
25.4000003784895,6.59
25.4666670461496,6.543
25.5333337138096,6.495
25.6000003814697,6.327
25.6666670491298,6.271
25.7333337167899,6.171
25.80000038445,6.063
25.86666705211,6.03
25.9333337197701,5.97
26.0000003874302,6.03
26.0666670550903,6.028
26.1333337227503,6.043
26.2000003904104,5.932
26.2666670580705,5.886
26.3333337257306,5.917
26.4000003933907,5.719
26.4666670610507,5.532
26.5333337287108,5.45
26.6000003963709,5.408
26.666667064031,5.308
26.733333731691,5.303
26.8000003993511,5.222
26.8666670670112,5.313
26.9333337346713,5.288
27.0000004023314,5.22
27.0666670699914,5.123
27.1333337376515,4.97
27.2000004053116,4.906
27.2666670729717,4.798
27.3333337406317,4.788
27.4000004082918,4.8
27.4666670759519,4.762
27.533333743612,4.712
27.600000411272,4.529
27.6666670789321,4.51
27.7333337465922,4.624
27.8000004142523,4.569
27.8666670819124,4.493
27.9333337495724,4.436
28.0000004172325,4.355
28.0666670848926,4.251
28.1333337525527,4.202
28.2000004202127,4.187
28.2666670878728,4.107
28.3333337555329,4.029
28.400000423193,3.972
28.4666670908531,3.918
28.5333337585131,3.83
28.6000004261732,3.68
28.6666670938333,3.631
28.7333337614934,3.576
28.8000004291534,3.496
28.8666670968135,3.449
28.9333337644736,3.547
29.0000004321337,3.579
29.0666670997938,3.6
29.1333337674538,3.553
29.2000004351139,3.448
29.266667102774,3.353
29.3333337704341,3.263
29.4000004380941,3.136
29.4666671057542,3.083
29.5333337734143,3.086
29.6000004410744,3.116
29.6666671087344,3.153
29.7333337763945,3.061
29.8000004440546,3.034
29.8666671117147,2.969
29.9333337793748,2.952
30.0000004470348,2.89
30.0666671146949,2.826
30.133333782355,2.801
30.2000004500151,2.82
30.2666671176751,2.843
30.3333337853352,2.863
30.4000004529953,2.806
30.4666671206554,2.769
30.5333337883155,2.706
30.6000004559755,2.701
30.6666671236356,2.677
30.7333337912957,2.66
30.8000004589558,2.75
30.8666671266158,2.724
30.9333337942759,2.685
31.000000461936,2.649
31.0666671295961,2.702
31.1333337972562,2.616
31.2000004649162,2.545
31.2666671325763,2.61
31.3333338002364,2.667
31.4000004678965,2.548
31.4666671355565,2.427
31.5333338032166,2.359
31.6000004708767,2.351
31.6666671385368,2.253
31.7333338061968,2.241
31.8000004738569,2.405
31.866667141517,2.432
31.9333338091771,2.332
32.0000004768372,2.263
32.0666671444972,2.225
32.1333338121573,2.131
32.2000004798174,2.093
32.2666671474775,2.024
32.3333338151375,2.009
32.4000004827976,1.975
32.4666671504577,2.017
32.5333338181178,1.944
32.6000004857779,1.885
32.6666671534379,1.824
32.733333821098,1.809
32.8000004887581,1.728
32.8666671564182,1.698
32.9333338240782,1.71
33.0000004917383,1.807
33.0666671593984,1.819
33.1333338270585,1.903
33.2000004947186,2.012
33.2666671623786,1.899
33.3333338300387,1.923
33.4000004976988,2.044
33.4666671653589,2.001
33.5333338330189,1.843
33.600000500679,1.75
33.6666671683391,1.634
33.7333338359992,1.606
33.8000005036592,1.595
33.8666671713193,1.671
33.9333338389794,1.655
34.0000005066395,1.616
34.0666671742996,1.615
34.1333338419596,1.625
34.2000005096197,1.719
34.2666671772798,1.708
34.3333338449399,1.68
34.4000005125999,1.69
34.46666718026,1.709
34.5333338479201,1.699
34.6000005155802,1.699
34.6666671832403,1.777
34.7333338509003,1.69
34.8000005185604,1.641
34.8666671862205,1.626
34.9333338538806,1.625
35.0000005215406,1.669
35.0666671892007,1.733
35.1333338568608,1.649
35.2000005245209,1.619
35.266667192181,1.605
35.333333859841,1.543
35.4000005275011,1.524
35.4666671951612,1.49
35.5333338628213,1.496
35.6000005304813,1.505
35.6666671981414,1.509
35.7333338658015,1.643
35.8000005334616,1.589
35.8666672011217,1.536
35.9333338687817,1.581
36.0000005364418,1.607
36.0666672041019,1.586
36.133333871762,1.635
36.200000539422,1.632
36.2666672070821,1.665
36.3333338747422,1.689
36.4000005424023,1.677
36.4666672100623,1.679
36.5333338777224,1.587
36.6000005453825,1.652
36.6666672130426,1.704
36.7333338807027,1.706
36.8000005483627,1.645
36.8666672160228,1.538
36.9333338836829,1.557
37.000000551343,1.538
37.066667219003,1.532
37.1333338866631,1.633
37.2000005543232,1.569
37.2666672219833,1.475
37.3333338896434,1.505
37.4000005573034,1.464
37.4666672249635,1.406
37.5333338926236,1.415
37.6000005602837,1.354
37.6666672279437,1.345
37.7333338956038,1.372
37.8000005632639,1.306
37.866667230924,1.418
37.9333338985841,1.487
38.0000005662441,1.502
38.0666672339042,1.438
38.1333339015643,1.424
38.2000005692244,1.435
38.2666672368844,1.4
38.3333339045445,1.411
38.4000005722046,1.43
38.4666672398647,1.513
38.5333339075247,1.702
38.6000005751848,1.78
38.6666672428449,1.749
38.733333910505,1.811
38.8000005781651,1.754
38.8666672458251,1.791
38.9333339134852,1.695
39.0000005811453,1.734
39.0666672488054,1.739
39.1333339164654,1.78
39.2000005841255,1.846
39.2666672517856,1.742
39.3333339194457,1.604
39.4000005871057,1.474
39.4666672547658,1.51
39.5333339224259,1.441
39.600000590086,1.51
39.6666672577461,1.476
39.7333339254061,1.448
39.8000005930662,1.463
39.8666672607263,1.513
39.9333339283864,1.506
40.0000005960465,1.539
40.0666672637065,1.552
40.1333339313666,1.59
40.2000005990267,1.617
40.2666672666868,1.553
40.3333339343468,1.472
40.4000006020069,1.466
40.466667269667,1.411
40.5333339373271,1.388
40.6000006049871,1.474
40.6666672726472,1.567
40.7333339403073,1.588
40.8000006079674,1.724
40.8666672756275,1.648
40.9333339432875,1.722
41.0000006109476,1.79
41.0666672786077,1.733
41.1333339462678,1.755
41.2000006139278,1.723
41.2666672815879,1.76
41.333333949248,1.761
41.4000006169081,1.745
41.4666672845682,1.72
41.5333339522282,1.668
41.6000006198883,1.595
41.6666672875484,1.624
41.7333339552085,1.578
41.8000006228685,1.533
41.8666672905286,1.581
41.9333339581887,1.599
42.0000006258488,1.586
42.0666672935089,1.647
42.1333339611689,1.581
42.200000628829,1.578
42.2666672964891,1.67
42.3333339641492,1.7
42.4000006318092,1.714
42.4666672994693,1.741
42.5333339671294,1.777
42.6000006347895,1.698
42.6666673024496,1.568
42.7333339701096,1.56
42.8000006377697,1.611
42.8666673054298,1.608
42.9333339730899,1.593
43.0000006407499,1.568
43.06666730841,1.544
43.1333339760701,1.555
43.2000006437302,1.544
43.2666673113902,1.497
43.3333339790503,1.468
43.4000006467104,1.416
43.4666673143705,1.368
43.5333339820306,1.391
43.6000006496906,1.427
43.6666673173507,1.487
43.7333339850108,1.531
43.8000006526709,1.531
43.8666673203309,1.438
43.933333987991,1.493
44.0000006556511,1.531
44.0666673233112,1.55
44.1333339909713,1.544
44.2000006586313,1.528
44.2666673262914,1.41
44.3333339939515,1.4
44.4000006616116,1.547
44.4666673292716,1.647
44.5333339969317,1.616
44.6000006645918,1.586
44.6666673322519,1.54
44.733333999912,1.576
44.800000667572,1.688
44.8666673352321,1.669
44.9333340028922,1.704
45.0000006705523,1.726
45.0666673382123,1.732
45.1333340058724,1.77
45.2000006735325,1.65
45.2666673411926,1.654
45.3333340088526,1.62
45.4000006765127,1.565
45.4666673441728,1.544
45.5333340118329,1.587
45.600000679493,1.68
45.666667347153,1.681
45.7333340148131,1.702
45.8000006824732,1.835
45.8666673501333,1.716
45.9333340177933,1.595
46.0000006854534,1.622
46.0666673531135,1.615
46.1333340207736,1.594
46.2000006884337,1.654
46.2666673560937,1.629
46.3333340237538,1.766
46.4000006914139,1.873
46.466667359074,1.762
46.533334026734,1.768
46.6000006943941,1.684
46.6666673620542,1.791
46.7333340297143,1.723
46.8000006973743,1.653
46.8666673650344,1.644
46.9333340326945,1.679
47.0000007003546,1.709
47.0666673680147,1.641
47.1333340356747,1.616
47.2000007033348,1.602
47.2666673709949,1.616
47.333334038655,1.583
47.400000706315,1.649
47.4666673739751,1.589
47.5333340416352,1.612
47.6000007092953,1.673
47.6666673769554,1.727
47.7333340446154,1.649
47.8000007122755,1.751
47.8666673799356,1.831
47.9333340475957,1.78
48.0000007152557,1.846
48.0666673829158,1.808
48.1333340505759,1.796
48.200000718236,1.803
48.2666673858961,1.674
48.3333340535561,1.669
48.4000007212162,1.614
48.4666673888763,1.52
48.5333340565364,1.597
48.6000007241964,1.604
48.6666673918565,1.567
48.7333340595166,1.62
48.8000007271767,1.563
48.8666673948367,1.585
48.9333340624968,1.581
49.0000007301569,1.573
49.066667397817,1.603
49.1333340654771,1.609
49.2000007331371,1.558
49.2666674007972,1.621
49.3333340684573,1.606
49.4000007361174,1.589
49.4666674037774,1.569
49.5333340714375,1.574
49.6000007390976,1.491
49.6666674067577,1.513
49.7333340744178,1.527
49.8000007420778,1.591
49.8666674097379,1.549
49.933334077398,1.603
50.0000007450581,1.564
50.0666674127181,1.553
50.1333340803782,1.614
50.2000007480383,1.64
50.2666674156984,1.613
50.3333340833585,1.585
50.4000007510185,1.669
50.4666674186786,1.633
50.5333340863387,1.579
50.6000007539988,1.687
50.6666674216588,1.731
50.7333340893189,1.702
