time_min,absorb_mau
0.0,0.003
0.0266666670640309,0.002
0.0533333341280619,-0.029
0.0800000011920929,-0.073
0.1066666682561238,-0.124
0.1333333353201548,-0.131
0.1600000023841858,-0.095
0.1866666694482167,-0.072
0.2133333365122477,-0.081
0.2400000035762786,-0.123
0.2666666706403096,-0.119
0.2933333377043406,-0.111
0.3200000047683716,-0.139
0.3466666718324026,-0.169
0.3733333388964335,-0.228
0.4000000059604645,-0.262
0.4266666730244954,-0.263
0.4533333400885264,-0.282
0.4800000071525573,-0.259
0.5066666742165884,-0.242
0.5333333412806193,-0.202
0.5600000083446502,-0.212
0.5866666754086812,-0.199
0.6133333424727122,-0.171
0.6400000095367432,-0.018
0.6666666766007742,0.244
0.6933333436648051,0.606
0.7200000107288361,1.015
0.746666677792867,1.41
0.773333344856898,1.757
0.800000011920929,1.998
0.8266666789849599,2.149
0.8533333460489909,2.226
0.8800000131130219,2.272
0.9066666801770528,2.295
0.933333347241084,2.323
0.9600000143051148,2.316
0.9866666813691456,2.341
1.0133333484331768,2.409
1.0400000154972078,2.536
1.0666666825612383,2.629
1.0933333496252695,2.722
1.1200000166893005,2.773
1.1466666837533317,2.891
1.1733333508173625,2.999
1.2000000178813934,3.089
1.2266666849454244,3.173
1.2533333520094554,3.25
1.2800000190734864,3.331
1.3066666861375174,3.365
1.3333333532015483,3.435
1.360000020265579,3.505
1.3866666873296103,3.615
1.4133333543936413,3.726
1.4400000214576725,3.813
1.4666666885217032,3.908
1.493333355585734,3.969
1.520000022649765,4.058
1.546666689713796,4.126
1.573333356777827,4.2
1.600000023841858,4.279
1.626666690905889,4.417
1.65333335796992,4.563
1.6800000250339509,4.729
1.7066666920979818,4.85
1.7333333591620128,4.974
1.7600000262260438,5.061
1.7866666932900748,5.198
1.8133333603541055,5.276
1.8400000274181367,5.399
1.866666694482168,5.51
1.8933333615461987,5.667
1.9200000286102292,5.822
1.9466666956742604,5.929
1.9733333627382916,6.07
2.0000000298023224,6.196
2.0266666968663536,6.342
2.0533333639303843,6.466
2.0800000309944155,6.59
2.1066666980584463,6.768
2.133333365122477,6.911
2.1600000321865083,7.105
2.186666699250539,7.251
2.2133333663145702,7.426
2.240000033378601,7.565
2.266666700442632,7.726
2.293333367506663,7.895
2.320000034570694,8.095
2.346666701634725,8.262
2.373333368698756,8.389
2.400000035762787,8.493
2.426666702826818,8.612
2.453333369890849,8.767
2.48000003695488,8.901
2.506666704018911,9.049
2.533333371082942,9.164
2.5600000381469727,9.288
2.5866667052110035,9.459
2.6133333722750347,9.615
2.640000039339065,9.815
2.6666667064030967,9.894
2.6933333734671274,10.023
2.720000040531158,10.1
2.7466667075951894,10.204
2.7733333746592206,10.323
2.800000041723252,10.446
2.8266667087872825,10.574
2.8533333758513133,10.701
2.8800000429153445,10.816
2.9066667099793757,10.944
2.9333333770434065,11.04
2.960000044107437,11.159
2.986666711171468,11.309
3.013333378235499,11.456
3.04000004529953,11.538
3.066666712363561,11.628
3.093333379427592,11.736
3.120000046491623,11.894
3.146666713555654,11.988
3.173333380619685,12.049
3.200000047683716,12.112
3.226666714747747,12.191
3.253333381811778,12.275
3.280000048875809,12.352
3.30666671593984,12.371
3.333333383003871,12.421
3.3600000500679017,12.508
3.386666717131933,12.594
3.413333384195964,12.66
3.4400000512599944,12.669
3.4666667183240256,12.706
3.4933333853880564,12.76
3.520000052452088,12.81
3.5466667195161183,12.893
3.573333386580149,13.04
3.6000000536441803,13.19
3.626666720708212,13.309
3.653333387772242,13.363
3.6800000548362735,13.465
3.706666721900304,13.525
3.733333388964336,13.562
3.760000056028366,13.583
3.786666723092397,13.682
3.813333390156428,13.803
3.840000057220459,13.926
3.86666672428449,13.968
3.893333391348521,14.022
3.920000058412552,14.098
3.946666725476583,14.17
3.973333392540614,14.196
4.000000059604645,14.198
4.026666726668676,14.157
4.053333393732707,14.146
4.0800000607967375,14.155
4.106666727860769,14.179
4.1333333949248,14.24
4.160000061988831,14.284
4.186666729052861,14.318
4.213333396116893,14.345
4.240000063180924,14.342
4.266666730244954,14.373
4.293333397308985,14.407
4.3200000643730165,14.499
4.346666731437048,14.558
4.373333398501078,14.605
4.400000065565109,14.638
4.4266667326291405,14.627
4.453333399693172,14.677
4.480000066757202,14.704
4.506666733821233,14.782
4.533333400885264,14.808
4.560000067949296,14.831
4.586666735013326,14.82
4.613333402077357,14.836
4.640000069141388,14.887
4.66666673620542,14.918
4.69333340326945,14.951
4.720000070333481,14.913
4.746666737397512,14.878
4.773333404461543,14.849
4.800000071525574,14.861
4.826666738589605,14.879
4.853333405653636,14.879
4.880000072717666,14.854
4.906666739781698,14.87
4.933333406845729,14.885
4.96000007390976,14.943
4.98666674097379,14.992
5.013333408037822,15.021
5.040000075101853,15.069
5.066666742165884,15.114
5.093333409229914,15.161
5.1200000762939455,15.206
5.146666743357977,15.206
5.173333410422007,15.275
5.200000077486038,15.282
5.226666744550069,15.322
5.253333411614101,15.324
5.280000078678131,15.41
5.306666745742162,15.452
5.333333412806193,15.462
5.3600000798702245,15.454
5.386666746934255,15.468
5.413333413998286,15.474
5.440000081062317,15.529
5.4666667481263485,15.576
5.493333415190379,15.675
5.52000008225441,15.717
5.546666749318441,15.733
5.573333416382472,15.702
5.600000083446503,15.693
5.626666750510534,15.677
5.653333417574565,15.642
5.680000084638595,15.654
5.706666751702627,15.611
5.733333418766658,15.587
5.760000085830689,15.564
5.786666752894719,15.541
5.813333419958751,15.539
5.840000087022782,15.516
5.866666754086813,15.505
5.893333421150843,15.471
5.920000088214874,15.469
5.946666755278906,15.442
5.973333422342936,15.434
6.000000089406967,15.417
6.026666756470998,15.407
6.05333342353503,15.396
6.08000009059906,15.396
6.106666757663091,15.389
6.133333424727122,15.355
6.1600000917911535,15.276
6.186666758855184,15.184
6.213333425919215,15.121
6.240000092983246,15.066
6.266666760047277,15.026
6.293333427111308,14.986
6.320000094175339,14.975
6.34666676123937,14.938
6.373333428303401,14.902
6.400000095367432,14.872
6.426666762431463,14.896
6.453333429495494,14.935
6.480000096559524,14.931
6.506666763623556,14.951
6.533333430687587,14.917
6.560000097751618,14.924
6.586666764815648,14.888
6.61333343187968,14.882
6.640000098943711,14.846
6.666666766007742,14.813
6.693333433071772,14.762
6.720000100135803,14.741
6.746666767199835,14.678
6.773333434263866,14.66
6.800000101327896,14.632
6.826666768391927,14.636
6.853333435455959,14.602
6.880000102519989,14.555
6.90666676958402,14.516
6.933333436648051,14.445
6.960000103712082,14.394
6.986666770776113,14.329
7.013333437840144,14.295
7.040000104904175,14.238
7.066666771968206,14.177
7.093333439032237,14.131
7.120000106096268,14.104
7.146666773160299,14.107
7.17333344022433,14.117
7.200000107288361,14.115
7.226666774352392,14.111
7.253333441416423,14.128
7.280000108480453,14.125
7.306666775544484,14.08
7.333333442608516,14.063
7.360000109672547,14.014
7.386666776736577,14.005
7.413333443800608,13.972
7.44000011086464,13.956
7.466666777928671,13.957
7.493333444992701,13.939
7.520000112056732,13.921
7.546666779120764,13.888
7.573333446184795,13.898
7.600000113248825,13.882
7.626666780312856,13.866
7.653333447376887,13.857
7.680000114440918,13.816
7.706666781504949,13.802
7.73333344856898,13.766
7.760000115633011,13.718
7.786666782697042,13.679
7.813333449761073,13.668
7.840000116825104,13.658
7.866666783889135,13.633
7.893333450953166,13.587
7.920000118017197,13.559
7.946666785081228,13.546
7.973333452145259,13.498
8.00000011920929,13.447
8.02666678627332,13.397
8.053333453337352,13.383
8.080000120401383,13.36
8.106666787465414,13.367
8.133333454529444,13.328
8.160000121593475,13.345
8.186666788657506,13.325
8.213333455721537,13.329
8.240000122785569,13.31
8.2666667898496,13.308
8.293333456913631,13.326
8.320000123977662,13.342
8.346666791041692,13.332
8.373333458105723,13.324
8.400000125169754,13.304
8.426666792233785,13.284
8.453333459297816,13.255
8.480000126361848,13.211
8.506666793425879,13.178
8.533333460489908,13.133
8.56000012755394,13.082
8.58666679461797,13.019
8.613333461682002,12.984
8.640000128746033,12.964
8.666666795810064,12.986
8.693333462874095,13.001
8.720000129938127,12.974
8.746666797002156,13.004
8.773333464066187,12.965
8.800000131130219,12.961
8.82666679819425,12.891
8.853333465258281,12.888
8.880000132322312,12.859
8.906666799386343,12.838
8.933333466450373,12.803
8.960000133514404,12.715
8.986666800578435,12.633
9.013333467642466,12.575
9.040000134706498,12.485
9.066666801770529,12.4
9.09333346883456,12.283
9.120000135898591,12.194
9.14666680296262,12.121
9.173333470026652,12.053
9.200000137090685,11.931
9.226666804154714,11.85
9.253333471218744,11.817
9.280000138282777,11.82
9.306666805346808,11.801
9.33333347241084,11.761
9.360000139474868,11.732
9.3866668065389,11.73
9.41333347360293,11.701
9.440000140666962,11.682
9.466666807730991,11.667
9.493333474795024,11.662
9.520000141859056,11.638
9.546666808923083,11.618
9.573333475987116,11.587
9.600000143051147,11.545
9.62666681011518,11.48
9.65333347717921,11.433
9.68000014424324,11.347
9.706666811307272,11.256
9.733333478371303,11.205
9.760000145435331,11.189
9.786666812499364,11.173
9.813333479563395,11.117
9.840000146627428,11.054
9.866666813691458,10.997
9.893333480755487,10.951
9.92000014781952,10.865
9.94666681488355,10.79
9.97333348194758,10.685
10.000000149011612,10.654
10.026666816075643,10.592
10.053333483139674,10.567
10.080000150203706,10.545
10.106666817267737,10.544
10.133333484331768,10.561
10.160000151395796,10.519
10.186666818459829,10.484
10.21333348552386,10.431
10.240000152587893,10.404
10.266666819651922,10.354
10.293333486715952,10.34
10.320000153779985,10.3
10.346666820844014,10.289
10.373333487908043,10.242
10.400000154972076,10.225
10.426666822036108,10.213
10.45333348910014,10.203
10.48000015616417,10.132
10.5066668232282,10.069
10.533333490292232,9.989
10.560000157356262,9.927
10.586666824420291,9.877
10.613333491484324,9.847
10.640000158548355,9.816
10.666666825612388,9.765
10.693333492676418,9.736
10.720000159740447,9.733
10.746666826804478,9.728
10.77333349386851,9.72
10.80000016093254,9.692
10.826666827996572,9.668
10.853333495060603,9.629
10.880000162124634,9.581
10.906666829188666,9.526
10.933333496252695,9.456
10.960000163316726,9.394
10.986666830380758,9.383
11.013333497444789,9.387
11.04000016450882,9.417
11.066666831572851,9.385
11.093333498636882,9.385
11.120000165700914,9.352
11.146666832764945,9.378
11.173333499828974,9.35
11.200000166893004,9.381
11.226666833957037,9.366
11.253333501021068,9.356
11.2800001680851,9.324
11.30666683514913,9.258
11.33333350221316,9.209
11.36000016927719,9.132
11.386666836341222,9.093
11.413333503405251,9.049
11.440000170469284,9.053
11.466666837533316,9.039
11.493333504597349,9.037
11.520000171661378,8.982
11.546666838725407,8.935
11.57333350578944,8.903
11.60000017285347,8.885
11.6266668399175,8.839
11.653333506981532,8.766
11.680000174045563,8.731
11.706666841109596,8.786
11.733333508173626,8.799
11.760000175237655,8.815
11.786666842301686,8.713
11.813333509365718,8.678
11.840000176429747,8.565
11.86666684349378,8.488
11.893333510557811,8.34
11.920000177621842,8.284
11.946666844685872,8.24
11.973333511749903,8.206
12.000000178813934,8.117
12.026666845877966,8.021
12.053333512941997,7.951
12.080000180006028,7.923
12.10666684707006,7.863
12.13333351413409,7.822
12.16000018119812,7.762
12.186666848262153,7.671
12.213333515326182,7.565
12.240000182390212,7.528
12.266666849454245,7.482
12.293333516518276,7.473
12.320000183582309,7.415
12.346666850646336,7.368
12.373333517710368,7.321
12.4000001847744,7.264
12.42666685183843,7.222
12.45333351890246,7.142
12.480000185966492,7.056
12.506666853030524,6.994
12.533333520094557,6.949
12.560000187158584,6.891
12.586666854222615,6.827
12.613333521286648,6.763
12.640000188350678,6.732
12.666666855414707,6.682
12.69333352247874,6.658
12.720000189542771,6.593
12.746666856606804,6.553
12.773333523670832,6.515
12.800000190734863,6.515
12.826666857798894,6.552
12.853333524862926,6.559
12.880000191926957,6.536
12.906666858990988,6.468
12.93333352605502,6.363
12.960000193119049,6.307
12.98666686018308,6.237
13.013333527247111,6.244
13.040000194311142,6.234
13.066666861375174,6.235
13.093333528439205,6.203
13.120000195503236,6.127
13.146666862567267,6.067
13.173333529631297,5.987
13.200000196695328,5.938
13.22666686375936,5.92
13.25333353082339,5.898
13.28000019788742,5.871
13.306666864951453,5.81
13.333333532015484,5.74
13.360000199079511,5.681
13.386666866143544,5.624
13.413333533207576,5.605
13.440000200271609,5.613
13.466666867335638,5.599
13.49333353439967,5.559
13.5200002014637,5.489
13.546666868527732,5.459
13.57333353559176,5.467
13.600000202655792,5.509
13.626666869719823,5.562
13.653333536783856,5.55
13.680000203847886,5.508
13.706666870911915,5.425
13.733333537975948,5.359
13.760000205039978,5.317
13.786666872104009,5.285
13.81333353916804,5.272
13.840000206232071,5.212
13.866666873296102,5.206
13.893333540360134,5.218
13.920000207424165,5.276
13.946666874488196,5.3
13.973333541552226,5.288
14.000000208616257,5.203
14.026666875680288,5.13
14.05333354274432,5.074
14.08000020980835,5.039
14.106666876872382,5.014
14.133333543936413,4.975
14.160000211000442,4.913
14.186666878064472,4.824
14.213333545128505,4.781
14.240000212192536,4.711
14.266666879256569,4.674
14.293333546320598,4.615
14.32000021338463,4.584
14.34666688044866,4.54
14.37333354751269,4.515
14.40000021457672,4.462
14.426666881640752,4.389
14.453333548704784,4.271
14.480000215768817,4.193
14.506666882832846,4.162
14.533333549896875,4.147
14.560000216960908,4.114
14.586666884024938,4.072
14.613333551088967,4.045
14.640000218153,4.033
14.666666885217031,3.984
14.693333552281064,3.967
14.720000219345094,3.915
14.746666886409123,3.91
14.773333553473154,3.858
14.800000220537186,3.799
14.826666887601217,3.736
14.853333554665248,3.697
14.88000022172928,3.641
14.90666688879331,3.616
14.933333555857342,3.544
14.960000222921373,3.514
14.986666889985402,3.475
15.013333557049434,3.449
15.040000224113465,3.493
15.066666891177496,3.545
15.093333558241527,3.592
15.120000225305558,3.56
15.14666689236959,3.52
15.17333355943362,3.447
15.20000022649765,3.384
15.22666689356168,3.285
15.253333560625713,3.209
15.280000227689744,3.148
15.306666894753777,3.133
15.333333561817806,3.107
15.360000228881836,3.072
15.386666895945869,3.012
15.413333563009898,2.963
15.44000023007393,2.933
15.46666689713796,2.939
15.493333564201992,2.946
15.520000231266025,2.913
15.546666898330054,2.883
15.573333565394083,2.887
15.600000232458116,2.855
15.626666899522146,2.785
15.653333566586175,2.705
15.680000233650208,2.671
15.70666690071424,2.682
15.73333356777827,2.663
15.7600002348423,2.648
15.786666901906331,2.627
15.813333568970362,2.6
15.840000236034394,2.562
15.866666903098425,2.491
15.893333570162456,2.453
15.920000237226487,2.448
15.946666904290518,2.451
15.973333571354548,2.484
16.00000023841858,2.499
16.02666690548261,2.534
16.05333357254664,2.533
16.080000239610673,2.512
16.106666906674704,2.474
16.133333573738735,2.416
16.160000240802766,2.357
16.186666907866798,2.311
16.21333357493083,2.299
16.24000024199486,2.324
16.266666909058888,2.367
16.29333357612292,2.393
16.32000024318695,2.407
16.34666691025098,2.347
16.373333577315012,2.335
16.400000244379044,2.28
16.426666911443075,2.285
16.453333578507106,2.206
16.480000245571137,2.156
16.50666691263517,2.115
16.5333335796992,2.114
16.56000024676323,2.125
16.586666913827262,2.126
16.613333580891293,2.11
16.640000247955324,2.061
16.666666915019352,1.989
16.693333582083383,1.959
16.720000249147414,1.971
16.746666916211446,2.023
16.773333583275477,1.997
16.800000250339508,1.972
16.82666691740354,1.887
16.85333358446757,1.858
16.8800002515316,1.812
16.906666918595633,1.784
16.933333585659664,1.751
16.960000252723695,1.729
16.986666919787726,1.707
17.013333586851758,1.682
17.04000025391579,1.62
17.066666920979817,1.553
17.093333588043848,1.503
17.12000025510788,1.488
17.14666692217191,1.45
17.17333358923594,1.42
17.200000256299973,1.37
17.226666923364004,1.406
17.253333590428035,1.395
17.280000257492066,1.384
17.306666924556097,1.337
17.33333359162013,1.301
17.36000025868416,1.305
17.38666692574819,1.317
17.413333592812222,1.345
17.440000259876253,1.378
17.46666692694028,1.399
17.493333594004312,1.4
17.520000261068343,1.36
17.546666928132375,1.328
17.573333595196406,1.255
17.600000262260437,1.218
17.626666929324468,1.176
17.6533335963885,1.152
17.68000026345253,1.136
17.706666930516562,1.095
17.733333597580593,1.08
17.760000264644624,1.06
17.786666931708655,1.071
17.813333598772687,1.053
17.840000265836718,1.076
17.866666932900745,1.068
17.893333599964777,1.111
17.920000267028808,1.131
17.94666693409284,1.156
17.97333360115687,1.146
18.0000002682209,1.1
18.026666935284933,1.077
18.053333602348964,1.032
18.080000269412995,1.052
18.106666936477023,1.019
18.133333603541057,0.989
18.16000027060509,0.954
18.18666693766912,0.937
18.21333360473315,0.917
18.240000271797182,0.892
18.266666938861214,0.857
18.29333360592524,0.802
18.320000272989272,0.739
18.346666940053304,0.715
18.37333360711733,0.739
18.40000027418137,0.752
18.4266669412454,0.735
18.45333360830943,0.689
18.48000027537346,0.687
18.50666694243749,0.676
18.53333360950152,0.665
18.560000276565557,0.661
18.586666943629584,0.7
18.613333610693616,0.761
18.640000277757647,0.788
18.66666694482168,0.82
18.693333611885706,0.809
18.720000278949737,0.814
18.746666946013768,0.786
18.7733336130778,0.794
18.80000028014183,0.802
18.82666694720586,0.804
18.853333614269893,0.789
18.880000281333924,0.801
18.906666948397955,0.836
18.933333615461983,0.842
18.960000282526018,0.861
18.98666694959005,0.855
19.01333361665408,0.896
19.04000028371811,0.892
19.066666950782142,0.882
19.09333361784617,0.904
19.1200002849102,0.927
19.146666951974236,0.927
19.173333619038264,0.881
19.20000028610229,0.844
19.22666695316633,0.808
19.25333362023036,0.798
19.28000028729439,0.751
19.30666695435842,0.742
19.33333362142245,0.748
19.36000028848648,0.771
19.386666955550517,0.792
19.413333622614545,0.809
19.440000289678576,0.798
19.466666956742607,0.808
19.493333623806635,0.831
19.520000290870662,0.884
19.546666957934697,0.89
19.573333624998728,0.849
19.60000029206276,0.823
19.62666695912679,0.805
19.653333626190825,0.798
19.680000293254853,0.756
19.706666960318884,0.725
19.733333627382915,0.692
19.760000294446947,0.687
19.786666961510974,0.668
19.81333362857501,0.649
19.84000029563904,0.663
19.86666696270307,0.641
19.8933336297671,0.642
19.92000029683113,0.622
19.94666696389516,0.652
19.973333630959196,0.705
20.000000298023224,0.777
20.02666696508725,0.77
20.053333632151286,0.715
20.08000029921532,0.63
20.10666696627935,0.587
20.13333363334338,0.541
20.16000030040741,0.507
20.18666696747144,0.474
20.213333634535477,0.464
20.240000301599505,0.447
20.266666968663536,0.42
20.293333635727564,0.389
20.320000302791595,0.397
20.346666969855622,0.407
20.373333636919657,0.426
20.40000030398369,0.426
20.42666697104772,0.467
20.45333363811175,0.464
20.480000305175786,0.448
20.506666972239813,0.413
20.533333639303844,0.375
20.56000030636788,0.345
20.586666973431907,0.313
20.613333640495934,0.298
20.64000030755997,0.281
20.666666974624,0.295
20.693333641688028,0.254
20.72000030875206,0.25
20.74666697581609,0.201
20.77333364288012,0.222
20.800000309944156,0.238
20.826666977008184,0.297
20.85333364407221,0.34
20.880000311136246,0.375
20.90666697820028,0.423
20.93333364526431,0.448
20.96000031232834,0.49
20.98666697939237,0.481
21.0133336464564,0.519
21.040000313520437,0.533
21.066666980584465,0.525
21.093333647648493,0.496
21.120000314712524,0.43
21.146666981776555,0.401
21.173333648840583,0.407
21.200000315904617,0.429
21.22666698296865,0.46
21.25333365003268,0.454
21.28000031709671,0.46
21.306666984160746,0.449
21.333333651224773,0.485
21.360000318288805,0.468
21.38666698535284,0.479
21.413333652416867,0.419
21.440000319480895,0.411
21.46666698654493,0.418
21.49333365360896,0.495
21.520000320672988,0.546
21.54666698773702,0.552
21.57333365480105,0.552
21.60000032186508,0.543
21.626666988929117,0.526
21.653333655993144,0.465
21.680000323057172,0.417
21.706666990121207,0.428
21.73333365718524,0.431
21.76000032424927,0.442
21.7866669913133,0.429
21.81333365837733,0.417
21.840000325441363,0.39
21.866666992505397,0.364
21.89333365956942,0.386
21.920000326633453,0.381
21.946666993697484,0.376
21.973333660761515,0.306
22.000000327825543,0.238
22.026666994889577,0.162
22.05333366195361,0.113
22.08000032901764,0.123
22.10666699608167,0.16
22.133333663145702,0.191
22.160000330209733,0.181
22.186666997273765,0.227
22.2133336643378,0.275
22.240000331401827,0.324
22.26666699846586,0.317
22.29333366552989,0.342
22.32000033259392,0.313
22.34666699965795,0.32
22.37333366672198,0.293
22.40000033378601,0.295
22.42666700085004,0.301
22.453333667914077,0.281
22.480000334978104,0.286
22.506667002042136,0.271
22.533333669106167,0.281
22.5600003361702,0.312
22.58666700323423,0.288
22.61333367029826,0.304
22.64000033736229,0.272
22.666667004426323,0.243
22.69333367149035,0.197
22.72000033855438,0.189
22.746667005618413,0.185
22.773333672682444,0.222
22.800000339746475,0.231
22.826667006810503,0.252
22.853333673874538,0.254
22.88000034093857,0.223
22.9066670080026,0.211
22.93333367506663,0.182
22.960000342130662,0.185
22.986667009194694,0.225
23.013333676258725,0.266
23.04000034332276,0.305
23.066667010386787,0.238
23.09333367745081,0.205
23.12000034451485,0.161
23.14666701157888,0.191
23.17333367864291,0.213
23.20000034570694,0.222
23.22666701277097,0.207
23.253333679835,0.154
23.280000346899037,0.151
23.306667013963065,0.143
23.333333681027096,0.136
23.360000348091127,0.119
23.38666701515516,0.11
23.41333368221919,0.104
23.44000034928322,0.13
23.46666701634725,0.144
23.49333368341128,0.144
23.52000035047531,0.154
23.54666701753934,0.149
23.573333684603373,0.147
23.600000351667404,0.138
23.626667018731435,0.169
23.653333685795467,0.183
23.680000352859494,0.21
23.70666701992353,0.233
23.73333368698756,0.295
23.76000035405159,0.342
23.786667021115623,0.328
23.81333368817965,0.317
23.840000355243685,0.304
23.86666702230772,0.304
23.893333689371744,0.301
23.92000035643577,0.29
23.946667023499806,0.312
23.97333369056384,0.316
24.00000035762787,0.29
24.0266670246919,0.276
24.05333369175593,0.235
24.08000035881996,0.233
24.106667025883997,0.216
24.133333692948025,0.24
24.160000360012056,0.283
24.186667027076087,0.318
24.21333369414012,0.314
24.24000036120415,0.309
24.26666702826818,0.302
24.29333369533221,0.294
24.32000036239624,0.269
24.34666702946027,0.252
