time_min,absorb_mau
0.0,-0.001
0.0116666668405135,-0.025
0.023333333681027,-0.044
0.0350000005215406,-0.057
0.0466666673620541,-0.063
0.0583333342025677,-0.08
0.0700000010430812,-0.095
0.0816666678835948,-0.102
0.0933333347241083,-0.101
0.1050000015646219,-0.087
0.1166666684051354,-0.066
0.128333335245649,-0.069
0.1400000020861625,-0.069
0.1516666689266761,-0.067
0.1633333357671896,-0.082
0.1750000026077032,-0.096
0.1866666694482167,-0.109
0.1983333362887303,-0.135
0.2100000031292438,-0.154
0.2216666699697574,-0.169
0.2333333368102709,-0.18
0.2450000036507845,-0.168
0.256666670491298,-0.157
0.2683333373318116,-0.15
0.2800000041723251,-0.147
0.2916666710128387,-0.15
0.3033333378533522,-0.154
0.3150000046938658,-0.157
0.3266666715343793,-0.174
0.3383333383748929,-0.194
0.3500000052154064,-0.193
0.3616666720559199,-0.202
0.3733333388964335,-0.208
0.3850000057369471,-0.203
0.3966666725774606,-0.199
0.4083333394179742,-0.195
0.4200000062584877,-0.19
0.4316666730990012,-0.201
0.4433333399395148,-0.189
0.4550000067800283,-0.165
0.4666666736205419,-0.16
0.4783333404610554,-0.143
0.490000007301569,-0.116
0.5016666741420825,-0.078
0.5133333409825961,0.005
0.5250000078231096,0.11
0.5366666746636232,0.225
0.5483333415041367,0.446
0.5600000083446502,0.753
0.5716666751851638,1.144
0.5833333420256774,1.729
0.595000008866191,2.462
0.6066666757067045,3.339
0.6183333425472181,4.477
0.6300000093877316,5.883
0.6416666762282451,7.482
0.6533333430687587,9.287
0.6650000099092722,11.424
0.6766666767497858,13.765
0.6883333435902993,16.287
0.7000000104308128,19.161
0.7116666772713264,22.215
0.7233333441118399,25.422
0.7350000109523535,28.868
0.746666677792867,32.475
0.7583333446333806,36.176
0.7700000114738942,39.901
0.7816666783144077,43.783
0.7933333451549213,47.674
0.8050000119954348,51.427
0.8166666788359483,55.229
0.8283333456764619,58.998
0.8400000125169754,62.649
0.851666679357489,66.263
0.8633333461980025,69.722
0.875000013038516,72.995
0.8866666798790296,76.011
0.8983333467195431,78.879
0.9100000135600568,81.566
0.9216666804005704,83.916
0.933333347241084,86.11
0.9450000140815974,88.149
0.9566666809221108,89.972
0.9683333477626244,91.704
0.980000014603138,93.347
0.9916666814436516,94.861
1.003333348284165,96.205
1.0150000151246787,97.446
1.0266666819651922,98.58
1.0383333488057058,99.525
1.0500000156462193,100.341
1.061666682486733,101.022
1.0733333493272463,101.493
1.08500001616776,101.79
1.0966666830082734,101.953
1.108333349848787,101.941
1.1200000166893005,101.716
1.131666683529814,101.359
1.1433333503703276,100.874
1.1550000172108412,100.184
1.1666666840513549,99.385
1.1783333508918683,98.488
1.190000017732382,97.444
1.2016666845728954,96.24
1.213333351413409,94.99
1.2250000182539225,93.695
1.236666685094436,92.25
1.2483333519349495,90.781
1.2600000187754632,89.195
1.2716666856159766,87.584
1.2833333524564905,85.904
1.2950000192970037,84.243
1.3066666861375174,82.459
1.3183333529780308,80.602
1.3300000198185444,78.794
1.341666686659058,77.058
1.3533333534995715,75.223
1.3650000203400852,73.369
1.3766666871805986,71.568
1.3883333540211122,69.793
1.4000000208616257,68.087
1.411666687702139,66.332
1.4233333545426528,64.592
1.4350000213831664,62.886
1.4466666882236798,61.308
1.4583333550641937,59.615
1.470000021904707,57.942
1.4816666887452206,56.26
1.493333355585734,54.659
1.5050000224262476,53.034
1.5166666892667613,51.421
1.5283333561072747,49.88
1.5400000229477884,48.328
1.5516666897883018,46.803
1.5633333566288157,45.343
1.5750000234693289,43.886
1.5866666903098423,42.494
1.598333357150356,41.058
1.6100000239908696,39.71
1.621666690831383,38.377
1.6333333576718967,37.121
1.64500002451241,35.899
1.6566666913529238,34.703
1.6683333581934374,33.524
1.6800000250339509,32.4
1.6916666918744645,31.306
1.703333358714978,30.234
1.7150000255554916,29.202
1.726666692396005,28.16
1.7383333592365189,27.095
1.750000026077032,26.112
1.7616666929175455,25.174
1.7733333597580592,24.242
1.7850000265985728,23.331
1.7966666934390862,22.491
1.8083333602796,21.675
1.820000027120113,20.883
1.831666693960627,20.122
1.8433333608011409,19.388
1.855000027641654,18.684
1.866666694482168,18.026
1.8783333613226807,17.398
1.8900000281631948,16.779
1.901666695003708,16.172
1.9133333618442216,15.615
1.9250000286847355,15.072
1.936666695525249,14.551
1.9483333623657624,14.052
1.960000029206276,13.558
1.9716666960467892,13.084
1.983333362887303,12.658
1.9950000297278163,12.22
2.00666669656833,11.788
2.018333363408844,11.373
2.030000030249357,10.956
2.041666697089871,10.552
2.0533333639303843,10.161
2.0650000307708978,9.787
2.076666697611412,9.429
2.088333364451925,9.089
2.1000000312924385,8.768
2.111666698132952,8.454
2.123333364973466,8.152
2.1350000318139792,7.871
2.1466666986544927,7.585
2.158333365495006,7.314
2.17000003233552,7.065
2.1816666991760334,6.809
2.193333366016547,6.559
2.2050000328570607,6.317
2.216666699697574,6.078
2.228333366538088,5.845
2.240000033378601,5.624
2.251666700219115,5.41
2.2633333670596283,5.21
2.2750000339001417,5.02
2.286666700740655,4.845
2.298333367581169,4.686
2.3100000344216824,4.532
2.321666701262196,4.383
2.3333333681027097,4.21
2.345000034943223,4.04
2.3566667017837366,3.875
2.36833336862425,3.723
2.380000035464764,3.578
2.3916667023052773,3.441
2.4033333691457908,3.325
2.415000035986304,3.215
2.426666702826818,3.112
2.4383333696673315,3.017
2.450000036507845,2.925
2.4616667033483584,2.822
2.473333370188872,2.705
2.4850000370293857,2.592
2.496666703869899,2.484
2.508333370710413,2.393
2.5200000375509264,2.323
2.53166670439144,2.247
2.543333371231953,2.168
2.555000038072467,2.109
2.5666667049129805,2.04
2.578333371753494,1.967
2.5900000385940074,1.888
2.6016667054345213,1.809
2.6133333722750347,1.73
2.625000039115548,1.66
2.6366667059560616,1.583
2.6483333727965754,1.518
2.660000039637089,1.468
2.6716667064776023,1.439
2.683333373318116,1.397
2.6950000401586296,1.351
2.706666706999143,1.318
2.7183333738396565,1.279
2.7300000406801703,1.238
2.741666707520684,1.192
2.753333374361197,1.154
2.7650000412017106,1.124
2.7766667080422245,1.102
2.788333374882738,1.079
2.800000041723252,1.065
2.8116667085637648,1.06
2.823333375404278,1.07
2.835000042244792,1.072
2.846666709085305,1.066
2.85833337592582,1.049
2.870000042766333,1.04
2.8816667096068462,1.028
2.89333337644736,1.014
2.905000043287873,0.998
2.916666710128387,0.975
2.9283333769689004,0.947
2.940000043809414,0.936
2.951666710649928,0.918
2.963333377490441,0.899
2.9750000443309546,0.896
2.986666711171468,0.882
2.998333378011982,0.871
3.0100000448524957,0.875
3.0216667116930087,0.859
3.0333333785335226,0.84
3.045000045374036,0.823
3.056666712214549,0.806
3.068333379055063,0.786
3.0800000458955767,0.762
3.09166671273609,0.731
3.103333379576604,0.71
3.115000046417117,0.7
3.126666713257631,0.699
3.1383333800981443,0.684
3.1500000469386578,0.665
3.161666713779171,0.654
3.173333380619685,0.645
3.1850000474601985,0.633
3.196666714300712,0.618
3.208333381141226,0.597
3.220000047981739,0.593
3.2316667148222527,0.603
3.243333381662766,0.605
3.25500004850328,0.607
3.2666667153437934,0.603
3.278333382184307,0.591
3.29000004902482,0.588
3.301666715865334,0.584
3.3133333827058475,0.57
3.325000049546361,0.556
3.336666716386875,0.545
3.3483333832273883,0.533
3.3600000500679017,0.533
3.371666716908415,0.532
3.383333383748929,0.528
3.3950000505894424,0.527
3.406666717429956,0.538
3.4183333842704693,0.553
3.430000051110983,0.552
3.4416667179514966,0.572
3.45333338479201,0.59
3.4650000516325234,0.592
3.4766667184730373,0.572
3.4883333853135507,0.55
3.500000052154064,0.526
3.511666718994578,0.517
3.5233333858350915,0.498
3.535000052675605,0.47
3.5466667195161183,0.456
3.558333386356632,0.469
3.5700000531971456,0.491
3.581666720037659,0.499
3.5933333868781725,0.506
3.6050000537186864,0.516
3.6166667205592,0.53
3.628333387399713,0.545
3.640000054240226,0.552
3.651666721080741,0.547
3.663333387921254,0.568
3.675000054761768,0.581
3.686666721602281,0.589
3.6983333884427942,0.588
3.710000055283308,0.581
3.7216667221238215,0.572
3.733333388964336,0.573
3.745000055804849,0.56
3.7566667226453614,0.546
3.768333389485876,0.543
3.7800000563263896,0.531
3.791666723166903,0.526
3.803333390007416,0.531
3.81500005684793,0.52
3.826666723688444,0.516
3.838333390528957,0.516
3.850000057369471,0.509
3.861666724209985,0.515
3.873333391050498,0.523
3.8850000578910113,0.521
3.8966667247315248,0.514
3.908333391572039,0.51
3.920000058412552,0.506
3.9316667252530655,0.495
3.943333392093579,0.483
3.955000058934093,0.468
3.966666725774606,0.466
3.97833339261512,0.473
3.990000059455633,0.486
4.001666726296147,0.485
4.01333339313666,0.494
4.025000059977174,0.507
4.036666726817687,0.515
4.048333393658201,0.529
4.060000060498715,0.534
4.071666727339228,0.524
4.083333394179742,0.527
4.095000061020255,0.517
4.106666727860769,0.495
4.118333394701282,0.49
4.130000061541796,0.477
4.141666728382309,0.461
4.153333395222823,0.468
4.165000062063337,0.453
4.17666672890385,0.434
4.188333395744364,0.43
4.200000062584877,0.417
4.21166672942539,0.403
4.223333396265904,0.391
4.235000063106418,0.367
4.246666729946932,0.352
4.258333396787445,0.348
4.270000063627959,0.354
4.281666730468472,0.351
4.293333397308985,0.342
4.305000064149499,0.332
4.316666730990012,0.331
4.328333397830527,0.333
4.34000006467104,0.335
4.351666731511553,0.332
4.363333398352067,0.325
4.37500006519258,0.319
4.386666732033094,0.335
4.398333398873607,0.343
4.410000065714121,0.345
4.421666732554635,0.36
4.433333399395148,0.366
4.445000066235662,0.372
4.456666733076175,0.391
4.4683333999166885,0.396
4.480000066757202,0.397
4.491666733597715,0.402
4.50333340043823,0.391
4.515000067278743,0.386
4.526666734119257,0.396
4.53833340095977,0.398
4.550000067800283,0.403
4.561666734640797,0.41
4.57333340148131,0.408
4.585000068321825,0.424
4.596666735162338,0.445
4.608333402002852,0.45
4.620000068843365,0.46
4.631666735683878,0.473
4.643333402524392,0.483
4.655000069364905,0.5
4.66666673620542,0.507
4.678333403045933,0.495
4.690000069886446,0.497
4.70166673672696,0.498
4.713333403567473,0.5
4.725000070407987,0.508
4.7366667372485,0.513
4.7483334040890135,0.515
4.760000070929528,0.516
4.771666737770041,0.516
4.783333404610555,0.517
4.795000071451068,0.518
4.8066667382915815,0.514
4.818333405132095,0.51
4.830000071972608,0.506
4.841666738813123,0.506
4.853333405653636,0.509
4.86500007249415,0.515
4.876666739334663,0.516
4.888333406175176,0.516
4.90000007301569,0.515
4.911666739856203,0.513
4.923333406696717,0.523
4.935000073537231,0.532
4.9466667403777445,0.531
4.958333407218258,0.52
4.970000074058771,0.51
4.981666740899285,0.501
4.993333407739798,0.513
5.005000074580312,0.517
5.016666741420826,0.515
5.028333408261339,0.518
5.040000075101853,0.527
5.051666741942366,0.537
5.06333340878288,0.538
5.075000075623393,0.531
5.0866667424639065,0.524
5.09833340930442,0.524
5.110000076144934,0.529
5.121666742985448,0.525
5.133333409825961,0.513
5.1450000766664745,0.536
5.156666743506988,0.547
5.168333410347501,0.55
5.180000077188015,0.549
5.191666744028529,0.542
5.2033334108690426,0.539
5.215000077709556,0.56
5.226666744550069,0.553
5.238333411390583,0.539
5.250000078231096,0.531
5.26166674507161,0.534
5.273333411912123,0.539
5.285000078752637,0.545
5.296666745593151,0.531
5.308333412433664,0.53
5.320000079274178,0.538
5.331666746114691,0.539
5.343333412955205,0.533
5.355000079795718,0.521
5.366666746636232,0.508
5.378333413476746,0.502
5.390000080317259,0.49
5.401666747157773,0.462
5.413333413998286,0.442
5.4250000808388,0.432
5.436666747679313,0.433
5.448333414519826,0.459
5.460000081360341,0.474
5.471666748200854,0.485
5.483333415041368,0.505
5.495000081881881,0.526
5.506666748722394,0.543
5.518333415562908,0.547
5.530000082403421,0.526
5.541666749243936,0.512
5.553333416084449,0.518
5.565000082924962,0.506
5.576666749765476,0.496
5.588333416605989,0.49
5.600000083446503,0.487
5.611666750287016,0.486
5.6233334171275295,0.48
5.635000083968044,0.456
5.646666750808557,0.439
5.658333417649071,0.425
5.670000084489584,0.409
5.681666751330098,0.401
5.693333418170611,0.399
5.705000085011124,0.405
5.716666751851639,0.408
5.728333418692152,0.417
5.740000085532666,0.431
5.751666752373179,0.432
5.7633334192136925,0.434
5.775000086054206,0.435
5.786666752894719,0.432
5.798333419735233,0.429
5.810000086575747,0.431
5.8216667534162605,0.435
5.833333420256774,0.446
5.845000087097287,0.451
5.856666753937801,0.443
5.868333420778314,0.437
5.880000087618828,0.453
5.891666754459342,0.484
5.903333421299855,0.48
5.915000088140369,0.489
5.926666754980882,0.507
5.938333421821396,0.537
5.950000088661909,0.559
5.961666755502423,0.575
5.973333422342936,0.575
5.98500008918345,0.569
5.996666756023964,0.563
6.008333422864477,0.549
6.020000089704991,0.529
6.031666756545504,0.516
6.043333423386017,0.507
6.055000090226531,0.497
6.066666757067045,0.507
6.078333423907559,0.524
6.090000090748072,0.517
6.1016667575885855,0.496
6.113333424429099,0.479
6.125000091269612,0.47
6.136666758110126,0.452
6.148333424950639,0.435
6.1600000917911535,0.421
6.171666758631667,0.424
6.18333342547218,0.437
6.195000092312694,0.457
6.206666759153207,0.464
6.218333425993721,0.467
6.230000092834234,0.467
6.241666759674748,0.458
6.253333426515262,0.444
6.265000093355775,0.439
6.276666760196289,0.448
6.288333427036802,0.453
6.300000093877316,0.456
6.311666760717829,0.461
6.323333427558342,0.468
6.335000094398857,0.479
6.34666676123937,0.49
6.358333428079884,0.482
6.370000094920397,0.483
6.38166676176091,0.489
6.393333428601424,0.505
6.405000095441937,0.521
6.416666762282452,0.542
6.428333429122965,0.57
6.440000095963478,0.591
6.451666762803992,0.603
6.463333429644505,0.606
6.475000096485019,0.606
6.486666763325532,0.6
6.498333430166047,0.589
6.51000009700656,0.574
6.521666763847073,0.564
6.533333430687587,0.554
6.5450000975281,0.539
6.556666764368614,0.521
6.568333431209127,0.51
6.5800000980496405,0.511
6.591666764890155,0.501
6.603333431730668,0.493
6.615000098571182,0.487
6.626666765411695,0.494
6.6383334322522085,0.501
6.650000099092722,0.51
6.661666765933235,0.527
6.67333343277375,0.527
6.685000099614263,0.526
6.6966667664547765,0.529
6.70833343329529,0.539
6.720000100135803,0.545
6.731666766976317,0.545
6.74333343381683,0.536
6.755000100657344,0.541
6.766666767497858,0.562
6.778333434338371,0.554
6.790000101178885,0.551
6.801666768019398,0.551
6.813333434859912,0.56
6.825000101700425,0.563
6.836666768540939,0.564
6.848333435381453,0.562
6.860000102221966,0.593
6.87166676906248,0.611
6.883333435902993,0.606
6.895000102743507,0.613
6.90666676958402,0.632
6.9183334364245335,0.655
6.930000103265047,0.647
6.941666770105561,0.619
6.953333436946075,0.589
6.965000103786588,0.603
6.9766667706271015,0.598
6.988333437467615,0.581
7.000000104308128,0.545
7.011666771148642,0.54
7.023333437989156,0.538
7.0350001048296695,0.535
7.046666771670183,0.519
7.058333438510696,0.504
7.07000010535121,0.492
7.081666772191723,0.489
7.093333439032237,0.492
7.10500010587275,0.498
7.116666772713264,0.512
7.128333439553778,0.523
7.140000106394291,0.527
7.151666773234805,0.523
7.163333440075318,0.531
7.175000106915832,0.542
7.186666773756345,0.552
7.198333440596859,0.534
7.210000107437373,0.521
7.221666774277886,0.508
7.2333334411184,0.513
7.245000107958913,0.499
7.256666774799426,0.474
7.26833344163994,0.436
7.280000108480453,0.424
7.291666775320968,0.411
7.303333442161481,0.383
7.315000109001994,0.382
7.326666775842508,0.391
7.338333442683021,0.415
7.350000109523535,0.429
7.361666776364048,0.449
7.373333443204562,0.478
7.385000110045076,0.532
7.396666776885589,0.568
7.408333443726103,0.59
7.420000110566616,0.594
7.43166677740713,0.6
7.443333444247643,0.602
7.4550001110881565,0.592
7.466666777928671,0.588
7.478333444769184,0.576
7.490000111609698,0.557
7.501666778450211,0.551
7.513333445290723,0.553
7.525000112131238,0.561
7.536666778971751,0.58
7.548333445812266,0.594
7.560000112652779,0.608
7.571666779493293,0.636
7.583333446333806,0.642
7.595000113174319,0.646
7.606666780014833,0.654
7.618333446855346,0.648
7.63000011369586,0.639
7.641666780536374,0.629
7.653333447376887,0.628
7.665000114217401,0.64
7.676666781057914,0.661
7.688333447898428,0.663
7.700000114738941,0.66
7.711666781579455,0.66
7.723333448419969,0.673
7.735000115260482,0.673
7.746666782100996,0.663
7.758333448941509,0.644
7.770000115782023,0.639
7.781666782622536,0.643
7.7933334494630495,0.659
7.805000116303563,0.666
7.816666783144077,0.678
7.828333449984591,0.69
7.840000116825104,0.705
7.8516667836656175,0.718
7.863333450506131,0.727
7.875000117346644,0.729
7.886666784187158,0.723
7.898333451027672,0.705
7.910000117868186,0.674
7.921666784708699,0.659
7.933333451549212,0.641
7.945000118389726,0.619
7.956666785230239,0.62
7.968333452070753,0.615
7.980000118911266,0.606
7.99166678575178,0.61
8.003333452592294,0.614
8.015000119432807,0.617
8.02666678627332,0.623
8.038333453113834,0.62
8.050000119954348,0.608
8.061666786794861,0.593
8.073333453635374,0.582
8.085000120475888,0.565
8.096666787316401,0.546
8.108333454156915,0.536
8.12000012099743,0.516
8.131666787837943,0.495
8.143333454678457,0.497
8.15500012151897,0.508
8.166666788359484,0.519
8.178333455199997,0.525
8.19000012204051,0.541
8.201666788881024,0.56
8.213333455721537,0.583
8.22500012256205,0.597
8.236666789402564,0.607
8.248333456243078,0.614
8.260000123083591,0.647
8.271666789924105,0.656
8.283333456764618,0.65
8.295000123605133,0.649
8.306666790445647,0.643
8.31833345728616,0.64
8.330000124126673,0.644
8.341666790967187,0.644
8.3533334578077,0.654
8.365000124648214,0.677
8.376666791488727,0.69
8.38833345832924,0.704
8.400000125169754,0.72
8.411666792010267,0.725
8.42333345885078,0.742
8.435000125691294,0.753
8.446666792531808,0.736
8.458333459372321,0.739
8.470000126212836,0.751
8.48166679305335,0.768
8.493333459893863,0.771
8.505000126734377,0.772
8.51666679357489,0.766
8.528333460415404,0.774
8.540000127255917,0.772
8.55166679409643,0.765
8.563333460936944,0.767
8.575000127777457,0.771
8.58666679461797,0.768
8.598333461458484,0.742
8.610000128298998,0.756
8.621666795139511,0.778
8.633333461980024,0.8
8.64500012882054,0.793
8.656666795661053,0.786
8.668333462501566,0.782
8.68000012934208,0.796
8.691666796182593,0.793
8.703333463023107,0.773
8.71500012986362,0.756
8.726666796704134,0.756
8.738333463544647,0.761
8.75000013038516,0.758
8.761666797225674,0.751
8.773333464066187,0.749
8.7850001309067,0.754
8.796666797747214,0.757
8.808333464587728,0.754
8.820000131428243,0.741
8.831666798268756,0.742
8.84333346510927,0.731
8.855000131949783,0.719
8.866666798790297,0.714
8.87833346563081,0.704
8.890000132471323,0.69
8.901666799311837,0.671
8.91333346615235,0.659
8.925000132992864,0.646
8.936666799833377,0.635
8.94833346667389,0.618
8.960000133514404,0.612
8.971666800354917,0.618
8.98333346719543,0.634
8.995000134035946,0.652
9.00666680087646,0.676
9.018333467716973,0.727
9.030000134557486,0.759
9.041666801398,0.778
9.053333468238511,0.787
9.065000135079028,0.812
9.07666680191954,0.837
9.088333468760052,0.856
9.100000135600569,0.864
9.11166680244108,0.878
9.123333469281594,0.9
9.135000136122107,0.928
9.14666680296262,0.946
9.158333469803136,0.959
9.17000013664365,0.983
9.181666803484164,0.988
9.193333470324676,0.984
9.20500013716519,0.972
9.216666804005705,0.966
9.228333470846216,0.969
9.24000013768673,0.983
9.251666804527243,0.96
9.263333471367757,0.958
9.27500013820827,0.977
9.286666805048784,0.992
9.298333471889295,1.003
9.31000013872981,1.01
9.321666805570324,1.004
9.33333347241084,1.008
9.345000139251352,1.007
9.356666806091866,0.986
9.36833347293238,0.978
9.380000139772893,0.967
9.391666806613406,0.951
9.40333347345392,0.944
9.415000140294431,0.938
9.426666807134946,0.934
9.43833347397546,0.936
9.450000140815972,0.932
9.461666807656488,0.926
9.473333474497,0.922
9.485000141337514,0.908
9.496666808178029,0.888
9.508333475018542,0.861
9.520000141859056,0.841
9.531666808699567,0.824
9.543333475540082,0.812
9.555000142380596,0.779
9.56666680922111,0.753
9.578333476061625,0.733
9.590000142902136,0.735
9.60166680974265,0.734
9.613333476583165,0.729
9.625000143423676,0.72
9.63666681026419,0.746
9.648333477104703,0.771
9.660000143945217,0.783
9.67166681078573,0.781
9.683333477626244,0.772
9.69500014446676,0.759
9.706666811307272,0.755
9.718333478147786,0.751
9.7300001449883,0.745
9.741666811828813,0.755
9.753333478669326,0.757
9.76500014550984,0.762
9.776666812350353,0.777
9.788333479190866,0.781
9.80000014603138,0.779
9.811666812871891,0.769
9.823333479712408,0.756
9.83500014655292,0.747
9.846666813393432,0.745
9.858333480233949,0.745
9.870000147074462,0.738
9.881666813914975,0.731
9.893333480755487,0.727
9.905000147596002,0.728
9.916666814436516,0.732
9.92833348127703,0.736
9.940000148117544,0.724
9.951666814958056,0.714
9.96333348179857,0.712
9.975000148639085,0.711
9.986666815479596,0.713
9.99833348232011,0.719
10.010000149160623,0.728
10.021666816001137,0.734
10.033333482841652,0.741
10.045000149682163,0.741
10.05666681652268,0.737
10.068333483363192,0.73
10.080000150203706,0.719
10.09166681704422,0.702
10.103333483884732,0.69
10.115000150725246,0.692
10.12666681756576,0.7
10.138333484406273,0.712
10.150000151246786,0.728
10.1616668180873,0.75
10.173333484927811,0.759
10.185000151768326,0.763
10.19666681860884,0.766
10.208333485449357,0.762
10.220000152289868,0.755
10.231666819130382,0.747
10.243333485970895,0.74
10.255000152811409,0.733
10.266666819651922,0.734
10.278333486492436,0.735
10.290000153332947,0.752
10.301666820173462,0.783
10.313333487013976,0.814
10.32500015385449,0.829
10.336666820695005,0.835
10.348333487535516,0.849
10.36000015437603,0.867
10.371666821216545,0.885
10.383333488057058,0.894
10.395000154897572,0.91
10.406666821738083,0.933
10.4183334885786,0.965
10.430000155419112,1.006
10.441666822259624,1.036
10.45333348910014,1.056
10.465000155940652,1.065
10.476666822781166,1.072
10.48833348962168,1.077
10.500000156462193,1.081
10.511666823302706,1.078
10.52333349014322,1.083
10.535000156983733,1.108
10.546666823824246,1.123
10.55833349066476,1.144
10.570000157505277,1.171
10.581666824345788,1.194
10.593333491186302,1.198
10.605000158026815,1.19
10.616666824867329,1.158
10.628333491707842,1.144
10.640000158548355,1.133
10.651666825388869,1.104
10.663333492229382,1.066
10.675000159069896,1.038
10.68666682591041,1.034
10.698333492750924,1.05
10.710000159591436,1.056
10.72166682643195,1.043
10.733333493272465,1.042
10.745000160112978,1.049
10.756666826953492,1.064
