time_min,absorb_mau
0.0,0.0
0.0400000005960465,0.03
0.0800000011920929,0.072
0.120000001788139,-0.013
0.160000002384186,0.087
0.200000002980232,0.358
0.240000003576279,0.403
0.280000004172325,0.221
0.320000004768372,0.086
0.360000005364418,0.042
0.400000005960465,0.012
0.440000006556511,0.048
0.480000007152557,0.125
0.520000007748604,0.182
0.56000000834465,0.241
0.600000008940697,0.505
0.640000009536743,1.144
0.68000001013279,2.062
0.720000010728836,3.041
0.760000011324882,3.64
0.800000011920929,3.78
0.840000012516975,3.775
0.880000013113022,3.642
0.920000013709068,3.502
0.960000014305115,3.537
1.00000001490116,3.785
1.04000001549721,4.206
1.08000001609325,4.665
1.1200000166893,4.908
1.16000001728535,4.884
1.20000001788139,4.713
1.24000001847744,4.522
1.28000001907349,4.352
1.32000001966953,4.195
1.36000002026558,4.063
1.40000002086163,3.943
1.44000002145767,3.774
1.48000002205372,3.623
1.52000002264977,3.535
1.56000002324581,3.442
1.60000002384186,3.375
1.6400000244379,3.283
1.68000002503395,3.175
1.72000002563,3.104
1.76000002622604,3.037
1.80000002682209,2.973
1.84000002741814,2.923
1.88000002801418,2.868
1.92000002861023,2.866
1.96000002920628,2.9
2.00000002980232,2.925
2.04000003039837,2.919
2.08000003099442,2.892
2.12000003159046,2.914
2.16000003218651,2.973
2.20000003278255,3.049
2.2400000333786,3.16
2.28000003397465,3.246
2.32000003457069,3.321
2.36000003516674,3.413
2.40000003576279,3.473
2.44000003635883,3.542
2.48000003695488,3.533
2.52000003755093,3.572
2.56000003814697,3.662
2.60000003874302,3.754
2.64000003933907,3.875
2.68000003993511,3.905
2.72000004053116,3.872
2.7600000411272,3.894
2.80000004172325,3.939
2.8400000423193,3.936
2.88000004291534,4.003
2.92000004351139,4.183
2.96000004410744,4.331
3.00000004470348,4.433
3.04000004529953,4.477
3.08000004589558,4.514
3.12000004649162,4.602
3.16000004708767,4.696
3.20000004768372,4.813
3.24000004827976,4.897
3.28000004887581,4.942
3.32000004947186,5.034
3.3600000500679,5.142
3.40000005066395,5.218
3.44000005125999,5.283
3.48000005185604,5.376
3.52000005245209,5.476
3.56000005304813,5.618
3.60000005364418,5.72
3.64000005424023,5.788
3.68000005483627,5.872
3.72000005543232,5.931
3.76000005602837,6.093
3.80000005662441,6.347
3.84000005722046,6.531
3.88000005781651,6.645
3.92000005841255,6.771
3.9600000590086,6.859
4.00000005960465,6.95
4.04000006020069,7.118
4.08000006079674,7.297
4.12000006139278,7.357
4.16000006198883,7.431
4.20000006258488,7.58
4.24000006318092,7.757
4.28000006377697,7.933
4.32000006437302,8.086
4.36000006496906,8.264
4.40000006556511,8.492
4.44000006616116,8.719
4.4800000667572,8.912
4.52000006735325,9.127
4.5600000679493,9.294
4.60000006854534,9.367
4.64000006914139,9.512
4.68000006973743,9.691
4.72000007033348,9.802
4.76000007092953,9.959
4.80000007152557,10.126
4.84000007212162,10.233
4.88000007271767,10.349
4.92000007331371,10.46
4.96000007390976,10.557
5.00000007450581,10.692
5.04000007510185,10.848
5.0800000756979,10.985
5.12000007629395,11.167
5.16000007688999,11.333
5.20000007748604,11.431
5.24000007808209,11.612
5.28000007867813,11.816
5.32000007927418,11.958
5.36000007987022,12.048
5.40000008046627,12.157
5.44000008106232,12.339
5.48000008165836,12.539
5.52000008225441,12.632
5.56000008285046,12.697
5.6000000834465,12.811
5.64000008404255,12.923
5.6800000846386,12.979
5.72000008523464,13.091
5.76000008583069,13.246
5.80000008642674,13.439
5.84000008702278,13.649
5.88000008761883,13.793
5.92000008821487,13.885
5.96000008881092,13.985
6.00000008940697,14.055
6.04000009000301,14.133
6.08000009059906,14.282
6.12000009119511,14.416
6.16000009179115,14.449
6.2000000923872,14.497
6.24000009298325,14.621
6.28000009357929,14.71
6.32000009417534,14.805
6.36000009477139,14.918
6.40000009536743,14.974
6.44000009596348,15.03
6.48000009655952,15.129
6.52000009715557,15.265
6.56000009775162,15.434
6.60000009834766,15.634
6.64000009894371,15.843
6.68000009953976,15.937
6.7200001001358,16.052
6.76000010073185,16.22
6.8000001013279,16.362
6.84000010192394,16.445
6.88000010251999,16.564
6.92000010311604,16.644
6.96000010371208,16.697
7.00000010430813,16.824
7.04000010490418,17.005
7.08000010550022,17.142
7.12000010609627,17.196
7.16000010669232,17.302
7.20000010728836,17.409
7.24000010788441,17.498
7.28000010848045,17.656
7.3200001090765,17.805
7.36000010967255,17.919
7.40000011026859,18.03
7.44000011086464,18.083
7.48000011146069,18.114
7.52000011205673,18.195
7.56000011265278,18.25
7.60000011324883,18.224
7.64000011384487,18.19
7.68000011444092,18.16
7.72000011503696,18.14
7.76000011563301,18.117
7.80000011622906,18.125
7.8400001168251,18.127
7.88000011742115,18.1
7.9200001180172,18.019
7.96000011861324,17.932
8.00000011920929,17.954
8.04000011980534,17.948
8.08000012040138,17.942
8.12000012099743,18.029
8.16000012159348,18.103
8.20000012218952,18.153
8.24000012278557,18.16
8.28000012338162,18.126
8.32000012397766,18.034
8.36000012457371,17.959
8.40000012516975,17.97
8.4400001257658,17.914
8.48000012636185,17.758
8.52000012695789,17.587
8.56000012755394,17.469
8.60000012814999,17.406
8.64000012874603,17.332
8.68000012934208,17.269
8.72000012993813,17.215
8.76000013053417,17.194
8.80000013113022,17.109
8.84000013172627,17.015
8.88000013232231,16.971
8.92000013291836,16.924
8.9600001335144,16.88
9.00000013411045,16.832
9.0400001347065,16.713
9.08000013530254,16.567
9.12000013589859,16.445
9.16000013649464,16.413
9.20000013709068,16.362
9.24000013768673,16.297
9.28000013828278,16.258
9.32000013887882,16.245
9.36000013947487,16.261
9.40000014007092,16.214
9.44000014066696,16.177
9.48000014126301,16.171
9.52000014185906,16.156
9.5600001424551,16.103
9.60000014305115,16.082
9.64000014364719,16.082
9.68000014424324,16.039
9.72000014483929,15.941
9.76000014543533,15.848
9.80000014603138,15.798
9.84000014662743,15.799
9.88000014722347,15.779
9.92000014781952,15.694
9.96000014841557,15.633
10.0000001490116,15.588
10.0400001496077,15.544
10.0800001502037,15.494
10.1200001507998,15.46
10.1600001513958,15.476
10.2000001519918,15.476
10.2400001525879,15.454
10.2800001531839,15.472
10.32000015378,15.463
10.360000154376,15.437
10.4000001549721,15.368
10.4400001555681,15.339
10.4800001561642,15.27
10.5200001567602,15.157
10.5600001573563,15.071
10.6000001579523,15.031
10.6400001585484,14.986
10.6800001591444,14.912
10.7200001597404,14.85
10.7600001603365,14.812
10.8000001609325,14.775
10.8400001615286,14.719
10.8800001621246,14.694
10.9200001627207,14.679
10.9600001633167,14.604
11.0000001639128,14.577
11.0400001645088,14.49
11.0800001651049,14.383
11.1200001657009,14.284
11.160000166297,14.183
11.200000166893,14.092
11.2400001674891,13.974
11.2800001680851,13.843
11.3200001686811,13.782
11.3600001692772,13.736
11.4000001698732,13.701
11.4400001704693,13.649
11.4800001710653,13.521
11.5200001716614,13.397
11.5600001722574,13.383
11.6000001728535,13.395
11.6400001734495,13.431
11.6800001740456,13.433
11.7200001746416,13.369
11.7600001752377,13.301
11.8000001758337,13.256
11.8400001764297,13.199
11.8800001770258,13.12
11.9200001776218,13.089
11.9600001782179,13.023
12.0000001788139,12.929
12.04000017941,12.875
12.080000180006,12.802
12.1200001806021,12.71
12.1600001811981,12.655
12.2000001817942,12.652
12.2400001823902,12.642
12.2800001829863,12.531
12.3200001835823,12.477
12.3600001841784,12.471
12.4000001847744,12.519
12.4400001853704,12.574
12.4800001859665,12.582
12.5200001865625,12.563
12.5600001871586,12.477
12.6000001877546,12.441
12.6400001883507,12.477
12.6800001889467,12.441
12.7200001895428,12.383
12.7600001901388,12.424
12.8000001907349,12.457
12.8400001913309,12.499
12.880000191927,12.482
12.920000192523,12.512
12.960000193119,12.582
13.0000001937151,12.6
13.0400001943111,12.66
13.0800001949072,12.694
13.1200001955032,12.686
13.1600001960993,12.661
13.2000001966953,12.624
13.2400001972914,12.605
13.2800001978874,12.584
13.3200001984835,12.537
13.3600001990795,12.459
13.4000001996756,12.408
13.4400002002716,12.415
13.4800002008677,12.366
13.5200002014637,12.326
13.5600002020597,12.337
13.6000002026558,12.34
13.6400002032518,12.323
13.6800002038479,12.321
13.7200002044439,12.366
13.76000020504,12.393
13.800000205636,12.399
13.8400002062321,12.441
13.8800002068281,12.437
13.9200002074242,12.345
13.9600002080202,12.254
14.0000002086163,12.175
14.0400002092123,12.175
14.0800002098084,12.147
14.1200002104044,12.097
14.1600002110004,12.078
14.2000002115965,12.092
14.2400002121925,12.069
14.2800002127886,12.012
14.3200002133846,11.897
14.3600002139807,11.865
14.4000002145767,11.876
14.4400002151728,11.909
14.4800002157688,11.9
14.5200002163649,11.881
14.5600002169609,11.916
14.600000217557,11.909
14.640000218153,11.952
14.680000218749,11.958
14.7200002193451,11.874
14.7600002199411,11.809
14.8000002205372,11.746
14.8400002211332,11.703
14.8800002217293,11.684
14.9200002223253,11.622
14.9600002229214,11.568
15.0000002235174,11.516
15.0400002241135,11.48
15.0800002247095,11.394
15.1200002253056,11.381
15.1600002259016,11.46
15.2000002264977,11.527
15.2400002270937,11.49
15.2800002276897,11.506
15.3200002282858,11.544
15.3600002288818,11.544
15.4000002294779,11.545
15.4400002300739,11.576
15.48000023067,11.684
15.520000231266,11.702
15.5600002318621,11.627
15.6000002324581,11.586
15.6400002330542,11.635
15.6800002336502,11.687
15.7200002342463,11.676
15.7600002348423,11.675
15.8000002354383,11.713
15.8400002360344,11.83
15.8800002366304,11.931
15.9200002372265,11.962
15.9600002378225,11.972
16.0000002384186,12.002
16.0400002390146,12.05
16.0800002396107,12.105
16.1200002402067,12.102
16.1600002408028,12.129
16.2000002413988,12.218
16.2400002419949,12.201
16.2800002425909,12.156
16.320000243187,12.149
16.360000243783,12.128
16.400000244379,12.128
16.4400002449751,12.114
16.4800002455711,12.138
16.5200002461672,12.137
16.5600002467632,12.081
16.6000002473593,12.068
16.6400002479553,12.124
16.6800002485514,12.114
16.7200002491474,12.099
16.7600002497435,12.085
16.8000002503395,12.056
16.8400002509356,11.99
16.8800002515316,11.897
16.9200002521276,11.871
16.9600002527237,11.884
17.0000002533197,11.936
17.0400002539158,11.989
17.0800002545118,11.998
17.1200002551079,11.949
17.1600002557039,11.939
17.2000002563,11.93
17.240000256896,11.92
17.2800002574921,11.887
17.3200002580881,11.832
17.3600002586842,11.762
17.4000002592802,11.701
17.4400002598763,11.672
17.4800002604723,11.64
17.5200002610683,11.604
17.5600002616644,11.578
17.6000002622604,11.528
17.6400002628565,11.476
17.6800002634525,11.466
17.7200002640486,11.447
17.7600002646446,11.434
17.8000002652407,11.439
17.8400002658367,11.41
17.8800002664328,11.372
17.9200002670288,11.3
17.9600002676249,11.282
18.0000002682209,11.337
18.0400002688169,11.339
18.080000269413,11.287
18.120000270009,11.295
18.1600002706051,11.31
18.2000002712011,11.327
18.2400002717972,11.376
18.2800002723932,11.459
18.3200002729893,11.493
18.3600002735853,11.476
18.4000002741814,11.492
18.4400002747774,11.535
18.4800002753735,11.569
18.5200002759695,11.546
18.5600002765656,11.526
18.6000002771616,11.538
18.6400002777576,11.57
18.6800002783537,11.621
18.7200002789497,11.671
18.7600002795458,11.692
18.8000002801418,11.697
18.8400002807379,11.699
18.8800002813339,11.728
18.92000028193,11.733
18.960000282526,11.739
19.0000002831221,11.716
19.0400002837181,11.713
19.0800002843142,11.712
19.1200002849102,11.666
19.1600002855062,11.632
19.2000002861023,11.613
19.2400002866983,11.55
19.2800002872944,11.517
19.3200002878904,11.436
19.3600002884865,11.379
19.4000002890825,11.372
19.4400002896786,11.385
19.4800002902746,11.441
19.5200002908707,11.456
19.5600002914667,11.43
19.6000002920628,11.45
19.6400002926588,11.454
19.6800002932549,11.377
19.7200002938509,11.252
19.7600002944469,11.173
19.800000295043,11.103
19.840000295639,11.016
19.8800002962351,10.95
19.9200002968311,10.946
19.9600002974272,10.942
20.0000002980232,11.001
20.0400002986193,11.058
20.0800002992153,11.117
20.1200002998114,11.111
20.1600003004074,11.046
20.2000003010035,11.068
20.2400003015995,11.081
20.2800003021955,11.017
20.3200003027916,10.972
20.3600003033876,10.945
20.4000003039837,10.852
20.4400003045797,10.741
20.4800003051758,10.662
20.5200003057718,10.629
20.5600003063679,10.608
20.6000003069639,10.567
20.64000030756,10.511
20.680000308156,10.459
20.7200003087521,10.428
20.7600003093481,10.457
20.8000003099441,10.459
20.8400003105402,10.46
20.8800003111362,10.437
20.9200003117323,10.428
20.9600003123283,10.399
21.0000003129244,10.297
21.0400003135204,10.186
21.0800003141165,10.159
21.1200003147125,10.119
21.1600003153086,10.011
21.2000003159046,9.933
21.2400003165007,9.867
21.2800003170967,9.856
21.3200003176928,9.863
21.3600003182888,9.892
21.4000003188848,9.917
21.4400003194809,9.906
21.4800003200769,9.923
21.520000320673,9.959
21.560000321269,9.96
21.6000003218651,10.018
21.6400003224611,10.066
21.6800003230572,10.05
21.7200003236532,10.047
21.7600003242493,10.05
21.8000003248453,10.039
21.8400003254414,10.037
21.8800003260374,9.989
21.9200003266334,9.911
21.9600003272295,9.781
22.0000003278255,9.652
22.0400003284216,9.6
22.0800003290176,9.532
22.1200003296137,9.44
22.1600003302097,9.356
22.2000003308058,9.247
22.2400003314018,9.153
22.2800003319979,9.116
22.3200003325939,9.132
22.36000033319,9.114
22.400000333786,9.035
22.4400003343821,8.915
22.4800003349781,8.796
22.5200003355741,8.704
22.5600003361702,8.605
22.6000003367662,8.546
22.6400003373623,8.478
22.6800003379583,8.426
22.7200003385544,8.398
22.7600003391504,8.253
22.8000003397465,8.138
22.8400003403425,8.116
22.8800003409386,8.052
22.9200003415346,7.988
22.9600003421307,7.951
23.0000003427267,7.864
23.0400003433228,7.781
23.0800003439188,7.718
23.1200003445148,7.6
23.1600003451109,7.473
23.2000003457069,7.394
23.240000346303,7.31
23.280000346899,7.24
23.3200003474951,7.16
23.3600003480911,7.066
23.4000003486872,6.995
23.4400003492832,6.952
23.4800003498793,6.932
23.5200003504753,6.84
23.5600003510714,6.745
23.6000003516674,6.682
23.6400003522635,6.64
23.6800003528595,6.654
23.7200003534555,6.645
23.7600003540516,6.576
23.8000003546476,6.506
23.8400003552437,6.445
23.8800003558397,6.382
23.9200003564358,6.307
23.9600003570318,6.204
24.0000003576279,6.098
24.0400003582239,6.036
24.08000035882,6.018
24.120000359416,5.917
24.1600003600121,5.845
24.2000003606081,5.827
24.2400003612041,5.885
24.2800003618002,5.903
24.3200003623962,5.768
24.3600003629923,5.646
24.4000003635883,5.607
24.4400003641844,5.531
24.4800003647804,5.481
24.5200003653765,5.453
24.5600003659725,5.353
24.6000003665686,5.226
24.6400003671646,5.131
24.6800003677607,5.055
24.7200003683567,5.023
24.7600003689528,5.004
24.8000003695488,4.929
24.8400003701448,4.818
24.8800003707409,4.703
24.9200003713369,4.691
24.960000371933,4.7
25.000000372529,4.671
25.0400003731251,4.588
25.0800003737211,4.524
25.1200003743172,4.469
25.1600003749132,4.426
25.2000003755093,4.334
25.2400003761053,4.241
25.2800003767014,4.165
25.3200003772974,4.093
25.3600003778934,3.976
25.4000003784895,3.943
25.4400003790855,3.929
25.4800003796816,3.879
25.5200003802776,3.805
25.5600003808737,3.704
25.6000003814697,3.586
25.6400003820658,3.506
25.6800003826618,3.426
25.7200003832579,3.324
25.7600003838539,3.252
25.80000038445,3.196
25.840000385046,3.167
25.8800003856421,3.116
25.9200003862381,3.063
25.9600003868341,3.055
26.0000003874302,2.994
26.0400003880262,2.914
26.0800003886223,2.87
26.1200003892183,2.792
26.1600003898144,2.702
26.2000003904104,2.623
26.2400003910065,2.55
26.2800003916025,2.477
26.3200003921986,2.438
26.3600003927946,2.391
26.4000003933907,2.309
26.4400003939867,2.288
26.4800003945827,2.262
26.5200003951788,2.192
26.5600003957748,2.115
26.6000003963709,2.065
26.6400003969669,2.105
26.680000397563,2.146
26.720000398159,2.138
26.7600003987551,2.102
26.8000003993511,2.09
26.8400003999472,2.062
26.8800004005432,2.002
26.9200004011393,1.974
26.9600004017353,1.984
27.0000004023314,1.977
27.0400004029274,1.938
27.0800004035234,1.909
27.1200004041195,1.883
27.1600004047155,1.888
27.2000004053116,1.82
27.2400004059076,1.813
27.2800004065037,1.851
27.3200004070997,1.793
27.3600004076958,1.756
27.4000004082918,1.763
27.4400004088879,1.714
27.4800004094839,1.646
27.52000041008,1.604
27.560000410676,1.577
27.600000411272,1.555
27.6400004118681,1.546
27.6800004124641,1.591
27.7200004130602,1.626
27.7600004136562,1.579
27.8000004142523,1.566
27.8400004148483,1.614
27.8800004154444,1.595
27.9200004160404,1.605
27.9600004166365,1.549
28.0000004172325,1.527
28.0400004178286,1.504
28.0800004184246,1.448
28.1200004190207,1.496
28.1600004196167,1.543
28.2000004202127,1.522
28.2400004208088,1.476
28.2800004214048,1.447
28.3200004220009,1.458
28.3600004225969,1.379
28.400000423193,1.313
28.440000423789,1.277
28.4800004243851,1.223
28.5200004249811,1.208
28.5600004255772,1.224
28.6000004261732,1.277
28.6400004267693,1.287
28.6800004273653,1.28
28.7200004279613,1.354
28.7600004285574,1.403
28.8000004291534,1.363
28.8400004297495,1.265
28.8800004303455,1.262
28.9200004309416,1.257
28.9600004315376,1.276
29.0000004321337,1.307
29.0400004327297,1.281
29.0800004333258,1.225
29.1200004339218,1.204
29.1600004345179,1.265
29.2000004351139,1.336
29.24000043571,1.277
29.280000436306,1.218
29.320000436902,1.237
29.3600004374981,1.316
29.4000004380941,1.39
29.4400004386902,1.458
29.4800004392862,1.429
29.5200004398823,1.336
29.5600004404783,1.322
29.6000004410744,1.357
29.6400004416704,1.368
29.6800004422665,1.334
29.7200004428625,1.328
29.7600004434586,1.317
29.8000004440546,1.316
29.8400004446507,1.252
29.8800004452467,1.184
29.9200004458427,1.157
29.9600004464388,1.122
30.0000004470348,1.199
30.0400004476309,1.308
30.0800004482269,1.376
30.120000448823,1.393
30.160000449419,1.363
30.2000004500151,1.359
30.2400004506111,1.317
30.2800004512072,1.264
30.3200004518032,1.245
30.3600004523993,1.254
30.4000004529953,1.233
30.4400004535913,1.215
30.4800004541874,1.217
30.5200004547834,1.182
30.5600004553795,1.097
30.6000004559755,1.085
30.6400004565716,1.121
30.6800004571676,1.212
30.7200004577637,1.256
30.7600004583597,1.17
30.8000004589558,1.106
30.8400004595518,1.136
30.8800004601479,1.15
30.9200004607439,1.15
30.96000046134,1.129
31.000000461936,1.086
31.040000462532,1.104
31.0800004631281,1.103
31.1200004637241,1.045
31.1600004643202,0.994
31.2000004649162,0.964
31.2400004655123,0.995
31.2800004661083,1.066
31.3200004667044,1.076
31.3600004673004,1.052
31.4000004678965,1.094
31.4400004684925,1.135
31.4800004690886,1.11
31.5200004696846,1.115
31.5600004702806,1.115
31.6000004708767,1.099
31.6400004714727,1.1
31.6800004720688,1.038
31.7200004726648,0.996
31.7600004732609,0.968
31.8000004738569,0.97
31.840000474453,0.959
31.880000475049,0.969
31.9200004756451,0.966
31.9600004762411,0.96
32.0000004768372,1.045
32.0400004774332,1.09
32.0800004780293,1.1
32.1200004786253,1.051
32.1600004792213,1.001
32.2000004798174,1.01
32.2400004804134,0.988
32.2800004810095,0.995
32.3200004816055,1.006
32.3600004822016,1.041
32.4000004827976,1.015
32.4400004833937,0.952
32.4800004839897,0.947
32.5200004845858,1.006
32.5600004851818,1.086
32.6000004857779,1.064
32.6400004863739,1.018
32.68000048697,0.982
32.720000487566,0.942
32.760000488162,0.965
32.8000004887581,0.932
32.8400004893541,0.897
32.8800004899502,0.926
32.9200004905462,0.932
32.9600004911423,0.917
33.0000004917383,0.977
33.0400004923344,1.053
33.0800004929304,1.041
33.1200004935265,1.013
33.1600004941225,1.08
33.2000004947186,1.17
33.2400004953146,1.225
33.2800004959106,1.127
33.3200004965067,1.029
33.3600004971027,0.963
33.4000004976988,0.951
33.4400004982948,0.94
33.4800004988909,0.875
33.5200004994869,0.895
33.560000500083,0.92
33.600000500679,0.914
33.6400005012751,0.915
33.6800005018711,0.852
33.7200005024672,0.864
33.7600005030632,0.901
33.8000005036592,0.884
33.8400005042553,0.891
33.8800005048513,0.939
33.9200005054474,0.937
33.9600005060434,0.86
34.0000005066395,0.821
34.0400005072355,0.847
34.0800005078316,0.822
34.1200005084276,0.808
34.1600005090237,0.859
34.2000005096197,0.905
34.2400005102158,0.92
34.2800005108118,0.879
34.3200005114079,0.822
34.3600005120039,0.842
34.4000005125999,0.927
34.440000513196,1.022
34.480000513792,1.002
34.5200005143881,0.94
34.5600005149841,0.995
34.6000005155802,1.003
34.6400005161762,0.976
34.6800005167723,0.987
34.7200005173683,0.966
34.7600005179644,0.945
34.8000005185604,0.886
34.8400005191565,0.86
34.8800005197525,0.826
34.9200005203485,0.8
34.9600005209446,0.769
35.0000005215406,0.761
35.0400005221367,0.757
35.0800005227327,0.714
35.1200005233288,0.72
35.1600005239248,0.791
35.2000005245209,0.816
35.2400005251169,0.82
35.280000525713,0.87
35.320000526309,0.862
35.3600005269051,0.894
35.4000005275011,0.883
35.4400005280972,0.836
35.4800005286932,0.846
35.5200005292892,0.868
35.5600005298853,0.825
35.6000005304813,0.792
35.6400005310774,0.816
35.6800005316734,0.873
35.7200005322695,0.899
35.7600005328655,0.836
35.8000005334616,0.799
35.8400005340576,0.783
35.8800005346537,0.809
35.9200005352497,0.926
35.9600005358458,1.031
36.0000005364418,1.051
36.0400005370378,1.036
36.0800005376339,0.986
36.1200005382299,0.964
36.160000538826,1.023
