time_min,absorb_mau
0.0,-0.001
0.0533333341280619,-0.047
0.1066666682561238,-0.059
0.1600000023841858,0.374
0.2133333365122477,0.778
0.2666666706403096,0.4
0.3200000047683716,0.225
0.3733333388964335,0.117
0.4266666730244954,0.153
0.4800000071525573,0.173
0.5333333412806193,0.432
0.5866666754086812,0.539
0.6400000095367432,0.453
0.6933333436648051,1.36
0.746666677792867,3.2
0.800000011920929,4.59
0.8533333460489909,4.947
0.9066666801770528,4.897
0.9600000143051148,4.798
1.0133333484331768,4.719
1.0666666825612383,4.778
1.1200000166893005,4.874
1.1733333508173625,4.988
1.2266666849454244,5.215
1.2800000190734864,5.268
1.3333333532015483,5.152
1.3866666873296103,5.094
1.4400000214576725,5.095
1.493333355585734,5.033
1.546666689713796,4.997
1.600000023841858,4.964
1.65333335796992,4.955
1.7066666920979818,4.951
1.7600000262260438,4.975
1.8133333603541055,5.008
1.866666694482168,5.097
1.9200000286102292,5.156
1.9733333627382916,5.292
2.0266666968663536,5.456
2.0800000309944155,5.539
2.133333365122477,5.677
2.186666699250539,5.875
2.240000033378601,6.012
2.293333367506663,6.174
2.346666701634725,6.316
2.400000035762787,6.477
2.453333369890849,6.76
2.506666704018911,6.903
2.5600000381469727,7.001
2.6133333722750347,7.246
2.6666667064030967,7.567
2.720000040531158,7.812
2.7733333746592206,7.982
2.8266667087872825,8.229
2.8800000429153445,8.423
2.9333333770434065,8.61
2.986666711171468,8.87
3.04000004529953,9.089
3.093333379427592,9.389
3.146666713555654,9.72
3.200000047683716,9.993
3.253333381811778,10.234
3.30666671593984,10.418
3.3600000500679017,10.692
3.413333384195964,11.028
3.4666667183240256,11.319
3.520000052452088,11.597
3.573333386580149,11.846
3.626666720708212,12.183
3.6800000548362735,12.512
3.733333388964336,12.873
3.786666723092397,13.192
3.840000057220459,13.435
3.893333391348521,13.589
3.946666725476583,13.668
4.000000059604645,13.803
4.053333393732707,13.949
4.106666727860769,14.084
4.160000061988831,14.173
4.213333396116893,14.349
4.266666730244954,14.52
4.3200000643730165,14.678
4.373333398501078,14.891
4.4266667326291405,15.095
4.480000066757202,15.318
4.533333400885264,15.4
4.586666735013326,15.583
4.640000069141388,15.754
4.69333340326945,15.915
4.746666737397512,16.005
4.800000071525574,16.148
4.853333405653636,16.358
4.906666739781698,16.566
4.96000007390976,16.714
5.013333408037822,16.845
5.066666742165884,17.016
5.1200000762939455,17.271
5.173333410422007,17.552
5.226666744550069,17.782
5.280000078678131,17.97
5.333333412806193,18.095
5.386666746934255,18.239
5.440000081062317,18.237
5.493333415190379,18.32
5.546666749318441,18.401
5.600000083446503,18.432
5.653333417574565,18.455
5.706666751702627,18.562
5.760000085830689,18.712
5.813333419958751,18.848
5.866666754086813,19.119
5.920000088214874,19.398
5.973333422342936,19.567
6.026666756470998,19.682
6.08000009059906,19.71
6.133333424727122,19.701
6.186666758855184,19.743
6.240000092983246,19.807
6.293333427111308,19.862
6.34666676123937,19.896
6.400000095367432,19.967
6.453333429495494,20.182
6.506666763623556,20.36
6.560000097751618,20.476
6.61333343187968,20.633
6.666666766007742,20.736
6.720000100135803,20.793
6.773333434263866,20.805
6.826666768391927,20.792
6.880000102519989,20.838
6.933333436648051,20.854
6.986666770776113,20.853
7.040000104904175,20.864
7.093333439032237,20.837
7.146666773160299,20.775
7.200000107288361,20.772
7.253333441416423,20.79
7.306666775544484,20.847
7.360000109672547,20.934
7.413333443800608,20.954
7.466666777928671,21.004
7.520000112056732,20.968
7.573333446184795,20.847
7.626666780312856,20.785
7.680000114440918,20.758
7.73333344856898,20.807
7.786666782697042,20.854
7.840000116825104,20.88
7.893333450953166,20.85
7.946666785081228,20.925
8.00000011920929,20.968
8.053333453337352,20.938
8.106666787465414,20.911
8.160000121593475,20.933
8.213333455721537,20.847
8.2666667898496,20.691
8.320000123977662,20.672
8.373333458105723,20.633
8.426666792233785,20.612
8.480000126361848,20.673
8.533333460489908,20.67
8.58666679461797,20.644
8.640000128746033,20.65
8.693333462874095,20.62
8.746666797002156,20.56
8.800000131130219,20.497
8.853333465258281,20.429
8.906666799386343,20.423
8.960000133514404,20.427
9.013333467642466,20.422
9.066666801770529,20.489
9.120000135898591,20.551
9.173333470026652,20.611
9.226666804154714,20.597
9.280000138282777,20.573
9.33333347241084,20.635
9.3866668065389,20.728
9.440000140666962,20.764
9.493333474795024,20.797
9.546666808923083,20.718
9.600000143051147,20.672
9.65333347717921,20.593
9.706666811307272,20.712
9.760000145435331,20.745
9.813333479563395,20.753
9.866666813691458,20.743
9.92000014781952,20.75
9.97333348194758,20.87
10.026666816075643,20.95
10.080000150203706,21.068
10.133333484331768,21.092
10.186666818459829,20.983
10.240000152587893,20.842
10.293333486715952,20.718
10.346666820844014,20.51
10.400000154972076,20.337
10.45333348910014,20.247
10.5066668232282,20.181
10.560000157356262,20.071
10.613333491484324,19.937
10.666666825612388,19.905
10.720000159740447,19.863
10.77333349386851,19.828
10.826666827996572,19.689
10.880000162124634,19.702
10.933333496252695,19.676
10.986666830380758,19.526
11.04000016450882,19.359
11.093333498636882,19.284
11.146666832764945,19.23
11.200000166893004,19.154
11.253333501021068,19.047
11.30666683514913,19.023
11.36000016927719,19.012
11.413333503405251,19.06
11.466666837533316,19.121
11.520000171661378,19.131
11.57333350578944,19.139
11.6266668399175,19.108
11.680000174045563,19.103
11.733333508173626,18.925
11.786666842301686,18.833
11.840000176429747,18.743
11.893333510557811,18.609
11.946666844685872,18.551
12.000000178813934,18.446
12.053333512941997,18.411
12.10666684707006,18.448
12.16000018119812,18.437
12.213333515326182,18.442
12.266666849454245,18.569
12.320000183582309,18.521
12.373333517710368,18.465
12.42666685183843,18.462
12.480000185966492,18.494
12.533333520094557,18.488
12.586666854222615,18.43
12.640000188350678,18.366
12.69333352247874,18.322
12.746666856606804,18.345
12.800000190734863,18.37
12.853333524862926,18.339
12.906666858990988,18.387
12.960000193119049,18.424
13.013333527247111,18.427
13.066666861375174,18.414
13.120000195503236,18.303
13.173333529631297,18.176
13.22666686375936,18.217
13.28000019788742,18.19
13.333333532015484,18.143
13.386666866143544,18.115
13.440000200271609,17.95
13.49333353439967,17.777
13.546666868527732,17.753
13.600000202655792,17.629
13.653333536783856,17.525
13.706666870911915,17.427
13.760000205039978,17.414
13.81333353916804,17.416
13.866666873296102,17.338
13.920000207424165,17.254
13.973333541552226,17.175
14.026666875680288,17.114
14.08000020980835,17.023
14.133333543936413,16.997
14.186666878064472,17.02
14.240000212192536,17.001
14.293333546320598,16.997
14.34666688044866,16.981
14.40000021457672,16.913
14.453333548704784,16.893
14.506666882832846,16.779
14.560000216960908,16.621
14.613333551088967,16.514
14.666666885217031,16.444
14.720000219345094,16.417
14.773333553473154,16.414
14.826666887601217,16.431
14.88000022172928,16.44
14.933333555857342,16.492
14.986666889985402,16.524
15.040000224113465,16.53
15.093333558241527,16.527
15.14666689236959,16.42
15.20000022649765,16.267
15.253333560625713,16.206
15.306666894753777,16.133
15.360000228881836,16.094
15.413333563009898,16.067
15.46666689713796,16.084
15.520000231266025,15.992
15.573333565394083,15.937
15.626666899522146,15.917
15.680000233650208,15.943
15.73333356777827,16.051
15.786666901906331,16.084
15.840000236034394,16.076
15.893333570162456,16.057
15.946666904290518,15.97
16.00000023841858,15.914
16.05333357254664,15.85
16.106666906674704,15.781
16.160000240802766,15.766
16.21333357493083,15.794
16.266666909058888,15.85
16.32000024318695,15.835
16.373333577315012,15.888
16.426666911443075,15.845
16.480000245571137,15.761
16.5333335796992,15.66
16.586666913827262,15.492
16.640000247955324,15.295
16.693333582083383,15.114
16.746666916211446,15.039
16.800000250339508,14.979
16.85333358446757,14.978
16.906666918595633,14.933
16.960000252723695,14.884
17.013333586851758,14.834
17.066666920979817,14.824
17.12000025510788,14.872
17.17333358923594,14.887
17.226666923364004,14.849
17.280000257492066,14.781
17.33333359162013,14.753
17.38666692574819,14.677
17.440000259876253,14.509
17.493333594004312,14.45
17.546666928132375,14.471
17.600000262260437,14.505
17.6533335963885,14.393
17.706666930516562,14.402
17.760000264644624,14.397
17.813333598772687,14.382
17.866666932900745,14.394
17.920000267028808,14.367
17.97333360115687,14.433
18.026666935284933,14.299
18.080000269412995,14.098
18.133333603541057,13.935
18.18666693766912,13.837
18.240000271797182,13.777
18.29333360592524,13.63
18.346666940053304,13.482
18.40000027418137,13.39
18.45333360830943,13.448
18.50666694243749,13.5
18.560000276565557,13.548
18.613333610693616,13.599
18.66666694482168,13.636
18.720000278949737,13.604
18.7733336130778,13.391
18.82666694720586,13.288
18.880000281333924,13.211
18.933333615461983,13.082
18.98666694959005,12.98
19.04000028371811,12.928
19.09333361784617,12.899
19.146666951974236,12.875
19.20000028610229,12.877
19.25333362023036,12.875
19.30666695435842,12.893
19.36000028848648,12.965
19.413333622614545,12.945
19.466666956742607,12.835
19.520000290870662,12.822
19.573333624998728,12.781
19.62666695912679,12.719
19.680000293254853,12.633
19.733333627382915,12.578
19.786666961510974,12.557
19.84000029563904,12.531
19.8933336297671,12.488
19.94666696389516,12.469
20.000000298023224,12.448
20.053333632151286,12.427
20.10666696627935,12.342
20.16000030040741,12.29
20.213333634535477,12.295
20.266666968663536,12.203
20.320000302791595,12.029
20.373333636919657,11.863
20.42666697104772,11.725
20.480000305175786,11.695
20.533333639303844,11.708
20.586666973431907,11.67
20.64000030755997,11.599
20.693333641688028,11.636
20.74666697581609,11.509
20.800000309944156,11.355
20.85333364407221,11.301
20.90666697820028,11.219
20.96000031232834,11.08
21.0133336464564,11.03
21.066666980584465,11.008
21.120000314712524,10.922
21.173333648840583,10.795
21.22666698296865,10.802
21.28000031709671,10.79
21.333333651224773,10.685
21.38666698535284,10.593
21.440000319480895,10.543
21.49333365360896,10.472
21.54666698773702,10.372
21.60000032186508,10.269
21.653333655993144,10.191
21.706666990121207,10.15
21.76000032424927,10.138
21.81333365837733,10.168
21.866666992505397,10.245
21.920000326633453,10.229
21.973333660761515,10.146
22.026666994889577,10.16
22.08000032901764,10.212
22.133333663145702,10.176
22.186666997273765,10.11
22.240000331401827,9.958
22.29333366552989,9.938
22.34666699965795,9.868
22.40000033378601,9.834
22.453333667914077,9.836
22.506667002042136,9.856
22.5600003361702,9.794
22.61333367029826,9.701
22.666667004426323,9.642
22.72000033855438,9.643
22.773333672682444,9.633
22.826667006810503,9.574
22.88000034093857,9.585
22.93333367506663,9.499
22.986667009194694,9.382
23.04000034332276,9.218
23.09333367745081,9.127
23.14666701157888,9.021
23.20000034570694,8.854
23.253333679835,8.794
23.306667013963065,8.746
23.360000348091127,8.754
23.41333368221919,8.63
23.46666701634725,8.541
23.52000035047531,8.418
23.573333684603373,8.308
23.626667018731435,8.237
23.680000352859494,8.129
23.73333368698756,8.034
23.786667021115623,7.986
23.840000355243685,7.891
23.893333689371744,7.851
23.946667023499806,7.797
24.00000035762787,7.743
24.05333369175593,7.707
24.106667025883997,7.639
24.160000360012056,7.474
24.21333369414012,7.441
24.26666702826818,7.455
24.32000036239624,7.334
24.373333696524305,7.231
24.426667030652364,7.151
24.480000364780427,7.185
24.53333369890849,7.195
24.58666703303655,7.153
24.64000036716461,7.158
24.693333701292676,7.141
24.74666703542073,7.153
24.8000003695488,7.12
24.85333370367686,7.086
24.90666703780492,7.09
24.960000371932985,7.063
25.013333706061047,6.962
25.06666704018911,6.817
25.12000037431717,6.7
25.17333370844523,6.62
25.226667042573293,6.527
25.28000037670136,6.438
25.333333710829415,6.428
25.38666704495748,6.503
25.440000379085543,6.495
25.493333713213605,6.462
25.546667047341664,6.329
25.600000381469727,6.304
25.65333371559779,6.31
25.70666704972585,6.29
25.760000383853917,6.269
25.813333717981976,6.216
25.86666705211004,6.247
25.920000386238097,6.205
25.97333372036616,6.093
26.026667054494222,6.009
26.080000388622285,5.899
26.133333722750347,5.854
26.18666705687841,5.844
26.240000391006472,5.77
26.29333372513453,5.664
26.346667059262597,5.618
26.400000393390656,5.626
26.45333372751872,5.511
26.50666706164678,5.372
26.560000395774843,5.246
26.613333729902905,5.13
26.666667064030968,5.059
26.720000398159023,5.006
26.77333373228709,4.934
26.82666706641515,4.842
26.880000400543214,4.849
26.93333373467128,4.899
26.98666706879934,4.95
27.0400004029274,4.913
27.093333737055463,4.783
27.14666707118352,4.602
27.200000405311584,4.551
27.253333739439647,4.487
27.30666707356771,4.387
27.36000040769577,4.43
27.413333741823838,4.397
27.466667075951896,4.369
27.520000410079955,4.33
27.573333744208018,4.201
27.62666707833608,4.16
27.680000412464143,4.075
27.733333746592205,4.004
27.786667080720267,3.939
27.84000041484833,3.874
27.893333748976392,4.005
27.94666708310445,4.016
28.000000417232517,3.904
28.053333751360576,3.892
28.10666708548864,3.871
28.1600004196167,3.867
28.213333753744763,3.825
28.266667087872825,3.835
28.320000422000884,3.868
28.373333756128947,3.844
28.42666709025701,3.742
28.48000042438507,3.655
28.53333375851313,3.668
28.5866670926412,3.756
28.64000042676926,3.691
28.69333376089732,3.535
28.74666709502538,3.484
28.80000042915344,3.567
28.853333763281505,3.621
28.906667097409567,3.548
28.96000043153763,3.505
29.01333376566569,3.473
29.066667099793754,3.428
29.120000433921813,3.374
29.17333376804988,3.372
29.226667102177935,3.328
29.280000436306,3.27
29.333333770434063,3.247
29.386667104562125,3.235
29.440000438690188,3.196
29.49333377281825,3.168
29.54666710694631,3.093
29.60000044107437,3.082
29.653333775202437,3.18
29.706667109330496,3.113
29.76000044345856,3.065
29.81333377758662,3.042
29.866667111714683,3.074
29.920000445842746,2.989
29.973333779970805,2.817
30.026667114098867,2.724
30.08000044822693,2.634
30.133333782354992,2.589
30.18666711648305,2.632
30.24000045061112,2.68
30.29333378473918,2.677
30.34666711886724,2.66
30.4000004529953,2.585
30.453333787123363,2.558
30.506667121251425,2.56
30.560000455379488,2.568
30.61333378950755,2.559
30.66666712363561,2.505
30.72000045776367,2.451
30.773333791891734,2.389
30.8266671260198,2.308
30.88000046014786,2.249
30.93333379427592,2.213
30.986667128403983,2.161
31.04000046253205,2.1
31.093333796660108,2.128
31.146667130788167,2.154
31.20000046491623,2.081
31.25333379904429,2.103
31.306667133172358,2.117
31.360000467300416,2.049
31.41333380142848,2.045
31.46666713555654,2.07
31.5200004696846,2.036
31.573333803812663,1.956
31.626667137940725,1.964
31.680000472068787,2.028
31.73333380619685,2.073
31.786667140324912,2.096
31.84000047445297,2.061
31.89333380858104,1.985
31.946667142709096,2.003
32.00000047683716,2.039
32.05333381096522,2.072
32.10666714509328,2.121
32.160000479221345,2.019
32.21333381334941,1.929
32.26666714747747,1.89
32.32000048160553,1.869
32.373333815733595,1.825
32.42666714986166,1.713
32.48000048398972,1.629
32.533333818117775,1.595
32.58666715224584,1.585
32.6400004863739,1.61
32.69333382050196,1.646
32.746667154630025,1.655
32.80000048875809,1.574
32.85333382288615,1.498
32.90666715701421,1.511
32.960000491142274,1.581
33.01333382527034,1.57
33.0666671593984,1.544
33.12000049352646,1.541
33.173333827654524,1.618
33.226667161782586,1.631
33.28000049591065,1.545
33.333333830038704,1.489
33.38666716416677,1.479
33.44000049829483,1.51
33.49333383242289,1.435
33.546667166550954,1.45
33.600000500679016,1.42
33.65333383480708,1.388
33.70666716893514,1.356
33.7600005030632,1.386
33.813333837191266,1.369
33.86666717131933,1.444
33.92000050544739,1.504
33.97333383957545,1.37
34.026667173703515,1.346
34.08000050783158,1.321
34.13333384195963,1.337
34.186667176087695,1.376
34.24000051021576,1.317
34.29333384434382,1.358
34.34666717847188,1.372
34.400000512599945,1.343
34.45333384672801,1.297
34.50666718085607,1.291
34.56000051498413,1.306
34.613333849112195,1.349
34.66666718324026,1.312
34.72000051736832,1.252
34.77333385149638,1.275
34.826667185624444,1.291
34.88000051975251,1.178
34.93333385388056,1.194
34.986667188008624,1.231
35.04000052213669,1.236
35.09333385626475,1.216
35.14666719039281,1.177
35.200000524520874,1.184
35.253333858648936,1.223
35.306667192777,1.214
35.36000052690506,1.15
35.413333861033124,1.158
35.466667195161186,1.133
35.52000052928925,1.054
35.57333386341731,1.053
35.62666719754537,1.092
35.68000053167344,1.205
35.73333386580149,1.185
35.78666719992955,1.182
35.840000534057616,1.229
35.89333386818568,1.188
35.94666720231374,1.135
36.0000005364418,1.171
36.053333870569865,1.244
36.10666720469793,1.134
36.16000053882599,1.161
36.21333387295405,1.144
36.26666720708212,1.192
36.32000054121018,1.268
36.37333387533824,1.328
36.4266672094663,1.401
36.480000543594365,1.381
36.53333387772243,1.352
36.58666721185048,1.301
36.64000054597855,1.286
36.69333388010661,1.307
36.74666721423467,1.197
36.80000054836273,1.152
36.8533338824908,1.187
36.90666721661886,1.187
36.96000055074692,1.188
37.01333388487498,1.16
37.06666721900304,1.068
37.12000055313111,0.99
37.17333388725917,1.034
37.22666722138723,1.062
37.280000555515294,1.067
37.33333388964336,1.101
37.38666722377141,1.093
37.440000557899474,1.057
37.493333892027536,1.087
37.5466672261556,1.051
37.60000056028366,1.046
37.65333389441172,1.104
37.706667228539786,1.055
37.76000056266785,1.026
37.81333389679591,1.132
37.86666723092397,1.187
37.92000056505204,1.126
37.9733338991801,1.071
38.02666723330816,1.048
38.08000056743622,1.107
38.133333901564285,1.048
38.18666723569234,1.047
38.2400005698204,1.026
38.29333390394847,1.005
38.34666723807653,0.919
38.40000057220459,0.877
38.45333390633265,0.989
38.50666724046072,1.067
38.56000057458878,1.033
38.61333390871684,0.987
38.6666672428449,1.08
38.72000057697296,1.125
38.77333391110103,1.075
38.82666724522909,1.06
38.88000057935715,1.061
38.933333913485214,1.104
38.98666724761327,0.994
39.04000058174133,0.937
39.093333915869394,0.942
39.146667249997456,0.876
39.20000058412552,0.884
39.25333391825358,0.903
39.30666725238165,0.851
39.360000586509706,0.887
39.41333392063777,0.913
39.46666725476583,0.847
39.52000058889389,0.84
39.57333392302196,0.822
39.62666725715002,0.804
39.68000059127808,0.803
39.73333392540614,0.798
39.7866672595342,0.764
39.84000059366226,0.778
39.89333392779032,0.753
39.94666726191839,0.781
40.00000059604645,0.814
40.05333393017451,0.793
40.10666726430257,0.843
40.16000059843064,0.942
40.2133339325587,1.078
40.26666726668676,1.07
40.32000060081482,1.026
40.373333934942885,1.013
40.42666726907095,1.022
40.48000060319901,1.172
40.53333393732707,1.141
40.58666727145513,1.048
40.64000060558319,1.079
40.69333393971125,1.054
40.746667273839314,0.963
40.80000060796738,0.95
40.85333394209544,0.923
40.9066672762235,0.923
40.96000061035157,0.904
41.013333944479626,0.943
41.06666727860769,0.98
41.12000061273575,0.985
41.17333394686381,1.034
41.22666728099188,1.077
41.28000061511994,1.126
41.333333949248,1.055
41.386667283376056,1.023
41.44000061750412,1.009
41.49333395163218,0.968
41.54666728576024,0.974
41.60000061988831,1.025
41.65333395401637,1.017
41.70666728814443,1.031
41.76000062227249,1.071
41.81333395640056,1.036
41.86666729052862,1.08
41.92000062465668,1.189
41.97333395878474,1.24
42.026667292912805,1.218
42.08000062704087,1.192
42.13333396116893,1.164
42.186667295296985,1.06
42.24000062942505,1.086
42.29333396355311,1.107
42.34666729768117,1.122
42.40000063180924,1.077
42.4533339659373,1.054
42.50666730006536,1.025
42.56000063419342,0.999
42.61333396832149,1.065
42.66666730244955,1.062
42.72000063657761,1.02
42.77333397070567,1.033
42.82666730483373,1.229
42.8800006389618,1.322
42.93333397308986,1.334
42.98666730721792,1.342
43.040000641345976,1.287
43.09333397547404,1.213
43.1466673096021,1.157
43.20000064373016,1.092
43.25333397785823,1.092
43.30666731198629,1.062
43.36000064611435,1.055
43.41333398024241,1.063
43.46666731437048,1.07
43.52000064849854,1.088
43.5733339826266,1.113
43.62666731675466,1.128
43.680000650882725,1.24
43.73333398501079,1.192
43.78666731913884,1.082
43.840000653266905,1.045
43.89333398739497,0.991
43.94666732152303,0.953
44.00000065565109,0.953
44.05333398977916,0.907
44.10666732390722,0.993
44.16000065803528,0.997
44.21333399216334,1.039
44.266667326291405,1.072
44.32000066041947,1.109
44.37333399454753,1.133
44.42666732867559,1.107
44.48000066280365,1.093
44.53333399693172,1.125
44.58666733105977,1.111
44.64000066518784,1.139
44.6933339993159,1.11
44.74666733344396,1.056
44.80000066757202,0.965
44.85333400170008,0.949
44.90666733582815,0.995
44.96000066995621,1.111
45.01333400408427,1.11
45.06666733821233,1.085
45.1200006723404,1.031
45.17333400646846,1.075
45.22666734059652,1.044
45.28000067472458,1.001
45.333334008852646,0.986
45.3866673429807,1.043
45.44000067710876,1.051
45.493334011236826,1.012
45.54666734536489,1.009
45.60000067949295,0.991
45.65333401362101,1.006
45.70666734774908,1.025
45.76000068187714,1.054
45.8133340160052,1.026
45.86666735013326,0.962
45.920000684261325,0.908
45.97333401838939,0.9
46.02666735251745,0.838
46.08000068664551,0.831
46.13333402077357,0.837
46.18666735490163,0.829
46.24000068902969,0.796
46.29333402315776,0.839
46.34666735728582,0.902
46.40000069141388,0.905
46.45333402554194,0.856
46.50666735967,0.839
46.56000069379807,0.966
46.61333402792613,1.0
46.66666736205419,0.978
46.720000696182254,1.019
46.77333403031032,1.079
46.82666736443838,1.099
46.88000069856644,1.055
46.9333340326945,1.036
46.98666736682256,1.062
47.04000070095062,1.113
47.09333403507868,1.22
47.146667369206746,1.204
47.20000070333481,1.211
47.25333403746287,1.201
47.30666737159093,1.16
47.360000705719,1.116
47.41333403984706,1.066
47.46666737397512,1.034
47.52000070810318,1.021
47.573334042231245,1.006
47.62666737635931,1.068
47.68000071048737,1.075
47.73333404461543,1.05
47.78666737874349,1.107
47.84000071287155,1.118
47.89333404699961,1.068
47.94666738112768,1.052
48.00000071525574,1.03
48.0533340493838,1.067
48.10666738351186,1.103
48.160000717639925,1.197
48.21333405176799,1.245
48.26666738589605,1.184
