time_min,absorb_mau
0.0,0.003
0.0366666672130425,0.073
0.0733333344260851,0.16
0.1100000016391277,0.385
0.1466666688521703,0.719
0.1833333360652129,0.907
0.2200000032782554,0.678
0.256666670491298,0.289
0.2933333377043406,0.089
0.3300000049173832,0.022
0.3666666721304258,0.035
0.4033333393434684,0.071
0.4400000065565109,0.143
0.4766666737695535,0.28
0.5133333409825961,0.379
0.5500000081956387,0.408
0.5866666754086812,0.52
0.6233333426217238,0.712
0.6600000098347664,1.047
0.6966666770478089,1.498
0.7333333442608516,1.97
0.7700000114738942,2.287
0.8066666786869368,2.517
0.8433333458999793,2.682
0.8800000131130219,2.899
0.9166666803260644,3.146
0.953333347539107,3.409
0.9900000147521496,3.758
1.0266666819651922,4.208
1.0633333491782349,4.801
1.100000016391277,5.434
1.13666668360432,5.931
1.1733333508173625,6.317
1.2100000180304051,6.69
1.2466666852434476,7.1
1.2833333524564905,7.541
1.3200000196695327,8.004
1.3566666868825754,8.42
1.393333354095618,8.849
1.4300000213086606,9.363
1.4666666885217032,9.957
1.5033333557347457,10.584
1.5400000229477884,11.223
1.5766666901608308,11.813
1.6133333573738735,12.458
1.650000024586916,13.156
1.6866666917999589,13.811
1.723333359013001,14.545
1.7600000262260438,15.252
1.7966666934390862,15.904
1.833333360652129,16.502
1.8700000278651716,17.13
1.906666695078214,17.733
1.9433333622912567,18.354
1.9800000295042992,18.946
2.016666696717342,19.516
2.0533333639303843,20.07
2.090000031143427,20.7
2.1266666983564697,21.208
2.163333365569512,21.73
2.200000032782554,22.318
2.236666699995597,22.927
2.27333336720864,23.449
2.3100000344216824,23.935
2.346666701634725,24.444
2.383333368847768,24.933
2.4200000360608103,25.426
2.4566667032738527,25.827
2.493333370486895,26.192
2.530000037699938,26.582
2.5666667049129805,26.898
2.603333372126023,27.247
2.640000039339065,27.501
2.6766667065521084,27.666
2.713333373765151,27.75
2.7500000409781933,27.836
2.786666708191236,27.904
2.823333375404278,27.977
2.860000042617321,28.06
2.896666709830364,28.153
2.9333333770434065,28.206
2.970000044256449,28.243
3.0066667114694914,28.293
3.043333378682534,28.348
3.0800000458955767,28.362
3.116666713108619,28.34
3.1533333803216617,28.326
3.190000047534704,28.307
3.226666714747747,28.252
3.263333381960789,28.22
3.300000049173832,28.116
3.336666716386875,27.96
3.3733333835999173,27.765
3.41000005081296,27.548
3.446666718026002,27.331
3.483333385239045,27.057
3.520000052452088,26.755
3.55666671966513,26.502
3.5933333868781725,26.309
3.630000054091216,26.131
3.666666721304258,25.945
3.7033333885173,25.614
3.740000055730343,25.274
3.7766667229433857,25.04
3.813333390156428,24.859
3.850000057369471,24.67
3.8866667245825135,24.444
3.923333391795556,24.318
3.9600000590085984,24.204
3.996666726221641,24.076
4.033333393434684,23.892
4.070000060647726,23.702
4.106666727860769,23.507
4.143333395073811,23.276
4.180000062286854,22.989
4.216666729499896,22.768
4.253333396712939,22.575
4.290000063925982,22.32
4.326666731139024,22.084
4.363333398352067,21.832
4.400000065565109,21.582
4.436666732778152,21.391
4.473333399991194,21.203
4.5100000672042375,20.993
4.54666673441728,20.797
4.583333401630322,20.638
4.620000068843365,20.447
4.656666736056407,20.288
4.69333340326945,20.106
4.730000070482492,19.91
4.766666737695536,19.7
4.803333404908578,19.421
4.8400000721216205,19.237
4.876666739334663,19.107
4.9133334065477055,18.923
4.950000073760748,18.631
4.98666674097379,18.299
5.023333408186833,17.979
5.060000075399876,17.729
5.096666742612919,17.525
5.133333409825961,17.329
5.170000077039004,17.099
5.206666744252046,16.863
5.2433334114650885,16.591
5.280000078678131,16.358
5.316666745891174,16.15
5.353333413104217,15.931
5.390000080317259,15.677
5.426666747530302,15.451
5.463333414743344,15.256
5.500000081956387,14.961
5.536666749169429,14.616
5.573333416382472,14.338
5.610000083595515,14.055
5.646666750808557,13.765
5.6833334180216,13.431
5.720000085234642,13.108
5.756666752447685,12.861
5.793333419660727,12.6
5.83000008687377,12.213
5.866666754086813,11.795
5.903333421299855,11.421
5.940000088512898,11.13
5.97666675572594,10.895
6.013333422938983,10.601
6.050000090152025,10.315
6.086666757365068,10.038
6.12333342457811,9.734
6.1600000917911535,9.435
6.196666759004196,9.11
6.233333426217238,8.766
6.270000093430281,8.554
6.306666760643323,8.339
6.343333427856366,8.168
6.380000095069408,7.984
6.416666762282452,7.745
6.453333429495494,7.448
6.4900000967085365,7.194
6.526666763921579,7.013
6.563333431134621,6.851
6.600000098347664,6.623
6.636666765560706,6.377
6.67333343277375,6.223
6.710000099986792,5.974
6.746666767199835,5.722
6.783333434412877,5.521
6.82000010162592,5.328
6.856666768838962,5.118
6.893333436052004,4.965
6.930000103265047,4.8
6.96666677047809,4.561
7.003333437691133,4.333
7.040000104904175,4.096
7.076666772117218,3.948
7.11333343933026,3.852
7.150000106543303,3.717
7.186666773756345,3.553
7.223333440969388,3.403
7.260000108182431,3.262
7.296666775395473,3.159
7.333333442608516,3.001
7.370000109821558,2.833
7.406666777034601,2.673
7.443333444247643,2.54
7.480000111460685,2.412
7.516666778673729,2.335
7.553333445886771,2.286
7.590000113099814,2.207
7.626666780312856,2.126
7.663333447525899,2.133
7.700000114738941,2.185
7.736666781951984,2.129
7.773333449165027,1.994
7.810000116378069,1.899
7.846666783591112,1.859
7.883333450804154,1.865
7.920000118017197,1.787
7.956666785230239,1.712
7.993333452443282,1.667
8.030000119656325,1.58
8.066666786869368,1.566
8.10333345408241,1.564
8.140000121295452,1.522
8.176666788508495,1.52
8.213333455721537,1.483
8.25000012293458,1.378
8.286666790147622,1.366
8.323333457360665,1.349
8.360000124573707,1.322
8.39666679178675,1.295
8.433333458999792,1.258
8.470000126212836,1.267
8.506666793425879,1.244
8.543333460638921,1.196
8.580000127851964,1.106
8.616666795065006,1.016
8.653333462278049,1.05
8.690000129491091,1.042
8.726666796704134,1.032
8.763333463917176,1.032
8.800000131130219,1.085
8.836666798343261,1.113
8.873333465556303,1.098
8.910000132769346,1.043
8.946666799982388,1.036
8.98333346719543,1.08
9.020000134408477,1.053
9.056666801621516,1.007
9.09333346883456,1.012
9.130000136047602,1.021
9.166666803260645,1.048
9.203333470473687,1.048
9.24000013768673,1.061
9.276666804899772,1.043
9.313333472112816,0.991
9.350000139325855,0.962
9.3866668065389,0.904
9.423333473751942,0.85
9.460000140964985,0.866
9.496666808178029,0.821
9.533333475391071,0.757
9.570000142604114,0.746
9.606666809817156,0.774
9.6433334770302,0.724
9.68000014424324,0.624
9.716666811456284,0.584
9.753333478669326,0.582
9.790000145882368,0.648
9.826666813095413,0.765
9.863333480308452,0.858
9.900000147521496,0.863
9.936666814734538,0.849
9.97333348194758,0.88
10.010000149160623,0.896
10.046666816373666,0.911
10.08333348358671,0.881
10.120000150799752,0.824
10.156666818012797,0.842
10.193333485225835,0.857
10.23000015243888,0.881
10.266666819651922,0.881
10.303333486864965,0.876
10.340000154078009,0.882
10.37666682129105,0.917
10.413333488504092,0.867
10.450000155717134,0.858
10.486666822930175,0.814
10.52333349014322,0.797
10.560000157356262,0.878
10.596666824569304,0.993
10.633333491782349,0.938
10.670000158995393,0.885
10.706666826208432,0.816
10.743333493421476,0.792
10.780000160634518,0.732
10.81666682784756,0.692
10.853333495060603,0.747
10.890000162273646,0.754
10.926666829486688,0.693
10.96333349669973,0.645
11.000000163912771,0.638
11.036666831125816,0.65
11.073333498338858,0.625
11.1100001655519,0.667
11.146666832764945,0.726
11.183333499977987,0.699
11.22000016719103,0.633
11.256666834404072,0.625
11.293333501617116,0.676
11.330000168830155,0.722
11.3666668360432,0.735
11.403333503256242,0.726
11.440000170469284,0.695
11.476666837682329,0.737
11.51333350489537,0.721
11.550000172108412,0.743
11.586666839321454,0.731
11.623333506534497,0.777
11.66000017374754,0.798
11.696666840960582,0.803
11.733333508173626,0.735
11.770000175386668,0.66
11.80666684259971,0.621
11.843333509812751,0.585
11.880000177025796,0.625
11.916666844238838,0.674
11.95333351145188,0.765
11.990000178664925,0.795
12.026666845877966,0.77
12.063333513091008,0.759
12.10000018030405,0.764
12.136666847517091,0.695
12.173333514730135,0.669
12.210000181943178,0.672
12.24666684915622,0.672
12.283333516369265,0.683
12.320000183582309,0.647
12.35666685079535,0.622
12.393333518008392,0.566
12.430000185221434,0.561
12.466666852434477,0.565
12.50333351964752,0.508
12.540000186860562,0.471
12.576666854073604,0.427
12.613333521286648,0.381
12.650000188499687,0.381
12.686666855712732,0.4
12.723333522925774,0.469
12.760000190138816,0.518
12.79666685735186,0.548
12.833333524564903,0.539
12.870000191777946,0.496
12.906666858990988,0.496
12.94333352620403,0.518
12.980000193417071,0.566
13.016666860630115,0.589
13.053333527843158,0.641
13.0900001950562,0.644
13.126666862269245,0.653
13.163333529482284,0.647
13.200000196695328,0.582
13.23666686390837,0.512
13.273333531121413,0.51
13.310000198334455,0.512
13.3466668655475,0.488
13.383333532760542,0.482
13.420000199973584,0.54
13.456666867186629,0.608
13.49333353439967,0.679
13.530000201612712,0.777
13.566666868825754,0.839
13.603333536038797,0.873
13.64000020325184,0.873
13.67666687046488,0.808
13.713333537677924,0.715
13.750000204890966,0.699
13.786666872104009,0.704
13.823333539317051,0.707
13.860000206530094,0.644
13.896666873743138,0.599
13.93333354095618,0.584
13.970000208169225,0.582
14.006666875382264,0.608
14.043333542595308,0.58
14.08000020980835,0.613
14.116666877021393,0.669
14.153333544234435,0.671
14.190000211447478,0.691
14.22666687866052,0.69
14.263333545873564,0.673
14.300000213086603,0.665
14.336666880299648,0.708
14.37333354751269,0.729
14.410000214725732,0.726
14.446666881938777,0.722
14.48333354915182,0.707
14.520000216364862,0.697
14.556666883577904,0.661
14.593333550790948,0.704
14.630000218003987,0.785
14.666666885217031,0.815
14.703333552430074,0.753
14.740000219643116,0.766
14.77666688685616,0.786
14.8133335540692,0.763
14.850000221282244,0.735
14.886666888495286,0.724
14.923333555708329,0.653
14.960000222921373,0.642
14.996666890134415,0.625
15.033333557347458,0.604
15.0700002245605,0.596
15.106666891773544,0.633
15.143333558986583,0.648
15.180000226199628,0.664
15.21666689341267,0.642
15.253333560625713,0.608
15.290000227838757,0.582
15.326666895051796,0.609
15.36333356226484,0.593
15.400000229477882,0.502
15.436666896690925,0.413
15.473333563903967,0.395
15.51000023111701,0.455
15.546666898330054,0.517
15.583333565543096,0.57
15.62000023275614,0.583
15.65666689996918,0.54
15.693333567182224,0.518
15.730000234395266,0.56
15.766666901608309,0.556
15.803333568821351,0.619
15.840000236034394,0.679
15.876666903247436,0.717
15.91333357046048,0.75
15.95000023767352,0.741
15.986666904886564,0.707
16.023333572099606,0.695
16.06000023931265,0.686
16.09666690652569,0.735
16.133333573738735,0.764
16.170000240951776,0.781
16.20666690816482,0.827
16.24333357537786,0.815
16.280000242590905,0.773
16.316666909803946,0.752
16.35333357701699,0.703
16.390000244230034,0.65
16.426666911443075,0.659
16.46333357865612,0.648
16.50000024586916,0.645
16.536666913082204,0.628
16.573333580295245,0.602
16.61000024750829,0.587
16.64666691472133,0.584
16.683333581934374,0.542
16.720000249147414,0.557
16.75666691636046,0.554
16.7933335835735,0.517
16.830000250786544,0.491
16.866666917999584,0.485
16.90333358521263,0.435
16.940000252425673,0.41
16.976666919638713,0.396
17.013333586851758,0.418
17.0500002540648,0.418
17.086666921277843,0.401
17.123333588490883,0.402
17.160000255703928,0.483
17.196666922916968,0.545
17.233333590130012,0.571
17.270000257343053,0.562
17.306666924556097,0.597
17.343333591769138,0.595
17.380000258982182,0.621
17.416666926195223,0.61
17.453333593408267,0.583
17.49000026062131,0.587
17.526666927834352,0.616
17.563333595047396,0.637
17.600000262260437,0.636
17.63666692947348,0.618
17.673333596686522,0.596
17.710000263899566,0.609
17.746666931112607,0.667
17.78333359832565,0.701
17.82000026553869,0.715
17.856666932751736,0.737
17.893333599964777,0.765
17.93000026717782,0.835
17.96666693439086,0.845
18.003333601603906,0.836
18.04000026881695,0.795
18.07666693602999,0.748
18.113333603243035,0.711
18.15000027045608,0.695
18.18666693766912,0.672
18.22333360488216,0.646
18.260000272095205,0.62
18.29666693930825,0.582
18.33333360652129,0.598
18.37000027373433,0.645
18.40666694094737,0.668
18.443333608160412,0.572
18.48000027537346,0.499
18.516666942586504,0.499
18.553333609799544,0.517
18.59000027701259,0.593
18.62666694422563,0.668
18.663333611438677,0.72
18.700000278651714,0.709
18.73666694586476,0.681
18.7733336130778,0.608
18.810000280290843,0.551
18.846666947503884,0.564
18.88333361471693,0.663
18.92000028192997,0.723
18.956666949143013,0.728
18.99333361635605,0.763
19.0300002835691,0.785
19.066666950782142,0.82
19.103333617995183,0.82
19.140000285208227,0.779
19.176666952421268,0.724
19.213333619634312,0.694
19.250000286847357,0.636
19.2866669540604,0.637
19.32333362127344,0.621
19.36000028848648,0.587
19.396666955699523,0.577
19.433333622912567,0.639
19.470000290125608,0.659
19.50666695733865,0.63
19.543333624551693,0.648
19.580000291764737,0.654
19.61666695897778,0.675
19.653333626190825,0.64
19.690000293403862,0.548
19.726666960616907,0.507
19.76333362782995,0.565
19.80000029504299,0.581
19.83666696225604,0.537
19.87333362946908,0.47
19.91000029668212,0.474
19.94666696389516,0.562
19.98333363110821,0.606
20.020000298321246,0.68
20.05666696553429,0.683
20.09333363274733,0.68
20.130000299960376,0.685
20.16666696717342,0.667
20.20333363438646,0.68
20.240000301599505,0.706
20.276666968812545,0.693
20.31333363602559,0.636
20.35000030323863,0.578
20.386666970451675,0.553
20.423333637664715,0.591
20.46000030487776,0.581
20.4966669720908,0.553
20.533333639303844,0.486
20.570000306516885,0.475
20.60666697372993,0.52
20.64333364094297,0.55
20.68000030815601,0.526
20.71666697536906,0.553
20.7533336425821,0.566
20.790000309795143,0.576
20.826666977008184,0.544
20.86333364422123,0.52
20.90000031143427,0.535
20.936666978647317,0.56
20.973333645860357,0.548
21.0100003130734,0.49
21.04666698028644,0.511
21.083333647499483,0.606
21.120000314712524,0.636
21.156666981925568,0.594
21.19333364913861,0.575
21.230000316351653,0.641
21.266666983564697,0.713
21.303333650777738,0.804
21.340000317990786,0.844
21.376666985203823,0.865
21.413333652416867,0.865
21.450000319629908,0.839
21.486666986842952,0.829
21.523333654055996,0.801
21.56000032126904,0.802
21.59666698848208,0.852
21.63333365569512,0.826
21.67000032290816,0.844
21.706666990121207,0.792
21.743333657334247,0.767
21.78000032454729,0.751
21.816666991760336,0.783
21.853333658973376,0.754
21.89000032618642,0.744
21.92666699339946,0.725
21.963333660612506,0.724
22.000000327825543,0.694
22.03666699503859,0.652
22.07333366225163,0.63
22.110000329464675,0.621
22.14666699667772,0.568
22.18333366389076,0.54
22.2200003311038,0.552
22.256666998316845,0.673
22.29333366552989,0.703
22.33000033274293,0.664
22.36666699995597,0.631
22.40333366716901,0.607
22.44000033438206,0.592
22.4766670015951,0.633
22.513333668808144,0.625
22.550000336021185,0.613
22.58666700323423,0.642
22.62333367044727,0.632
22.660000337660318,0.646
22.696667004873355,0.627
22.7333336720864,0.614
22.77000033929944,0.558
22.806667006512484,0.519
22.843333673725525,0.498
22.88000034093857,0.48
22.916667008151613,0.557
22.953333675364654,0.568
22.990000342577694,0.534
23.02666700979074,0.516
23.063333677003783,0.504
23.100000344216824,0.51
23.136667011429868,0.51
23.17333367864291,0.537
23.210000345855956,0.557
23.246667013068997,0.576
23.28333368028204,0.619
23.32000034749508,0.677
23.356667014708123,0.661
23.393333681921163,0.682
23.430000349134207,0.719
23.46666701634725,0.763
23.50333368356029,0.777
23.540000350773337,0.751
23.576667017986377,0.711
23.61333368519942,0.717
23.650000352412462,0.71
23.686667019625503,0.654
23.723333686838547,0.664
23.76000035405159,0.667
23.796667021264632,0.672
23.83333368847768,0.694
23.87000035569072,0.683
23.90666702290376,0.65
23.9433336901168,0.634
23.98000035732985,0.624
24.01666702454289,0.607
24.05333369175593,0.604
24.09000035896897,0.566
24.126667026182016,0.526
24.16333369339506,0.557
24.2000003606081,0.593
24.236667027821145,0.629
24.273333695034182,0.659
24.31000036224723,0.711
24.34666702946027,0.727
24.383333696673315,0.684
24.42000036388636,0.681
24.4566670310994,0.727
24.49333369831244,0.785
24.530000365525485,0.815
24.56666703273853,0.842
24.60333369995157,0.842
24.64000036716461,0.848
24.67666703437765,0.856
24.7133337015907,0.872
24.75000036880374,0.886
24.786667036016784,0.887
24.823333703229824,0.877
24.86000037044287,0.836
24.89666703765591,0.798
24.933333704868957,0.794
24.970000372081994,0.746
25.00666703929504,0.747
25.04333370650808,0.778
25.080000373721123,0.853
25.116667040934168,0.941
25.15333370814721,0.929
25.190000375360253,0.866
25.226667042573293,0.831
25.263333709786338,0.805
25.300000376999375,0.791
25.336667044212422,0.849
25.373333711425463,0.904
25.410000378638507,0.899
25.446667045851548,0.873
25.483333713064592,0.83
25.520000380277637,0.816
25.55666704749068,0.789
25.59333371470372,0.769
25.63000038191676,0.796
25.666667049129806,0.797
25.703333716342847,0.785
25.74000038355589,0.719
