time_min,absorb_mau
0.0,0.001
0.0083333334575096,-0.094
0.0166666669150194,-0.183
0.025000000372529,-0.209
0.0333333338300387,-0.234
0.0416666672875484,-0.252
0.0500000007450581,-0.269
0.0583333342025677,-0.296
0.0666666676600774,-0.321
0.0750000011175871,-0.335
0.0833333345750968,-0.348
0.0916666680326065,-0.285
0.100000001490116,-0.206
0.108333334947626,-0.247
0.116666668405135,-0.302
0.125000001862645,-0.288
0.133333335320155,-0.27
0.141666668777665,-0.2
0.150000002235174,-0.125
0.158333335692684,-0.048
0.166666669150194,0.025
0.175000002607703,0.09
0.183333336065213,0.153
0.191666669522723,0.257
0.200000002980232,0.379
0.208333336437742,0.423
0.216666669895252,0.439
0.225000003352761,0.417
0.233333336810271,0.378
0.241666670267781,0.329
0.25000000372529,0.275
0.2583333371828,0.231
0.26666667064031,0.193
0.275000004097819,0.145
0.283333337555329,0.096
0.291666671012839,0.066
0.300000004470348,0.047
0.308333337927858,0.03
0.316666671385368,0.016
0.325000004842877,0.0
0.333333338300387,-0.019
0.341666671757897,-0.036
0.350000005215406,-0.053
0.358333338672916,-0.05
0.366666672130426,-0.033
0.375000005587935,-0.022
0.383333339045445,-0.015
0.391666672502955,-0.013
0.400000005960465,-0.015
0.408333339417974,0.001
0.416666672875484,0.03
0.425000006332994,0.082
0.433333339790503,0.147
0.441666673248013,0.302
0.450000006705523,0.517
0.458333340163032,0.902
0.466666673620542,1.413
0.475000007078052,2.255
0.483333340535561,3.344
0.491666673993071,4.834
0.500000007450581,6.641
0.50833334090809,9.143
0.5166666743656,12.145
0.52500000782311,15.738
0.533333341280619,19.976
0.541666674738129,24.854
0.550000008195639,30.444
0.558333341653148,36.712
0.566666675110658,43.726
0.575000008568168,51.48
0.583333342025677,60.049
0.591666675483187,69.444
0.600000008940697,79.735
0.608333342398206,91.098
0.616666675855716,103.787
0.625000009313226,117.659
0.633333342770735,133.075
0.641666676228245,149.681
0.650000009685755,167.864
0.658333343143265,187.212
0.666666676600774,208.064
0.675000010058284,229.779
0.683333343515794,252.213
0.691666676973303,275.146
0.700000010430813,297.413
0.708333343888323,319.898
0.716666677345832,340.382
0.725000010803342,360.86
0.733333344260852,378.115
0.741666677718361,395.157
0.750000011175871,407.624
0.758333344633381,419.844
0.76666667809089,427.288
0.7750000115484,434.478
0.78333334500591,437.007
0.791666678463419,439.309
0.800000011920929,437.43
0.808333345378439,435.322
0.816666678835948,429.843
0.825000012293458,424.154
0.833333345750968,416.324
0.841666679208477,408.327
0.850000012665987,398.678
0.858333346123497,388.951
0.866666679581006,378.228
0.875000013038516,367.531
0.883333346496026,356.219
0.891666679953535,345.05
0.900000013411045,333.562
0.908333346868555,322.332
0.916666680326065,311.072
0.925000013783574,300.102
0.933333347241084,289.39
0.941666680698594,279.018
0.950000014156103,268.782
0.958333347613613,258.888
0.966666681071123,249.117
0.975000014528632,239.696
0.983333347986142,230.473
0.991666681443652,221.605
1.00000001490116,212.844
1.00833334835867,204.376
1.01666668181618,196.124
1.02500001527369,188.179
1.0333333487312,180.516
1.04166668218871,173.197
1.05000001564622,166.227
1.05833334910373,159.627
1.06666668256124,153.153
1.07500001601875,147.276
1.08333334947626,141.551
1.09166668293377,136.309
1.10000001639128,130.708
1.10833334984879,125.55
1.1166666833063,120.749
1.12500001676381,116.01
1.13333335022132,111.338
1.14166668367883,106.719
1.15000001713634,102.504
1.15833335059385,98.315
1.16666668405135,94.217
1.17500001750886,90.204
1.18333335096637,86.554
1.19166668442388,82.822
1.20000001788139,79.421
1.2083333513389,75.93
1.21666668479641,72.759
1.22500001825392,69.534
1.23333335171143,66.566
1.24166668516894,63.517
1.25000001862645,60.741
1.25833335208396,57.92
1.26666668554147,55.361
1.27500001899898,52.785
1.28333335245649,50.435
1.291666685914,48.143
1.30000001937151,45.792
1.30833335282902,43.689
1.31666668628653,41.659
1.32500001974404,39.892
1.33333335320155,38.013
1.34166668665906,36.355
1.35000002011657,34.721
1.35833335357408,33.283
1.36666668703159,31.728
1.3750000204891,30.337
1.38333335394661,28.953
1.39166668740412,27.732
1.40000002086163,26.403
1.40833335431914,25.193
1.41666668777665,23.985
1.42500002123415,22.91
1.43333335469166,21.751
1.44166668814917,20.734
1.45000002160668,19.723
1.45833335506419,18.852
1.4666666885217,17.918
1.47500002197921,17.129
1.48333335543672,16.332
1.49166668889423,15.632
1.50000002235174,14.871
1.50833335580925,14.214
1.51666668926676,13.559
1.52500002272427,12.997
1.53333335618178,12.379
1.54166668963929,11.835
1.5500000230968,11.282
1.55833335655431,10.774
1.56666669001182,10.264
1.57500002346933,9.818
1.58333335692684,9.37
1.59166669038435,8.979
1.60000002384186,8.579
1.60833335729937,8.197
1.61666669075688,7.808
1.62500002421439,7.476
1.6333333576719,7.136
1.64166669112941,6.847
1.65000002458692,6.552
1.65833335804443,6.28
1.66666669150194,6.001
1.67500002495945,5.73
1.68333335841695,5.454
1.69166669187446,5.222
1.70000002533197,4.987
1.70833335878948,4.773
1.71666669224699,4.557
1.7250000257045,4.342
1.73333335916201,4.129
1.74166669261952,3.945
1.75000002607703,3.765
1.75833335953454,3.595
1.76666669299205,3.43
1.77500002644956,3.281
1.78333335990707,3.136
1.79166669336458,3.011
1.80000002682209,2.892
1.8083333602796,2.785
1.81666669373711,2.685
1.82500002719462,2.577
1.83333336065213,2.472
1.84166669410964,2.39
1.85000002756715,2.316
1.85833336102466,2.225
1.86666669448217,2.133
1.87500002793968,2.046
1.88333336139719,1.961
1.8916666948547,1.874
1.90000002831221,1.792
1.90833336176972,1.726
1.91666669522723,1.667
1.92500002868474,1.614
1.93333336214225,1.564
1.94166669559975,1.516
1.95000002905726,1.474
1.95833336251477,1.425
1.96666669597228,1.374
1.97500002942979,1.339
1.9833333628873,1.31
1.99166669634481,1.277
2.00000002980232,1.241
2.00833336325983,1.186
2.01666669671734,1.123
2.02500003017485,1.066
2.03333336363236,1.016
2.04166669708987,0.976
2.05000003054738,0.942
2.05833336400489,0.9
2.0666666974624,0.853
2.07500003091991,0.816
2.08333336437742,0.785
2.09166669783493,0.758
2.10000003129244,0.74
2.10833336474995,0.723
2.11666669820746,0.708
2.12500003166497,0.697
2.13333336512248,0.688
2.14166669857999,0.672
2.1500000320375,0.654
2.15833336549501,0.633
2.16666669895252,0.609
2.17500003241003,0.587
2.18333336586754,0.57
2.19166669932504,0.56
2.20000003278255,0.558
2.20833336624006,0.552
2.21666669969757,0.539
2.22500003315508,0.525
2.23333336661259,0.515
2.2416667000701,0.498
2.25000003352761,0.472
2.25833336698512,0.455
2.26666670044263,0.449
2.27500003390014,0.431
2.28333336735765,0.397
2.29166670081516,0.367
2.30000003427267,0.346
2.30833336773018,0.326
2.31666670118769,0.315
2.3250000346452,0.309
2.33333336810271,0.318
2.34166670156022,0.322
2.35000003501773,0.306
2.35833336847524,0.295
2.36666670193275,0.303
2.37500003539026,0.305
2.38333336884777,0.292
2.39166670230528,0.282
2.40000003576279,0.286
2.4083333692203,0.287
2.41666670267781,0.288
2.42500003613532,0.288
2.43333336959283,0.292
2.44166670305034,0.299
2.45000003650784,0.296
2.45833336996535,0.296
2.46666670342286,0.302
2.47500003688037,0.308
2.48333337033788,0.3
2.49166670379539,0.291
2.5000000372529,0.281
2.50833337071041,0.271
2.51666670416792,0.267
2.52500003762543,0.261
2.53333337108294,0.249
2.54166670454045,0.239
2.55000003799796,0.235
2.55833337145547,0.232
2.56666670491298,0.223
2.57500003837049,0.216
2.583333371828,0.212
2.59166670528551,0.209
2.60000003874302,0.201
2.60833337220053,0.194
2.61666670565804,0.186
2.62500003911555,0.18
2.63333337257306,0.177
2.64166670603057,0.174
2.65000003948808,0.187
2.65833337294559,0.201
2.6666667064031,0.209
2.67500003986061,0.217
2.68333337331812,0.225
2.69166670677563,0.234
2.70000004023314,0.248
2.70833337369065,0.263
2.71666670714815,0.281
2.72500004060566,0.297
2.73333337406317,0.3
2.74166670752068,0.301
2.75000004097819,0.297
2.7583333744357,0.293
2.76666670789321,0.289
2.77500004135072,0.284
2.78333337480823,0.28
2.79166670826574,0.275
2.80000004172325,0.264
2.80833337518076,0.25
2.81666670863827,0.232
2.82500004209578,0.212
2.83333337555329,0.199
2.8416667090108,0.19
2.85000004246831,0.172
2.85833337592582,0.149
2.86666670938333,0.132
2.87500004284084,0.119
2.88333337629835,0.095
2.89166670975586,0.065
2.90000004321337,0.053
2.90833337667088,0.049
2.91666671012839,0.04
2.9250000435859,0.027
2.93333337704341,0.03
2.94166671050092,0.042
2.95000004395843,0.044
2.95833337741594,0.04
2.96666671087344,0.034
2.97500004433095,0.031
2.98333337778846,0.035
2.99166671124597,0.041
3.00000004470348,0.046
3.00833337816099,0.053
3.0166667116185,0.057
3.02500004507601,0.053
3.03333337853352,0.058
3.04166671199103,0.072
3.05000004544854,0.089
3.05833337890605,0.116
3.06666671236356,0.134
3.07500004582107,0.136
3.08333337927858,0.152
3.09166671273609,0.184
3.1000000461936,0.207
3.10833337965111,0.22
3.11666671310862,0.23
3.12500004656613,0.235
3.13333338002364,0.244
3.14166671348115,0.26
3.15000004693866,0.268
3.15833338039617,0.261
3.16666671385368,0.248
3.17500004731119,0.219
3.1833333807687,0.194
3.19166671422621,0.192
3.20000004768372,0.188
3.20833338114123,0.179
3.21666671459874,0.174
3.22500004805624,0.17
3.23333338151375,0.168
3.24166671497126,0.171
3.25000004842877,0.178
3.25833338188628,0.191
3.26666671534379,0.199
3.2750000488013,0.189
3.28333338225881,0.181
3.29166671571632,0.182
3.30000004917383,0.186
3.30833338263134,0.188
3.31666671608885,0.188
3.32500004954636,0.183
3.33333338300387,0.184
3.34166671646138,0.194
3.35000004991889,0.205
3.3583333833764,0.211
3.36666671683391,0.22
3.37500005029142,0.22
3.38333338374893,0.223
3.39166671720644,0.218
3.40000005066395,0.212
3.40833338412146,0.207
3.41666671757897,0.202
3.42500005103648,0.169
3.43333338449399,0.134
3.4416667179515,0.123
3.45000005140901,0.112
3.45833338486652,0.107
3.46666671832403,0.101
3.47500005178154,0.088
3.48333338523905,0.074
3.49166671869655,0.059
3.50000005215406,0.047
3.50833338561157,0.041
3.51666671906908,0.035
3.52500005252659,0.039
3.5333333859841,0.042
3.54166671944161,0.035
3.55000005289912,0.027
3.55833338635663,0.015
3.56666671981414,0.003
3.57500005327165,0.016
3.58333338672916,0.034
3.59166672018667,0.048
3.60000005364418,0.06
3.60833338710169,0.046
3.6166667205592,0.024
3.62500005401671,0.01
3.63333338747422,0.0
3.64166672093173,0.004
3.65000005438924,0.013
3.65833338784675,0.005
3.66666672130426,-0.009
3.67500005476177,-0.009
3.68333338821928,-0.005
3.69166672167679,0.012
3.7000000551343,0.038
3.70833338859181,0.066
3.71666672204932,0.095
3.72500005550683,0.103
3.73333338896434,0.1
3.74166672242184,0.104
3.75000005587935,0.115
3.75833338933686,0.123
3.76666672279437,0.128
3.77500005625188,0.133
3.78333338970939,0.139
3.7916667231669,0.136
3.80000005662441,0.126
3.80833339008192,0.126
3.81666672353943,0.135
3.82500005699694,0.129
3.83333339045445,0.114
3.84166672391196,0.097
3.85000005736947,0.075
3.85833339082698,0.05
3.86666672428449,0.019
3.875000057742,0.004
3.88333339119951,0.002
3.89166672465702,-0.004
3.90000005811453,-0.019
3.90833339157204,-0.025
3.91666672502955,-0.017
3.92500005848706,-0.017
3.93333339194457,-0.028
3.94166672540208,-0.036
3.95000005885959,-0.038
3.9583333923171,-0.046
3.96666672577461,-0.067
3.97500005923212,-0.089
3.98333339268963,-0.107
3.99166672614714,-0.128
4.00000005960465,-0.151
4.00833339306216,-0.167
4.01666672651966,-0.168
4.02500005997717,-0.17
4.03333339343468,-0.178
4.04166672689219,-0.182
4.0500000603497,-0.177
4.05833339380721,-0.173
4.06666672726472,-0.168
4.07500006072223,-0.165
4.08333339417974,-0.167
4.09166672763725,-0.17
4.10000006109476,-0.177
4.10833339455227,-0.182
4.11666672800978,-0.182
4.12500006146729,-0.182
4.1333333949248,-0.195
4.14166672838231,-0.208
4.15000006183982,-0.218
4.15833339529733,-0.228
4.16666672875484,-0.23
4.17500006221235,-0.233
4.18333339566986,-0.243
4.19166672912737,-0.247
4.20000006258488,-0.236
4.20833339604239,-0.222
4.2166667294999,-0.201
4.22500006295741,-0.185
4.23333339641492,-0.178
4.24166672987243,-0.171
4.25000006332994,-0.154
4.25833339678745,-0.137
4.26666673024495,-0.116
4.27500006370246,-0.095
4.28333339715997,-0.08
4.29166673061748,-0.068
4.30000006407499,-0.089
4.3083333975325,-0.11
4.31666673099001,-0.116
4.32500006444752,-0.122
4.33333339790503,-0.138
4.34166673136254,-0.157
4.35000006482005,-0.155
4.35833339827756,-0.153
4.36666673173507,-0.174
4.37500006519258,-0.198
4.38333339865009,-0.194
4.3916667321076,-0.183
4.40000006556511,-0.164
4.40833339902262,-0.145
4.41666673248013,-0.125
4.42500006593764,-0.105
4.43333339939515,-0.104
4.44166673285266,-0.109
4.45000006631017,-0.102
4.45833339976768,-0.093
4.46666673322519,-0.072
4.4750000666827,-0.051
4.48333340014021,-0.045
4.49166673359772,-0.045
4.50000006705523,-0.042
4.50833340051274,-0.038
4.51666673397024,-0.029
4.52500006742775,-0.016
4.53333340088526,-0.007
4.54166673434277,0.0
4.55000006780028,0.0
4.55833340125779,-0.005
4.5666667347153,-0.004
4.57500006817281,0.0
4.58333340163032,0.01
4.59166673508783,0.022
4.60000006854534,0.04
4.60833340200285,0.062
4.61666673546036,0.077
4.62500006891787,0.09
4.63333340237538,0.092
4.64166673583289,0.086
4.6500000692904,0.085
4.65833340274791,0.086
4.66666673620542,0.08
4.67500006966293,0.065
4.68333340312044,0.041
4.69166673657795,0.006
4.70000007003546,-0.015
4.70833340349297,-0.025
4.71666673695048,-0.04
4.72500007040799,-0.054
4.7333334038655,-0.065
4.74166673732301,-0.075
4.75000007078052,-0.09
4.75833340423803,-0.105
4.76666673769554,-0.115
4.77500007115305,-0.119
4.78333340461056,-0.119
4.79166673806806,-0.117
4.80000007152557,-0.117
4.80833340498308,-0.114
4.81666673844059,-0.117
4.8250000718981,-0.128
4.83333340535561,-0.127
4.84166673881312,-0.106
4.85000007227063,-0.085
4.85833340572814,-0.066
4.86666673918565,-0.061
4.87500007264316,-0.085
4.88333340610067,-0.106
4.89166673955818,-0.117
4.90000007301569,-0.121
4.9083334064732,-0.116
4.91666673993071,-0.116
4.92500007338822,-0.13
4.93333340684573,-0.144
4.94166674030324,-0.15
4.95000007376075,-0.153
4.95833340721826,-0.137
4.96666674067577,-0.125
4.97500007413328,-0.13
4.98333340759079,-0.133
4.9916667410483,-0.142
5.00000007450581,-0.152
5.00833340796332,-0.162
5.01666674142083,-0.168
5.02500007487834,-0.16
5.03333340833585,-0.157
5.04166674179336,-0.164
5.05000007525086,-0.17
5.05833340870837,-0.166
5.06666674216588,-0.165
5.07500007562339,-0.18
5.0833334090809,-0.195
5.09166674253841,-0.205
5.10000007599592,-0.214
5.10833340945343,-0.236
5.11666674291094,-0.259
5.12500007636845,-0.256
5.13333340982596,-0.254
5.14166674328347,-0.255
5.15000007674098,-0.257
5.15833341019849,-0.249
5.166666743656,-0.241
5.17500007711351,-0.236
5.18333341057102,-0.233
5.19166674402853,-0.219
5.20000007748604,-0.207
5.20833341094355,-0.215
5.21666674440106,-0.225
5.22500007785857,-0.231
5.23333341131608,-0.235
5.24166674477359,-0.222
5.2500000782311,-0.207
5.25833341168861,-0.203
5.26666674514612,-0.201
5.27500007860363,-0.227
5.28333341206114,-0.258
5.29166674551865,-0.266
5.30000007897615,-0.269
5.30833341243366,-0.257
5.31666674589117,-0.241
5.32500007934868,-0.252
5.33333341280619,-0.271
5.3416667462637,-0.274
5.35000007972121,-0.273
5.35833341317872,-0.263
5.36666674663623,-0.25
5.37500008009374,-0.244
5.38333341355125,-0.242
5.39166674700876,-0.236
5.40000008046627,-0.231
5.40833341392378,-0.22
5.41666674738129,-0.204
5.4250000808388,-0.179
5.43333341429631,-0.153
5.44166674775382,-0.13
5.45000008121133,-0.109
5.45833341466884,-0.085
5.46666674812635,-0.06
5.47500008158386,-0.046
5.48333341504137,-0.042
5.49166674849888,-0.025
5.50000008195639,0.0
5.5083334154139,0.004
5.51666674887141,-0.005
5.52500008232892,-0.006
5.53333341578643,-0.001
5.54166674924394,-0.007
5.55000008270144,-0.023
5.55833341615895,-0.038
5.56666674961646,-0.05
5.57500008307397,-0.064
5.58333341653148,-0.081
5.59166674998899,-0.088
5.6000000834465,-0.08
5.60833341690401,-0.064
5.61666675036152,-0.043
5.62500008381903,-0.022
5.63333341727654,0.001
5.64166675073405,0.022
5.65000008419156,0.039
5.65833341764907,0.052
5.66666675110658,0.058
5.67500008456409,0.061
5.6833334180216,0.057
5.69166675147911,0.053
5.70000008493662,0.042
5.70833341839413,0.032
5.71666675185164,0.032
5.72500008530915,0.029
5.73333341876666,0.026
5.74166675222417,0.023
5.75000008568168,0.016
5.75833341913919,0.013
5.7666667525967,0.015
5.77500008605421,0.015
5.78333341951172,0.004
5.79166675296923,-0.01
5.80000008642674,-0.032
5.80833341988425,-0.051
5.81666675334176,-0.051
5.82500008679926,-0.057
5.83333342025677,-0.06
5.84166675371428,-0.067
5.85000008717179,-0.067
5.8583334206293,-0.071
5.86666675408681,-0.084
5.87500008754432,-0.096
5.88333342100183,-0.096
5.89166675445934,-0.099
5.90000008791685,-0.131
5.90833342137436,-0.163
5.91666675483187,-0.188
5.92500008828938,-0.212
5.93333342174689,-0.235
5.9416667552044,-0.26
5.95000008866191,-0.271
5.95833342211942,-0.282
5.96666675557693,-0.284
5.97500008903444,-0.288
5.98333342249195,-0.29
5.99166675594946,-0.291
6.00000008940697,-0.284
