time_min,absorb_mau
0.0,-0.002
0.0200000002980232,0.01
0.0400000005960464,0.034
0.0600000008940696,0.05
0.0800000011920929,0.036
0.1000000014901161,0.021
0.1200000017881393,-0.016
0.1400000020861625,-0.059
0.1600000023841858,-0.06
0.180000002682209,-0.057
0.2000000029802322,-0.006
0.2200000032782554,0.026
0.2400000035762786,0.035
0.2600000038743019,0.042
0.2800000041723251,0.0
0.3000000044703483,-0.026
0.3200000047683716,-0.044
0.3400000050663948,-0.041
0.360000005364418,-0.027
0.3800000056624412,-0.033
0.4000000059604645,-0.037
0.4200000062584877,-0.06
0.4400000065565109,-0.084
0.4600000068545342,-0.07
0.4800000071525573,-0.056
0.5000000074505806,-0.009
0.5200000077486039,0.042
0.5400000080466271,0.036
0.5600000083446502,0.015
0.5800000086426735,-0.035
0.6000000089406967,-0.1
0.62000000923872,-0.126
0.6400000095367432,-0.122
0.6600000098347664,-0.112
0.6800000101327897,-0.038
0.7000000104308128,0.019
0.7200000107288361,0.137
0.7400000110268593,0.299
0.7600000113248825,0.472
0.7800000116229058,0.72
0.800000011920929,1.009
0.8200000122189522,1.326
0.8400000125169754,1.699
0.8600000128149986,2.14
0.8800000131130219,2.58
0.9000000134110451,3.024
0.9200000137090684,3.462
0.9400000140070917,3.843
0.9600000143051148,4.202
0.980000014603138,4.485
1.0000000149011612,4.752
1.0200000151991844,4.956
1.0400000154972078,5.102
1.060000015795231,5.224
1.080000016093254,5.289
1.100000016391277,5.356
1.1200000166893005,5.388
1.140000016987324,5.41
1.160000017285347,5.393
1.1800000175833705,5.376
1.2000000178813934,5.339
1.2200000181794166,5.305
1.24000001847744,5.29
1.2600000187754632,5.256
1.2800000190734864,5.252
1.3000000193715096,5.257
1.3200000196695327,5.29
1.340000019967556,5.319
1.360000020265579,5.347
1.3800000205636025,5.408
1.4000000208616257,5.438
1.4200000211596489,5.494
1.4400000214576725,5.548
1.4600000217556954,5.585
1.4800000220537186,5.628
1.5000000223517418,5.68
1.520000022649765,5.741
1.5400000229477884,5.847
1.5600000232458116,5.929
1.5800000235438347,6.005
1.600000023841858,6.082
1.620000024139881,6.112
1.6400000244379045,6.16
1.6600000247359277,6.222
1.6800000250339509,6.3
1.700000025331974,6.356
1.7200000256299972,6.411
1.7400000259280206,6.47
1.7600000262260438,6.506
1.780000026524067,6.564
1.80000002682209,6.596
1.820000027120113,6.625
1.8400000274181367,6.693
1.86000002771616,6.782
1.880000028014183,6.916
1.9000000283122065,7.055
1.9200000286102292,7.178
1.9400000289082528,7.238
1.960000029206276,7.318
1.9800000295042992,7.385
2.0000000298023224,7.452
2.020000030100346,7.568
2.0400000303983687,7.625
2.060000030696392,7.723
2.0800000309944155,7.844
2.1000000312924385,7.983
2.120000031590462,8.169
2.140000031888485,8.35
2.1600000321865083,8.481
2.180000032484532,8.608
2.200000032782554,8.73
2.220000033080578,8.847
2.240000033378601,8.996
2.2600000336766244,9.174
2.280000033974648,9.342
2.3000000342726707,9.496
2.320000034570694,9.659
2.340000034868717,9.794
2.3600000351667405,9.928
2.380000035464764,10.1
2.400000035762787,10.286
2.4200000360608103,10.506
2.440000036358833,10.741
2.4600000366568566,10.951
2.48000003695488,11.211
2.500000037252903,11.448
2.5200000375509264,11.657
2.5400000378489493,11.871
2.5600000381469727,12.075
2.580000038444996,12.262
2.600000038743019,12.497
2.6200000390410425,12.742
2.640000039339065,12.992
2.660000039637089,13.235
2.6800000399351123,13.472
2.7000000402331352,13.734
2.720000040531158,13.969
2.7400000408291816,14.199
2.760000041127205,14.475
2.7800000414252284,14.733
2.800000041723252,14.994
2.8200000420212747,15.248
2.8400000423192977,15.485
2.860000042617321,15.707
2.8800000429153445,15.92
2.9000000432133675,16.12
2.920000043511391,16.321
2.940000043809414,16.485
2.960000044107437,16.66
2.9800000444054606,16.873
3.000000044703484,17.078
3.020000045001507,17.304
3.04000004529953,17.569
3.0600000455975533,17.808
3.0800000458955767,18.054
3.1000000461936,18.303
3.120000046491623,18.515
3.140000046789646,18.699
3.160000047087669,18.865
3.180000047385693,18.987
3.200000047683716,19.119
3.220000047981739,19.247
3.240000048279762,19.368
3.2600000485777856,19.507
3.280000048875809,19.651
3.300000049173832,19.78
3.320000049471856,19.914
3.3400000497698783,20.052
3.3600000500679017,20.163
3.380000050365925,20.288
3.400000050663948,20.41
3.4200000509619715,20.518
3.4400000512599944,20.645
3.460000051558018,20.74
3.480000051856041,20.833
3.500000052154064,20.948
3.520000052452088,20.979
3.5400000527501105,21.041
3.560000053048134,21.053
3.5800000533461573,21.019
3.6000000536441803,21.0
3.620000053942204,20.943
3.640000054240226,20.893
3.66000005453825,20.854
3.6800000548362735,20.812
3.700000055134296,20.774
3.72000005543232,20.719
3.740000055730343,20.655
3.760000056028366,20.596
3.7800000563263896,20.551
3.800000056624413,20.537
3.820000056922436,20.514
3.840000057220459,20.478
3.8600000575184814,20.424
3.8800000578165057,20.346
3.9000000581145287,20.291
3.920000058412552,20.221
3.940000058710575,20.109
3.9600000590085984,20.001
3.980000059306622,19.888
4.000000059604645,19.768
4.020000059902668,19.672
4.040000060200692,19.608
4.060000060498715,19.509
4.0800000607967375,19.395
4.100000061094761,19.296
4.120000061392784,19.165
4.140000061690808,19.03
4.160000061988831,18.941
4.180000062286854,18.873
4.200000062584877,18.786
4.2200000628829,18.678
4.240000063180924,18.573
4.260000063478947,18.432
4.28000006377697,18.294
4.300000064074993,18.171
4.3200000643730165,18.033
4.34000006467104,17.9
4.360000064969063,17.763
4.380000065267086,17.631
4.400000065565109,17.516
4.420000065863133,17.372
4.440000066161156,17.242
4.46000006645918,17.129
4.480000066757202,16.999
4.500000067055225,16.885
4.520000067353249,16.765
4.540000067651272,16.597
4.560000067949296,16.468
4.580000068247318,16.351
4.6000000685453415,16.221
4.620000068843365,16.174
4.640000069141388,16.098
4.660000069439412,16.007
4.680000069737434,15.93
4.700000070035458,15.786
4.720000070333481,15.673
4.740000070631504,15.568
4.760000070929528,15.467
4.78000007122755,15.365
4.800000071525574,15.279
4.820000071823597,15.174
4.8400000721216205,15.091
4.860000072419644,15.01
4.880000072717666,14.909
4.90000007301569,14.786
4.920000073313713,14.675
4.940000073611737,14.551
4.96000007390976,14.428
4.980000074207783,14.303
5.000000074505806,14.162
5.020000074803829,14.026
5.040000075101853,13.902
5.060000075399876,13.816
5.080000075697899,13.71
5.100000075995922,13.587
5.1200000762939455,13.479
5.140000076591969,13.347
5.160000076889992,13.244
5.180000077188015,13.181
5.200000077486038,13.088
5.220000077784062,12.988
5.240000078082085,12.89
5.260000078380108,12.787
5.280000078678131,12.718
5.300000078976154,12.705
5.320000079274178,12.707
5.340000079572201,12.683
5.3600000798702245,12.666
5.380000080168247,12.611
5.4000000804662704,12.539
5.420000080764294,12.473
5.440000081062317,12.389
5.460000081360341,12.331
5.480000081658363,12.282
5.500000081956387,12.236
5.52000008225441,12.186
5.540000082552433,12.133
5.560000082850457,12.082
5.580000083148479,12.056
5.600000083446503,12.018
5.620000083744526,11.981
5.6400000840425495,11.943
5.660000084340573,11.872
5.680000084638595,11.811
5.700000084936619,11.736
5.720000085234642,11.665
5.740000085532666,11.561
5.760000085830689,11.497
5.780000086128712,11.452
5.800000086426735,11.4
5.820000086724758,11.351
5.840000087022782,11.28
5.860000087320805,11.18
5.880000087618828,11.092
5.900000087916851,11.013
5.920000088214874,10.94
5.940000088512898,10.872
5.960000088810921,10.78
5.980000089108944,10.683
6.000000089406967,10.597
6.020000089704991,10.518
6.040000090003014,10.442
6.060000090301037,10.391
6.08000009059906,10.326
6.100000090897083,10.284
6.120000091195107,10.249
6.14000009149313,10.219
6.1600000917911535,10.214
6.180000092089176,10.191
6.200000092387199,10.146
6.220000092685223,10.088
6.240000092983246,10.036
6.26000009328127,9.959
6.280000093579292,9.907
6.300000093877316,9.892
6.320000094175339,9.861
6.340000094473362,9.854
6.360000094771386,9.864
6.380000095069408,9.864
6.400000095367432,9.855
6.420000095665455,9.828
6.440000095963478,9.788
6.460000096261502,9.728
6.480000096559524,9.706
6.500000096857548,9.67
6.520000097155571,9.614
6.540000097453595,9.552
6.560000097751618,9.451
6.5800000980496405,9.377
6.600000098347664,9.326
6.620000098645687,9.276
6.640000098943711,9.271
6.660000099241734,9.244
6.680000099539757,9.195
6.70000009983778,9.179
6.720000100135803,9.147
6.740000100433827,9.147
6.76000010073185,9.143
6.780000101029873,9.142
6.800000101327896,9.14
6.82000010162592,9.069
6.840000101923943,9.046
6.860000102221966,9.002
6.880000102519989,8.953
6.900000102818012,8.936
6.920000103116036,8.9
6.940000103414059,8.881
6.960000103712082,8.869
6.980000104010105,8.847
7.000000104308128,8.824
7.020000104606152,8.819
7.040000104904175,8.821
7.060000105202199,8.828
7.080000105500221,8.839
7.1000001057982445,8.86
7.120000106096268,8.853
7.140000106394291,8.851
7.160000106692315,8.813
7.180000106990337,8.754
7.200000107288361,8.683
7.220000107586384,8.623
7.240000107884407,8.591
7.260000108182431,8.568
7.280000108480453,8.56
7.300000108778477,8.558
7.3200001090765,8.556
7.3400001093745235,8.544
7.360000109672547,8.554
7.380000109970569,8.516
7.400000110268593,8.471
7.420000110566616,8.45
7.44000011086464,8.425
7.460000111162663,8.424
7.480000111460685,8.457
7.500000111758709,8.458
7.520000112056732,8.442
7.540000112354756,8.404
7.560000112652779,8.357
7.580000112950802,8.331
7.600000113248825,8.322
7.620000113546848,8.347
7.640000113844872,8.381
7.660000114142895,8.43
7.680000114440918,8.47
7.700000114738941,8.484
7.720000115036965,8.476
7.740000115334988,8.472
7.760000115633011,8.456
7.780000115931034,8.429
7.800000116229057,8.435
7.820000116527081,8.436
7.840000116825104,8.412
7.860000117123127,8.393
7.88000011742115,8.389
7.900000117719173,8.369
7.920000118017197,8.375
7.94000011831522,8.411
7.960000118613244,8.425
7.980000118911266,8.437
8.00000011920929,8.451
8.020000119507314,8.454
8.040000119805336,8.463
8.060000120103359,8.482
8.080000120401383,8.524
8.100000120699406,8.537
8.12000012099743,8.552
8.140000121295452,8.558
8.160000121593475,8.554
8.1800001218915,8.54
8.200000122189522,8.526
8.220000122487546,8.514
8.240000122785569,8.479
8.260000123083591,8.467
8.280000123381615,8.465
8.300000123679638,8.479
8.320000123977662,8.508
8.340000124275685,8.548
8.360000124573707,8.566
8.380000124871732,8.602
8.400000125169754,8.633
8.420000125467778,8.646
8.4400001257658,8.678
8.460000126063823,8.707
8.480000126361848,8.723
8.50000012665987,8.702
8.520000126957894,8.712
8.540000127255917,8.707
8.56000012755394,8.732
8.580000127851964,8.777
8.600000128149986,8.814
8.62000012844801,8.844
8.640000128746033,8.865
8.660000129044056,8.859
8.68000012934208,8.871
8.700000129640102,8.858
8.720000129938127,8.858
8.74000013023615,8.876
8.760000130534172,8.883
8.780000130832196,8.887
8.800000131130219,8.92
8.820000131428243,8.917
8.840000131726265,8.932
8.860000132024288,8.956
8.880000132322312,8.97
8.900000132620335,8.992
8.920000132918359,8.996
8.940000133216381,9.007
8.960000133514404,9.007
8.980000133812428,9.025
9.00000013411045,9.036
9.020000134408477,9.046
9.040000134706498,9.082
9.06000013500452,9.085
9.080000135302544,9.084
9.100000135600569,9.097
9.120000135898591,9.086
9.140000136196614,9.102
9.160000136494636,9.115
9.18000013679266,9.148
9.200000137090685,9.157
9.220000137388707,9.171
9.24000013768673,9.191
9.260000137984752,9.18
9.280000138282777,9.186
9.3000001385808,9.18
9.320000138878823,9.145
9.340000139176846,9.136
9.360000139474868,9.144
9.380000139772893,9.161
9.400000140070915,9.182
9.42000014036894,9.209
9.440000140666962,9.232
9.460000140964985,9.198
9.480000141263009,9.166
9.500000141561031,9.14
9.520000141859056,9.084
9.540000142157078,9.068
9.5600001424551,9.073
9.580000142753123,9.035
9.600000143051147,9.044
9.620000143349172,9.039
9.640000143647194,9.023
9.660000143945217,9.04
9.68000014424324,9.028
9.700000144541264,9.009
9.720000144839288,8.995
9.74000014513731,8.986
9.760000145435331,8.963
9.780000145733355,8.966
9.80000014603138,8.979
9.820000146329404,8.995
9.840000146627428,9.032
9.860000146925447,9.079
9.880000147223472,9.127
9.900000147521496,9.196
9.92000014781952,9.216
9.940000148117544,9.214
9.960000148415563,9.185
9.98000014871359,9.146
10.000000149011612,9.1
10.020000149309636,9.08
10.04000014960766,9.053
10.06000014990568,9.018
10.080000150203706,9.012
10.100000150501728,9.003
10.120000150799752,9.045
10.140000151097777,9.097
10.160000151395796,9.135
10.180000151693822,9.147
10.200000151991844,9.175
10.220000152289868,9.195
10.240000152587893,9.223
10.260000152885912,9.251
10.280000153183938,9.253
10.30000015348196,9.246
10.320000153779985,9.245
10.340000154078009,9.262
10.36000015437603,9.264
10.380000154674054,9.279
10.400000154972076,9.243
10.4200001552701,9.231
10.440000155568123,9.242
10.460000155866146,9.253
10.48000015616417,9.274
10.500000156462193,9.292
10.520000156760217,9.284
10.54000015705824,9.285
10.560000157356262,9.303
10.580000157654286,9.31
10.600000157952309,9.317
10.620000158250331,9.35
10.640000158548355,9.342
10.660000158846378,9.344
10.680000159144402,9.361
10.700000159442425,9.352
10.720000159740447,9.347
10.740000160038472,9.362
10.760000160336494,9.352
10.780000160634518,9.347
10.80000016093254,9.313
10.820000161230563,9.278
10.840000161528588,9.233
10.86000016182661,9.202
10.880000162124634,9.19
10.900000162422655,9.179
10.92000016272068,9.185
10.940000163018704,9.182
10.960000163316726,9.188
10.98000016361475,9.208
11.000000163912771,9.236
11.020000164210796,9.239
11.04000016450882,9.241
11.060000164806842,9.259
11.080000165104869,9.223
11.10000016540289,9.196
11.120000165700914,9.169
11.140000165998936,9.156
11.16000016629696,9.168
11.180000166594985,9.223
11.200000166893004,9.29
11.22000016719103,9.34
11.240000167489052,9.386
11.260000167787076,9.433
11.2800001680851,9.478
11.30000016838312,9.529
11.320000168681146,9.559
11.340000168979168,9.564
11.36000016927719,9.62
11.380000169575217,9.642
11.400000169873238,9.675
11.420000170171262,9.726
11.440000170469284,9.728
11.460000170767309,9.743
11.480000171065331,9.733
11.500000171363354,9.749
11.520000171661378,9.755
11.5400001719594,9.745
11.560000172257425,9.753
11.580000172555447,9.773
11.60000017285347,9.773
11.620000173151494,9.798
11.640000173449517,9.827
11.66000017374754,9.827
11.680000174045563,9.848
11.700000174343586,9.86
11.72000017464161,9.854
11.740000174939633,9.84
11.760000175237655,9.822
11.78000017553568,9.803
11.800000175833702,9.784
11.820000176131726,9.748
11.840000176429747,9.727
11.860000176727771,9.708
11.880000177025796,9.71
11.900000177323818,9.723
11.920000177621842,9.767
11.940000177919863,9.823
11.960000178217888,9.849
11.980000178515912,9.873
12.000000178813934,9.918
12.02000017911196,9.927
12.04000017940998,9.945
12.060000179708004,9.956
12.080000180006028,9.924
12.10000018030405,9.877
12.120000180602077,9.791
12.140000180900095,9.766
12.16000018119812,9.734
12.180000181496144,9.709
12.200000181794168,9.678
12.22000018209219,9.631
12.240000182390212,9.577
12.260000182688236,9.571
12.28000018298626,9.566
12.300000183284284,9.529
12.320000183582309,9.478
12.34000018388033,9.387
12.360000184178352,9.294
12.380000184476376,9.233
12.4000001847744,9.206
12.420000185072425,9.155
12.440000185370446,9.131
12.460000185668468,9.12
12.480000185966492,9.089
12.500000186264517,9.047
12.52000018656254,9.004
12.540000186860562,8.936
12.560000187158584,8.89
12.580000187456609,8.887
12.600000187754633,8.878
12.620000188052655,8.87
12.640000188350678,8.861
12.6600001886487,8.837
12.680000188946725,8.803
12.700000189244747,8.801
12.720000189542771,8.799
12.740000189840794,8.768
12.760000190138816,8.743
12.78000019043684,8.714
12.800000190734863,8.641
12.820000191032888,8.594
12.84000019133091,8.552
12.860000191628933,8.516
12.880000191926957,8.514
12.90000019222498,8.51
12.920000192523004,8.524
12.940000192821026,8.512
12.960000193119049,8.448
12.980000193417071,8.381
13.000000193715096,8.338
13.02000019401312,8.285
13.040000194311142,8.275
13.060000194609165,8.287
13.08000019490719,8.263
13.100000195205212,8.263
13.120000195503236,8.262
13.140000195801258,8.232
13.16000019609928,8.216
13.180000196397303,8.192
13.200000196695328,8.157
13.220000196993352,8.113
13.240000197291376,8.078
13.260000197589395,8.032
13.28000019788742,7.97
13.300000198185444,7.969
13.320000198483468,7.944
13.34000019878149,7.919
13.360000199079511,7.911
13.380000199377536,7.869
13.40000019967556,7.885
13.420000199973584,7.887
13.440000200271609,7.896
13.46000020056963,7.919
13.480000200867654,7.915
13.500000201165676,7.891
13.5200002014637,7.854
13.540000201761725,7.808
13.560000202059744,7.772
13.58000020235777,7.727
13.600000202655792,7.669
13.620000202953817,7.616
13.64000020325184,7.549
13.660000203549862,7.489
13.680000203847886,7.46
13.700000204145908,7.458
13.720000204443933,7.409
13.740000204741955,7.387
13.760000205039978,7.365
13.780000205338002,7.302
13.800000205636024,7.246
13.820000205934049,7.197
13.840000206232071,7.155
13.860000206530094,7.128
13.880000206828118,7.133
13.90000020712614,7.119
13.920000207424165,7.097
13.940000207722187,7.077
13.96000020802021,7.065
13.980000208318234,7.053
14.000000208616257,7.03
14.02000020891428,7.036
14.040000209212304,7.036
14.060000209510326,7.036
14.08000020980835,7.038
14.100000210106373,7.058
14.120000210404395,7.029
14.14000021070242,7.027
14.160000211000442,7.013
14.180000211298466,6.987
14.200000211596487,6.957
14.220000211894511,6.92
14.240000212192536,6.884
14.260000212490558,6.849
14.280000212788584,6.772
14.300000213086603,6.73
14.32000021338463,6.692
14.340000213682652,6.647
14.360000213980674,6.58
14.3800002142787,6.517
14.40000021457672,6.472
14.420000214874744,6.41
14.440000215172768,6.363
14.46000021547079,6.319
14.480000215768817,6.24
14.500000216066836,6.181
14.520000216364862,6.155
14.540000216662884,6.107
14.560000216960908,6.121
14.580000217258933,6.061
14.600000217556952,6.045
14.620000217854978,6.014
14.640000218153,5.956
14.660000218451025,5.935
14.680000218749049,5.882
14.70000021904707,5.835
14.720000219345094,5.789
14.740000219643116,5.725
14.76000021994114,5.678
14.780000220239163,5.652
14.800000220537186,5.661
14.82000022083521,5.665
14.840000221133232,5.677
14.860000221431257,5.671
14.88000022172928,5.646
14.900000222027302,5.608
14.920000222325326,5.579
14.940000222623349,5.545
14.960000222921373,5.498
14.980000223219395,5.495
15.000000223517418,5.472
15.020000223815442,5.43
15.040000224113465,5.385
15.060000224411487,5.317
15.080000224709512,5.254
15.100000225007534,5.187
15.120000225305558,5.11
15.14000022560358,5.063
15.160000225901603,5.025
15.180000226199628,4.944
15.20000022649765,4.859
15.220000226795674,4.744
15.240000227093695,4.622
15.26000022739172,4.548
15.280000227689744,4.492
15.300000227987766,4.456
15.32000022828579,4.377
15.340000228583811,4.282
15.360000228881836,4.172
15.38000022917986,4.062
15.400000229477882,3.999
15.420000229775908,3.947
15.44000023007393,3.939
15.460000230371952,3.9
15.480000230669976,3.866
15.500000230968,3.836
15.520000231266025,3.746
15.540000231564044,3.7
15.560000231862068,3.641
15.580000232160092,3.593
15.600000232458116,3.537
15.62000023275614,3.511
15.64000023305416,3.493
15.660000233352184,3.474
15.680000233650208,3.462
15.70000023394823,3.424
15.720000234246257,3.396
15.740000234544278,3.347
15.7600002348423,3.297
15.780000235140324,3.256
15.800000235438349,3.224
15.820000235736371,3.178
15.840000236034394,3.147
15.860000236332416,3.108
15.88000023663044,3.051
15.900000236928465,3.012
15.920000237226487,2.953
15.94000023752451,2.879
15.960000237822532,2.833
15.980000238120557,2.792
16.00000023841858,2.754
16.0200002387166,2.726
16.040000239014628,2.699
16.06000023931265,2.647
16.080000239610673,2.632
16.100000239908695,2.615
16.120000240206718,2.61
16.140000240504744,2.657
16.160000240802766,2.637
16.18000024110079,2.618
16.20000024139881,2.589
16.220000241696834,2.539
16.24000024199486,2.533
16.260000242292882,2.47
16.280000242590905,2.46
16.300000242888927,2.438
16.32000024318695,2.388
16.340000243484976,2.385
16.360000243783,2.372
16.38000024408102,2.327
16.400000244379044,2.279
16.420000244677066,2.229
16.440000244975092,2.158
16.460000245273115,2.107
16.480000245571137,2.094
16.50000024586916,2.061
16.520000246167182,2.028
16.54000024646521,2.004
16.56000024676323,1.958
16.580000247061253,1.936
16.600000247359276,1.9
16.6200002476573,1.859
16.640000247955324,1.823
16.660000248253347,1.789
16.68000024855137,1.765
16.700000248849392,1.768
16.720000249147414,1.737
16.74000024944544,1.722
16.760000249743463,1.691
16.780000250041486,1.678
16.800000250339508,1.667
16.82000025063753,1.634
16.840000250935557,1.579
16.86000025123358,1.507
16.8800002515316,1.466
16.900000251829624,1.431
16.920000252127647,1.414
16.940000252425673,1.414
16.960000252723695,1.39
16.980000253021718,1.387
17.00000025331974,1.383
17.020000253617763,1.403
17.04000025391579,1.392
17.06000025421381,1.374
17.080000254511834,1.364
17.100000254809856,1.329
17.12000025510788,1.294
17.140000255405905,1.295
17.160000255703928,1.281
17.18000025600195,1.259
17.200000256299973,1.252
17.220000256597995,1.229
17.24000025689602,1.209
17.260000257194044,1.193
17.280000257492066,1.183
17.30000025779009,1.175
17.32000025808811,1.131
17.340000258386137,1.09
17.36000025868416,1.06
17.380000258982182,1.028
17.400000259280205,0.996
17.420000259578227,0.984
17.440000259876253,0.962
17.460000260174276,0.944
17.4800002604723,0.929
17.50000026077032,0.924
17.520000261068343,0.901
17.54000026136637,0.896
17.560000261664392,0.873
17.580000261962414,0.859
17.600000262260437,0.843
17.62000026255846,0.835
17.640000262856486,0.835
17.660000263154508,0.822
17.68000026345253,0.839
17.700000263750553,0.853
17.720000264048576,0.853
17.7400002643466,0.863
17.760000264644624,0.821
17.780000264942647,0.797
17.80000026524067,0.765
17.82000026553869,0.764
17.840000265836718,0.791
17.86000026613474,0.79
17.880000266432763,0.794
17.900000266730785,0.767
17.920000267028808,0.738
17.940000267326834,0.71
17.960000267624856,0.665
17.98000026792288,0.633
18.0000002682209,0.601
18.020000268518924,0.566
18.04000026881695,0.536
18.060000269114973,0.511
18.080000269412995,0.479
18.100000269711018,0.46
18.12000027000904,0.422
18.140000270307063,0.413
18.16000027060509,0.419
18.18000027090311,0.45
18.200000271201134,0.467
18.22000027149916,0.488
18.240000271797182,0.48
18.260000272095205,0.44
18.280000272393227,0.411
18.30000027269125,0.392
18.320000272989272,0.391
18.3400002732873,0.386
18.36000027358532,0.378
18.380000273883343,0.364
18.40000027418137,0.383
18.42000027447939,0.396
18.44000027477741,0.413
18.46000027507544,0.422
18.48000027537346,0.403
18.50000027567148,0.392
18.520000275969505,0.371
18.54000027626753,0.364
18.560000276565557,0.345
18.580000276863576,0.324
18.6000002771616,0.322
18.62000027745962,0.305
18.640000277757647,0.282
18.66000027805567,0.278
18.68000027835369,0.283
18.700000278651714,0.264
18.720000278949737,0.247
18.740000279247763,0.231
18.760000279545785,0.193
18.780000279843808,0.207
18.80000028014183,0.226
18.820000280439853,0.228
18.84000028073788,0.225
18.8600002810359,0.214
18.880000281333924,0.193
18.900000281631947,0.174
18.92000028192997,0.221
18.940000282227995,0.225
18.960000282526018,0.231
18.98000028282404,0.269
19.000000283122063,0.278
19.020000283420085,0.27
19.04000028371811,0.273
19.060000284016134,0.248
19.08000028431416,0.201
19.10000028461218,0.177
19.1200002849102,0.127
19.140000285208227,0.102
19.16000028550625,0.095
19.180000285804272,0.061
19.20000028610229,0.054
19.22000028640032,0.06
19.240000286698344,0.023
19.26000028699637,0.004
19.28000028729439,-0.008
19.30000028759241,-0.025
19.320000287890437,-0.051
19.34000028818846,-0.06
19.36000028848648,-0.074
19.380000288784505,-0.121
19.400000289082527,-0.156
19.42000028938055,-0.175
19.440000289678576,-0.21
19.4600002899766,-0.174
19.48000029027462,-0.15
19.500000290572643,-0.135
19.520000290870662,-0.102
19.54000029116869,-0.108
19.560000291466714,-0.101
19.580000291764737,-0.084
