time_min,absorb_mau
0.0,0.001
0.0133333335320154,0.01
0.0266666670640309,0.029
0.0400000005960464,0.035
0.0533333341280619,0.037
0.0666666676600774,0.028
0.0800000011920929,0.014
0.0933333347241083,0.007
0.1066666682561238,0.016
0.1200000017881393,0.007
0.1333333353201548,0.011
0.1466666688521703,0.025
0.1600000023841858,0.044
0.1733333359162013,0.058
0.1866666694482167,0.058
0.2000000029802322,0.064
0.2133333365122477,0.084
0.2266666700442632,0.086
0.2400000035762786,0.131
0.2533333371082942,0.15
0.2666666706403096,0.162
0.2800000041723251,0.175
0.2933333377043406,0.184
0.3066666712363561,0.22
0.3200000047683716,0.234
0.3333333383003871,0.236
0.3466666718324026,0.247
0.360000005364418,0.239
0.3733333388964335,0.226
0.386666672428449,0.215
0.4000000059604645,0.202
0.4133333394924799,0.191
0.4266666730244954,0.177
0.4400000065565109,0.19
0.4533333400885264,0.229
0.4666666736205419,0.284
0.4800000071525573,0.325
0.4933333406845728,0.349
0.5066666742165884,0.384
0.5200000077486039,0.413
0.5333333412806193,0.419
0.5466666748126348,0.39
0.5600000083446502,0.36
0.5733333418766657,0.338
0.5866666754086812,0.342
0.6000000089406967,0.376
0.6133333424727122,0.425
0.6266666760047277,0.565
0.6400000095367432,0.788
0.6533333430687587,1.119
0.6666666766007742,1.59
0.6800000101327897,2.237
0.6933333436648051,3.212
0.7066666771968206,4.482
0.7200000107288361,6.103
0.7333333442608516,8.142
0.746666677792867,10.753
0.7600000113248825,14.073
0.773333344856898,17.957
0.7866666783889135,22.426
0.800000011920929,27.508
0.8133333454529444,33.283
0.8266666789849599,39.63
0.8400000125169754,46.378
0.8533333460489909,53.442
0.8666666795810064,60.665
0.8800000131130219,68.157
0.8933333466450374,75.637
0.9066666801770528,83.002
0.9200000137090684,90.153
0.933333347241084,96.781
0.9466666807730992,102.956
0.9600000143051148,108.509
0.9733333478371302,113.405
0.9866666813691456,117.635
1.0000000149011612,120.974
1.0133333484331768,123.538
1.0266666819651922,125.35
1.0400000154972078,126.425
1.0533333490292232,126.787
1.0666666825612383,126.249
1.080000016093254,124.939
1.0933333496252695,122.933
1.1066666831572851,120.475
1.1200000166893005,117.46
1.133333350221316,113.804
1.1466666837533317,109.914
1.160000017285347,105.549
1.1733333508173625,101.179
1.186666684349378,96.553
1.2000000178813934,91.558
1.213333351413409,86.638
1.2266666849454244,81.721
1.24000001847744,76.832
1.2533333520094554,72.102
1.266666685541471,67.513
1.2800000190734864,62.863
1.2933333526055018,58.539
1.3066666861375174,54.415
1.3200000196695327,50.552
1.3333333532015483,46.85
1.3466666867335635,43.297
1.360000020265579,39.911
1.3733333537975947,36.706
1.3866666873296103,33.719
1.4000000208616257,30.899
1.4133333543936413,28.281
1.4266666879256569,25.879
1.4400000214576725,23.719
1.4533333549896876,21.826
1.4666666885217032,20.035
1.4800000220537186,18.355
1.493333355585734,16.783
1.5066666891177496,15.316
1.520000022649765,13.975
1.5333333561817806,12.719
1.546666689713796,11.572
1.5600000232458116,10.531
1.573333356777827,9.614
1.5866666903098423,8.785
1.600000023841858,8.015
1.6133333573738735,7.308
1.626666690905889,6.665
1.6400000244379045,6.093
1.65333335796992,5.575
1.6666666915019357,5.089
1.6800000250339509,4.644
1.6933333585659665,4.249
1.7066666920979818,3.904
1.7200000256299972,3.573
1.7333333591620128,3.277
1.7466666926940282,3.007
1.7600000262260438,2.756
1.7733333597580592,2.533
1.7866666932900748,2.321
1.80000002682209,2.128
1.8133333603541055,1.948
1.826666693886121,1.774
1.8400000274181367,1.632
1.853333360950152,1.527
1.866666694482168,1.435
1.880000028014183,1.35
1.8933333615461987,1.266
1.906666695078214,1.176
1.9200000286102292,1.106
1.933333362142245,1.039
1.9466666956742604,0.966
1.960000029206276,0.913
1.9733333627382916,0.846
1.986666696270307,0.798
2.0000000298023224,0.767
2.013333363334338,0.738
2.0266666968663536,0.689
2.0400000303983687,0.633
2.0533333639303843,0.601
2.0666666974624,0.578
2.0800000309944155,0.547
2.0933333645264307,0.481
2.1066666980584463,0.47
2.120000031590462,0.465
2.133333365122477,0.452
2.1466666986544927,0.432
2.1600000321865083,0.473
2.173333365718524,0.525
2.186666699250539,0.557
2.200000032782554,0.566
2.2133333663145702,0.583
2.226666699846586,0.626
2.240000033378601,0.624
2.2533333669106166,0.612
2.266666700442632,0.612
2.280000033974648,0.617
2.293333367506663,0.616
2.3066667010386785,0.591
2.320000034570694,0.563
2.3333333681027097,0.55
2.346666701634725,0.518
2.3600000351667405,0.504
2.373333368698756,0.498
2.3866667022307717,0.506
2.400000035762787,0.529
2.4133333692948025,0.535
2.426666702826818,0.532
2.440000036358833,0.529
2.453333369890849,0.526
2.4666667034228644,0.524
2.48000003695488,0.518
2.493333370486895,0.505
2.506666704018911,0.498
2.5200000375509264,0.498
2.533333371082942,0.493
2.546666704614957,0.502
2.5600000381469727,0.48
2.5733333716789883,0.458
2.5866667052110035,0.449
2.600000038743019,0.432
2.6133333722750347,0.422
2.6266667058070503,0.386
2.640000039339065,0.352
2.653333372871081,0.344
2.6666667064030967,0.347
2.6800000399351123,0.345
2.6933333734671274,0.326
2.706666706999143,0.31
2.720000040531158,0.316
2.7333333740631742,0.322
2.7466667075951894,0.304
2.760000041127205,0.292
2.7733333746592206,0.296
2.786666708191236,0.314
2.800000041723252,0.311
2.813333375255267,0.314
2.8266667087872825,0.326
2.8400000423192977,0.346
2.8533333758513133,0.364
2.866666709383329,0.38
2.8800000429153445,0.397
2.89333337644736,0.415
2.9066667099793757,0.438
2.920000043511391,0.466
2.9333333770434065,0.466
2.9466667105754216,0.462
2.960000044107437,0.465
2.973333377639453,0.477
2.986666711171468,0.463
3.000000044703484,0.447
3.013333378235499,0.439
3.026666711767515,0.44
3.04000004529953,0.446
3.053333378831545,0.432
3.066666712363561,0.449
3.0800000458955767,0.468
3.093333379427592,0.483
3.1066667129596075,0.502
3.120000046491623,0.509
3.1333333800236387,0.504
3.146666713555654,0.5
3.160000047087669,0.494
3.173333380619685,0.477
3.1866667141517007,0.46
3.200000047683716,0.451
3.2133333812157314,0.45
3.226666714747747,0.448
3.240000048279762,0.425
3.253333381811778,0.423
3.2666667153437934,0.409
3.280000048875809,0.386
3.293333382407824,0.364
3.30666671593984,0.355
3.320000049471856,0.342
3.333333383003871,0.335
3.346666716535886,0.337
3.3600000500679017,0.349
3.3733333835999173,0.36
3.386666717131933,0.368
3.400000050663948,0.383
3.413333384195964,0.393
3.4266667177279797,0.381
3.4400000512599944,0.375
3.45333338479201,0.376
3.4666667183240256,0.376
3.480000051856041,0.365
3.4933333853880564,0.339
3.506666718920072,0.349
3.520000052452088,0.343
3.533333385984103,0.331
3.5466667195161183,0.318
3.560000053048134,0.294
3.573333386580149,0.276
3.586666720112165,0.268
3.6000000536441803,0.26
3.613333387176196,0.255
3.626666720708212,0.252
3.640000054240226,0.246
3.653333387772242,0.251
3.666666721304258,0.248
3.6800000548362735,0.226
3.6933333883682886,0.214
3.706666721900304,0.199
3.72000005543232,0.195
3.733333388964336,0.201
3.746666722496351,0.213
3.760000056028366,0.238
3.773333389560382,0.257
3.786666723092397,0.281
3.800000056624413,0.31
3.813333390156428,0.344
3.826666723688444,0.371
3.840000057220459,0.388
3.8533333907524745,0.404
3.86666672428449,0.419
3.8800000578165057,0.427
3.893333391348521,0.428
3.906666724880537,0.418
3.920000058412552,0.402
3.933333391944568,0.384
3.946666725476583,0.368
3.9600000590085984,0.359
3.973333392540614,0.329
3.9866667260726296,0.299
4.000000059604645,0.278
4.01333339313666,0.272
4.026666726668676,0.277
4.040000060200692,0.279
4.053333393732707,0.282
4.066666727264722,0.298
4.0800000607967375,0.325
4.093333394328753,0.326
4.106666727860769,0.33
4.120000061392784,0.328
4.1333333949248,0.312
4.146666728456816,0.322
4.160000061988831,0.299
4.173333395520846,0.285
4.186666729052861,0.288
4.200000062584877,0.274
4.213333396116893,0.273
4.226666729648908,0.26
4.240000063180924,0.238
4.253333396712939,0.222
4.266666730244954,0.216
4.28000006377697,0.188
4.293333397308985,0.19
4.306666730841001,0.204
4.3200000643730165,0.222
4.333333397905032,0.27
4.346666731437048,0.276
4.360000064969063,0.285
4.373333398501078,0.308
4.386666732033094,0.331
4.400000065565109,0.345
4.413333399097125,0.346
4.4266667326291405,0.357
4.440000066161156,0.378
4.453333399693172,0.398
4.466666733225186,0.382
4.480000066757202,0.389
4.493333400289218,0.394
4.506666733821233,0.394
4.520000067353249,0.396
4.533333400885264,0.417
4.54666673441728,0.424
4.560000067949296,0.418
4.57333340148131,0.401
4.586666735013326,0.386
4.6000000685453415,0.396
4.613333402077357,0.403
4.626666735609373,0.402
4.640000069141388,0.398
4.653333402673404,0.409
4.66666673620542,0.411
4.680000069737434,0.396
4.69333340326945,0.374
4.706666736801465,0.36
4.720000070333481,0.366
4.733333403865497,0.363
4.746666737397512,0.382
4.760000070929528,0.413
4.773333404461543,0.43
4.786666737993558,0.42
4.800000071525574,0.417
4.813333405057589,0.402
4.826666738589605,0.373
4.8400000721216205,0.33
4.853333405653636,0.324
4.866666739185652,0.331
4.880000072717666,0.329
4.893333406249682,0.32
4.906666739781698,0.345
4.920000073313713,0.354
4.933333406845729,0.359
4.9466667403777445,0.36
4.96000007390976,0.368
4.973333407441775,0.415
4.98666674097379,0.416
5.000000074505806,0.408
5.013333408037822,0.404
5.026666741569837,0.404
5.040000075101853,0.415
5.053333408633868,0.388
5.066666742165884,0.363
5.080000075697899,0.36
5.093333409229914,0.383
5.10666674276193,0.405
5.1200000762939455,0.407
5.133333409825961,0.402
5.146666743357977,0.406
5.160000076889992,0.429
5.173333410422007,0.422
5.186666743954023,0.404
5.200000077486038,0.397
5.213333411018054,0.409
5.226666744550069,0.432
5.240000078082085,0.47
5.253333411614101,0.505
5.266666745146116,0.536
5.280000078678131,0.565
5.2933334122101465,0.579
5.306666745742162,0.62
5.320000079274178,0.633
5.333333412806193,0.633
5.346666746338209,0.646
5.3600000798702245,0.658
5.373333413402239,0.667
5.386666746934255,0.667
5.4000000804662704,0.664
5.413333413998286,0.676
5.426666747530302,0.688
5.440000081062317,0.691
5.453333414594333,0.695
5.4666667481263485,0.694
5.480000081658363,0.683
5.493333415190379,0.677
5.506666748722394,0.669
5.52000008225441,0.663
5.533333415786426,0.663
5.546666749318441,0.656
5.560000082850457,0.656
5.573333416382472,0.659
5.586666749914487,0.668
5.600000083446503,0.683
5.613333416978518,0.699
5.626666750510534,0.722
5.6400000840425495,0.739
5.653333417574565,0.754
5.666666751106581,0.767
5.680000084638595,0.76
5.693333418170611,0.778
5.706666751702627,0.79
5.720000085234642,0.788
5.733333418766658,0.783
5.746666752298673,0.762
5.760000085830689,0.754
5.773333419362704,0.735
5.786666752894719,0.698
5.800000086426735,0.654
5.813333419958751,0.634
5.826666753490766,0.62
5.840000087022782,0.609
5.853333420554797,0.6
5.866666754086813,0.591
5.880000087618828,0.629
5.893333421150843,0.651
5.906666754682859,0.664
5.920000088214874,0.669
5.93333342174689,0.657
5.946666755278906,0.656
5.960000088810921,0.636
5.973333422342936,0.602
5.986666755874952,0.575
6.000000089406967,0.569
6.013333422938983,0.575
6.026666756470998,0.575
6.040000090003014,0.575
6.05333342353503,0.589
6.066666757067045,0.626
6.08000009059906,0.648
6.093333424131076,0.659
6.106666757663091,0.667
6.120000091195107,0.676
6.133333424727122,0.685
6.146666758259138,0.677
6.1600000917911535,0.653
6.173333425323168,0.623
6.186666758855184,0.61
6.200000092387199,0.586
6.213333425919215,0.55
6.226666759451231,0.524
6.240000092983246,0.515
6.253333426515262,0.508
6.266666760047277,0.487
6.280000093579292,0.481
6.293333427111308,0.486
6.306666760643323,0.492
6.320000094175339,0.492
6.3333334277073545,0.521
6.34666676123937,0.548
6.360000094771386,0.567
6.373333428303401,0.575
6.386666761835416,0.602
6.400000095367432,0.614
6.413333428899447,0.613
6.426666762431463,0.604
6.440000095963478,0.603
6.453333429495494,0.596
6.46666676302751,0.57
6.480000096559524,0.543
6.49333343009154,0.522
6.506666763623556,0.501
6.520000097155571,0.477
6.533333430687587,0.462
6.546666764219602,0.455
6.560000097751618,0.45
6.573333431283634,0.44
6.586666764815648,0.439
6.600000098347664,0.454
6.61333343187968,0.468
6.626666765411695,0.468
6.640000098943711,0.446
6.653333432475726,0.451
6.666666766007742,0.446
6.680000099539757,0.429
6.693333433071772,0.403
6.706666766603788,0.38
6.720000100135803,0.397
6.733333433667819,0.407
6.746666767199835,0.417
6.76000010073185,0.457
6.773333434263866,0.475
6.7866667677958805,0.481
6.800000101327896,0.483
6.813333434859912,0.486
6.826666768391927,0.506
6.840000101923943,0.458
6.853333435455959,0.417
6.866666768987974,0.408
6.880000102519989,0.422
6.893333436052004,0.413
6.90666676958402,0.384
6.920000103116036,0.388
6.933333436648051,0.414
6.946666770180067,0.44
6.960000103712082,0.448
6.973333437244098,0.455
6.986666770776113,0.469
7.000000104308128,0.473
7.013333437840144,0.455
7.02666677137216,0.456
7.040000104904175,0.428
7.053333438436191,0.409
7.066666771968206,0.397
7.080000105500221,0.374
7.093333439032237,0.371
7.106666772564252,0.343
7.120000106096268,0.323
7.133333439628284,0.32
7.146666773160299,0.319
7.160000106692315,0.295
7.17333344022433,0.286
7.186666773756345,0.279
7.200000107288361,0.268
7.213333440820376,0.253
7.226666774352392,0.234
7.240000107884407,0.228
7.253333441416423,0.229
7.266666774948439,0.226
7.280000108480453,0.247
7.293333442012469,0.259
7.306666775544484,0.264
7.3200001090765,0.269
7.333333442608516,0.285
7.346666776140531,0.312
7.360000109672547,0.304
7.373333443204562,0.294
7.386666776736577,0.295
7.400000110268593,0.309
7.413333443800608,0.295
7.426666777332624,0.264
7.44000011086464,0.241
7.453333444396655,0.239
7.466666777928671,0.246
7.480000111460685,0.207
7.493333444992701,0.197
7.506666778524717,0.195
7.520000112056732,0.199
7.533333445588748,0.225
7.546666779120764,0.223
7.560000112652779,0.229
7.573333446184795,0.24
7.5866667797168095,0.247
7.600000113248825,0.269
7.613333446780841,0.279
7.626666780312856,0.284
7.640000113844872,0.296
7.653333447376887,0.318
7.666666780908903,0.318
7.680000114440918,0.313
7.693333447972933,0.297
7.706666781504949,0.278
7.720000115036965,0.274
7.73333344856898,0.287
7.746666782100996,0.274
7.760000115633011,0.263
7.773333449165027,0.252
7.786666782697042,0.237
7.800000116229057,0.222
7.813333449761073,0.21
7.826666783293088,0.214
7.840000116825104,0.234
7.85333345035712,0.22
7.866666783889135,0.23
7.88000011742115,0.226
7.893333450953166,0.21
7.906666784485181,0.187
7.920000118017197,0.165
7.933333451549212,0.168
7.946666785081228,0.174
7.960000118613244,0.194
7.973333452145259,0.24
7.986666785677274,0.252
8.00000011920929,0.27
8.013333452741305,0.297
8.02666678627332,0.326
8.040000119805336,0.354
8.053333453337352,0.367
8.066666786869368,0.379
8.080000120401383,0.4
8.093333453933399,0.413
8.106666787465414,0.403
8.12000012099743,0.42
8.133333454529444,0.424
8.14666678806146,0.428
8.160000121593475,0.44
8.17333345512549,0.447
8.186666788657506,0.473
8.200000122189522,0.476
8.213333455721537,0.474
8.226666789253553,0.483
8.240000122785569,0.501
8.253333456317584,0.508
8.2666667898496,0.509
8.280000123381615,0.515
8.293333456913631,0.53
8.306666790445647,0.523
8.320000123977662,0.508
8.333333457509676,0.491
8.346666791041692,0.479
8.360000124573707,0.476
8.373333458105723,0.478
8.386666791637738,0.487
8.400000125169754,0.496
8.41333345870177,0.499
8.426666792233785,0.497
8.4400001257658,0.488
8.453333459297816,0.475
8.466666792829832,0.451
8.480000126361848,0.427
8.493333459893863,0.422
8.506666793425879,0.42
8.520000126957894,0.42
8.533333460489908,0.418
8.546666794021924,0.413
8.56000012755394,0.416
8.573333461085955,0.412
8.58666679461797,0.422
8.600000128149986,0.436
8.613333461682002,0.442
8.626666795214017,0.438
8.640000128746033,0.447
8.653333462278049,0.462
8.666666795810064,0.471
8.68000012934208,0.465
8.693333462874095,0.48
8.706666796406111,0.49
8.720000129938127,0.491
8.73333346347014,0.488
8.746666797002156,0.487
8.760000130534172,0.493
8.773333464066187,0.483
8.786666797598203,0.484
8.800000131130219,0.494
8.813333464662234,0.498
8.82666679819425,0.501
8.840000131726265,0.509
8.853333465258281,0.519
8.866666798790297,0.53
8.880000132322312,0.531
8.893333465854328,0.544
8.906666799386343,0.546
8.920000132918359,0.533
8.933333466450373,0.508
8.946666799982388,0.491
8.960000133514404,0.472
8.97333346704642,0.452
8.986666800578435,0.438
9.00000013411045,0.433
9.013333467642466,0.452
9.026666801174482,0.454
9.040000134706498,0.442
9.053333468238511,0.427
9.066666801770529,0.429
9.080000135302544,0.436
9.09333346883456,0.419
9.106666802366576,0.408
9.120000135898591,0.415
9.133333469430609,0.443
9.14666680296262,0.445
9.160000136494636,0.443
9.173333470026652,0.445
9.186666803558667,0.455
9.200000137090685,0.46
9.2133334706227,0.451
9.226666804154714,0.468
9.24000013768673,0.481
9.253333471218744,0.475
9.26666680475076,0.49
9.280000138282777,0.484
9.293333471814792,0.476
9.306666805346808,0.458
9.320000138878823,0.416
9.33333347241084,0.413
9.346666805942853,0.386
9.360000139474868,0.368
9.373333473006884,0.366
9.3866668065389,0.372
9.400000140070915,0.377
9.41333347360293,0.366
9.426666807134946,0.354
9.440000140666962,0.342
9.453333474198978,0.32
9.466666807730991,0.323
9.480000141263009,0.326
9.493333474795024,0.34
9.50666680832704,0.36
9.520000141859056,0.364
9.533333475391071,0.373
9.546666808923083,0.392
9.5600001424551,0.398
9.573333475987116,0.389
9.586666809519132,0.379
9.600000143051147,0.408
9.613333476583165,0.424
9.62666681011518,0.426
9.640000143647194,0.413
9.65333347717921,0.405
9.666666810711224,0.416
9.68000014424324,0.419
9.693333477775257,0.418
9.706666811307272,0.434
9.720000144839288,0.452
9.733333478371303,0.48
9.746666811903316,0.504
9.760000145435331,0.506
9.773333478967348,0.489
9.786666812499364,0.481
9.80000014603138,0.469
9.813333479563395,0.463
9.826666813095413,0.462
9.840000146627428,0.445
9.853333480159442,0.454
9.866666813691458,0.469
9.880000147223472,0.478
9.893333480755487,0.476
9.906666814287505,0.475
9.92000014781952,0.491
9.933333481351536,0.493
9.94666681488355,0.491
9.960000148415563,0.498
9.97333348194758,0.494
9.986666815479596,0.492
10.000000149011612,0.469
10.013333482543628,0.446
10.026666816075643,0.451
10.04000014960766,0.446
10.053333483139674,0.444
10.06666681667169,0.439
10.080000150203706,0.434
10.09333348373572,0.452
10.106666817267737,0.47
10.120000150799752,0.475
10.133333484331768,0.475
10.146666817863782,0.475
10.160000151395796,0.48
10.173333484927811,0.464
10.186666818459829,0.442
10.200000151991844,0.424
10.21333348552386,0.415
10.226666819055875,0.385
10.240000152587893,0.388
10.253333486119908,0.406
10.266666819651922,0.422
10.280000153183938,0.419
10.293333486715952,0.409
10.306666820247967,0.453
10.320000153779985,0.47
10.333333487312,0.463
10.346666820844014,0.465
10.36000015437603,0.499
10.373333487908043,0.523
10.38666682144006,0.517
10.400000154972076,0.488
10.413333488504092,0.474
10.426666822036108,0.484
10.440000155568123,0.459
10.45333348910014,0.44
10.466666822632154,0.443
10.48000015616417,0.468
10.493333489696186,0.475
10.5066668232282,0.474
10.520000156760217,0.481
10.533333490292232,0.512
10.546666823824246,0.523
10.560000157356262,0.514
10.573333490888276,0.542
10.586666824420291,0.575
10.600000157952309,0.581
10.613333491484324,0.595
10.62666682501634,0.608
10.640000158548355,0.628
10.653333492080373,0.646
10.666666825612388,0.641
10.680000159144402,0.645
10.693333492676418,0.651
10.706666826208432,0.666
10.720000159740447,0.685
10.733333493272465,0.7
10.746666826804478,0.699
10.760000160336494,0.725
10.77333349386851,0.735
10.786666827400524,0.715
10.80000016093254,0.673
10.813333494464556,0.653
10.826666827996572,0.644
10.840000161528588,0.629
10.853333495060603,0.603
10.86666682859262,0.609
10.880000162124634,0.619
10.89333349565665,0.625
10.906666829188666,0.628
10.92000016272068,0.632
10.933333496252695,0.655
10.94666682978471,0.662
10.960000163316726,0.667
10.973333496848742,0.673
10.986666830380758,0.679
11.000000163912771,0.675
