time_min,absorb_mau
0.0,-0.001
0.0933333347241083,0.263
0.1866666694482167,1.872
0.2800000041723251,0.937
0.3733333388964335,0.429
0.4666666736205419,0.727
0.5600000083446502,0.998
0.6533333430687587,2.112
0.746666677792867,4.06
0.8400000125169754,4.308
0.933333347241084,4.17
1.0266666819651922,3.918
1.1200000166893005,3.788
1.213333351413409,3.661
1.3066666861375174,3.436
1.4000000208616257,3.28
1.493333355585734,3.01
1.5866666903098423,2.796
1.6800000250339509,2.61
1.7733333597580592,2.567
1.866666694482168,2.498
1.960000029206276,2.458
2.0533333639303843,2.253
2.1466666986544927,2.207
2.240000033378601,2.177
2.3333333681027097,2.215
2.426666702826818,2.289
2.5200000375509264,2.406
2.6133333722750347,2.371
2.706666706999143,2.497
2.800000041723252,2.504
2.89333337644736,2.503
2.986666711171468,2.531
3.0800000458955767,2.593
3.173333380619685,2.737
3.2666667153437934,2.841
3.3600000500679017,2.868
3.45333338479201,2.998
3.5466667195161183,3.066
3.640000054240226,3.155
3.733333388964336,3.203
3.826666723688444,3.369
3.920000058412552,3.435
4.01333339313666,3.588
4.106666727860769,3.678
4.200000062584877,3.771
4.293333397308985,3.939
4.386666732033094,4.068
4.480000066757202,4.178
4.57333340148131,4.266
4.66666673620542,4.54
4.760000070929528,4.78
4.853333405653636,4.814
4.9466667403777445,4.937
5.040000075101853,5.025
5.133333409825961,5.181
5.226666744550069,5.465
5.320000079274178,5.468
5.413333413998286,5.497
5.506666748722394,5.6
5.600000083446503,5.674
5.693333418170611,5.88
5.786666752894719,6.001
5.880000087618828,6.108
5.973333422342936,6.279
6.066666757067045,6.41
6.1600000917911535,6.516
6.253333426515262,6.682
6.34666676123937,6.888
6.440000095963478,7.032
6.533333430687587,7.182
6.626666765411695,7.374
6.720000100135803,7.485
6.813333434859912,7.665
6.90666676958402,7.883
7.000000104308128,8.166
7.093333439032237,8.367
7.186666773756345,8.516
7.280000108480453,8.71
7.373333443204562,8.882
7.466666777928671,9.141
7.560000112652779,9.46
7.653333447376887,9.569
7.746666782100996,9.786
7.840000116825104,9.764
7.933333451549212,9.877
8.02666678627332,9.92
8.12000012099743,10.055
8.213333455721537,10.201
8.306666790445647,10.327
8.400000125169754,10.567
8.493333459893863,10.66
8.58666679461797,10.669
8.68000012934208,10.771
8.773333464066187,10.846
8.866666798790297,10.853
8.960000133514404,11.139
9.053333468238511,11.42
9.14666680296262,11.659
9.24000013768673,11.726
9.33333347241084,11.865
9.426666807134946,12.018
9.520000141859056,12.032
9.613333476583165,12.166
9.706666811307272,12.511
9.80000014603138,12.772
9.893333480755487,12.924
9.986666815479596,13.009
10.080000150203706,13.134
10.173333484927811,13.175
10.266666819651922,13.258
10.36000015437603,13.396
10.45333348910014,13.625
10.546666823824246,13.683
10.640000158548355,13.638
10.733333493272465,13.618
10.826666827996572,13.558
10.92000016272068,13.572
11.013333497444789,13.639
11.106666832168898,13.678
11.200000166893004,13.68
11.293333501617116,13.585
11.386666836341222,13.546
11.480000171065331,13.496
11.57333350578944,13.335
11.666666840513548,13.313
11.760000175237655,13.469
11.853333509961764,13.49
11.946666844685872,13.429
12.04000017940998,13.28
12.13333351413409,13.225
12.226666848858198,13.133
12.320000183582309,13.064
12.413333518306414,13.045
12.506666853030524,13.032
12.600000187754633,12.972
12.69333352247874,12.842
12.786666857202848,12.657
12.880000191926957,12.516
12.973333526651064,12.564
13.066666861375174,12.502
13.16000019609928,12.468
13.25333353082339,12.493
13.3466668655475,12.479
13.440000200271609,12.379
13.533333534995716,12.359
13.626666869719823,12.327
13.720000204443933,12.3
13.81333353916804,12.125
13.90666687389215,12.04
14.000000208616257,11.918
14.093333543340366,11.798
14.186666878064472,11.671
14.280000212788584,11.432
14.37333354751269,11.186
14.4666668822368,11.184
14.560000216960908,11.041
14.653333551685016,10.976
14.746666886409123,10.768
14.840000221133232,10.711
14.933333555857342,10.564
15.026666890581447,10.466
15.120000225305558,10.218
15.213333560029666,10.015
15.306666894753777,10.082
15.400000229477882,10.039
15.493333564201992,10.0
15.5866668989261,9.958
15.680000233650208,9.817
15.773333568374316,9.622
15.866666903098425,9.595
15.960000237822532,9.658
16.05333357254664,9.819
16.14666690727075,9.763
16.24000024199486,9.664
16.333333576718967,9.588
16.426666911443075,9.526
16.520000246167182,9.556
16.613333580891293,9.506
16.7066669156154,9.49
16.800000250339508,9.461
16.893333585063615,9.507
16.986666919787726,9.493
17.080000254511834,9.462
17.17333358923594,9.264
17.26666692396005,9.077
17.36000025868416,8.86
17.453333593408267,8.837
17.546666928132375,8.82
17.640000262856486,8.794
17.733333597580593,8.782
17.8266669323047,8.671
17.920000267028808,8.637
18.01333360175292,8.621
18.106666936477023,8.617
18.200000271201134,8.545
18.29333360592524,8.475
18.386666940649352,8.312
18.48000027537346,8.171
18.573333610097567,8.131
18.66666694482168,8.145
18.760000279545785,8.123
18.853333614269893,8.234
18.946666948994,8.401
19.04000028371811,8.407
19.13333361844222,8.299
19.22666695316633,8.205
19.320000287890437,8.231
19.413333622614545,8.237
19.50666695733865,8.325
19.60000029206276,8.332
19.693333626786867,8.37
19.786666961510974,8.435
19.880000296235085,8.321
19.973333630959196,8.336
20.066666965683304,8.353
20.16000030040741,8.351
20.25333363513152,8.367
20.346666969855622,8.337
20.440000304579737,8.26
20.533333639303844,8.228
20.626666974027952,8.197
20.72000030875206,8.067
20.81333364347617,7.975
20.90666697820028,7.976
21.000000312924385,8.109
21.093333647648493,8.114
21.186666982372603,8.029
21.28000031709671,7.962
21.37333365182082,7.901
21.46666698654493,7.868
21.56000032126904,7.915
21.653333655993144,8.009
21.74666699071725,7.996
21.840000325441363,7.921
21.93333366016547,7.847
22.026666994889577,7.793
22.120000329613685,7.809
22.2133336643378,7.772
22.306666999061903,7.784
22.40000033378601,7.988
22.49333366851012,8.087
22.58666700323423,8.008
22.680000337958337,7.917
22.773333672682444,7.942
22.866667007406555,7.932
22.960000342130662,8.018
23.05333367685477,8.263
23.14666701157888,8.21
23.24000034630299,8.134
23.333333681027096,7.978
23.426667015751203,8.04
23.52000035047531,7.978
23.61333368519942,7.879
23.70666701992353,7.749
23.80000035464764,7.786
23.893333689371744,7.826
23.98666702409585,7.719
24.08000035881996,7.625
24.17333369354407,7.72
24.26666702826818,7.603
24.360000362992288,7.712
24.4533336977164,7.799
24.546667032440503,7.89
24.64000036716461,7.879
24.73333370188872,7.802
24.82666703661283,7.916
24.920000371336936,7.925
25.013333706061047,8.007
25.106667040785155,7.925
25.200000375509266,7.814
25.29333371023337,7.871
25.38666704495748,7.874
25.480000379681588,7.902
25.573333714405692,7.947
25.666667049129806,7.989
25.760000383853917,8.008
25.85333371857802,8.066
25.94666705330213,8.002
26.04000038802624,7.992
26.133333722750347,7.864
26.22666705747445,7.808
26.32000039219856,7.853
26.413333726922676,7.864
26.50666706164678,7.857
26.600000396370888,7.883
26.693333731095,7.964
26.786667065819103,7.886
26.880000400543214,7.8
26.97333373526732,7.95
27.066667069991432,7.844
27.16000040471554,7.819
27.253333739439647,7.71
27.346667074163754,7.689
27.440000408887865,7.669
27.533333743611973,7.846
27.62666707833608,7.74
27.720000413060188,7.787
27.8133337477843,7.773
27.90666708250841,7.813
28.000000417232517,7.778
28.093333751956624,7.769
28.18666708668073,7.781
28.28000042140484,7.813
28.373333756128947,7.669
28.466667090853058,7.783
28.560000425577165,7.872
28.653333760301276,8.025
28.74666709502538,8.164
28.84000042974949,8.346
28.9333337644736,8.344
29.026667099197702,8.279
29.120000433921813,8.248
29.213333768645924,8.209
29.30666710337003,8.124
29.40000043809414,8.125
29.49333377281825,8.232
29.58666710754236,8.184
29.680000442266465,8.195
29.77333377699057,8.289
29.866667111714683,8.265
29.96000044643879,8.087
30.053333781162895,8.064
30.14666711588701,8.048
30.24000045061112,8.028
30.333333785335224,8.007
30.42666712005933,7.816
30.52000045478344,7.718
30.61333378950755,7.63
30.706667124231657,7.714
30.800000458955765,7.755
30.89333379367988,7.727
30.986667128403983,7.713
31.08000046312809,7.761
31.1733337978522,7.813
31.26666713257631,7.84
31.360000467300416,7.899
31.453333802024524,7.959
31.54666713674863,8.048
31.640000471472742,7.931
31.73333380619685,8.094
31.82666714092096,7.976
31.920000475645065,7.841
32.013333810369176,7.97
32.10666714509328,8.053
32.20000047981739,7.925
32.2933338145415,7.902
32.386667149265605,7.887
32.48000048398972,7.893
32.57333381871383,7.744
32.666667153437935,7.758
32.76000048816204,7.769
32.85333382288615,7.806
32.94666715761026,7.693
33.040000492334364,7.681
33.13333382705847,7.606
33.226667161782586,7.681
33.320000496506694,7.644
33.4133338312308,7.77
33.50666716595491,7.72
33.600000500679016,7.688
33.69333383540312,7.723
33.78666717012723,7.667
33.880000504851346,7.555
33.97333383957545,7.454
34.06666717429956,7.41
34.16000050902367,7.371
34.253333843747775,7.185
34.34666717847188,7.094
34.44000051319599,7.083
34.5333338479201,7.139
34.62666718264421,7.177
34.72000051736832,7.193
34.81333385209243,7.146
34.906667186816534,7.177
35.00000052154064,7.257
35.09333385626475,7.467
35.18666719098886,7.358
35.28000052571297,7.326
35.37333386043708,7.307
35.466667195161186,7.306
35.56000052988529,7.319
35.6533338646094,7.173
35.74666719933351,7.135
35.840000534057616,7.113
35.93333386878172,6.963
36.02666720350584,6.867
36.120000538229945,6.836
36.21333387295405,6.718
36.30666720767816,6.67
36.40000054240227,6.638
36.493333877126375,6.804
36.58666721185048,6.749
36.6800005465746,6.571
36.773333881298704,6.369
36.86666721602281,6.345
36.96000055074692,6.27
37.05333388547103,6.257
37.146667220195134,6.253
37.24000055491924,6.221
37.33333388964336,6.217
37.42666722436746,6.046
37.52000055909157,5.946
37.61333389381568,5.886
37.706667228539786,5.843
37.80000056326389,5.715
37.893333897988,5.755
37.98666723271211,5.621
38.08000056743622,5.566
38.17333390216033,5.591
38.26666723688444,5.48
38.36000057160855,5.351
38.45333390633265,5.39
38.54666724105676,5.438
38.64000057578087,5.404
38.73333391050498,5.378
38.82666724522909,5.202
38.9200005799532,4.944
39.0133339146773,4.899
39.10666724940141,4.83
39.20000058412552,4.685
39.293333918849626,4.677
39.38666725357373,4.743
39.48000058829785,4.588
39.57333392302196,4.504
39.66666725774606,4.458
39.76000059247017,4.399
39.85333392719428,4.282
39.94666726191839,4.285
40.04000059664249,4.287
40.13333393136661,4.104
40.22666726609072,3.939
40.32000060081482,3.958
40.41333393553893,3.901
40.50666727026304,3.742
40.60000060498714,3.67
40.69333393971125,3.692
40.78666727443536,3.817
40.880000609159474,3.759
40.97333394388358,3.585
41.06666727860769,3.439
41.1600006133318,3.527
41.253333948055904,3.461
41.34666728278001,3.347
41.44000061750412,3.434
41.53333395222823,3.4
41.62666728695234,3.322
41.72000062167645,3.299
41.81333395640056,3.164
41.90666729112466,2.894
42.00000062584877,2.827
42.09333396057288,2.867
42.186667295296985,2.829
42.2800006300211,2.644
42.37333396474521,2.561
42.466667299469314,2.54
42.56000063419342,2.513
42.65333396891753,2.503
42.74666730364164,2.453
42.840000638365744,2.535
42.93333397308986,2.475
43.026667307813966,2.402
43.12000064253807,2.429
43.21333397726218,2.338
43.30666731198629,2.219
43.4000006467104,2.231
43.4933339814345,2.214
43.58666731615861,2.089
43.680000650882725,2.128
43.77333398560683,2.08
43.86666732033094,2.051
43.96000065505505,2.133
44.05333398977916,2.411
44.14666732450326,2.423
44.24000065922737,2.385
44.33333399395149,2.385
44.42666732867559,2.168
44.5200006633997,2.124
44.61333399812381,2.154
44.70666733284792,2.3
44.80000066757202,2.228
44.89333400229613,2.07
44.98666733702024,2.124
45.08000067174435,1.928
45.17333400646846,1.852
45.266667341192566,1.882
45.36000067591667,1.838
45.45333401064078,1.697
45.54666734536489,1.654
45.640000680089,1.808
45.73333401481311,1.771
45.82666734953722,1.884
45.920000684261325,1.776
46.01333401898543,1.773
46.10666735370954,1.729
46.20000068843365,1.854
46.29333402315776,1.828
46.38666735788186,1.787
46.48000069260598,1.752
46.57333402733008,1.63
46.66666736205419,1.543
46.7600006967783,1.428
46.853334031502406,1.392
46.946667366226514,1.347
47.04000070095062,1.315
47.133334035674736,1.365
47.22666737039884,1.452
47.32000070512295,1.429
47.41333403984706,1.447
47.506667374571165,1.442
47.60000070929527,1.614
47.69333404401938,1.7
47.78666737874349,1.791
47.8800007134676,1.689
47.97333404819171,1.71
48.06666738291582,1.643
48.160000717639925,1.501
48.25333405236403,1.445
48.34666738708814,1.468
48.44000072181225,1.555
48.53333405653636,1.537
48.62666739126047,1.553
48.720000725984576,1.514
48.81333406070869,1.551
48.90666739543279,1.762
49.0000007301569,1.749
49.093334064881006,1.714
49.18666739960511,1.681
49.28000073432923,1.546
49.373334069053335,1.515
49.46666740377744,1.514
49.56000073850155,1.546
49.65333407322566,1.456
49.746667407949765,1.506
49.84000074267387,1.556
49.93333407739799,1.564
50.026667412122094,1.506
50.1200007468462,1.607
50.21333408157031,1.736
50.30666741629442,1.692
50.40000075101853,1.692
50.49333408574263,1.707
50.58666742046674,1.69
50.68000075519085,1.624
50.77333408991496,1.671
50.86666742463907,1.494
50.960000759363176,1.54
51.05333409408728,1.466
51.14666742881139,1.374
51.2400007635355,1.407
51.33333409825961,1.361
51.42666743298372,1.486
51.52000076770783,1.483
51.613334102431935,1.669
51.70666743715604,1.744
51.80000077188015,1.713
51.89333410660426,1.679
51.98666744132837,1.659
52.08000077605248,1.627
52.17333411077659,1.553
52.26666744550069,1.494
52.3600007802248,1.586
52.45333411494891,1.472
52.546667449673016,1.537
52.64000078439712,1.531
52.73333411912124,1.469
52.82666745384535,1.468
52.92000078856945,1.376
53.01333412329356,1.445
53.10666745801767,1.511
53.200000792741776,1.48
53.29333412746588,1.48
53.38666746219,1.585
53.480000796914105,1.422
53.57333413163821,1.299
53.66666746636232,1.276
53.76000080108643,1.27
53.853334135810535,1.306
53.94666747053464,1.664
54.04000080525875,1.678
54.133334139982864,1.6
54.22666747470697,1.489
54.32000080943108,1.457
54.41333414415519,1.459
54.506667478879294,1.447
54.6000008136034,1.466
54.69333414832751,1.65
54.78666748305162,1.522
54.88000081777573,1.535
54.97333415249984,1.442
55.066667487223945,1.449
55.16000082194805,1.479
55.25333415667216,1.552
55.34666749139627,1.594
55.440000826120375,1.635
55.53333416084449,1.571
55.6266674955686,1.481
55.72000083029271,1.325
55.81333416501681,1.363
55.90666749974092,1.338
56.00000083446503,1.41
56.093334169189134,1.303
56.18666750391325,1.382
56.28000083863736,1.329
56.37333417336146,1.431
56.46666750808557,1.404
56.56000084280968,1.411
56.653334177533786,1.374
56.74666751225789,1.39
56.840000846982,1.393
56.93333418170612,1.376
57.02666751643022,1.492
57.12000085115433,1.472
57.21333418587844,1.44
57.30666752060255,1.416
57.40000085532665,1.448
57.49333419005076,1.486
57.58666752477488,1.369
57.68000085949898,1.354
57.77333419422309,1.286
57.8666675289472,1.332
57.9600008636713,1.367
58.05333419839541,1.273
58.14666753311952,1.262
58.24000086784363,1.475
58.33333420256774,1.59
58.42666753729185,1.515
58.52000087201596,1.518
58.61333420674006,1.499
58.70666754146417,1.459
58.80000087618828,1.376
58.89333421091239,1.508
58.9866675456365,1.463
59.08000088036061,1.402
59.17333421508472,1.444
59.26666754980882,1.317
59.36000088453293,1.414
59.45333421925704,1.369
59.546667553981145,1.461
59.64000088870525,1.474
59.73333422342937,1.449
59.826667558153474,1.381
59.92000089287758,1.391
60.01333422760169,1.521
60.1066675623258,1.51
60.200000897049904,1.51
60.29333423177401,1.456
60.386667566498126,1.407
60.48000090122223,1.373
60.57333423594634,1.304
60.66666757067045,1.266
60.76000090539456,1.222
60.85333424011866,1.382
60.94666757484277,1.455
61.04000090956688,1.487
61.13333424429099,1.502
61.2266675790151,1.49
61.32000091373921,1.631
61.41333424846332,1.437
61.50666758318742,1.43
61.60000091791153,1.439
61.69333425263564,1.632
61.78666758735975,1.693
61.88000092208386,1.651
61.973334256807966,1.648
62.06666759153208,1.921
62.16000092625618,1.93
62.25333426098029,1.872
62.3466675957044,1.707
62.4400009304285,1.669
62.53333426515262,1.704
62.626667599876725,1.639
62.72000093460083,1.668
62.81333426932494,1.551
62.90666760404905,1.631
63.00000093877316,1.588
63.09333427349726,1.629
63.18666760822138,1.695
63.280000942945485,1.604
63.37333427766959,1.62
63.4666676123937,1.54
63.56000094711781,1.605
63.65333428184192,1.559
63.74666761656602,1.494
63.84000095129013,1.473
63.93333428601424,1.529
64.02666762073835,1.467
64.12000095546246,1.49
64.21333429018657,1.438
64.30666762491067,1.526
64.40000095963478,1.633
64.49333429435889,1.627
64.586667629083,1.69
64.6800009638071,1.586
64.77333429853121,1.667
64.86666763325532,1.733
64.96000096797944,1.674
65.05333430270355,1.557
65.14666763742765,1.645
65.24000097215176,1.663
65.33333430687587,1.629
65.42666764159998,1.583
65.52000097632408,1.557
65.61333431104819,1.585
65.7066676457723,1.523
65.8000009804964,1.478
65.89333431522051,1.52
65.98666764994462,1.619
66.08000098466873,1.518
66.17333431939284,1.514
66.26666765411694,1.534
66.36000098884107,1.538
66.45333432356517,1.669
66.54666765828928,1.667
66.64000099301339,1.535
66.7333343277375,1.573
66.8266676624616,1.599
66.92000099718571,1.487
67.01333433190982,1.459
67.10666766663392,1.426
67.20000100135803,1.32
67.29333433608214,1.298
67.38666767080625,1.327
67.48000100553035,1.299
67.57333434025446,1.322
67.66666767497857,1.328
67.76000100970269,1.346
67.8533343444268,1.331
67.9466676791509,1.38
68.04000101387501,1.465
68.13333434859912,1.526
68.22666768332323,1.547
68.32000101804734,1.507
68.41333435277144,1.442
68.50666768749555,1.496
68.60000102221966,1.457
68.69333435694377,1.578
68.78666769166787,1.611
68.88000102639198,1.626
68.97333436111609,1.667
69.0666676958402,1.62
69.16000103056432,1.649
69.25333436528842,1.587
69.34666770001253,1.525
69.44000103473664,1.549
69.53333436946075,1.618
69.62666770418485,1.649
69.72000103890896,1.659
69.81333437363307,1.662
69.90666770835718,1.601
70.00000104308128,1.669
70.09333437780539,1.714
70.1866677125295,1.69
70.2800010472536,1.689
70.37333438197771,1.641
70.46666771670182,1.554
70.56000105142594,1.547
70.65333438615005,1.556
70.74666772087416,1.525
70.84000105559826,1.553
70.93333439032237,1.676
71.02666772504648,1.778
71.12000105977059,1.667
71.2133343944947,1.676
71.3066677292188,1.632
71.40000106394291,1.479
71.49333439866702,1.497
71.58666773339112,1.462
71.68000106811523,1.494
71.77333440283934,1.437
71.86666773756345,1.427
71.96000107228757,1.472
72.05333440701168,1.45
72.14666774173578,1.624
72.24000107645989,1.601
72.333334411184,1.576
72.4266677459081,1.58
72.52000108063221,1.594
72.61333441535632,1.514
72.70666775008043,1.492
72.80000108480453,1.391
72.89333441952864,1.257
72.98666775425275,1.282
73.08000108897686,1.376
73.17333442370096,1.441
73.26666775842509,1.415
73.3600010931492,1.514
73.4533344278733,1.45
73.54666776259741,1.485
73.64000109732152,1.514
73.73333443204562,1.626
73.82666776676973,1.681
73.92000110149384,1.518
74.01333443621795,1.545
74.10666777094205,1.519
74.20000110566616,1.423
74.29333444039027,1.409
74.38666777511438,1.445
74.48000110983848,1.483
74.57333444456259,1.581
74.66666777928671,1.493
74.76000111401082,1.453
74.85333444873493,1.436
74.94666778345903,1.354
75.04000111818314,1.444
75.13333445290725,1.451
75.22666778763136,1.485
75.32000112235546,1.479
75.41333445707957,1.584
75.50666779180368,1.534
75.60000112652779,1.62
75.6933344612519,1.619
75.786667795976,1.564
75.88000113070011,1.531
75.97333446542422,1.674
76.06666780014834,1.699
76.16000113487245,1.739
76.25333446959655,1.606
76.34666780432066,1.698
76.44000113904477,1.6
76.53333447376887,1.594
76.62666780849298,1.6
76.72000114321709,1.559
76.8133344779412,1.515
76.9066678126653,1.66
77.00000114738941,1.692
77.09333448211352,1.814
77.18666781683763,1.913
77.28000115156173,1.954
77.37333448628584,1.795
77.46666782100996,1.889
77.56000115573407,1.769
77.65333449045818,1.664
77.74666782518229,1.767
77.8400011599064,1.75
77.9333344946305,1.713
78.02666782935461,1.783
78.12000116407872,1.835
78.21333449880282,1.781
78.30666783352693,1.632
78.40000116825104,1.604
78.49333450297515,1.621
78.58666783769925,1.708
78.68000117242336,1.812
78.77333450714747,1.821
78.86666784187159,1.763
78.9600011765957,1.805
79.0533345113198,1.689
79.14666784604391,1.632
79.24000118076802,1.606
79.33333451549213,1.619
79.42666785021623,1.587
79.52000118494034,1.533
79.61333451966445,1.41
79.70666785438856,1.432
79.80000118911266,1.464
79.89333452383677,1.466
79.98666785856088,1.538
80.08000119328499,1.569
80.1733345280091,1.642
80.26666786273321,1.623
80.36000119745732,1.623
80.45333453218143,1.663
80.54666786690554,1.675
80.64000120162964,1.718
80.73333453635375,1.688
80.82666787107786,1.672
80.92000120580197,1.62
81.01333454052607,1.578
81.10666787525018,1.498
81.20000120997429,1.535
81.2933345446984,1.569
81.3866678794225,1.614
81.48000121414661,1.684
81.57333454887072,1.583
81.66666788359484,1.627
81.76000121831895,1.614
81.85333455304306,1.643
81.94666788776716,1.514
82.04000122249127,1.615
82.13333455721538,1.507
82.22666789193948,1.483
82.32000122666359,1.547
82.4133345613877,1.516
82.50666789611181,1.468
82.60000123083591,1.484
82.69333456556002,1.666
82.78666790028413,1.711
82.88000123500824,1.77
82.97333456973234,1.792
83.06666790445647,1.869
83.16000123918057,1.815
83.25333457390468,1.8
83.34666790862879,1.667
83.4400012433529,1.561
83.533334578077,1.465
83.62666791280111,1.443
83.72000124752522,1.426
83.81333458224933,1.373
83.90666791697343,1.27
84.00000125169754,1.268
84.09333458642165,1.29
84.18666792114576,1.358
84.28000125586986,1.474
84.37333459059397,1.462
84.46666792531809,1.438
84.5600012600422,1.351
84.6533345947663,1.41
84.74666792949041,1.453
84.84000126421452,1.448
84.93333459893863,1.471
85.02666793366274,1.532
85.12000126838684,1.555
85.21333460311095,1.451
85.30666793783506,1.6
85.40000127255917,1.547
85.49333460728327,1.483
85.58666794200738,1.417
85.68000127673149,1.482
85.7733346114556,1.523
85.86666794617972,1.427
85.96000128090382,1.447
86.05333461562793,1.419
86.14666795035204,1.535
86.24000128507615,1.537
86.33333461980025,1.505
86.42666795452436,1.47
86.52000128924847,1.641
86.61333462397258,1.62
86.70666795869668,1.526
86.80000129342079,1.606
86.8933346281449,1.842
86.986667962869,1.895
87.08000129759311,1.726
87.17333463231722,1.749
87.26666796704134,1.63
87.36000130176545,1.496
87.45333463648956,1.505
87.54666797121367,1.544
87.64000130593777,1.452
87.73333464066188,1.523
87.82666797538599,1.568
87.9200013101101,1.659
88.0133346448342,1.651
88.10666797955831,1.624
88.20000131428242,1.692
88.29333464900652,1.763
88.38666798373063,1.71
88.48000131845474,1.779
88.57333465317885,1.817
88.66666798790297,1.748
88.76000132262708,1.612
88.85333465735118,1.537
88.94666799207529,1.49
89.0400013267994,1.369
89.1333346615235,1.48
89.22666799624761,1.489
89.32000133097172,1.398
89.41333466569583,1.456
89.50666800041994,1.611
89.60000133514404,1.706
89.69333466986815,1.694
