time_min,absorb_mau
0.0,0.011
0.0066666667660077,0.014
0.0133333335320155,0.018
0.0200000002980232,0.028
0.026666667064031,0.041
0.0333333338300387,0.053
0.0400000005960465,0.043
0.0466666673620542,0.035
0.0533333341280619,0.028
0.0600000008940697,0.021
0.0666666676600774,0.015
0.0733333344260852,0.019
0.0800000011920929,0.023
0.0866666679581006,0.023
0.0933333347241084,0.022
0.100000001490116,0.02
0.106666668256124,0.012
0.113333335022132,0.003
0.120000001788139,0.0
0.126666668554147,0.012
0.133333335320155,0.023
0.140000002086163,0.024
0.14666666885217,0.026
0.153333335618178,0.02
0.160000002384186,0.005
0.166666669150194,-0.01
0.173333335916201,-0.016
0.180000002682209,-0.02
0.186666669448217,-0.027
0.193333336214224,-0.034
0.200000002980232,-0.042
0.20666666974624,-0.05
0.213333336512248,-0.058
0.220000003278255,-0.062
0.226666670044263,-0.051
0.233333336810271,-0.041
0.240000003576279,-0.037
0.246666670342286,-0.032
0.253333337108294,-0.027
0.260000003874302,-0.02
0.26666667064031,-0.014
0.273333337406317,-0.009
0.280000004172325,-0.003
0.286666670938333,0.008
0.293333337704341,0.036
0.300000004470348,0.063
0.306666671236356,0.075
0.313333338002364,0.08
0.320000004768372,0.088
0.326666671534379,0.109
0.333333338300387,0.131
0.340000005066395,0.147
0.346666671832403,0.158
0.35333333859841,0.171
0.360000005364418,0.186
0.366666672130426,0.202
0.373333338896433,0.206
0.380000005662441,0.2
0.386666672428449,0.194
0.393333339194457,0.204
0.400000005960465,0.214
0.406666672726472,0.216
0.41333333949248,0.208
0.420000006258488,0.204
0.426666673024495,0.215
0.433333339790503,0.228
0.440000006556511,0.235
0.446666673322519,0.236
0.453333340088526,0.236
0.460000006854534,0.231
0.466666673620542,0.227
0.47333334038655,0.222
0.480000007152557,0.218
0.486666673918565,0.213
0.493333340684573,0.214
0.500000007450581,0.216
0.506666674216588,0.214
0.513333340982596,0.203
0.520000007748604,0.192
0.526666674514612,0.186
0.533333341280619,0.182
0.540000008046627,0.187
0.546666674812635,0.206
0.553333341578643,0.226
0.56000000834465,0.254
0.566666675110658,0.283
0.573333341876666,0.339
0.580000008642674,0.451
0.586666675408681,0.563
0.593333342174689,0.765
0.600000008940697,0.986
0.606666675706705,1.267
0.613333342472712,1.692
0.62000000923872,2.117
0.626666676004728,2.801
0.633333342770735,3.557
0.640000009536743,4.442
0.646666676302751,5.739
0.653333343068759,7.028
0.660000009834766,8.806
0.666666676600774,10.749
0.673333343366782,12.893
0.68000001013279,15.804
0.686666676898797,18.705
0.693333343664805,22.517
0.700000010430813,26.714
0.706666677196821,31.177
0.713333343962828,36.937
0.720000010728836,42.67
0.726666677494844,49.623
0.733333344260852,57.155
0.740000011026859,64.928
0.746666677792867,74.385
0.753333344558875,83.77
0.760000011324882,94.308
0.76666667809089,105.373
0.773333344856898,116.571
0.780000011622906,129.176
0.786666678388913,141.584
0.793333345154921,154.952
0.800000011920929,168.538
0.806666678686937,182.132
0.813333345452944,196.656
0.820000012218952,210.769
0.82666667898496,225.378
0.833333345750968,239.531
0.840000012516975,253.701
0.846666679282983,268.107
0.853333346048991,282.018
0.860000012814999,296.082
0.866666679581006,309.111
0.873333346347014,322.161
0.880000013113022,334.36
0.88666667987903,345.868
0.893333346645037,357.253
0.900000013411045,367.005
0.906666680177053,376.781
0.913333346943061,385.077
0.920000013709068,392.567
0.926666680475076,399.723
0.933333347241084,404.783
0.940000014007092,409.858
0.946666680773099,413.423
0.953333347539107,416.177
0.960000014305115,418.585
0.966666681071123,419.032
0.97333334783713,419.496
0.980000014603138,418.484
0.986666681369146,416.715
0.993333348135153,414.638
1.00000001490116,411.159
1.00666668166717,407.692
1.01333334843318,403.153
1.02000001519918,398.135
1.02666668196519,392.839
1.0333333487312,386.447
1.04000001549721,380.075
1.04666668226322,372.882
1.05333334902922,365.454
1.06000001579523,357.808
1.06666668256124,349.554
1.07333334932725,341.368
1.08000001609325,332.684
1.08666668285926,324.059
1.09333334962527,315.314
1.10000001639128,306.251
1.10666668315729,297.347
1.11333334992329,288.137
1.1200000166893,279.221
1.12666668345531,270.264
1.13333335022132,261.281
1.14000001698732,252.572
1.14666668375333,243.706
1.15333335051934,235.351
1.16000001728535,226.99
1.16666668405135,218.648
1.17333335081736,210.625
1.18000001758337,202.496
1.18666668434938,194.959
1.19333335111539,187.41
1.20000001788139,180.032
1.2066666846474,172.991
1.21333335141341,165.851
1.22000001817942,159.307
1.22666668494542,152.752
1.23333335171143,146.429
1.24000001847744,140.441
1.24666668524345,134.378
1.25333335200946,128.912
1.26000001877546,123.441
1.26666668554147,118.117
1.27333335230748,113.095
1.28000001907349,107.994
1.28666668583949,103.419
1.2933333526055,98.842
1.30000001937151,94.447
1.30666668613752,90.36
1.31333335290353,86.19
1.32000001966953,82.445
1.32666668643554,78.697
1.33333335320155,75.039
1.34000001996756,71.639
1.34666668673356,68.176
1.35333335349957,65.19
1.36000002026558,62.204
1.36666668703159,59.316
1.37333335379759,56.671
1.3800000205636,53.97
1.38666668732961,51.546
1.39333335409562,49.141
1.40000002086163,46.798
1.40666668762763,44.661
1.41333335439364,42.493
1.42000002115965,40.581
1.42666668792566,38.713
1.43333335469166,36.861
1.44000002145767,35.146
1.44666668822368,33.42
1.45333335498969,31.755
1.4600000217557,30.217
1.4666666885217,28.727
1.47333335528771,27.391
1.48000002205372,26.122
1.48666668881973,24.815
1.49333335558573,23.627
1.50000002235174,22.465
1.50666668911775,21.432
1.51333335588376,20.399
1.52000002264977,19.491
1.52666668941577,18.583
1.53333335618178,17.635
1.54000002294779,16.832
1.5466666897138,16.026
1.5533333564798,15.314
1.56000002324581,14.605
1.56666669001182,13.862
1.57333335677783,13.238
1.58000002354383,12.612
1.58666669030984,12.046
1.59333335707585,11.486
1.60000002384186,10.92
1.60666669060787,10.395
1.61333335737387,9.894
1.62000002413988,9.452
1.62666669090589,9.023
1.6333333576719,8.59
1.6400000244379,8.182
1.64666669120391,7.794
1.65333335796992,7.438
1.66000002473593,7.09
1.66666669150194,6.739
1.67333335826794,6.427
1.68000002503395,6.131
1.68666669179996,5.839
1.69333335856597,5.566
1.70000002533197,5.293
1.70666669209798,5.065
1.71333335886399,4.837
1.72000002563,4.614
1.72666669239601,4.408
1.73333335916201,4.2
1.74000002592802,4.035
1.74666669269403,3.872
1.75333335946004,3.711
1.76000002622604,3.562
1.76666669299205,3.411
1.77333335975806,3.295
1.78000002652407,3.182
1.78666669329007,3.064
1.79333336005608,2.949
1.80000002682209,2.832
1.8066666935881,2.728
1.81333336035411,2.628
1.82000002712011,2.527
1.82666669388612,2.433
1.83333336065213,2.339
1.84000002741814,2.254
1.84666669418414,2.172
1.85333336095015,2.091
1.86000002771616,2.022
1.86666669448217,1.951
1.87333336124818,1.879
1.88000002801418,1.811
1.88666669478019,1.745
1.8933333615462,1.692
1.90000002831221,1.637
1.90666669507821,1.584
1.91333336184422,1.535
1.92000002861023,1.477
1.92666669537624,1.419
1.93333336214225,1.359
1.94000002890825,1.307
1.94666669567426,1.257
1.95333336244027,1.206
1.96000002920628,1.166
1.96666669597228,1.125
1.97333336273829,1.086
1.9800000295043,1.049
1.98666669627031,1.014
1.99333336303631,0.99
2.00000002980232,0.965
2.00666669656833,0.95
2.01333336333434,0.943
2.02000003010035,0.934
2.02666669686635,0.914
2.03333336363236,0.895
2.04000003039837,0.886
2.04666669716438,0.883
2.05333336393038,0.881
2.06000003069639,0.877
2.0666666974624,0.873
2.07333336422841,0.86
2.08000003099442,0.841
2.08666669776042,0.819
2.09333336452643,0.785
2.10000003129244,0.75
2.10666669805845,0.73
2.11333336482445,0.721
2.12000003159046,0.713
2.12666669835647,0.702
2.13333336512248,0.692
2.14000003188848,0.681
2.14666669865449,0.669
2.1533333654205,0.655
2.16000003218651,0.648
2.16666669895252,0.641
2.17333336571852,0.638
2.18000003248453,0.646
2.18666669925054,0.653
2.19333336601655,0.646
2.20000003278255,0.636
2.20666669954856,0.626
2.21333336631457,0.613
2.22000003308058,0.6
2.22666669984659,0.586
2.23333336661259,0.572
2.2400000333786,0.56
2.24666670014461,0.55
2.25333336691062,0.541
2.26000003367662,0.54
2.26666670044263,0.54
2.27333336720864,0.541
2.28000003397465,0.546
2.28666670074066,0.551
2.29333336750666,0.558
2.30000003427267,0.566
2.30666670103868,0.568
2.31333336780469,0.56
2.32000003457069,0.552
2.3266667013367,0.537
2.33333336810271,0.522
2.34000003486872,0.51
2.34666670163472,0.504
2.35333336840073,0.497
2.36000003516674,0.493
2.36666670193275,0.489
2.37333336869876,0.485
2.38000003546476,0.479
2.38666670223077,0.474
2.39333336899678,0.479
2.40000003576279,0.494
2.40666670252879,0.507
2.4133333692948,0.527
2.42000003606081,0.547
2.42666670282682,0.555
2.43333336959283,0.555
2.44000003635883,0.553
2.44666670312484,0.537
2.45333336989085,0.521
2.46000003665686,0.508
2.46666670342286,0.495
2.47333337018887,0.483
2.48000003695488,0.456
2.48666670372089,0.43
2.4933333704869,0.407
2.5000000372529,0.391
2.50666670401891,0.374
2.51333337078492,0.361
2.52000003755093,0.349
2.52666670431693,0.34
2.53333337108294,0.337
2.54000003784895,0.333
2.54666670461496,0.322
2.55333337138096,0.309
2.56000003814697,0.303
2.56666670491298,0.312
2.57333337167899,0.32
2.580000038445,0.326
2.586666705211,0.33
2.59333337197701,0.334
2.60000003874302,0.337
2.60666670550903,0.34
2.61333337227503,0.327
2.62000003904104,0.311
2.62666670580705,0.298
2.63333337257306,0.296
2.64000003933907,0.293
2.64666670610507,0.28
2.65333337287108,0.263
2.66000003963709,0.249
2.6666667064031,0.24
2.6733333731691,0.232
2.68000003993511,0.222
2.68666670670112,0.211
2.69333337346713,0.201
2.70000004023314,0.215
2.70666670699914,0.228
2.71333337376515,0.228
2.72000004053116,0.221
2.72666670729717,0.213
2.73333337406317,0.219
2.74000004082918,0.222
2.74666670759519,0.216
2.7533333743612,0.202
2.7600000411272,0.189
2.76666670789321,0.194
2.77333337465922,0.198
2.78000004142523,0.201
2.78666670819124,0.202
2.79333337495724,0.204
2.80000004172325,0.223
2.80666670848926,0.243
2.81333337525527,0.248
2.82000004202127,0.238
2.82666670878728,0.229
2.83333337555329,0.241
2.8400000423193,0.255
2.84666670908531,0.264
2.85333337585131,0.266
2.86000004261732,0.267
2.86666670938333,0.265
2.87333337614934,0.263
2.88000004291534,0.254
2.88666670968135,0.237
2.89333337644736,0.218
2.90000004321337,0.234
2.90666670997938,0.256
2.91333337674538,0.277
2.92000004351139,0.279
2.9266667102774,0.285
2.93333337704341,0.278
2.94000004380941,0.271
2.94666671057542,0.265
2.95333337734143,0.259
2.96000004410744,0.254
2.96666671087344,0.251
2.97333337763945,0.25
2.98000004440546,0.246
2.98666671117147,0.223
2.99333337793748,0.202
3.00000004470348,0.186
3.00666671146949,0.171
3.0133333782355,0.156
3.02000004500151,0.153
3.02666671176751,0.15
3.03333337853352,0.145
3.04000004529953,0.14
3.04666671206554,0.135
3.05333337883155,0.137
3.06000004559755,0.138
3.06666671236356,0.128
3.07333337912957,0.114
3.08000004589558,0.103
3.08666671266158,0.103
3.09333337942759,0.104
3.1000000461936,0.103
3.10666671295961,0.101
3.11333337972562,0.099
3.12000004649162,0.108
3.12666671325763,0.117
3.13333338002364,0.122
3.14000004678965,0.126
3.14666671355565,0.129
3.15333338032166,0.154
3.16000004708767,0.179
3.16666671385368,0.194
3.17333338061968,0.197
3.18000004738569,0.199
3.1866667141517,0.2
3.19333338091771,0.202
3.20000004768372,0.206
3.20666671444972,0.209
3.21333338121573,0.212
3.22000004798174,0.208
3.22666671474775,0.204
3.23333338151375,0.196
3.24000004827976,0.182
3.24666671504577,0.169
3.25333338181178,0.156
3.26000004857779,0.144
3.26666671534379,0.135
3.2733333821098,0.133
3.28000004887581,0.13
3.28666671564182,0.126
3.29333338240782,0.119
3.30000004917383,0.114
3.30666671593984,0.121
3.31333338270585,0.127
3.32000004947186,0.131
3.32666671623786,0.137
3.33333338300387,0.144
3.34000004976988,0.161
3.34666671653589,0.177
3.35333338330189,0.178
3.3600000500679,0.172
3.36666671683391,0.167
3.37333338359992,0.172
3.38000005036592,0.176
3.38666671713193,0.165
3.39333338389794,0.147
3.40000005066395,0.133
3.40666671742996,0.142
3.41333338419596,0.15
3.42000005096197,0.144
3.42666671772798,0.129
3.43333338449399,0.117
3.44000005125999,0.131
3.446666718026,0.145
3.45333338479201,0.161
3.46000005155802,0.175
3.46666671832403,0.189
3.47333338509003,0.2
3.48000005185604,0.212
3.48666671862205,0.211
3.49333338538806,0.194
3.50000005215406,0.179
3.50666671892007,0.183
3.51333338568608,0.189
3.52000005245209,0.19
3.5266667192181,0.184
3.5333333859841,0.177
3.54000005275011,0.159
3.54666671951612,0.139
3.55333338628213,0.118
3.56000005304813,0.109
3.56666671981414,0.098
3.57333338658015,0.101
3.58000005334616,0.106
3.58666672011217,0.106
3.59333338687817,0.098
3.60000005364418,0.089
3.60666672041019,0.085
3.6133333871762,0.081
3.6200000539422,0.072
3.62666672070821,0.057
3.63333338747422,0.042
3.64000005424023,0.048
3.64666672100623,0.058
3.65333338777224,0.062
3.66000005453825,0.063
3.66666672130426,0.061
3.67333338807027,0.055
3.68000005483627,0.049
3.68666672160228,0.049
3.69333338836829,0.055
3.7000000551343,0.062
3.7066667219003,0.068
3.71333338866631,0.077
3.72000005543232,0.087
3.72666672219833,0.094
3.73333338896434,0.1
3.74000005573034,0.099
3.74666672249635,0.096
3.75333338926236,0.093
3.76000005602837,0.106
3.76666672279437,0.119
3.77333338956038,0.114
3.78000005632639,0.096
3.7866667230924,0.076
3.7933333898584,0.072
3.80000005662441,0.065
3.80666672339042,0.055
3.81333339015643,0.04
3.82000005692244,0.024
3.82666672368844,0.022
3.83333339045445,0.02
3.84000005722046,0.022
3.84666672398647,0.024
3.85333339075247,0.025
3.86000005751848,0.036
3.86666672428449,0.048
3.8733333910505,0.062
3.88000005781651,0.074
3.88666672458251,0.086
3.89333339134852,0.084
3.90000005811453,0.082
3.90666672488054,0.083
3.91333339164654,0.091
3.92000005841255,0.098
3.92666672517856,0.103
3.93333339194457,0.106
3.94000005871057,0.112
3.94666672547658,0.126
3.95333339224259,0.14
3.9600000590086,0.145
3.96666672577461,0.147
3.97333339254061,0.152
3.98000005930662,0.167
3.98666672607263,0.182
3.99333339283864,0.192
4.00000005960465,0.199
4.00666672637065,0.203
4.01333339313666,0.201
4.02000005990267,0.198
4.02666672666868,0.199
4.03333339343468,0.198
4.04000006020069,0.196
4.0466667269667,0.195
4.05333339373271,0.193
4.06000006049872,0.192
4.06666672726472,0.19
4.07333339403073,0.187
4.08000006079674,0.19
4.08666672756275,0.191
4.09333339432875,0.187
4.10000006109476,0.182
4.10666672786077,0.178
4.11333339462678,0.172
4.12000006139278,0.165
4.12666672815879,0.161
4.1333333949248,0.162
4.14000006169081,0.16
4.14666672845682,0.152
4.15333339522282,0.142
4.16000006198883,0.135
4.16666672875484,0.129
4.17333339552085,0.123
4.18000006228685,0.116
4.18666672905286,0.111
4.19333339581887,0.11
4.20000006258488,0.112
4.20666672935089,0.113
4.21333339611689,0.095
4.2200000628829,0.078
4.22666672964891,0.065
4.23333339641492,0.062
4.24000006318092,0.057
4.24666672994693,0.048
4.25333339671294,0.038
4.26000006347895,0.028
4.26666673024495,0.021
4.27333339701096,0.015
4.28000006377697,0.007
4.28666673054298,-0.003
4.29333339730899,-0.014
4.30000006407499,-0.017
4.306666730841,-0.02
4.31333339760701,-0.02
4.32000006437302,-0.02
4.32666673113902,-0.02
4.33333339790503,-0.026
4.34000006467104,-0.031
4.34666673143705,-0.032
4.35333339820306,-0.031
4.36000006496906,-0.03
4.36666673173507,-0.035
4.37333339850108,-0.041
4.38000006526709,-0.038
4.38666673203309,-0.03
4.3933333987991,-0.021
4.40000006556511,-0.027
4.40666673233112,-0.029
4.41333339909713,-0.033
4.42000006586313,-0.035
4.42666673262914,-0.041
4.43333339939515,-0.056
4.44000006616116,-0.071
4.44666673292716,-0.093
4.45333339969317,-0.118
4.46000006645918,-0.139
4.46666673322519,-0.144
4.47333339999119,-0.15
4.4800000667572,-0.163
4.48666673352321,-0.18
4.49333340028922,-0.196
4.50000006705523,-0.208
4.50666673382123,-0.219
4.51333340058724,-0.216
4.52000006735325,-0.198
4.52666673411926,-0.18
4.53333340088526,-0.147
4.54000006765127,-0.113
4.54666673441728,-0.096
4.55333340118329,-0.1
4.5600000679493,-0.104
4.5666667347153,-0.082
4.57333340148131,-0.057
4.58000006824732,-0.037
4.58666673501333,-0.023
4.59333340177933,-0.009
4.60000006854534,-0.011
4.60666673531135,-0.016
4.61333340207736,-0.019
4.62000006884337,-0.023
4.62666673560937,-0.027
4.63333340237538,-0.027
4.64000006914139,-0.023
4.6466667359074,-0.022
4.6533334026734,-0.032
4.66000006943941,-0.042
4.66666673620542,-0.043
4.67333340297143,-0.041
4.68000006973743,-0.042
4.68666673650344,-0.047
4.69333340326945,-0.053
4.70000007003546,-0.063
4.70666673680147,-0.076
4.71333340356747,-0.088
4.72000007033348,-0.083
4.72666673709949,-0.081
4.7333334038655,-0.082
4.7400000706315,-0.083
4.74666673739751,-0.081
4.75333340416352,-0.082
4.76000007092953,-0.08
4.76666673769554,-0.068
4.77333340446154,-0.049
4.78000007122755,-0.034
4.78666673799356,-0.039
4.79333340475957,-0.042
4.80000007152557,-0.049
4.80666673829158,-0.06
4.81333340505759,-0.071
4.8200000718236,-0.082
4.82666673858961,-0.092
4.83333340535561,-0.103
4.84000007212162,-0.116
4.84666673888763,-0.128
4.85333340565364,-0.139
4.86000007241964,-0.151
4.86666673918565,-0.157
4.87333340595166,-0.151
4.88000007271767,-0.147
4.88666673948367,-0.143
4.89333340624968,-0.139
4.90000007301569,-0.129
4.9066667397817,-0.113
4.91333340654771,-0.096
4.92000007331371,-0.084
4.92666674007972,-0.071
4.93333340684573,-0.059
4.94000007361174,-0.052
4.94666674037774,-0.044
4.95333340714375,-0.035
4.96000007390976,-0.026
4.96666674067577,-0.017
4.97333340744178,-0.007
4.98000007420778,0.002
4.98666674097379,0.001
4.9933334077398,-0.002
5.00000007450581,-0.004
5.00666674127181,-0.002
5.01333340803782,0.0
5.02000007480383,0.0
5.02666674156984,0.0
5.03333340833585,-0.004
5.04000007510185,-0.018
5.04666674186786,-0.031
5.05333340863387,-0.043
5.06000007539988,-0.054
5.06666674216588,-0.065
5.07333340893189,-0.067
5.0800000756979,-0.071
5.08666674246391,-0.079
5.09333340922991,-0.089
5.10000007599592,-0.099
5.10666674276193,-0.111
5.11333340952794,-0.122
5.12000007629395,-0.115
5.12666674305995,-0.095
5.13333340982596,-0.08
5.14000007659197,-0.085
5.14666674335798,-0.092
5.15333341012398,-0.09
5.16000007688999,-0.085
5.166666743656,-0.081
5.17333341042201,-0.079
5.18000007718802,-0.076
5.18666674395402,-0.081
5.19333341072003,-0.091
5.20000007748604,-0.103
5.20666674425205,-0.143
5.21333341101805,-0.186
5.22000007778406,-0.2
5.22666674455007,-0.182
5.23333341131608,-0.165
5.24000007808209,-0.165
5.24666674484809,-0.168
5.2533334116141,-0.172
5.26000007838011,-0.173
5.26666674514612,-0.176
5.27333341191212,-0.17
5.28000007867813,-0.163
5.28666674544414,-0.153
5.29333341221015,-0.138
5.30000007897615,-0.121
5.30666674574216,-0.12
5.31333341250817,-0.127
5.32000007927418,-0.129
5.32666674604019,-0.116
5.33333341280619,-0.104
5.3400000795722,-0.09
5.34666674633821,-0.075
5.35333341310422,-0.059
5.36000007987022,-0.039
5.36666674663623,-0.02
5.37333341340224,0.006
5.38000008016825,0.036
5.38666674693426,0.063
5.39333341370026,0.069
5.40000008046627,0.075
5.40666674723228,0.066
5.41333341399829,0.05
5.42000008076429,0.036
5.4266667475303,0.026
5.43333341429631,0.016
5.44000008106232,0.0
5.44666674782833,-0.02
5.45333341459433,-0.04
5.46000008136034,-0.068
5.46666674812635,-0.096
5.47333341489236,-0.123
5.48000008165836,-0.147
5.48666674842437,-0.168
5.49333341519038,-0.162
5.50000008195639,-0.156
5.50666674872239,-0.157
5.5133334154884,-0.164
5.52000008225441,-0.172
5.52666674902042,-0.185
5.53333341578643,-0.197
5.54000008255243,-0.209
5.54666674931844,-0.22
5.55333341608445,-0.23
5.56000008285046,-0.233
5.56666674961646,-0.234
5.57333341638247,-0.237
5.58000008314848,-0.248
5.58666674991449,-0.257
5.5933334166805,-0.277
5.6000000834465,-0.294
5.60666675021251,-0.297
5.61333341697852,-0.286
5.62000008374453,-0.273
5.62666675051053,-0.259
5.63333341727654,-0.244
5.64000008404255,-0.234
5.64666675080856,-0.231
5.65333341757457,-0.228
5.66000008434057,-0.232
5.66666675110658,-0.238
5.67333341787259,-0.237
5.6800000846386,-0.219
5.6866667514046,-0.201
5.69333341817061,-0.201
5.70000008493662,-0.207
5.70666675170263,-0.214
5.71333341846863,-0.223
5.72000008523464,-0.231
5.72666675200065,-0.23
5.73333341876666,-0.225
5.74000008553267,-0.219
5.74666675229867,-0.215
5.75333341906468,-0.21
5.76000008583069,-0.208
5.7666667525967,-0.209
5.7733334193627,-0.21
5.78000008612871,-0.212
5.78666675289472,-0.213
5.79333341966073,-0.202
5.80000008642674,-0.186
5.80666675319274,-0.174
5.81333341995875,-0.179
5.82000008672476,-0.184
5.82666675349077,-0.194
5.83333342025677,-0.206
5.84000008702278,-0.219
5.84666675378879,-0.233
5.8533334205548,-0.249
5.86000008732081,-0.248
5.86666675408681,-0.235
5.87333342085282,-0.223
5.88000008761883,-0.221
5.88666675438484,-0.22
5.89333342115084,-0.216
5.90000008791685,-0.205
5.90666675468286,-0.193
5.91333342144887,-0.171
5.92000008821487,-0.147
5.92666675498088,-0.122
5.93333342174689,-0.095
5.9400000885129,-0.069
5.94666675527891,-0.061
5.95333342204491,-0.057
5.96000008881092,-0.051
5.96666675557693,-0.047
5.97333342234294,-0.043
5.98000008910894,-0.038
5.98666675587495,-0.031
5.99333342264096,-0.027
6.00000008940697,-0.03
