time_min,absorb_mau
0.0,0.0
0.0100000001490116,0.0
0.0200000002980232,0.0
0.0300000004470348,0.006
0.0400000005960464,0.014
0.050000000745058,0.025
0.0600000008940696,0.039
0.0700000010430812,0.054
0.0800000011920929,0.052
0.0900000013411045,0.051
0.1000000014901161,0.05
0.1100000016391277,0.054
0.1200000017881393,0.06
0.1300000019371509,0.052
0.1400000020861625,0.045
0.1500000022351741,0.035
0.1600000023841858,0.038
0.1700000025331974,0.053
0.180000002682209,0.048
0.1900000028312206,0.04
0.2000000029802322,0.028
0.2100000031292438,0.026
0.2200000032782554,0.037
0.2300000034272671,0.044
0.2400000035762786,0.05
0.2500000037252903,0.053
0.2600000038743019,0.053
0.2700000040233135,0.054
0.2800000041723251,0.056
0.2900000043213367,0.059
0.3000000044703483,0.053
0.31000000461936,0.045
0.3200000047683716,0.033
0.3300000049173832,0.022
0.3400000050663948,0.011
0.3500000052154064,0.033
0.360000005364418,0.054
0.3700000055134296,0.068
0.3800000056624412,0.072
0.3900000058114529,0.07
0.4000000059604645,0.083
0.4100000061094761,0.095
0.4200000062584877,0.107
0.4300000064074993,0.119
0.4400000065565109,0.13
0.4500000067055225,0.151
0.4600000068545342,0.174
0.4700000070035457,0.192
0.4800000071525573,0.209
0.490000007301569,0.221
0.5000000074505806,0.226
0.5100000075995922,0.229
0.5200000077486039,0.219
0.5300000078976155,0.209
0.5400000080466271,0.196
0.5500000081956387,0.176
0.5600000083446502,0.163
0.570000008493662,0.17
0.5800000086426735,0.199
0.5900000087916851,0.257
0.6000000089406967,0.359
0.6100000090897083,0.487
0.62000000923872,0.715
0.6300000093877316,1.017
0.6400000095367432,1.451
0.6500000096857548,2.079
0.6600000098347664,2.762
0.6700000099837781,3.89
0.6800000101327897,5.207
0.6900000102818012,6.875
0.7000000104308128,9.075
0.7100000105798244,11.405
0.7200000107288361,14.859
0.7300000108778477,18.614
0.7400000110268593,22.944
0.7500000111758709,28.45
0.7600000113248825,34.198
0.7700000114738942,41.292
0.7800000116229058,48.87
0.7900000117719174,57.375
0.800000011920929,66.388
0.8100000120699405,76.382
0.8200000122189522,87.165
0.8300000123679638,98.261
0.8400000125169754,109.392
0.850000012665987,121.541
0.8600000128149986,133.09
0.8700000129640103,144.614
0.8800000131130219,155.65
0.8900000132620335,166.799
0.9000000134110451,177.025
0.9100000135600568,187.086
0.9200000137090684,195.841
0.93000001385808,204.047
0.9400000140070917,210.497
0.9500000141561032,216.752
0.9600000143051148,221.495
0.9700000144541264,224.798
0.980000014603138,227.267
0.9900000147521496,227.943
1.0000000149011612,227.876
1.010000015050173,226.585
1.0200000151991844,224.202
1.030000015348196,221.265
1.0400000154972078,216.974
1.0500000156462193,212.284
1.060000015795231,206.963
1.0700000159442424,200.912
1.080000016093254,194.603
1.0900000162422658,187.404
1.100000016391277,180.002
1.110000016540289,172.372
1.1200000166893005,164.686
1.1300000168383122,156.538
1.140000016987324,148.361
1.1500000171363354,140.179
1.160000017285347,132.594
1.1700000174343586,124.478
1.1800000175833705,116.973
1.190000017732382,109.614
1.2000000178813934,102.615
1.2100000180304051,95.724
1.2200000181794166,89.337
1.2300000183284283,82.946
1.24000001847744,76.998
1.2500000186264515,71.217
1.2600000187754632,66.199
1.270000018924475,60.954
1.2800000190734864,56.335
1.290000019222498,51.998
1.3000000193715096,47.859
1.3100000195205213,44.191
1.3200000196695327,40.629
1.3300000198185444,37.45
1.340000019967556,34.477
1.3500000201165676,31.694
1.360000020265579,29.196
1.3700000204145908,26.792
1.3800000205636025,24.673
1.3900000207126142,22.682
1.4000000208616257,20.847
1.4100000210106374,19.179
1.4200000211596489,17.579
1.4300000213086606,16.173
1.4400000214576725,14.836
1.4500000216066835,13.611
1.4600000217556954,12.485
1.470000021904707,11.408
1.4800000220537186,10.481
1.4900000222027303,9.598
1.5000000223517418,8.797
1.5100000225007535,8.061
1.520000022649765,7.359
1.530000022798777,6.757
1.5400000229477884,6.192
1.5500000230968,5.692
1.5600000232458116,5.241
1.570000023394823,4.813
1.5800000235438347,4.447
1.5900000236928464,4.096
1.600000023841858,3.786
1.6100000239908696,3.508
1.620000024139881,3.248
1.6300000242888928,3.011
1.6400000244379045,2.768
1.650000024586916,2.53
1.6600000247359277,2.323
1.6700000248849391,2.132
1.6800000250339509,1.966
1.6900000251829626,1.808
1.700000025331974,1.671
1.7100000254809855,1.542
1.7200000256299972,1.423
1.730000025779009,1.338
1.7400000259280206,1.255
1.750000026077032,1.164
1.7600000262260438,1.087
1.7700000263750553,1.023
1.780000026524067,0.957
1.790000026673079,0.893
1.80000002682209,0.841
1.8100000269711016,0.787
1.820000027120113,0.735
1.830000027269125,0.698
1.8400000274181367,0.661
1.850000027567148,0.625
1.86000002771616,0.605
1.8700000278651716,0.602
1.880000028014183,0.598
1.8900000281631948,0.593
1.9000000283122065,0.596
1.910000028461218,0.587
1.9200000286102292,0.566
1.9300000287592407,0.565
1.9400000289082528,0.568
1.9500000290572643,0.551
1.960000029206276,0.54
1.9700000293552875,0.536
1.9800000295042992,0.532
1.990000029653311,0.529
2.0000000298023224,0.548
2.010000029951334,0.565
2.020000030100346,0.572
2.030000030249357,0.579
2.0400000303983687,0.584
2.0500000305473804,0.564
2.060000030696392,0.547
2.070000030845404,0.538
2.0800000309944155,0.526
2.090000031143427,0.512
2.1000000312924385,0.491
2.11000003144145,0.467
2.120000031590462,0.44
2.1300000317394736,0.427
2.140000031888485,0.428
2.150000032037497,0.418
2.1600000321865083,0.41
2.17000003233552,0.41
2.180000032484532,0.406
2.190000032633543,0.398
2.200000032782554,0.414
2.2100000329315663,0.43
2.220000033080578,0.427
2.2300000332295897,0.421
2.240000033378601,0.415
2.2500000335276127,0.405
2.2600000336766244,0.394
2.270000033825636,0.39
2.280000033974648,0.384
2.290000034123659,0.371
2.3000000342726707,0.359
2.3100000344216824,0.349
2.320000034570694,0.344
2.330000034719706,0.342
2.340000034868717,0.343
2.350000035017729,0.343
2.3600000351667405,0.343
2.370000035315752,0.333
2.380000035464764,0.321
2.390000035613775,0.308
2.400000035762787,0.29
2.4100000359117986,0.272
2.4200000360608103,0.251
2.430000036209822,0.231
2.440000036358833,0.211
2.450000036507845,0.188
2.4600000366568566,0.164
2.4700000368058683,0.15
2.48000003695488,0.136
2.4900000371038917,0.129
2.500000037252903,0.123
2.5100000374019147,0.117
2.5200000375509264,0.105
2.530000037699938,0.096
2.5400000378489493,0.095
2.550000037997961,0.093
2.5600000381469727,0.088
2.5700000382959844,0.1
2.580000038444996,0.112
2.5900000385940074,0.103
2.600000038743019,0.109
2.610000038892031,0.131
2.6200000390410425,0.141
2.630000039190054,0.149
2.640000039339065,0.154
2.650000039488077,0.166
2.660000039637089,0.181
2.670000039786101,0.188
2.6800000399351123,0.198
2.6900000400841235,0.188
2.7000000402331352,0.185
2.710000040382147,0.195
2.720000040531158,0.199
2.7300000406801703,0.202
2.7400000408291816,0.207
2.7500000409781933,0.216
2.760000041127205,0.239
2.7700000412762167,0.261
2.7800000414252284,0.28
2.79000004157424,0.286
2.800000041723252,0.291
2.810000041872263,0.304
2.8200000420212747,0.315
2.8300000421702864,0.321
2.8400000423192977,0.334
2.8500000424683094,0.351
2.860000042617321,0.369
2.870000042766333,0.391
2.8800000429153445,0.416
2.890000043064356,0.424
2.9000000432133675,0.427
2.910000043362379,0.412
2.920000043511391,0.399
2.9300000436604026,0.386
2.940000043809414,0.376
2.950000043958425,0.364
2.960000044107437,0.351
2.970000044256449,0.341
2.9800000444054606,0.343
2.990000044554472,0.36
3.000000044703484,0.38
3.0100000448524957,0.375
3.020000045001507,0.376
3.0300000451505187,0.383
3.04000004529953,0.379
3.0500000454485416,0.373
3.0600000455975533,0.382
3.070000045746565,0.391
3.0800000458955767,0.393
3.090000046044588,0.409
3.1000000461936,0.434
3.1100000463426114,0.45
3.120000046491623,0.471
3.130000046640635,0.506
3.140000046789646,0.53
3.1500000469386578,0.543
3.160000047087669,0.561
3.170000047236681,0.574
3.180000047385693,0.576
3.190000047534704,0.568
3.200000047683716,0.55
3.2100000478327275,0.534
3.220000047981739,0.513
3.230000048130751,0.486
3.240000048279762,0.463
3.250000048428774,0.443
3.2600000485777856,0.421
3.2700000487267973,0.402
3.280000048875809,0.406
3.29000004902482,0.402
3.300000049173832,0.389
3.310000049322844,0.378
3.320000049471856,0.37
3.330000049620867,0.354
3.3400000497698783,0.338
3.35000004991889,0.328
3.3600000500679017,0.316
3.3700000502169134,0.303
3.380000050365925,0.28
3.3900000505149364,0.267
3.400000050663948,0.273
3.41000005081296,0.264
3.4200000509619715,0.248
3.430000051110983,0.232
3.4400000512599944,0.219
3.450000051409006,0.206
3.460000051558018,0.196
3.470000051707029,0.191
3.480000051856041,0.178
3.4900000520050525,0.163
3.500000052154064,0.152
3.510000052303076,0.14
3.520000052452088,0.127
3.5300000526010997,0.122
3.5400000527501105,0.12
3.5500000528991222,0.128
3.560000053048134,0.127
3.5700000531971456,0.116
3.5800000533461573,0.106
3.5900000534951686,0.098
3.6000000536441803,0.101
3.610000053793192,0.091
3.620000053942204,0.062
3.630000054091216,0.043
3.640000054240226,0.023
3.6500000543892384,0.013
3.66000005453825,0.0
3.6700000546872618,-0.007
3.6800000548362735,-0.003
3.6900000549852847,0.001
3.700000055134296,0.006
3.710000055283308,0.012
3.72000005543232,0.013
3.730000055581332,0.019
3.740000055730343,0.027
3.7500000558793545,0.033
3.760000056028366,0.035
3.770000056177378,0.022
3.7800000563263896,0.016
3.790000056475401,0.016
3.800000056624413,0.0
3.810000056773424,-0.019
3.820000056922436,-0.036
3.830000057071448,-0.041
3.840000057220459,-0.037
3.850000057369471,-0.025
3.8600000575184814,-0.016
3.870000057667494,-0.016
3.8800000578165057,-0.023
3.890000057965517,-0.032
3.9000000581145287,-0.032
3.910000058263541,-0.03
3.920000058412552,-0.03
3.930000058561564,-0.033
3.940000058710575,-0.041
3.9500000588595863,-0.036
3.9600000590085984,-0.027
3.97000005915761,-0.027
3.980000059306622,-0.02
3.990000059455633,-0.009
4.000000059604645,-0.007
4.010000059753657,-0.007
4.020000059902668,0.004
4.030000060051679,0.008
4.040000060200692,0.0
4.050000060349703,0.007
4.060000060498715,0.025
4.070000060647726,0.035
4.0800000607967375,0.042
4.09000006094575,0.045
4.100000061094761,0.041
4.110000061243773,0.032
4.120000061392784,0.03
4.130000061541796,0.03
4.140000061690808,0.033
4.150000061839819,0.036
4.160000061988831,0.038
4.170000062137842,0.046
4.180000062286854,0.05
4.190000062435866,0.034
4.200000062584877,0.034
4.210000062733889,0.045
4.2200000628829,0.032
4.230000063031912,0.02
4.240000063180924,0.012
4.250000063329935,0.0
4.260000063478947,-0.013
4.270000063627959,-0.013
4.28000006377697,-0.004
4.290000063925982,-0.008
4.300000064074993,-0.015
4.310000064224005,-0.022
4.3200000643730165,-0.024
4.330000064522028,-0.029
4.34000006467104,-0.028
4.350000064820051,-0.034
4.360000064969063,-0.049
4.370000065118075,-0.059
4.380000065267086,-0.071
4.390000065416098,-0.067
4.400000065565109,-0.057
4.410000065714121,-0.045
4.420000065863133,-0.035
4.430000066012144,-0.026
4.440000066161156,-0.004
4.450000066310167,0.016
4.46000006645918,0.02
4.470000066608191,0.033
4.480000066757202,0.053
4.490000066906214,0.062
4.500000067055225,0.065
4.5100000672042375,0.066
4.520000067353249,0.078
4.53000006750226,0.096
4.540000067651272,0.098
4.550000067800283,0.096
4.560000067949296,0.09
4.570000068098307,0.075
4.580000068247318,0.053
4.59000006839633,0.048
4.6000000685453415,0.044
4.610000068694354,0.028
4.620000068843365,0.023
4.630000068992376,0.033
4.640000069141388,0.03
4.6500000692904,0.028
4.660000069439412,0.036
4.670000069588423,0.043
4.680000069737434,0.048
4.690000069886446,0.048
4.700000070035458,0.046
4.71000007018447,0.042
4.720000070333481,0.036
4.730000070482492,0.034
4.740000070631504,0.035
4.750000070780516,0.033
4.760000070929528,0.019
4.770000071078539,0.007
4.78000007122755,0.005
4.7900000713765625,0.009
4.800000071525574,0.015
4.810000071674586,0.027
4.820000071823597,0.04
4.830000071972608,0.048
4.8400000721216205,0.078
4.850000072270632,0.126
4.860000072419644,0.134
4.870000072568655,0.145
4.880000072717666,0.166
4.890000072866679,0.189
4.90000007301569,0.216
4.910000073164702,0.229
4.920000073313713,0.239
4.9300000734627245,0.234
4.940000073611737,0.243
4.950000073760748,0.27
4.96000007390976,0.265
4.970000074058771,0.254
4.980000074207783,0.254
4.990000074356795,0.255
5.000000074505806,0.26
5.010000074654818,0.251
5.020000074803829,0.242
5.030000074952841,0.245
5.040000075101853,0.24
5.050000075250864,0.229
5.060000075399876,0.223
5.070000075548887,0.219
5.080000075697899,0.229
5.090000075846911,0.236
5.100000075995922,0.24
5.110000076144934,0.23
5.1200000762939455,0.215
5.130000076442957,0.245
5.140000076591969,0.269
5.15000007674098,0.273
5.160000076889992,0.276
5.170000077039004,0.276
5.180000077188015,0.275
5.190000077337027,0.283
5.200000077486038,0.308
5.21000007763505,0.314
5.220000077784062,0.305
5.230000077933073,0.31
5.240000078082085,0.316
5.250000078231096,0.313
5.260000078380108,0.321
5.27000007852912,0.339
5.280000078678131,0.322
5.290000078827143,0.303
5.300000078976154,0.305
5.310000079125167,0.306
5.320000079274178,0.306
5.330000079423189,0.311
5.340000079572201,0.315
5.350000079721212,0.301
5.3600000798702245,0.292
5.370000080019236,0.292
5.380000080168247,0.291
5.390000080317259,0.286
5.4000000804662704,0.274
5.410000080615283,0.266
5.420000080764294,0.258
5.430000080913305,0.267
5.440000081062317,0.284
5.4500000812113285,0.299
5.460000081360341,0.306
5.470000081509352,0.293
5.480000081658363,0.297
5.490000081807375,0.31
5.500000081956387,0.305
5.510000082105399,0.3
5.52000008225441,0.292
5.530000082403421,0.286
5.540000082552433,0.282
5.550000082701445,0.289
5.560000082850457,0.294
5.570000082999468,0.279
5.580000083148479,0.261
5.590000083297491,0.243
5.600000083446503,0.232
5.610000083595515,0.224
5.620000083744526,0.227
5.630000083893537,0.221
5.6400000840425495,0.208
5.650000084191561,0.196
5.660000084340573,0.186
5.670000084489584,0.181
5.680000084638595,0.169
5.690000084787608,0.147
5.700000084936619,0.106
5.710000085085631,0.06
5.720000085234642,0.045
5.7300000853836535,0.032
5.740000085532666,0.022
5.750000085681677,0.018
5.760000085830689,0.018
5.7700000859797,0.038
5.780000086128712,0.059
5.790000086277724,0.083
5.800000086426735,0.09
5.810000086575747,0.088
5.820000086724758,0.117
5.83000008687377,0.137
5.840000087022782,0.14
5.850000087171793,0.143
5.860000087320805,0.142
5.870000087469816,0.141
5.880000087618828,0.143
5.89000008776784,0.157
5.900000087916851,0.168
5.910000088065863,0.172
5.920000088214874,0.173
5.930000088363886,0.18
5.940000088512898,0.178
5.950000088661909,0.187
5.960000088810921,0.203
5.9700000889599325,0.211
5.980000089108944,0.216
5.990000089257956,0.2
6.000000089406967,0.2
6.010000089555979,0.221
6.020000089704991,0.234
6.030000089854002,0.241
6.040000090003014,0.235
6.050000090152025,0.234
6.060000090301037,0.244
6.070000090450049,0.263
6.08000009059906,0.282
6.090000090748072,0.274
6.100000090897083,0.266
6.110000091046095,0.259
6.120000091195107,0.266
6.130000091344118,0.277
6.14000009149313,0.269
6.150000091642141,0.261
6.1600000917911535,0.253
6.170000091940165,0.249
6.180000092089176,0.251
6.190000092238188,0.246
6.200000092387199,0.238
6.210000092536212,0.226
6.220000092685223,0.223
6.230000092834234,0.229
6.240000092983246,0.218
6.2500000931322575,0.211
6.26000009328127,0.221
6.270000093430281,0.228
6.280000093579292,0.232
6.290000093728304,0.235
6.300000093877316,0.238
6.310000094026328,0.245
6.320000094175339,0.249
6.33000009432435,0.253
6.340000094473362,0.243
6.350000094622374,0.23
6.360000094771386,0.231
6.370000094920397,0.232
6.380000095069408,0.233
6.39000009521842,0.22
6.400000095367432,0.205
6.410000095516444,0.208
6.420000095665455,0.21
6.430000095814466,0.211
6.440000095963478,0.206
6.45000009611249,0.198
6.460000096261502,0.202
6.470000096410513,0.207
6.480000096559524,0.219
6.4900000967085365,0.22
6.500000096857548,0.215
6.51000009700656,0.21
6.520000097155571,0.213
6.530000097304582,0.23
6.540000097453595,0.229
6.550000097602606,0.217
6.560000097751618,0.198
6.570000097900629,0.18
6.5800000980496405,0.173
6.590000098198653,0.178
6.600000098347664,0.195
6.610000098496676,0.19
6.620000098645687,0.18
6.6300000987946985,0.173
6.640000098943711,0.174
6.650000099092722,0.183
6.660000099241734,0.185
6.670000099390745,0.186
6.680000099539757,0.188
6.690000099688769,0.18
6.70000009983778,0.164
6.710000099986792,0.175
6.720000100135803,0.194
6.730000100284815,0.209
6.740000100433827,0.221
6.750000100582838,0.229
6.76000010073185,0.232
6.7700001008808615,0.232
6.780000101029873,0.247
6.790000101178885,0.262
6.800000101327896,0.269
6.810000101476908,0.254
6.82000010162592,0.231
6.830000101774931,0.221
6.840000101923943,0.215
6.850000102072954,0.212
6.860000102221966,0.198
6.870000102370978,0.182
6.880000102519989,0.184
6.890000102669001,0.19
6.900000102818012,0.219
6.910000102967024,0.238
6.920000103116036,0.252
6.930000103265047,0.262
6.940000103414059,0.277
6.95000010356307,0.316
6.960000103712082,0.328
6.970000103861094,0.313
6.980000104010105,0.296
6.990000104159117,0.285
7.000000104308128,0.29
7.0100001044571405,0.289
7.020000104606152,0.278
7.030000104755163,0.249
7.040000104904175,0.217
7.050000105053186,0.212
7.060000105202199,0.208
7.07000010535121,0.203
7.080000105500221,0.199
7.090000105649233,0.195
7.1000001057982445,0.203
7.110000105947257,0.215
7.120000106096268,0.233
7.130000106245279,0.244
7.140000106394291,0.253
7.150000106543303,0.265
7.160000106692315,0.274
7.170000106841326,0.273
7.180000106990337,0.263
7.190000107139349,0.248
7.200000107288361,0.254
7.210000107437373,0.262
7.220000107586384,0.273
7.230000107735395,0.285
7.240000107884407,0.295
7.250000108033419,0.308
7.260000108182431,0.32
7.270000108331442,0.33
7.280000108480453,0.33
7.2900001086294655,0.319
7.300000108778477,0.308
7.310000108927489,0.296
7.3200001090765,0.292
7.330000109225511,0.279
7.3400001093745235,0.258
7.350000109523535,0.264
7.360000109672547,0.274
7.370000109821558,0.285
7.380000109970569,0.302
7.390000110119582,0.329
7.400000110268593,0.344
7.410000110417605,0.355
7.420000110566616,0.367
7.4300001107156275,0.374
7.44000011086464,0.368
7.450000111013651,0.357
7.460000111162663,0.346
7.470000111311674,0.321
7.480000111460685,0.3
7.490000111609698,0.287
7.500000111758709,0.282
7.510000111907721,0.281
7.520000112056732,0.285
7.530000112205744,0.298
7.540000112354756,0.327
7.550000112503767,0.342
7.560000112652779,0.351
7.57000011280179,0.365
7.580000112950802,0.381
7.590000113099814,0.405
7.600000113248825,0.414
7.610000113397837,0.412
7.620000113546848,0.4
7.63000011369586,0.386
7.640000113844872,0.388
7.650000113993883,0.396
7.660000114142895,0.405
7.670000114291906,0.392
7.680000114440918,0.379
7.69000011458993,0.385
7.700000114738941,0.387
7.710000114887953,0.385
7.720000115036965,0.394
7.730000115185976,0.408
7.740000115334988,0.405
7.750000115483999,0.409
7.760000115633011,0.425
7.770000115782023,0.431
7.780000115931034,0.436
7.790000116080046,0.441
7.800000116229057,0.447
7.810000116378069,0.447
7.820000116527081,0.456
7.830000116676092,0.466
7.840000116825104,0.463
7.850000116974115,0.457
7.860000117123127,0.451
7.870000117272139,0.439
7.88000011742115,0.426
7.890000117570162,0.416
7.900000117719173,0.402
7.910000117868186,0.371
7.920000118017197,0.347
7.930000118166208,0.328
7.94000011831522,0.307
7.950000118464231,0.293
7.960000118613244,0.291
7.970000118762255,0.289
7.980000118911266,0.285
7.990000119060278,0.291
8.00000011920929,0.298
8.0100001193583,0.309
8.020000119507314,0.317
8.030000119656325,0.326
8.040000119805336,0.338
8.050000119954348,0.351
8.060000120103359,0.357
8.070000120252372,0.355
8.080000120401383,0.341
