time_min,absorb_mau
0.0,0.0
0.0100000001490116,0.028
0.0200000002980232,0.065
0.0300000004470348,0.085
0.0400000005960464,0.103
0.050000000745058,0.117
0.0600000008940696,0.145
0.0700000010430812,0.181
0.0800000011920929,0.198
0.0900000013411045,0.205
0.1000000014901161,0.179
0.1100000016391277,0.162
0.1200000017881393,0.153
0.1300000019371509,0.167
0.1400000020861625,0.178
0.1500000022351741,0.162
0.1600000023841858,0.147
0.1700000025331974,0.137
0.180000002682209,0.14
0.1900000028312206,0.146
0.2000000029802322,0.163
0.2100000031292438,0.156
0.2200000032782554,0.118
0.2300000034272671,0.092
0.2400000035762786,0.072
0.2500000037252903,0.076
0.2600000038743019,0.084
0.2700000040233135,0.092
0.2800000041723251,0.08
0.2900000043213367,0.061
0.3000000044703483,0.065
0.31000000461936,0.072
0.3200000047683716,0.078
0.3300000049173832,0.073
0.3400000050663948,0.062
0.3500000052154064,0.031
0.360000005364418,0.008
0.3700000055134296,0.003
0.3800000056624412,-0.007
0.3900000058114529,-0.019
0.4000000059604645,-0.037
0.4100000061094761,-0.047
0.4200000062584877,-0.036
0.4300000064074993,-0.025
0.4400000065565109,-0.012
0.4500000067055225,-0.017
0.4600000068545342,-0.024
0.4700000070035457,-0.019
0.4800000071525573,-0.01
0.490000007301569,0.002
0.5000000074505806,0.0
0.5100000075995922,-0.008
0.5200000077486039,-0.019
0.5300000078976155,-0.023
0.5400000080466271,-0.017
0.5500000081956387,-0.004
0.5600000083446502,0.009
0.570000008493662,0.03
0.5800000086426735,0.105
0.5900000087916851,0.244
0.6000000089406967,0.615
0.6100000090897083,1.106
0.62000000923872,2.137
0.6300000093877316,3.602
0.6400000095367432,5.679
0.6500000096857548,8.993
0.6600000098347664,12.854
0.6700000099837781,18.694
0.6800000101327897,25.446
0.6900000102818012,33.709
0.7000000104308128,43.685
0.7100000105798244,54.354
0.7200000107288361,66.797
0.7300000108778477,79.42
0.7400000110268593,92.047
0.7500000111758709,104.448
0.7600000113248825,116.315
0.7700000114738942,126.527
0.7800000116229058,135.906
0.7900000117719174,142.763
0.800000011920929,148.215
0.8100000120699405,152.111
0.8200000122189522,153.899
0.8300000123679638,154.896
0.8400000125169754,154.016
0.850000012665987,152.405
0.8600000128149986,150.003
0.8700000129640103,146.781
0.8800000131130219,143.272
0.8900000132620335,139.279
0.9000000134110451,135.081
0.9100000135600568,130.661
0.9200000137090684,126.243
0.93000001385808,121.955
0.9400000140070917,117.677
0.9500000141561032,113.379
0.9600000143051148,109.158
0.9700000144541264,105.101
0.980000014603138,101.277
0.9900000147521496,97.612
1.0000000149011612,93.989
1.010000015050173,90.492
1.0200000151991844,87.179
1.030000015348196,84.117
1.0400000154972078,80.952
1.0500000156462193,77.953
1.060000015795231,75.18
1.0700000159442424,72.424
1.080000016093254,69.777
1.0900000162422658,67.225
1.100000016391277,64.73
1.110000016540289,62.51
1.1200000166893005,60.251
1.1300000168383122,58.053
1.140000016987324,55.995
1.1500000171363354,54.046
1.160000017285347,52.132
1.1700000174343586,50.29
1.1800000175833705,48.539
1.190000017732382,46.849
1.2000000178813934,45.2
1.2100000180304051,43.689
1.2200000181794166,42.191
1.2300000183284283,40.783
1.24000001847744,39.398
1.2500000186264515,38.04
1.2600000187754632,36.803
1.270000018924475,35.569
1.2800000190734864,34.405
1.290000019222498,33.248
1.3000000193715096,32.108
1.3100000195205213,31.072
1.3200000196695327,30.046
1.3300000198185444,29.097
1.340000019967556,28.154
1.3500000201165676,27.237
1.360000020265579,26.394
1.3700000204145908,25.554
1.3800000205636025,24.762
1.3900000207126142,23.967
1.4000000208616257,23.198
1.4100000210106374,22.436
1.4200000211596489,21.683
1.4300000213086606,20.983
1.4400000214576725,20.282
1.4500000216066835,19.604
1.4600000217556954,18.964
1.470000021904707,18.344
1.4800000220537186,17.783
1.4900000222027303,17.234
1.5000000223517418,16.721
1.5100000225007535,16.213
1.520000022649765,15.715
1.530000022798777,15.249
1.5400000229477884,14.784
1.5500000230968,14.344
1.5600000232458116,13.906
1.570000023394823,13.473
1.5800000235438347,13.067
1.5900000236928464,12.673
1.600000023841858,12.316
1.6100000239908696,11.973
1.620000024139881,11.639
1.6300000242888928,11.326
1.6400000244379045,11.02
1.650000024586916,10.742
1.6600000247359277,10.469
1.6700000248849391,10.205
1.6800000250339509,9.946
1.6900000251829626,9.692
1.700000025331974,9.456
1.7100000254809855,9.216
1.7200000256299972,8.984
1.730000025779009,8.754
1.7400000259280206,8.529
1.750000026077032,8.322
1.7600000262260438,8.123
1.7700000263750553,7.937
1.780000026524067,7.745
1.790000026673079,7.553
1.80000002682209,7.372
1.8100000269711016,7.188
1.820000027120113,7.007
1.830000027269125,6.843
1.8400000274181367,6.678
1.850000027567148,6.522
1.86000002771616,6.351
1.8700000278651716,6.176
1.880000028014183,6.015
1.8900000281631948,5.866
1.9000000283122065,5.746
1.910000028461218,5.608
1.9200000286102292,5.456
1.9300000287592407,5.318
1.9400000289082528,5.184
1.9500000290572643,5.073
1.960000029206276,4.964
1.9700000293552875,4.864
1.9800000295042992,4.756
1.990000029653311,4.645
2.0000000298023224,4.577
2.010000029951334,4.497
2.020000030100346,4.405
2.030000030249357,4.325
2.0400000303983687,4.251
2.0500000305473804,4.168
2.060000030696392,4.082
2.070000030845404,3.994
2.0800000309944155,3.89
2.090000031143427,3.78
2.1000000312924385,3.697
2.11000003144145,3.613
2.120000031590462,3.519
2.1300000317394736,3.432
2.140000031888485,3.355
2.150000032037497,3.289
2.1600000321865083,3.229
2.17000003233552,3.183
2.180000032484532,3.128
2.190000032633543,3.066
2.200000032782554,3.013
2.2100000329315663,2.962
2.220000033080578,2.903
2.2300000332295897,2.852
2.240000033378601,2.807
2.2500000335276127,2.742
2.2600000336766244,2.675
2.270000033825636,2.631
2.280000033974648,2.588
2.290000034123659,2.546
2.3000000342726707,2.505
2.3100000344216824,2.464
2.320000034570694,2.413
2.330000034719706,2.356
2.340000034868717,2.298
2.350000035017729,2.24
2.3600000351667405,2.186
2.370000035315752,2.138
2.380000035464764,2.092
2.390000035613775,2.056
2.400000035762787,2.019
2.4100000359117986,1.983
2.4200000360608103,1.946
2.430000036209822,1.912
2.440000036358833,1.871
2.450000036507845,1.817
2.4600000366568566,1.757
2.4700000368058683,1.693
2.48000003695488,1.627
2.4900000371038917,1.557
2.500000037252903,1.508
2.5100000374019147,1.474
2.5200000375509264,1.449
2.530000037699938,1.423
2.5400000378489493,1.406
2.550000037997961,1.383
2.5600000381469727,1.359
2.5700000382959844,1.336
2.580000038444996,1.312
2.5900000385940074,1.278
2.600000038743019,1.239
2.610000038892031,1.19
2.6200000390410425,1.149
2.630000039190054,1.112
2.640000039339065,1.088
2.650000039488077,1.061
2.660000039637089,1.033
2.670000039786101,1.014
2.6800000399351123,0.998
2.6900000400841235,0.995
2.7000000402331352,0.985
2.710000040382147,0.967
2.720000040531158,0.952
2.7300000406801703,0.937
2.7400000408291816,0.929
2.7500000409781933,0.915
2.760000041127205,0.891
2.7700000412762167,0.866
2.7800000414252284,0.842
2.79000004157424,0.833
2.800000041723252,0.822
2.810000041872263,0.795
2.8200000420212747,0.783
2.8300000421702864,0.781
2.8400000423192977,0.782
2.8500000424683094,0.786
2.860000042617321,0.791
2.870000042766333,0.789
2.8800000429153445,0.781
2.890000043064356,0.787
2.9000000432133675,0.791
2.910000043362379,0.766
2.920000043511391,0.746
2.9300000436604026,0.731
2.940000043809414,0.721
2.950000043958425,0.709
2.960000044107437,0.695
2.970000044256449,0.679
2.9800000444054606,0.662
2.990000044554472,0.66
3.000000044703484,0.663
3.0100000448524957,0.65
3.020000045001507,0.628
3.0300000451505187,0.585
3.04000004529953,0.567
3.0500000454485416,0.559
3.0600000455975533,0.557
3.070000045746565,0.552
3.0800000458955767,0.541
3.090000046044588,0.529
3.1000000461936,0.519
3.1100000463426114,0.545
3.120000046491623,0.568
3.130000046640635,0.575
3.140000046789646,0.568
3.1500000469386578,0.553
3.160000047087669,0.532
3.170000047236681,0.517
3.180000047385693,0.522
3.190000047534704,0.509
3.200000047683716,0.48
3.2100000478327275,0.449
3.220000047981739,0.422
3.230000048130751,0.416
3.240000048279762,0.408
3.250000048428774,0.402
3.2600000485777856,0.376
3.2700000487267973,0.35
3.280000048875809,0.344
3.29000004902482,0.334
3.300000049173832,0.322
3.310000049322844,0.326
3.320000049471856,0.329
3.330000049620867,0.33
3.3400000497698783,0.337
3.35000004991889,0.357
3.3600000500679017,0.347
3.3700000502169134,0.329
3.380000050365925,0.327
3.3900000505149364,0.318
3.400000050663948,0.289
3.41000005081296,0.267
3.4200000509619715,0.25
3.430000051110983,0.202
3.4400000512599944,0.166
3.450000051409006,0.158
3.460000051558018,0.148
3.470000051707029,0.134
3.480000051856041,0.153
3.4900000520050525,0.169
3.500000052154064,0.185
3.510000052303076,0.206
3.520000052452088,0.235
3.5300000526010997,0.242
3.5400000527501105,0.247
3.5500000528991222,0.26
3.560000053048134,0.26
3.5700000531971456,0.246
3.5800000533461573,0.23
3.5900000534951686,0.214
3.6000000536441803,0.2
3.610000053793192,0.186
3.620000053942204,0.177
3.630000054091216,0.177
3.640000054240226,0.174
3.6500000543892384,0.157
3.66000005453825,0.14
3.6700000546872618,0.126
3.6800000548362735,0.133
3.6900000549852847,0.143
3.700000055134296,0.155
3.710000055283308,0.157
3.72000005543232,0.14
3.730000055581332,0.134
3.740000055730343,0.133
3.7500000558793545,0.134
3.760000056028366,0.131
3.770000056177378,0.117
3.7800000563263896,0.103
3.790000056475401,0.09
3.800000056624413,0.074
3.810000056773424,0.061
3.820000056922436,0.046
3.830000057071448,0.032
3.840000057220459,0.016
3.850000057369471,-0.001
3.8600000575184814,-0.019
3.870000057667494,-0.033
3.8800000578165057,-0.047
3.890000057965517,-0.059
3.9000000581145287,-0.048
3.910000058263541,-0.041
3.920000058412552,-0.042
3.930000058561564,-0.044
3.940000058710575,-0.046
3.9500000588595863,-0.045
3.9600000590085984,-0.044
3.97000005915761,-0.038
3.980000059306622,-0.048
3.990000059455633,-0.075
4.000000059604645,-0.071
4.010000059753657,-0.062
4.020000059902668,-0.067
4.030000060051679,-0.071
4.040000060200692,-0.073
4.050000060349703,-0.065
4.060000060498715,-0.055
4.070000060647726,-0.048
4.0800000607967375,-0.047
4.09000006094575,-0.058
4.100000061094761,-0.058
4.110000061243773,-0.05
4.120000061392784,-0.045
4.130000061541796,-0.046
4.140000061690808,-0.06
4.150000061839819,-0.057
4.160000061988831,-0.044
4.170000062137842,-0.032
4.180000062286854,-0.019
4.190000062435866,-0.007
4.200000062584877,-0.006
4.210000062733889,-0.014
4.2200000628829,0.0
4.230000063031912,0.016
4.240000063180924,0.032
4.250000063329935,0.04
4.260000063478947,0.041
4.270000063627959,0.038
4.28000006377697,0.038
4.290000063925982,0.049
4.300000064074993,0.061
4.310000064224005,0.07
4.3200000643730165,0.053
4.330000064522028,0.033
4.34000006467104,0.023
4.350000064820051,0.014
4.360000064969063,0.006
4.370000065118075,0.003
4.380000065267086,0.0
4.390000065416098,-0.018
4.400000065565109,-0.024
4.410000065714121,-0.009
4.420000065863133,0.013
4.430000066012144,0.037
4.440000066161156,0.047
4.450000066310167,0.06
4.46000006645918,0.074
4.470000066608191,0.099
4.480000066757202,0.129
4.490000066906214,0.126
4.500000067055225,0.116
4.5100000672042375,0.093
4.520000067353249,0.074
4.53000006750226,0.059
4.540000067651272,0.047
4.550000067800283,0.031
4.560000067949296,0.0
4.570000068098307,-0.013
4.580000068247318,-0.014
4.59000006839633,-0.013
4.6000000685453415,-0.011
4.610000068694354,-0.001
4.620000068843365,-0.002
4.630000068992376,-0.013
4.640000069141388,-0.006
4.6500000692904,0.003
4.660000069439412,0.0
4.670000069588423,-0.005
4.680000069737434,-0.011
4.690000069886446,-0.015
4.700000070035458,-0.018
4.71000007018447,-0.015
4.720000070333481,-0.011
4.730000070482492,-0.008
4.740000070631504,-0.018
4.750000070780516,-0.031
4.760000070929528,-0.037
4.770000071078539,-0.039
4.78000007122755,-0.035
4.7900000713765625,-0.024
4.800000071525574,-0.01
4.810000071674586,-0.007
4.820000071823597,-0.003
4.830000071972608,0.008
4.8400000721216205,0.033
4.850000072270632,0.063
4.860000072419644,0.075
4.870000072568655,0.082
4.880000072717666,0.078
4.890000072866679,0.072
4.90000007301569,0.065
4.910000073164702,0.08
4.920000073313713,0.096
4.9300000734627245,0.091
4.940000073611737,0.092
4.950000073760748,0.096
4.96000007390976,0.121
4.970000074058771,0.151
4.980000074207783,0.188
4.990000074356795,0.208
5.000000074505806,0.211
5.010000074654818,0.217
5.020000074803829,0.224
5.030000074952841,0.225
5.040000075101853,0.221
5.050000075250864,0.205
5.060000075399876,0.179
5.070000075548887,0.149
5.080000075697899,0.135
5.090000075846911,0.121
5.100000075995922,0.107
5.110000076144934,0.104
5.1200000762939455,0.108
5.130000076442957,0.093
5.140000076591969,0.082
5.15000007674098,0.074
5.160000076889992,0.07
5.170000077039004,0.068
5.180000077188015,0.054
5.190000077337027,0.046
5.200000077486038,0.05
5.21000007763505,0.044
5.220000077784062,0.035
5.230000077933073,0.035
5.240000078082085,0.036
5.250000078231096,0.039
5.260000078380108,0.047
5.27000007852912,0.06
5.280000078678131,0.051
5.290000078827143,0.038
5.300000078976154,0.046
5.310000079125167,0.046
5.320000079274178,0.038
5.330000079423189,0.032
5.340000079572201,0.026
5.350000079721212,0.027
5.3600000798702245,0.022
5.370000080019236,0.01
5.380000080168247,0.017
5.390000080317259,0.028
5.4000000804662704,0.048
5.410000080615283,0.064
5.420000080764294,0.073
5.430000080913305,0.076
5.440000081062317,0.076
5.4500000812113285,0.081
5.460000081360341,0.087
5.470000081509352,0.084
5.480000081658363,0.094
5.490000081807375,0.11
5.500000081956387,0.105
5.510000082105399,0.105
5.52000008225441,0.12
5.530000082403421,0.131
5.540000082552433,0.141
5.550000082701445,0.125
5.560000082850457,0.11
5.570000082999468,0.095
5.580000083148479,0.089
5.590000083297491,0.094
5.600000083446503,0.084
5.610000083595515,0.072
5.620000083744526,0.064
5.630000083893537,0.063
5.6400000840425495,0.072
5.650000084191561,0.071
5.660000084340573,0.067
5.670000084489584,0.062
5.680000084638595,0.055
5.690000084787608,0.046
5.700000084936619,0.04
5.710000085085631,0.034
5.720000085234642,0.029
5.7300000853836535,0.014
5.740000085532666,-0.017
5.750000085681677,-0.039
5.760000085830689,-0.057
5.7700000859797,-0.059
5.780000086128712,-0.063
5.790000086277724,-0.069
5.800000086426735,-0.072
5.810000086575747,-0.073
5.820000086724758,-0.046
5.83000008687377,-0.018
5.840000087022782,0.006
5.850000087171793,0.021
5.860000087320805,0.027
5.870000087469816,0.041
5.880000087618828,0.054
5.89000008776784,0.065
5.900000087916851,0.073
5.910000088065863,0.075
5.920000088214874,0.095
5.930000088363886,0.109
5.940000088512898,0.104
5.950000088661909,0.105
5.960000088810921,0.109
5.9700000889599325,0.101
5.980000089108944,0.089
5.990000089257956,0.084
6.000000089406967,0.067
6.010000089555979,0.037
6.020000089704991,0.029
6.030000089854002,0.031
6.040000090003014,0.034
6.050000090152025,0.035
6.060000090301037,0.038
6.070000090450049,0.033
6.08000009059906,0.027
6.090000090748072,0.036
6.100000090897083,0.037
6.110000091046095,0.026
6.120000091195107,0.011
6.130000091344118,-0.006
6.14000009149313,-0.019
6.150000091642141,-0.026
6.1600000917911535,-0.026
6.170000091940165,-0.03
6.180000092089176,-0.038
6.190000092238188,-0.034
6.200000092387199,-0.032
6.210000092536212,-0.031
6.220000092685223,-0.026
6.230000092834234,-0.017
6.240000092983246,-0.015
6.2500000931322575,-0.014
6.26000009328127,-0.018
6.270000093430281,-0.023
6.280000093579292,-0.029
6.290000093728304,-0.024
6.300000093877316,-0.015
6.310000094026328,-0.003
6.320000094175339,0.002
6.33000009432435,0.003
6.340000094473362,0.0
6.350000094622374,-0.004
6.360000094771386,0.017
6.370000094920397,0.028
6.380000095069408,0.028
6.39000009521842,0.012
6.400000095367432,-0.007
6.410000095516444,-0.002
6.420000095665455,0.001
6.430000095814466,0.003
6.440000095963478,0.001
6.45000009611249,-0.004
6.460000096261502,-0.012
6.470000096410513,-0.007
6.480000096559524,0.018
6.4900000967085365,0.032
6.500000096857548,0.037
6.51000009700656,0.026
6.520000097155571,0.019
6.530000097304582,0.015
6.540000097453595,0.017
6.550000097602606,0.024
6.560000097751618,0.024
6.570000097900629,0.016
6.5800000980496405,0.003
6.590000098198653,0.007
6.600000098347664,0.027
6.610000098496676,0.05
6.620000098645687,0.071
6.6300000987946985,0.08
6.640000098943711,0.081
6.650000099092722,0.07
6.660000099241734,0.074
6.670000099390745,0.082
6.680000099539757,0.083
6.690000099688769,0.073
6.70000009983778,0.047
6.710000099986792,0.039
6.720000100135803,0.037
6.730000100284815,0.049
6.740000100433827,0.058
6.750000100582838,0.062
6.76000010073185,0.062
6.7700001008808615,0.059
6.780000101029873,0.075
6.790000101178885,0.089
6.800000101327896,0.096
6.810000101476908,0.101
6.82000010162592,0.105
6.830000101774931,0.112
6.840000101923943,0.117
6.850000102072954,0.117
6.860000102221966,0.131
6.870000102370978,0.15
6.880000102519989,0.143
6.890000102669001,0.137
6.900000102818012,0.131
6.910000102967024,0.125
6.920000103116036,0.121
6.930000103265047,0.118
6.940000103414059,0.111
6.95000010356307,0.074
6.960000103712082,0.057
6.970000103861094,0.062
6.980000104010105,0.071
6.990000104159117,0.077
7.000000104308128,0.078
7.0100001044571405,0.083
7.020000104606152,0.095
7.030000104755163,0.104
7.040000104904175,0.115
7.050000105053186,0.118
7.060000105202199,0.116
7.07000010535121,0.101
7.080000105500221,0.096
7.090000105649233,0.095
7.1000001057982445,0.095
7.110000105947257,0.098
7.120000106096268,0.108
7.130000106245279,0.11
7.140000106394291,0.106
7.150000106543303,0.113
7.160000106692315,0.117
7.170000106841326,0.122
7.180000106990337,0.123
7.190000107139349,0.123
7.200000107288361,0.124
7.210000107437373,0.131
7.220000107586384,0.148
7.230000107735395,0.161
7.240000107884407,0.171
7.250000108033419,0.175
7.260000108182431,0.183
7.270000108331442,0.197
7.280000108480453,0.205
7.2900001086294655,0.207
7.300000108778477,0.19
7.310000108927489,0.17
7.3200001090765,0.164
7.330000109225511,0.158
7.3400001093745235,0.155
7.350000109523535,0.129
7.360000109672547,0.101
7.370000109821558,0.1
7.380000109970569,0.106
7.390000110119582,0.124
7.400000110268593,0.137
7.410000110417605,0.149
7.420000110566616,0.165
7.4300001107156275,0.187
7.44000011086464,0.221
7.450000111013651,0.235
7.460000111162663,0.241
7.470000111311674,0.238
7.480000111460685,0.233
7.490000111609698,0.225
7.500000111758709,0.231
7.510000111907721,0.243
7.520000112056732,0.235
7.530000112205744,0.229
7.540000112354756,0.231
7.550000112503767,0.235
7.560000112652779,0.24
7.57000011280179,0.252
7.580000112950802,0.263
7.590000113099814,0.257
7.600000113248825,0.273
7.610000113397837,0.305
7.620000113546848,0.331
7.63000011369586,0.356
7.640000113844872,0.38
7.650000113993883,0.403
7.660000114142895,0.424
7.670000114291906,0.43
7.680000114440918,0.438
7.69000011458993,0.442
7.700000114738941,0.448
7.710000114887953,0.456
7.720000115036965,0.474
7.730000115185976,0.491
7.740000115334988,0.497
7.750000115483999,0.507
7.760000115633011,0.527
7.770000115782023,0.529
7.780000115931034,0.522
7.790000116080046,0.514
7.800000116229057,0.502
7.810000116378069,0.48
7.820000116527081,0.462
7.830000116676092,0.449
7.840000116825104,0.432
7.850000116974115,0.423
7.860000117123127,0.43
7.870000117272139,0.427
7.88000011742115,0.419
7.890000117570162,0.413
7.900000117719173,0.41
7.910000117868186,0.409
7.920000118017197,0.404
7.930000118166208,0.396
7.94000011831522,0.356
7.950000118464231,0.321
7.960000118613244,0.32
7.970000118762255,0.31
7.980000118911266,0.292
7.990000119060278,0.273
8.00000011920929,0.253
