time_min,absorb_mau
0.0,0.088
0.0133333335320154,0.091
0.0266666670640309,0.086
0.0400000005960464,0.087
0.0533333341280619,0.096
0.0666666676600774,0.106
0.0800000011920929,0.116
0.0933333347241083,0.148
0.1066666682561238,0.147
0.1200000017881393,0.126
0.1333333353201548,0.145
0.1466666688521703,0.296
0.1600000023841858,0.414
0.1733333359162013,0.497
0.1866666694482167,0.566
0.2000000029802322,0.678
0.2133333365122477,0.708
0.2266666700442632,0.664
0.2400000035762786,0.595
0.2533333371082942,0.552
0.2666666706403096,0.539
0.2800000041723251,0.523
0.2933333377043406,0.518
0.3066666712363561,0.522
0.3200000047683716,0.523
0.3333333383003871,0.479
0.3466666718324026,0.442
0.360000005364418,0.406
0.3733333388964335,0.372
0.386666672428449,0.333
0.4000000059604645,0.288
0.4133333394924799,0.27
0.4266666730244954,0.252
0.4400000065565109,0.23
0.4533333400885264,0.219
0.4666666736205419,0.219
0.4800000071525573,0.224
0.4933333406845728,0.24
0.5066666742165884,0.269
0.5200000077486039,0.309
0.5333333412806193,0.318
0.5466666748126348,0.349
0.5600000083446502,0.383
0.5733333418766657,0.437
0.5866666754086812,0.615
0.6000000089406967,1.367
0.6133333424727122,3.26
0.6266666760047277,6.775
0.6400000095367432,12.812
0.6533333430687587,23.563
0.6666666766007742,38.796
0.6800000101327897,59.474
0.6933333436648051,83.075
0.7066666771968206,110.95
0.7200000107288361,138.253
0.7333333442608516,162.884
0.746666677792867,183.113
0.7600000113248825,197.731
0.773333344856898,205.185
0.7866666783889135,204.632
0.800000011920929,198.872
0.8133333454529444,189.332
0.8266666789849599,177.139
0.8400000125169754,163.631
0.8533333460489909,150.29
0.8666666795810064,136.65
0.8800000131130219,124.225
0.8933333466450374,112.01
0.9066666801770528,101.535
0.9200000137090684,92.498
0.933333347241084,83.827
0.9466666807730992,76.388
0.9600000143051148,69.71
0.9733333478371302,64.127
0.9866666813691456,59.314
1.0000000149011612,54.676
1.0133333484331768,50.612
1.0266666819651922,46.795
1.0400000154972078,43.448
1.0533333490292232,40.552
1.0666666825612383,37.787
1.080000016093254,35.387
1.0933333496252695,33.186
1.1066666831572851,31.191
1.1200000166893005,29.337
1.133333350221316,27.639
1.1466666837533317,26.085
1.160000017285347,24.685
1.1733333508173625,23.254
1.186666684349378,21.959
1.2000000178813934,20.797
1.213333351413409,19.679
1.2266666849454244,18.629
1.24000001847744,17.714
1.2533333520094554,16.824
1.266666685541471,16.031
1.2800000190734864,15.245
1.2933333526055018,14.483
1.3066666861375174,13.795
1.3200000196695327,13.11
1.3333333532015483,12.498
1.3466666867335635,11.915
1.360000020265579,11.375
1.3733333537975947,10.866
1.3866666873296103,10.388
1.4000000208616257,9.924
1.4133333543936413,9.461
1.4266666879256569,9.057
1.4400000214576725,8.657
1.4533333549896876,8.273
1.4666666885217032,7.901
1.4800000220537186,7.524
1.493333355585734,7.192
1.5066666891177496,6.845
1.520000022649765,6.499
1.5333333561817806,6.17
1.546666689713796,5.864
1.5600000232458116,5.59
1.573333356777827,5.34
1.5866666903098423,5.104
1.600000023841858,4.882
1.6133333573738735,4.682
1.626666690905889,4.494
1.6400000244379045,4.327
1.65333335796992,4.169
1.6666666915019357,4.003
1.6800000250339509,3.833
1.6933333585659665,3.679
1.7066666920979818,3.55
1.7200000256299972,3.433
1.7333333591620128,3.316
1.7466666926940282,3.191
1.7600000262260438,3.074
1.7733333597580592,2.972
1.7866666932900748,2.874
1.80000002682209,2.766
1.8133333603541055,2.684
1.826666693886121,2.618
1.8400000274181367,2.558
1.853333360950152,2.5
1.866666694482168,2.442
1.880000028014183,2.384
1.8933333615461987,2.322
1.906666695078214,2.252
1.9200000286102292,2.177
1.933333362142245,2.115
1.9466666956742604,2.054
1.960000029206276,1.991
1.9733333627382916,1.93
1.986666696270307,1.863
2.0000000298023224,1.812
2.013333363334338,1.765
2.0266666968663536,1.718
2.0400000303983687,1.67
2.0533333639303843,1.619
2.0666666974624,1.578
2.0800000309944155,1.535
2.0933333645264307,1.49
2.1066666980584463,1.45
2.120000031590462,1.408
2.133333365122477,1.348
2.1466666986544927,1.29
2.1600000321865083,1.241
2.173333365718524,1.2
2.186666699250539,1.165
2.200000032782554,1.118
2.2133333663145702,1.106
2.226666699846586,1.101
2.240000033378601,1.081
2.2533333669106166,1.052
2.266666700442632,1.039
2.280000033974648,1.042
2.293333367506663,1.038
2.3066667010386785,1.018
2.320000034570694,1.028
2.3333333681027097,1.031
2.346666701634725,1.042
2.3600000351667405,1.05
2.373333368698756,1.046
2.3866667022307717,1.048
2.400000035762787,1.041
2.4133333692948025,1.029
2.426666702826818,1.012
2.440000036358833,0.981
2.453333369890849,0.956
2.4666667034228644,0.945
2.48000003695488,0.935
2.493333370486895,0.92
2.506666704018911,0.913
2.5200000375509264,0.924
2.533333371082942,0.939
2.546666704614957,0.947
2.5600000381469727,0.945
2.5733333716789883,0.945
2.5866667052110035,0.929
2.600000038743019,0.914
2.6133333722750347,0.897
2.6266667058070503,0.878
2.640000039339065,0.845
2.653333372871081,0.817
2.6666667064030967,0.808
2.6800000399351123,0.802
2.6933333734671274,0.773
2.706666706999143,0.735
2.720000040531158,0.735
2.7333333740631742,0.737
2.7466667075951894,0.732
2.760000041127205,0.721
2.7733333746592206,0.735
2.786666708191236,0.733
2.800000041723252,0.734
2.813333375255267,0.742
2.8266667087872825,0.76
2.8400000423192977,0.751
2.8533333758513133,0.753
2.866666709383329,0.759
2.8800000429153445,0.767
2.89333337644736,0.761
2.9066667099793757,0.744
2.920000043511391,0.738
2.9333333770434065,0.738
2.9466667105754216,0.733
2.960000044107437,0.742
2.973333377639453,0.745
2.986666711171468,0.744
3.000000044703484,0.749
3.013333378235499,0.767
3.026666711767515,0.766
3.04000004529953,0.766
3.053333378831545,0.761
3.066666712363561,0.754
3.0800000458955767,0.753
3.093333379427592,0.753
3.1066667129596075,0.739
3.120000046491623,0.717
3.1333333800236387,0.699
3.146666713555654,0.694
3.160000047087669,0.691
3.173333380619685,0.669
3.1866667141517007,0.654
3.200000047683716,0.649
3.2133333812157314,0.642
3.226666714747747,0.63
3.240000048279762,0.607
3.253333381811778,0.589
3.2666667153437934,0.577
3.280000048875809,0.546
3.293333382407824,0.544
3.30666671593984,0.53
3.320000049471856,0.521
3.333333383003871,0.531
3.346666716535886,0.537
3.3600000500679017,0.536
3.3733333835999173,0.531
3.386666717131933,0.52
3.400000050663948,0.511
3.413333384195964,0.46
3.4266667177279797,0.437
3.4400000512599944,0.427
3.45333338479201,0.423
3.4666667183240256,0.408
3.480000051856041,0.409
3.4933333853880564,0.432
3.506666718920072,0.452
3.520000052452088,0.457
3.533333385984103,0.462
3.5466667195161183,0.452
3.560000053048134,0.459
3.573333386580149,0.469
3.586666720112165,0.476
3.6000000536441803,0.478
3.613333387176196,0.484
3.626666720708212,0.502
3.640000054240226,0.516
3.653333387772242,0.508
3.666666721304258,0.497
3.6800000548362735,0.481
3.6933333883682886,0.464
3.706666721900304,0.448
3.72000005543232,0.44
3.733333388964336,0.451
3.746666722496351,0.47
3.760000056028366,0.502
3.773333389560382,0.536
3.786666723092397,0.558
3.800000056624413,0.576
3.813333390156428,0.576
3.826666723688444,0.575
3.840000057220459,0.573
3.8533333907524745,0.559
3.86666672428449,0.566
3.8800000578165057,0.559
3.893333391348521,0.56
3.906666724880537,0.568
3.920000058412552,0.557
3.933333391944568,0.558
3.946666725476583,0.553
3.9600000590085984,0.557
3.973333392540614,0.576
3.9866667260726296,0.563
4.000000059604645,0.567
4.01333339313666,0.574
4.026666726668676,0.573
4.040000060200692,0.558
4.053333393732707,0.535
4.066666727264722,0.533
4.0800000607967375,0.54
4.093333394328753,0.541
4.106666727860769,0.528
4.120000061392784,0.542
4.1333333949248,0.547
4.146666728456816,0.547
4.160000061988831,0.546
4.173333395520846,0.546
4.186666729052861,0.54
4.200000062584877,0.522
4.213333396116893,0.506
4.226666729648908,0.501
4.240000063180924,0.504
4.253333396712939,0.483
4.266666730244954,0.475
4.28000006377697,0.489
4.293333397308985,0.516
4.306666730841001,0.512
4.3200000643730165,0.498
4.333333397905032,0.488
4.346666731437048,0.478
4.360000064969063,0.462
4.373333398501078,0.438
4.386666732033094,0.412
4.400000065565109,0.41
4.413333399097125,0.421
4.4266667326291405,0.431
4.440000066161156,0.434
4.453333399693172,0.424
4.466666733225186,0.417
4.480000066757202,0.421
4.493333400289218,0.418
4.506666733821233,0.42
4.520000067353249,0.439
4.533333400885264,0.457
4.54666673441728,0.464
4.560000067949296,0.464
4.57333340148131,0.446
4.586666735013326,0.429
4.6000000685453415,0.412
4.613333402077357,0.397
4.626666735609373,0.414
4.640000069141388,0.431
4.653333402673404,0.461
4.66666673620542,0.497
4.680000069737434,0.533
4.69333340326945,0.563
4.706666736801465,0.559
4.720000070333481,0.572
4.733333403865497,0.593
4.746666737397512,0.592
4.760000070929528,0.574
4.773333404461543,0.541
4.786666737993558,0.534
4.800000071525574,0.549
4.813333405057589,0.541
4.826666738589605,0.538
4.8400000721216205,0.543
4.853333405653636,0.561
4.866666739185652,0.59
4.880000072717666,0.6
4.893333406249682,0.629
4.906666739781698,0.645
4.920000073313713,0.658
4.933333406845729,0.672
4.9466667403777445,0.691
4.96000007390976,0.708
4.973333407441775,0.706
4.98666674097379,0.701
5.000000074505806,0.711
5.013333408037822,0.721
5.026666741569837,0.715
5.040000075101853,0.691
5.053333408633868,0.666
5.066666742165884,0.661
5.080000075697899,0.65
5.093333409229914,0.639
5.10666674276193,0.628
5.1200000762939455,0.619
5.133333409825961,0.611
5.146666743357977,0.58
5.160000076889992,0.57
5.173333410422007,0.561
5.186666743954023,0.545
5.200000077486038,0.547
5.213333411018054,0.54
5.226666744550069,0.536
5.240000078082085,0.54
5.253333411614101,0.547
5.266666745146116,0.546
5.280000078678131,0.538
5.2933334122101465,0.548
5.306666745742162,0.566
5.320000079274178,0.573
5.333333412806193,0.548
5.346666746338209,0.556
5.3600000798702245,0.566
5.373333413402239,0.567
5.386666746934255,0.556
5.4000000804662704,0.568
5.413333413998286,0.587
5.426666747530302,0.607
5.440000081062317,0.627
5.453333414594333,0.655
5.4666667481263485,0.7
5.480000081658363,0.723
5.493333415190379,0.751
5.506666748722394,0.782
5.52000008225441,0.791
5.533333415786426,0.789
5.546666749318441,0.771
5.560000082850457,0.763
5.573333416382472,0.773
5.586666749914487,0.742
5.600000083446503,0.739
5.613333416978518,0.725
5.626666750510534,0.706
5.6400000840425495,0.691
5.653333417574565,0.65
5.666666751106581,0.645
5.680000084638595,0.627
5.693333418170611,0.609
5.706666751702627,0.62
5.720000085234642,0.638
5.733333418766658,0.643
5.746666752298673,0.637
5.760000085830689,0.622
5.773333419362704,0.616
5.786666752894719,0.604
5.800000086426735,0.582
5.813333419958751,0.576
5.826666753490766,0.586
5.840000087022782,0.582
5.853333420554797,0.592
5.866666754086813,0.582
5.880000087618828,0.571
5.893333421150843,0.567
5.906666754682859,0.55
5.920000088214874,0.552
5.93333342174689,0.541
5.946666755278906,0.533
5.960000088810921,0.548
5.973333422342936,0.56
5.986666755874952,0.559
6.000000089406967,0.56
6.013333422938983,0.555
6.026666756470998,0.543
6.040000090003014,0.55
6.05333342353503,0.547
6.066666757067045,0.538
6.08000009059906,0.529
6.093333424131076,0.516
6.106666757663091,0.52
6.120000091195107,0.512
6.133333424727122,0.509
6.146666758259138,0.514
6.1600000917911535,0.508
6.173333425323168,0.501
6.186666758855184,0.502
6.200000092387199,0.509
6.213333425919215,0.512
6.226666759451231,0.479
6.240000092983246,0.484
6.253333426515262,0.486
6.266666760047277,0.486
6.280000093579292,0.487
6.293333427111308,0.465
6.306666760643323,0.476
6.320000094175339,0.489
6.3333334277073545,0.496
6.34666676123937,0.5
6.360000094771386,0.52
6.373333428303401,0.55
6.386666761835416,0.568
6.400000095367432,0.573
6.413333428899447,0.584
6.426666762431463,0.599
6.440000095963478,0.587
6.453333429495494,0.575
6.46666676302751,0.571
6.480000096559524,0.566
6.49333343009154,0.545
6.506666763623556,0.537
6.520000097155571,0.537
6.533333430687587,0.54
6.546666764219602,0.521
6.560000097751618,0.511
6.573333431283634,0.509
6.586666764815648,0.507
6.600000098347664,0.493
6.61333343187968,0.492
6.626666765411695,0.497
6.640000098943711,0.494
6.653333432475726,0.488
6.666666766007742,0.486
6.680000099539757,0.495
6.693333433071772,0.488
6.706666766603788,0.484
6.720000100135803,0.484
6.733333433667819,0.484
6.746666767199835,0.473
6.76000010073185,0.467
6.773333434263866,0.465
6.7866667677958805,0.464
6.800000101327896,0.441
6.813333434859912,0.448
6.826666768391927,0.466
6.840000101923943,0.484
6.853333435455959,0.497
6.866666768987974,0.513
6.880000102519989,0.522
6.893333436052004,0.529
6.90666676958402,0.546
6.920000103116036,0.575
6.933333436648051,0.578
6.946666770180067,0.58
6.960000103712082,0.589
6.973333437244098,0.597
6.986666770776113,0.591
7.000000104308128,0.563
7.013333437840144,0.558
7.02666677137216,0.56
7.040000104904175,0.566
7.053333438436191,0.581
7.066666771968206,0.606
7.080000105500221,0.614
7.093333439032237,0.614
7.106666772564252,0.618
7.120000106096268,0.633
7.133333439628284,0.645
7.146666773160299,0.646
7.160000106692315,0.643
7.17333344022433,0.638
7.186666773756345,0.624
7.200000107288361,0.624
7.213333440820376,0.616
7.226666774352392,0.609
7.240000107884407,0.611
7.253333441416423,0.606
7.266666774948439,0.628
7.280000108480453,0.638
7.293333442012469,0.641
7.306666775544484,0.659
7.3200001090765,0.669
7.333333442608516,0.666
7.346666776140531,0.672
7.360000109672547,0.683
7.373333443204562,0.698
7.386666776736577,0.669
7.400000110268593,0.66
7.413333443800608,0.663
7.426666777332624,0.67
7.44000011086464,0.653
7.453333444396655,0.632
7.466666777928671,0.624
7.480000111460685,0.612
7.493333444992701,0.592
7.506666778524717,0.59
7.520000112056732,0.579
7.533333445588748,0.57
7.546666779120764,0.564
7.560000112652779,0.562
7.573333446184795,0.566
7.5866667797168095,0.55
7.600000113248825,0.54
7.613333446780841,0.531
7.626666780312856,0.518
7.640000113844872,0.521
7.653333447376887,0.522
7.666666780908903,0.53
7.680000114440918,0.539
7.693333447972933,0.542
7.706666781504949,0.566
7.720000115036965,0.59
7.73333344856898,0.602
7.746666782100996,0.606
7.760000115633011,0.612
7.773333449165027,0.626
7.786666782697042,0.619
7.800000116229057,0.61
7.813333449761073,0.6
7.826666783293088,0.587
7.840000116825104,0.58
7.85333345035712,0.573
7.866666783889135,0.578
7.88000011742115,0.596
7.893333450953166,0.586
7.906666784485181,0.598
7.920000118017197,0.611
7.933333451549212,0.621
7.946666785081228,0.629
7.960000118613244,0.611
7.973333452145259,0.598
7.986666785677274,0.592
8.00000011920929,0.592
8.013333452741305,0.599
8.02666678627332,0.616
8.040000119805336,0.634
8.053333453337352,0.656
8.066666786869368,0.678
8.080000120401383,0.688
8.093333453933399,0.686
8.106666787465414,0.679
8.12000012099743,0.672
8.133333454529444,0.671
8.14666678806146,0.676
8.160000121593475,0.691
8.17333345512549,0.691
8.186666788657506,0.692
8.200000122189522,0.697
8.213333455721537,0.695
8.226666789253553,0.677
8.240000122785569,0.655
8.253333456317584,0.64
8.2666667898496,0.637
8.280000123381615,0.617
8.293333456913631,0.608
8.306666790445647,0.592
8.320000123977662,0.577
8.333333457509676,0.571
8.346666791041692,0.587
8.360000124573707,0.595
8.373333458105723,0.602
8.386666791637738,0.612
8.400000125169754,0.631
8.41333345870177,0.633
8.426666792233785,0.628
8.4400001257658,0.623
8.453333459297816,0.625
8.466666792829832,0.634
8.480000126361848,0.626
8.493333459893863,0.622
8.506666793425879,0.62
8.520000126957894,0.614
8.533333460489908,0.6
8.546666794021924,0.6
8.56000012755394,0.607
8.573333461085955,0.62
8.58666679461797,0.63
8.600000128149986,0.622
8.613333461682002,0.619
8.626666795214017,0.604
8.640000128746033,0.584
8.653333462278049,0.575
8.666666795810064,0.556
8.68000012934208,0.549
8.693333462874095,0.546
8.706666796406111,0.548
8.720000129938127,0.557
8.73333346347014,0.56
8.746666797002156,0.592
8.760000130534172,0.629
8.773333464066187,0.661
8.786666797598203,0.688
8.800000131130219,0.714
8.813333464662234,0.731
8.82666679819425,0.737
8.840000131726265,0.727
8.853333465258281,0.704
8.866666798790297,0.696
8.880000132322312,0.678
8.893333465854328,0.658
8.906666799386343,0.644
8.920000132918359,0.639
8.933333466450373,0.621
8.946666799982388,0.592
8.960000133514404,0.57
8.97333346704642,0.571
8.986666800578435,0.572
9.00000013411045,0.552
9.013333467642466,0.545
9.026666801174482,0.56
9.040000134706498,0.589
9.053333468238511,0.601
9.066666801770529,0.609
9.080000135302544,0.627
9.09333346883456,0.658
9.106666802366576,0.691
9.120000135898591,0.713
9.133333469430609,0.728
9.14666680296262,0.734
9.160000136494636,0.739
9.173333470026652,0.752
9.186666803558667,0.754
9.200000137090685,0.758
9.2133334706227,0.755
9.226666804154714,0.746
9.24000013768673,0.753
9.253333471218744,0.75
9.26666680475076,0.74
9.280000138282777,0.732
9.293333471814792,0.73
9.306666805346808,0.75
9.320000138878823,0.756
9.33333347241084,0.755
9.346666805942853,0.755
9.360000139474868,0.766
9.373333473006884,0.739
9.3866668065389,0.729
9.400000140070915,0.719
9.41333347360293,0.705
9.426666807134946,0.686
9.440000140666962,0.659
9.453333474198978,0.659
9.466666807730991,0.663
9.480000141263009,0.662
9.493333474795024,0.677
9.50666680832704,0.683
9.520000141859056,0.695
9.533333475391071,0.701
9.546666808923083,0.703
9.5600001424551,0.725
9.573333475987116,0.738
9.586666809519132,0.742
9.600000143051147,0.748
9.613333476583165,0.759
9.62666681011518,0.784
9.640000143647194,0.786
9.65333347717921,0.79
9.666666810711224,0.804
9.68000014424324,0.832
9.693333477775257,0.85
9.706666811307272,0.844
9.720000144839288,0.847
9.733333478371303,0.858
9.746666811903316,0.855
9.760000145435331,0.872
9.773333478967348,0.894
9.786666812499364,0.908
9.80000014603138,0.921
9.813333479563395,0.928
9.826666813095413,0.941
9.840000146627428,0.941
9.853333480159442,0.936
9.866666813691458,0.931
9.880000147223472,0.936
9.893333480755487,0.916
9.906666814287505,0.913
9.92000014781952,0.923
9.933333481351536,0.939
9.94666681488355,0.931
9.960000148415563,0.943
9.97333348194758,0.962
9.986666815479596,0.974
10.000000149011612,0.96
10.013333482543628,0.938
10.026666816075643,0.923
10.04000014960766,0.914
10.053333483139674,0.901
10.06666681667169,0.883
10.080000150203706,0.87
10.09333348373572,0.872
10.106666817267737,0.868
10.120000150799752,0.854
10.133333484331768,0.843
10.146666817863782,0.838
10.160000151395796,0.838
10.173333484927811,0.834
10.186666818459829,0.824
10.200000151991844,0.846
10.21333348552386,0.856
10.226666819055875,0.855
10.240000152587893,0.859
10.253333486119908,0.877
10.266666819651922,0.894
10.280000153183938,0.903
10.293333486715952,0.919
10.306666820247967,0.941
10.320000153779985,0.969
10.333333487312,0.966
10.346666820844014,0.979
10.36000015437603,0.988
10.373333487908043,0.99
10.38666682144006,0.984
10.400000154972076,0.985
10.413333488504092,0.973
10.426666822036108,0.95
10.440000155568123,0.925
10.45333348910014,0.915
10.466666822632154,0.911
10.48000015616417,0.898
10.493333489696186,0.885
10.5066668232282,0.88
10.520000156760217,0.885
10.533333490292232,0.884
10.546666823824246,0.884
10.560000157356262,0.886
10.573333490888276,0.888
10.586666824420291,0.877
10.600000157952309,0.887
10.613333491484324,0.887
10.62666682501634,0.873
10.640000158548355,0.844
10.653333492080373,0.832
10.666666825612388,0.841
10.680000159144402,0.836
10.693333492676418,0.817
10.706666826208432,0.812
10.720000159740447,0.822
10.733333493272465,0.828
10.746666826804478,0.835
10.760000160336494,0.85
10.77333349386851,0.871
10.786666827400524,0.91
10.80000016093254,0.935
10.813333494464556,0.956
10.826666827996572,0.971
10.840000161528588,0.966
10.853333495060603,0.983
10.86666682859262,0.976
10.880000162124634,0.971
10.89333349565665,0.989
10.906666829188666,1.001
10.92000016272068,1.02
10.933333496252695,1.028
10.94666682978471,1.031
10.960000163316726,1.05
10.973333496848742,1.066
10.986666830380758,1.087
11.000000163912771,1.11
11.013333497444789,1.134
11.026666830976804,1.155
11.04000016450882,1.194
11.053333498040836,1.208
11.066666831572851,1.211
11.080000165104869,1.21
11.093333498636882,1.214
11.106666832168898,1.215
11.120000165700914,1.212
11.13333349923293,1.203
11.146666832764945,1.19
11.16000016629696,1.177
11.173333499828974,1.146
11.18666683336099,1.123
11.200000166893004,1.099
11.21333350042502,1.07
11.226666833957037,1.054
11.240000167489052,1.041
11.253333501021068,1.041
11.266666834553083,1.057
11.2800001680851,1.08
11.293333501617116,1.078
11.30666683514913,1.087
11.320000168681146,1.103
11.33333350221316,1.116
11.346666835745175,1.116
11.36000016927719,1.074
11.373333502809206,1.062
11.386666836341222,1.061
11.400000169873238,1.06
11.413333503405251,1.054
11.426666836937269,1.066
11.440000170469284,1.087
11.4533335040013,1.101
11.466666837533316,1.1
11.480000171065331,1.088
11.493333504597349,1.079
11.506666838129362,1.062
11.520000171661378,1.048
11.533333505193394,1.039
11.546666838725407,1.034
11.560000172257425,1.031
11.57333350578944,1.03
