time_min,absorb_mau
0.0,0.0
0.0133333335320155,-0.001
0.026666667064031,-0.135
0.0400000005960465,-0.288
0.0533333341280619,-0.431
0.0666666676600774,-0.569
0.0800000011920929,-0.725
0.0933333347241084,-0.879
0.106666668256124,-0.975
0.120000001788139,-0.991
0.133333335320155,-1.056
0.14666666885217,-1.005
0.160000002384186,-0.916
0.173333335916201,-0.803
0.186666669448217,-0.68
0.200000002980232,-0.541
0.213333336512248,-0.326
0.226666670044263,-0.186
0.240000003576279,-0.134
0.253333337108294,-0.129
0.26666667064031,-0.156
0.280000004172325,-0.197
0.293333337704341,-0.269
0.306666671236356,-0.363
0.320000004768372,-0.43
0.333333338300387,-0.443
0.346666671832403,-0.467
0.360000005364418,-0.479
0.373333338896433,-0.466
0.386666672428449,-0.439
0.400000005960465,-0.46
0.41333333949248,-0.458
0.426666673024495,-0.429
0.440000006556511,-0.37
0.453333340088526,-0.314
0.466666673620542,-0.247
0.480000007152557,-0.153
0.493333340684573,-0.066
0.506666674216588,-0.022
0.520000007748604,-0.013
0.533333341280619,0.017
0.546666674812635,0.036
0.56000000834465,0.04
0.573333341876666,0.053
0.586666675408681,0.152
0.600000008940697,0.305
0.613333342472712,0.491
0.626666676004728,0.727
0.640000009536743,1.047
0.653333343068759,1.504
0.666666676600774,1.981
0.68000001013279,2.492
0.693333343664805,3.033
0.706666677196821,3.568
0.720000010728836,4.063
0.733333344260852,4.459
0.746666677792867,4.78
0.760000011324882,5.032
0.773333344856898,5.168
0.786666678388913,5.282
0.800000011920929,5.348
0.813333345452944,5.387
0.82666667898496,5.421
0.840000012516975,5.424
0.853333346048991,5.485
0.866666679581006,5.545
0.880000013113022,5.612
0.893333346645037,5.708
0.906666680177053,5.81
0.920000013709068,5.964
0.933333347241084,6.114
0.946666680773099,6.257
0.960000014305115,6.416
0.97333334783713,6.571
0.986666681369146,6.736
1.00000001490116,6.916
1.01333334843318,7.115
1.02666668196519,7.35
1.04000001549721,7.595
1.05333334902922,7.853
1.06666668256124,8.129
1.08000001609325,8.417
1.09333334962527,8.684
1.10666668315729,8.947
1.1200000166893,9.205
1.13333335022132,9.457
1.14666668375333,9.691
1.16000001728535,9.888
1.17333335081736,10.111
1.18666668434938,10.307
1.20000001788139,10.488
1.21333335141341,10.667
1.22666668494542,10.843
1.24000001847744,11.038
1.25333335200946,11.221
1.26666668554147,11.395
1.28000001907349,11.587
1.2933333526055,11.781
1.30666668613752,11.997
1.32000001966953,12.209
1.33333335320155,12.403
1.34666668673356,12.613
1.36000002026558,12.849
1.37333335379759,13.063
1.38666668732961,13.262
1.40000002086163,13.466
1.41333335439364,13.72
1.42666668792566,13.97
1.44000002145767,14.22
1.45333335498969,14.488
1.4666666885217,14.805
1.48000002205372,15.112
1.49333335558573,15.401
1.50666668911775,15.738
1.52000002264977,16.082
1.53333335618178,16.423
1.5466666897138,16.766
1.56000002324581,17.123
1.57333335677783,17.492
1.58666669030984,17.875
1.60000002384186,18.262
1.61333335737387,18.625
1.62666669090589,18.989
1.6400000244379,19.353
1.65333335796992,19.717
1.66666669150194,20.076
1.68000002503395,20.437
1.69333335856597,20.823
1.70666669209798,21.229
1.72000002563,21.644
1.73333335916201,22.06
1.74666669269403,22.509
1.76000002622604,22.937
1.77333335975806,23.364
1.78666669329007,23.804
1.80000002682209,24.222
1.81333336035411,24.679
1.82666669388612,25.121
1.84000002741814,25.567
1.85333336095015,26.034
1.86666669448217,26.508
1.88000002801418,26.979
1.8933333615462,27.439
1.90666669507821,27.892
1.92000002861023,28.349
1.93333336214225,28.779
1.94666669567426,29.206
1.96000002920628,29.635
1.97333336273829,30.064
1.98666669627031,30.482
2.00000002980232,30.903
2.01333336333434,31.32
2.02666669686635,31.744
2.04000003039837,32.169
2.05333336393038,32.566
2.0666666974624,32.957
2.08000003099442,33.356
2.09333336452643,33.746
2.10666669805845,34.126
2.12000003159046,34.483
2.13333336512248,34.864
2.14666669865449,35.247
2.16000003218651,35.64
2.17333336571852,36.042
2.18666669925054,36.45
2.20000003278255,36.845
2.21333336631457,37.247
2.22666669984659,37.66
2.2400000333786,38.077
2.25333336691062,38.43
2.26666670044263,38.792
2.28000003397465,39.163
2.29333336750666,39.529
2.30666670103868,39.869
2.32000003457069,40.201
2.33333336810271,40.536
2.34666670163472,40.867
2.36000003516674,41.192
2.37333336869876,41.507
2.38666670223077,41.787
2.40000003576279,42.066
2.4133333692948,42.345
2.42666670282682,42.626
2.44000003635883,42.881
2.45333336989085,43.106
2.46666670342286,43.338
2.48000003695488,43.568
2.4933333704869,43.778
2.50666670401891,43.964
2.52000003755093,44.16
2.53333337108294,44.354
2.54666670461496,44.54
2.56000003814697,44.717
2.57333337167899,44.906
2.586666705211,45.073
2.60000003874302,45.246
2.61333337227503,45.422
2.62666670580705,45.593
2.64000003933907,45.764
2.65333337287108,45.904
2.6666667064031,46.065
2.68000003993511,46.246
2.69333337346713,46.407
2.70666670699914,46.538
2.72000004053116,46.682
2.73333337406317,46.828
2.74666670759519,46.965
2.7600000411272,47.057
2.77333337465922,47.161
2.78666670819124,47.282
2.80000004172325,47.403
2.81333337525527,47.526
2.82666670878728,47.649
2.8400000423193,47.791
2.85333337585131,47.933
2.86666670938333,48.051
2.88000004291534,48.162
2.89333337644736,48.304
2.90666670997938,48.407
2.92000004351139,48.528
2.93333337704341,48.652
2.94666671057542,48.784
2.96000004410744,48.921
2.97333337763945,49.053
2.98666671117147,49.207
3.00000004470348,49.366
3.0133333782355,49.505
3.02666671176751,49.615
3.04000004529953,49.723
3.05333337883155,49.823
3.06666671236356,49.902
3.08000004589558,49.974
3.09333337942759,50.032
3.10666671295961,50.111
3.12000004649162,50.182
3.13333338002364,50.245
3.14666671355565,50.317
3.16000004708767,50.367
3.17333338061968,50.419
3.1866667141517,50.461
3.20000004768372,50.486
3.21333338121573,50.53
3.22666671474775,50.518
3.24000004827976,50.5
3.25333338181178,50.482
3.26666671534379,50.458
3.28000004887581,50.422
3.29333338240782,50.407
3.30666671593984,50.39
3.32000004947186,50.375
3.33333338300387,50.359
3.34666671653589,50.324
3.3600000500679,50.291
3.37333338359992,50.245
3.38666671713193,50.195
3.40000005066395,50.167
3.41333338419596,50.131
3.42666671772798,50.096
3.44000005125999,50.057
3.45333338479201,50.016
3.46666671832403,49.983
3.48000005185604,49.941
3.49333338538806,49.894
3.50666671892007,49.85
3.52000005245209,49.819
3.5333333859841,49.816
3.54666671951612,49.773
3.56000005304813,49.726
3.57333338658015,49.685
3.58666672011217,49.655
3.60000005364418,49.623
3.6133333871762,49.549
3.62666672070821,49.496
3.64000005424023,49.452
3.65333338777224,49.392
3.66666672130426,49.33
3.68000005483627,49.258
3.69333338836829,49.205
3.7066667219003,49.155
3.72000005543232,49.071
3.73333338896434,49.011
3.74666672249635,48.938
3.76000005602837,48.873
3.77333338956038,48.821
3.7866667230924,48.759
3.80000005662441,48.742
3.81333339015643,48.732
3.82666672368844,48.725
3.84000005722046,48.722
3.85333339075247,48.697
3.86666672428449,48.668
3.88000005781651,48.625
3.89333339134852,48.573
3.90666672488054,48.516
3.92000005841255,48.449
3.93333339194457,48.401
3.94666672547658,48.35
3.9600000590086,48.288
3.97333339254061,48.217
3.98666672607263,48.134
4.00000005960465,48.054
4.01333339313666,47.965
4.02666672666868,47.856
4.04000006020069,47.734
4.05333339373271,47.634
4.06666672726472,47.532
4.08000006079674,47.422
4.09333339432875,47.318
4.10666672786077,47.224
4.12000006139278,47.146
4.1333333949248,47.071
4.14666672845682,46.995
4.16000006198883,46.924
4.17333339552085,46.876
4.18666672905286,46.809
4.20000006258488,46.732
4.21333339611689,46.651
4.22666672964891,46.563
4.24000006318092,46.487
4.25333339671294,46.385
4.26666673024495,46.28
4.28000006377697,46.179
4.29333339730899,46.078
4.306666730841,45.978
4.32000006437302,45.86
4.33333339790503,45.741
4.34666673143705,45.625
4.36000006496906,45.502
4.37333339850108,45.334
4.38666673203309,45.183
4.40000006556511,45.044
4.41333339909713,44.892
4.42666673262914,44.703
4.44000006616116,44.535
4.45333339969317,44.381
4.46666673322519,44.231
4.4800000667572,44.072
4.49333340028922,43.903
4.50666673382123,43.776
4.52000006735325,43.637
4.53333340088526,43.496
4.54666673441728,43.362
4.5600000679493,43.215
4.57333340148131,43.072
4.58666673501333,42.929
4.60000006854534,42.787
4.61333340207736,42.646
4.62666673560937,42.492
4.64000006914139,42.343
4.6533334026734,42.189
4.66666673620542,42.042
4.68000006973743,41.915
4.69333340326945,41.763
4.70666673680147,41.625
4.72000007033348,41.509
4.7333334038655,41.388
4.74666673739751,41.233
4.76000007092953,41.042
4.77333340446154,40.874
4.78666673799356,40.694
4.80000007152557,40.499
4.81333340505759,40.302
4.82666673858961,40.102
4.84000007212162,39.914
4.85333340565364,39.72
4.86666673918565,39.516
4.88000007271767,39.352
4.89333340624968,39.132
4.9066667397817,38.933
4.92000007331371,38.752
4.93333340684573,38.572
4.94666674037774,38.397
4.96000007390976,38.217
4.97333340744178,38.047
4.98666674097379,37.885
5.00000007450581,37.724
5.01333340803782,37.566
5.02666674156984,37.396
5.04000007510185,37.229
5.05333340863387,37.066
5.06666674216588,36.909
5.0800000756979,36.752
5.09333340922991,36.577
5.10666674276193,36.425
5.12000007629395,36.295
5.13333340982596,36.15
5.14666674335798,35.966
5.16000007688999,35.787
5.17333341042201,35.62
5.18666674395402,35.462
5.20000007748604,35.283
5.21333341101805,35.102
5.22666674455007,34.937
5.24000007808209,34.79
5.2533334116141,34.648
5.26666674514612,34.488
5.28000007867813,34.338
5.29333341221015,34.205
5.30666674574216,34.094
5.32000007927418,34.002
5.33333341280619,33.902
5.34666674633821,33.829
5.36000007987022,33.763
5.37333341340224,33.693
5.38666674693426,33.619
5.40000008046627,33.528
5.41333341399829,33.428
5.4266667475303,33.326
5.44000008106232,33.231
5.45333341459433,33.136
5.46666674812635,33.022
5.48000008165836,32.937
5.49333341519038,32.847
5.50666674872239,32.741
5.52000008225441,32.614
5.53333341578643,32.478
5.54666674931844,32.329
5.56000008285046,32.17
5.57333341638247,31.976
5.58666674991449,31.817
5.6000000834465,31.655
5.61333341697852,31.468
5.62666675051053,31.287
5.64000008404255,31.128
5.65333341757457,30.998
5.66666675110658,30.863
5.6800000846386,30.731
5.69333341817061,30.602
5.70666675170263,30.478
5.72000008523464,30.36
5.73333341876666,30.224
5.74666675229867,30.086
5.76000008583069,29.96
5.7733334193627,29.854
5.78666675289472,29.724
5.80000008642674,29.597
5.81333341995875,29.468
5.82666675349077,29.335
5.84000008702278,29.195
5.8533334205548,29.014
5.86666675408681,28.874
5.88000008761883,28.74
5.89333342115084,28.588
5.90666675468286,28.44
5.92000008821487,28.286
5.93333342174689,28.147
5.94666675527891,28.002
5.96000008881092,27.832
5.97333342234294,27.667
5.98666675587495,27.507
6.00000008940697,27.35
6.01333342293898,27.191
6.026666756471,27.027
6.04000009000301,26.89
6.05333342353503,26.75
6.06666675706705,26.608
6.08000009059906,26.473
6.09333342413108,26.359
6.10666675766309,26.252
6.12000009119511,26.138
6.13333342472712,26.017
6.14666675825914,25.887
6.16000009179115,25.744
6.17333342532317,25.619
6.18666675885518,25.483
6.2000000923872,25.325
6.21333342591922,25.155
6.22666675945123,25.019
6.24000009298325,24.895
6.25333342651526,24.747
6.26666676004728,24.587
6.28000009357929,24.431
6.29333342711131,24.288
6.30666676064332,24.128
6.32000009417534,23.956
6.33333342770735,23.761
6.34666676123937,23.545
6.36000009477139,23.362
6.3733334283034,23.204
6.38666676183542,23.039
6.40000009536743,22.865
6.41333342889945,22.694
6.42666676243146,22.566
6.44000009596348,22.405
6.45333342949549,22.235
6.46666676302751,22.058
6.48000009655952,21.876
6.49333343009154,21.739
6.50666676362356,21.616
6.52000009715557,21.493
6.53333343068759,21.36
6.5466667642196,21.215
6.56000009775162,21.083
6.57333343128363,20.948
6.58666676481565,20.794
6.60000009834766,20.629
6.61333343187968,20.506
6.6266667654117,20.359
6.64000009894371,20.213
6.65333343247573,20.057
6.66666676600774,19.88
6.68000009953976,19.738
6.69333343307177,19.572
6.70666676660379,19.405
6.7200001001358,19.237
6.73333343366782,19.065
6.74666676719983,18.944
6.76000010073185,18.782
6.77333343426387,18.607
6.78666676779588,18.447
6.8000001013279,18.305
6.81333343485991,18.175
6.82666676839193,18.007
6.84000010192394,17.826
6.85333343545596,17.664
6.86666676898797,17.505
6.88000010251999,17.336
6.893333436052,17.175
6.90666676958402,17.019
6.92000010311604,16.857
6.93333343664805,16.699
6.94666677018007,16.556
6.96000010371208,16.38
6.9733334372441,16.192
6.98666677077611,15.992
7.00000010430813,15.842
7.01333343784014,15.67
7.02666677137216,15.492
7.04000010490418,15.3
7.05333343843619,15.105
7.06666677196821,14.953
7.08000010550022,14.763
7.09333343903224,14.568
7.10666677256425,14.375
7.12000010609627,14.177
7.13333343962828,14.022
7.1466667731603,13.842
7.16000010669232,13.669
7.17333344022433,13.51
7.18666677375635,13.356
7.20000010728836,13.228
7.21333344082038,13.104
7.22666677435239,12.975
7.24000010788441,12.841
7.25333344141642,12.701
7.26666677494844,12.555
7.28000010848045,12.384
7.29333344201247,12.208
7.30666677554448,12.041
7.3200001090765,11.887
7.33333344260852,11.723
7.34666677614053,11.562
7.36000010967255,11.407
7.37333344320456,11.262
7.38666677673658,11.11
7.40000011026859,10.967
7.41333344380061,10.83
7.42666677733262,10.686
7.44000011086464,10.532
7.45333344439666,10.405
7.46666677792867,10.259
7.48000011146069,10.106
7.4933334449927,9.945
7.50666677852472,9.774
7.52000011205673,9.653
7.53333344558875,9.497
7.54666677912076,9.352
7.56000011265278,9.233
7.5733334461848,9.123
7.58666677971681,8.997
7.60000011324883,8.88
7.61333344678084,8.772
7.62666678031286,8.677
7.64000011384487,8.556
7.65333344737689,8.428
7.6666667809089,8.316
7.68000011444092,8.214
7.69333344797293,8.107
7.70666678150495,8.011
7.72000011503696,7.921
7.73333344856898,7.836
7.746666782101,7.743
7.76000011563301,7.636
7.77333344916503,7.536
7.78666678269704,7.416
7.80000011622906,7.287
7.81333344976107,7.151
7.82666678329309,7.011
7.8400001168251,6.894
7.85333345035712,6.765
7.86666678388914,6.645
7.88000011742115,6.541
7.89333345095317,6.439
7.90666678448518,6.345
7.9200001180172,6.234
7.93333345154921,6.125
7.94666678508123,6.02
7.96000011861324,5.916
7.97333345214526,5.85
7.98666678567727,5.78
8.00000011920929,5.707
8.01333345274131,5.64
8.02666678627332,5.591
8.04000011980534,5.523
8.05333345333735,5.439
8.06666678686937,5.335
8.08000012040138,5.227
8.0933334539334,5.171
8.10666678746541,5.059
8.12000012099743,4.95
8.13333345452944,4.853
8.14666678806146,4.751
8.16000012159348,4.694
8.17333345512549,4.603
8.18666678865751,4.508
8.20000012218952,4.427
8.21333345572154,4.351
8.22666678925355,4.276
8.24000012278557,4.184
8.25333345631758,4.084
8.2666667898496,3.994
8.28000012338162,3.926
8.29333345691363,3.847
8.30666679044565,3.776
8.32000012397766,3.715
8.33333345750968,3.661
8.34666679104169,3.632
8.36000012457371,3.592
8.37333345810572,3.556
8.38666679163774,3.516
8.40000012516975,3.46
8.41333345870177,3.427
8.42666679223379,3.378
8.4400001257658,3.318
8.45333345929782,3.264
8.46666679282983,3.213
8.48000012636185,3.195
8.49333345989386,3.134
8.50666679342588,3.062
8.52000012695789,3.004
8.53333346048991,2.968
8.54666679402192,2.901
8.56000012755394,2.824
8.57333346108596,2.774
8.58666679461797,2.748
8.60000012814999,2.702
8.613333461682,2.651
8.62666679521402,2.595
8.64000012874603,2.545
8.65333346227805,2.494
8.66666679581006,2.41
8.68000012934208,2.358
8.6933334628741,2.29
8.70666679640611,2.228
8.72000012993813,2.187
8.73333346347014,2.154
8.74666679700216,2.091
8.76000013053417,2.041
8.77333346406619,2.017
8.7866667975982,2.02
8.80000013113022,2.019
8.81333346466223,1.996
8.82666679819425,1.984
8.84000013172627,1.979
8.85333346525828,1.938
8.8666667987903,1.884
8.88000013232231,1.821
8.89333346585433,1.749
8.90666679938634,1.68
8.92000013291836,1.62
8.93333346645037,1.585
8.94666679998239,1.538
8.9600001335144,1.494
8.97333346704642,1.463
8.98666680057844,1.456
9.00000013411045,1.471
9.01333346764247,1.46
9.02666680117448,1.439
9.0400001347065,1.422
9.05333346823851,1.41
9.06666680177053,1.4
9.08000013530254,1.359
9.09333346883456,1.31
9.10666680236658,1.283
9.12000013589859,1.272
9.13333346943061,1.26
9.14666680296262,1.233
9.16000013649464,1.199
9.17333347002665,1.182
9.18666680355867,1.187
9.20000013709068,1.19
9.2133334706227,1.184
9.22666680415471,1.17
9.24000013768673,1.16
9.25333347121875,1.159
9.26666680475076,1.141
9.28000013828278,1.127
9.29333347181479,1.119
9.30666680534681,1.099
9.32000013887882,1.077
9.33333347241084,1.061
9.34666680594285,1.048
9.36000013947487,1.029
9.37333347300688,0.955
9.3866668065389,0.905
9.40000014007092,0.873
9.41333347360293,0.843
9.42666680713495,0.795
9.44000014066696,0.731
9.45333347419898,0.716
9.46666680773099,0.708
9.48000014126301,0.693
9.49333347479502,0.668
9.50666680832704,0.655
9.52000014185906,0.661
9.53333347539107,0.647
9.54666680892309,0.619
9.5600001424551,0.601
9.57333347598712,0.592
9.58666680951913,0.562
9.60000014305115,0.534
9.61333347658316,0.518
9.62666681011518,0.521
9.64000014364719,0.478
9.65333347717921,0.443
9.66666681071123,0.423
9.68000014424324,0.422
9.69333347777526,0.425
9.70666681130727,0.395
9.72000014483929,0.398
9.7333334783713,0.418
9.74666681190332,0.43
9.76000014543533,0.425
9.77333347896735,0.415
9.78666681249936,0.428
9.80000014603138,0.445
9.8133334795634,0.435
9.82666681309541,0.414
9.84000014662743,0.407
9.85333348015944,0.408
9.86666681369146,0.405
9.88000014722347,0.394
9.89333348075549,0.421
9.9066668142875,0.445
9.92000014781952,0.472
9.93333348135154,0.501
9.94666681488355,0.522
9.96000014841557,0.531
9.97333348194758,0.524
9.9866668154796,0.513
10.0000001490116,0.509
10.0133334825436,0.504
10.0266668160756,0.487
10.0400001496077,0.471
10.0533334831397,0.448
10.0666668166717,0.419
10.0800001502037,0.403
10.0933334837357,0.372
10.1066668172677,0.35
10.1200001507998,0.325
10.1333334843318,0.296
10.1466668178638,0.3
10.1600001513958,0.29
10.1733334849278,0.289
10.1866668184598,0.288
10.2000001519918,0.266
10.2133334855239,0.286
10.2266668190559,0.307
10.2400001525879,0.314
10.2533334861199,0.311
10.2666668196519,0.301
10.2800001531839,0.302
10.293333486716,0.277
10.306666820248,0.234
10.32000015378,0.187
10.333333487312,0.172
10.346666820844,0.175
10.360000154376,0.179
10.373333487908,0.183
10.3866668214401,0.192
10.4000001549721,0.217
10.4133334885041,0.225
10.4266668220361,0.212
10.4400001555681,0.185
10.4533334891001,0.16
10.4666668226322,0.172
10.4800001561642,0.148
10.4933334896962,0.132
10.5066668232282,0.131
10.5200001567602,0.139
10.5333334902922,0.143
10.5466668238242,0.156
10.5600001573563,0.178
10.5733334908883,0.198
10.5866668244203,0.19
10.6000001579523,0.196
10.6133334914843,0.196
10.6266668250163,0.185
10.6400001585484,0.167
10.6533334920804,0.161
10.6666668256124,0.174
10.6800001591444,0.181
10.6933334926764,0.193
10.7066668262084,0.216
10.7200001597404,0.212
10.7333334932725,0.206
10.7466668268045,0.195
10.7600001603365,0.178
10.7733334938685,0.149
10.7866668274005,0.116
10.8000001609325,0.107
10.8133334944646,0.113
10.8266668279966,0.127
10.8400001615286,0.143
10.8533334950606,0.142
10.8666668285926,0.147
10.8800001621246,0.154
10.8933334956567,0.156
10.9066668291887,0.141
10.9200001627207,0.124
10.9333334962527,0.13
10.9466668297847,0.139
10.9600001633167,0.148
10.9733334968487,0.171
10.9866668303808,0.202
11.0000001639128,0.211
11.0133334974448,0.222
11.0266668309768,0.234
11.0400001645088,0.226
11.0533334980408,0.221
11.0666668315729,0.188
11.0800001651049,0.167
11.0933334986369,0.177
11.1066668321689,0.171
11.1200001657009,0.178
11.1333334992329,0.176
11.1466668327649,0.174
11.160000166297,0.192
11.173333499829,0.203
11.186666833361,0.203
11.200000166893,0.204
11.213333500425,0.199
11.226666833957,0.174
11.2400001674891,0.133
11.2533335010211,0.095
11.2666668345531,0.055
11.2800001680851,0.013
11.2933335016171,-0.036
11.3066668351491,-0.06
11.3200001686811,-0.052
11.3333335022132,-0.054
11.3466668357452,-0.078
11.3600001692772,-0.096
11.3733335028092,-0.085
11.3866668363412,-0.083
11.4000001698732,-0.093
11.4133335034053,-0.113
11.4266668369373,-0.109
11.4400001704693,-0.069
11.4533335040013,-0.075
11.4666668375333,-0.089
11.4800001710653,-0.077
11.4933335045973,-0.045
11.5066668381294,-0.029
11.5200001716614,-0.049
11.5333335051934,-0.077
11.5466668387254,-0.067
11.5600001722574,-0.096
11.5733335057894,-0.133
11.5866668393215,-0.139
11.6000001728535,-0.127
11.6133335063855,-0.122
11.6266668399175,-0.115
11.6400001734495,-0.106
11.6533335069815,-0.093
11.6666668405135,-0.094
11.6800001740456,-0.145
11.6933335075776,-0.173
11.7066668411096,-0.183
11.7200001746416,-0.182
11.7333335081736,-0.174
11.7466668417056,-0.189
11.7600001752377,-0.182
11.7733335087697,-0.153
11.7866668423017,-0.133
11.8000001758337,-0.143
11.8133335093657,-0.164
11.8266668428977,-0.16
11.8400001764297,-0.143
11.8533335099618,-0.127
11.8666668434938,-0.129
11.8800001770258,-0.111
11.8933335105578,-0.064
11.9066668440898,-0.034
11.9200001776218,-0.023
11.9333335111539,-0.021
11.9466668446859,-0.021
11.9600001782179,-0.006
11.9733335117499,-0.016
11.9866668452819,-0.046
12.0000001788139,-0.044
12.013333512346,-0.071
12.026666845878,-0.066
12.04000017941,-0.061
12.053333512942,-0.069
12.066666846474,-0.074
12.080000180006,-0.096
12.093333513538,-0.084
12.1066668470701,-0.075
12.1200001806021,-0.101
12.1333335141341,-0.112
12.1466668476661,-0.125
12.1600001811981,-0.129
12.1733335147301,-0.142
12.1866668482622,-0.182
12.2000001817942,-0.192
12.2133335153262,-0.206
12.2266668488582,-0.199
12.2400001823902,-0.18
12.2533335159222,-0.174
12.2666668494542,-0.137
12.2800001829863,-0.109
12.2933335165183,-0.109
12.3066668500503,-0.126
12.3200001835823,-0.136
12.3333335171143,-0.138
12.3466668506463,-0.144
12.3600001841784,-0.15
12.3733335177104,-0.148
12.3866668512424,-0.116
12.4000001847744,-0.087
12.4133335183064,-0.086
12.4266668518384,-0.087
12.4400001853704,-0.083
12.4533335189025,-0.112
12.4666668524345,-0.113
12.4800001859665,-0.138
12.4933335194985,-0.146
12.5066668530305,-0.11
12.5200001865625,-0.121
12.5333335200946,-0.11
12.5466668536266,-0.097
12.5600001871586,-0.085
12.5733335206906,-0.068
12.5866668542226,-0.103
12.6000001877546,-0.091
12.6133335212866,-0.081
12.6266668548187,-0.084
12.6400001883507,-0.097
12.6533335218827,-0.09
12.6666668554147,-0.066
12.6800001889467,-0.064
12.6933335224787,-0.088
12.7066668560108,-0.103
12.7200001895428,-0.1
12.7333335230748,-0.097
12.7466668566068,-0.096
12.7600001901388,-0.092
12.7733335236708,-0.058
12.7866668572028,-0.03
12.8000001907349,-0.015
12.8133335242669,-0.007
12.8266668577989,-0.004
12.8400001913309,-0.023
12.8533335248629,-0.033
12.8666668583949,-0.051
12.880000191927,-0.057
12.893333525459,-0.042
12.906666858991,-0.048
12.920000192523,-0.047
12.933333526055,-0.054
12.946666859587,-0.068
12.960000193119,-0.069
12.9733335266511,-0.098
12.9866668601831,-0.114
13.0000001937151,-0.115
13.0133335272471,-0.11
13.0266668607791,-0.113
13.0400001943111,-0.103
13.0533335278432,-0.1
13.0666668613752,-0.101
13.0800001949072,-0.109
13.0933335284392,-0.125
13.1066668619712,-0.13
13.1200001955032,-0.149
13.1333335290353,-0.155
13.1466668625673,-0.139
13.1600001960993,-0.151
13.1733335296313,-0.155
13.1866668631633,-0.13
13.2000001966953,-0.088
13.2133335302273,-0.04
13.2266668637594,-0.026
13.2400001972914,0.027
13.2533335308234,0.074
13.2666668643554,0.094
13.2800001978874,0.079
13.2933335314194,0.105
13.3066668649515,0.127
13.3200001984835,0.13
13.3333335320155,0.114
13.3466668655475,0.101
13.3600001990795,0.137
13.3733335326115,0.134
13.3866668661435,0.12
13.4000001996756,0.115
13.4133335332076,0.123
13.4266668667396,0.142
13.4400002002716,0.15
13.4533335338036,0.157
13.4666668673356,0.169
13.4800002008677,0.156
13.4933335343997,0.149
13.5066668679317,0.147
13.5200002014637,0.143
13.5333335349957,0.138
13.5466668685277,0.155
13.5600002020597,0.177
13.5733335355918,0.199
13.5866668691238,0.221
13.6000002026558,0.246
13.6133335361878,0.259
13.6266668697198,0.236
13.6400002032518,0.214
13.6533335367839,0.202
13.6666668703159,0.183
13.6800002038479,0.17
13.6933335373799,0.138
13.7066668709119,0.119
13.7200002044439,0.116
13.733333537976,0.106
13.746666871508,0.106
13.76000020504,0.081
13.773333538572,0.051
13.786666872104,0.036
13.800000205636,0.023
13.813333539168,-0.001
13.8266668727001,-0.01
13.8400002062321,-0.015
13.8533335397641,-0.027
13.8666668732961,-0.046
13.8800002068281,-0.042
13.8933335403601,-0.044
13.9066668738921,-0.051
13.9200002074242,-0.073
13.9333335409562,-0.046
13.9466668744882,-0.02
13.9600002080202,-0.014
13.9733335415522,-0.024
13.9866668750842,-0.012
14.0000002086163,-0.016
14.0133335421483,-0.01
14.0266668756803,-0.019
14.0400002092123,-0.031
14.0533335427443,-0.034
14.0666668762763,-0.044
14.0800002098084,-0.032
14.0933335433404,-0.029
14.1066668768724,-0.049
14.1200002104044,-0.048
14.1333335439364,-0.056
14.1466668774684,-0.071
14.1600002110004,-0.096
14.1733335445325,-0.132
14.1866668780645,-0.147
14.2000002115965,-0.157
14.2133335451285,-0.154
14.2266668786605,-0.145
14.2400002121925,-0.131
14.2533335457246,-0.118
14.2666668792566,-0.132
14.2800002127886,-0.141
14.2933335463206,-0.14
14.3066668798526,-0.152
14.3200002133846,-0.197
14.3333335469166,-0.233
14.3466668804487,-0.268
14.3600002139807,-0.29
14.3733335475127,-0.297
14.3866668810447,-0.332
14.4000002145767,-0.321
14.4133335481087,-0.301
14.4266668816408,-0.281
14.4400002151728,-0.239
14.4533335487048,-0.233
14.4666668822368,-0.223
14.4800002157688,-0.212
14.4933335493008,-0.215
14.5066668828328,-0.228
14.5200002163649,-0.275
14.5333335498969,-0.288
14.5466668834289,-0.289
14.5600002169609,-0.301
14.5733335504929,-0.326
14.5866668840249,-0.292
14.600000217557,-0.252
14.613333551089,-0.235
14.626666884621,-0.267
14.640000218153,-0.248
14.653333551685,-0.244
14.666666885217,-0.27
14.680000218749,-0.308
14.6933335522811,-0.307
14.7066668858131,-0.278
14.7200002193451,-0.26
14.7333335528771,-0.252
14.7466668864091,-0.246
14.7600002199411,-0.239
14.7733335534732,-0.242
14.7866668870052,-0.259
14.8000002205372,-0.283
14.8133335540692,-0.313
14.8266668876012,-0.34
14.8400002211332,-0.34
14.8533335546652,-0.356
14.8666668881973,-0.37
14.8800002217293,-0.366
14.8933335552613,-0.367
14.9066668887933,-0.369
14.9200002223253,-0.384
14.9333335558573,-0.396
14.9466668893894,-0.384
14.9600002229214,-0.387
14.9733335564534,-0.386
14.9866668899854,-0.357
15.0000002235174,-0.32
15.0133335570494,-0.299
15.0266668905814,-0.301
15.0400002241135,-0.305
15.0533335576455,-0.305
15.0666668911775,-0.309
15.0800002247095,-0.341
15.0933335582415,-0.326
15.1066668917735,-0.31
15.1200002253056,-0.311
15.1333335588376,-0.322
15.1466668923696,-0.33
15.1600002259016,-0.348
15.1733335594336,-0.366
15.1866668929656,-0.385
15.2000002264977,-0.4
15.2133335600297,-0.383
15.2266668935617,-0.429
15.2400002270937,-0.448
15.2533335606257,-0.449
15.2666668941577,-0.457
15.2800002276897,-0.482
15.2933335612218,-0.495
15.3066668947538,-0.474
15.3200002282858,-0.429
15.3333335618178,-0.402
15.3466668953498,-0.408
15.3600002288818,-0.399
15.3733335624139,-0.393
15.3866668959459,-0.401
15.4000002294779,-0.42
15.4133335630099,-0.45
15.4266668965419,-0.45
15.4400002300739,-0.437
15.4533335636059,-0.427
15.466666897138,-0.424
15.48000023067,-0.403
15.493333564202,-0.377
15.506666897734,-0.364
15.520000231266,-0.372
15.533333564798,-0.377
15.5466668983301,-0.371
15.5600002318621,-0.379
15.5733335653941,-0.394
15.5866668989261,-0.41
15.6000002324581,-0.434
15.6133335659901,-0.429
15.6266668995221,-0.442
15.6400002330542,-0.463
15.6533335665862,-0.473
15.6666669001182,-0.483
15.6800002336502,-0.473
15.6933335671822,-0.481
15.7066669007142,-0.492
15.7200002342463,-0.455
15.7333335677783,-0.432
15.7466669013103,-0.407
15.7600002348423,-0.409
15.7733335683743,-0.424
15.7866669019063,-0.397
15.8000002354383,-0.42
15.8133335689704,-0.443
15.8266669025024,-0.474
15.8400002360344,-0.512
15.8533335695664,-0.507
15.8666669030984,-0.518
15.8800002366304,-0.538
15.8933335701625,-0.547
15.9066669036945,-0.543
