time_min,absorb_mau
0.0,0.0
0.0100000001490116,0.001
0.0200000002980232,-0.007
0.0300000004470348,-0.026
0.0400000005960465,-0.032
0.0500000007450581,-0.036
0.0600000008940697,-0.042
0.0700000010430813,-0.054
0.0800000011920929,-0.07
0.0900000013411045,-0.094
0.100000001490116,-0.116
0.110000001639128,-0.108
0.120000001788139,-0.107
0.130000001937151,-0.119
0.140000002086163,-0.13
0.150000002235174,-0.142
0.160000002384186,-0.151
0.170000002533197,-0.147
0.180000002682209,-0.12
0.190000002831221,-0.126
0.200000002980232,-0.144
0.210000003129244,-0.151
0.220000003278255,-0.159
0.230000003427267,-0.169
0.240000003576279,-0.177
0.25000000372529,-0.183
0.260000003874302,-0.208
0.270000004023314,-0.233
0.280000004172325,-0.237
0.290000004321337,-0.24
0.300000004470348,-0.243
0.31000000461936,-0.233
0.320000004768372,-0.219
0.330000004917383,-0.192
0.340000005066395,-0.173
0.350000005215406,-0.159
0.360000005364418,-0.144
0.37000000551343,-0.13
0.380000005662441,-0.13
0.390000005811453,-0.14
0.400000005960465,-0.16
0.410000006109476,-0.17
0.420000006258488,-0.181
0.430000006407499,-0.191
0.440000006556511,-0.201
0.450000006705523,-0.211
0.460000006854534,-0.218
0.470000007003546,-0.223
0.480000007152557,-0.212
0.490000007301569,-0.202
0.500000007450581,-0.198
0.510000007599592,-0.201
0.520000007748604,-0.205
0.530000007897615,-0.202
0.540000008046627,-0.197
0.550000008195639,-0.19
0.56000000834465,-0.182
0.570000008493662,-0.174
0.580000008642674,-0.167
0.590000008791685,-0.145
0.600000008940697,-0.081
0.610000009089708,-0.008
0.62000000923872,0.068
0.630000009387732,0.221
0.640000009536743,0.398
0.650000009685755,0.629
0.660000009834766,0.913
0.670000009983778,1.229
0.68000001013279,1.633
0.690000010281801,2.084
0.700000010430813,2.684
0.710000010579824,3.356
0.720000010728836,4.074
0.730000010877848,4.926
0.740000011026859,5.834
0.750000011175871,6.876
0.760000011324882,8.021
0.770000011473894,9.238
0.780000011622906,10.565
0.790000011771917,11.931
0.800000011920929,13.424
0.810000012069941,15.013
0.820000012218952,16.666
0.830000012367964,18.399
0.840000012516975,20.148
0.850000012665987,21.987
0.860000012814999,23.896
0.87000001296401,25.838
0.880000013113022,27.871
0.890000013262033,29.895
0.900000013411045,31.952
0.910000013560057,34.042
0.920000013709068,36.135
0.93000001385808,38.246
0.940000014007092,40.291
0.950000014156103,42.34
0.960000014305115,44.369
0.970000014454126,46.283
0.980000014603138,48.218
0.99000001475215,50.089
1.00000001490116,51.909
1.01000001505017,53.7
1.02000001519918,55.378
1.0300000153482,57.024
1.04000001549721,58.564
1.05000001564622,60.067
1.06000001579523,61.531
1.07000001594424,62.843
1.08000001609325,64.129
1.09000001624227,65.324
1.10000001639128,66.44
1.11000001654029,67.513
1.1200000166893,68.48
1.13000001683831,69.402
1.14000001698732,70.207
1.15000001713634,70.94
1.16000001728535,71.631
1.17000001743436,72.222
1.18000001758337,72.775
1.19000001773238,73.238
1.20000001788139,73.676
1.21000001803041,74.086
1.22000001817942,74.422
1.23000001832843,74.743
1.24000001847744,75.016
1.25000001862645,75.24
1.26000001877546,75.423
1.27000001892447,75.621
1.28000001907349,75.803
1.2900000192225,75.921
1.30000001937151,76.014
1.31000001952052,76.088
1.32000001966953,76.157
1.33000001981854,76.226
1.34000001996756,76.295
1.35000002011657,76.349
1.36000002026558,76.384
1.37000002041459,76.388
1.3800000205636,76.383
1.39000002071261,76.371
1.40000002086163,76.337
1.41000002101064,76.276
1.42000002115965,76.183
1.43000002130866,76.079
1.44000002145767,75.956
1.45000002160668,75.827
1.4600000217557,75.697
1.47000002190471,75.556
1.48000002205372,75.423
1.49000002220273,75.273
1.50000002235174,75.113
1.51000002250075,74.943
1.52000002264977,74.763
1.53000002279878,74.584
1.54000002294779,74.391
1.5500000230968,74.189
1.56000002324581,73.971
1.57000002339482,73.748
1.58000002354383,73.533
1.59000002369285,73.27
1.60000002384186,73.016
1.61000002399087,72.77
1.62000002413988,72.498
1.63000002428889,72.22
1.6400000244379,71.941
1.65000002458692,71.651
1.66000002473593,71.356
1.67000002488494,71.043
1.68000002503395,70.755
1.69000002518296,70.434
1.70000002533197,70.115
1.71000002548099,69.786
1.72000002563,69.462
1.73000002577901,69.114
1.74000002592802,68.785
1.75000002607703,68.456
1.76000002622604,68.123
1.77000002637506,67.763
1.78000002652407,67.425
1.79000002667308,67.054
1.80000002682209,66.694
1.8100000269711,66.337
1.82000002712011,65.998
1.83000002726913,65.648
1.84000002741814,65.285
1.85000002756715,64.924
1.86000002771616,64.59
1.87000002786517,64.225
1.88000002801418,63.886
1.89000002816319,63.53
1.90000002831221,63.185
1.91000002846122,62.785
1.92000002861023,62.397
1.93000002875924,62.03
1.94000002890825,61.65
1.95000002905726,61.271
1.96000002920628,60.914
1.97000002935529,60.56
1.9800000295043,60.224
1.99000002965331,59.856
2.00000002980232,59.508
2.01000002995133,59.164
2.02000003010035,58.827
2.03000003024936,58.449
2.04000003039837,58.073
2.05000003054738,57.667
2.06000003069639,57.259
2.0700000308454,56.851
2.08000003099442,56.486
2.09000003114343,56.085
2.10000003129244,55.704
2.11000003144145,55.327
2.12000003159046,54.969
2.13000003173947,54.609
2.14000003188848,54.261
2.1500000320375,53.891
2.16000003218651,53.499
2.17000003233552,53.1
2.18000003248453,52.737
2.19000003263354,52.337
2.20000003278255,51.954
2.21000003293157,51.571
2.22000003308058,51.195
2.23000003322959,50.817
2.2400000333786,50.443
2.25000003352761,50.099
2.26000003367662,49.736
2.27000003382564,49.374
2.28000003397465,49.015
2.29000003412366,48.657
2.30000003427267,48.304
2.31000003442168,47.959
2.32000003457069,47.631
2.33000003471971,47.289
2.34000003486872,46.942
2.35000003501773,46.599
2.36000003516674,46.26
2.37000003531575,45.939
2.38000003546476,45.613
2.39000003561378,45.29
2.40000003576279,44.981
2.4100000359118,44.662
2.42000003606081,44.349
2.43000003620982,44.026
2.44000003635883,43.709
2.45000003650784,43.394
2.46000003665686,43.076
2.47000003680587,42.766
2.48000003695488,42.431
2.49000003710389,42.091
2.5000000372529,41.766
2.51000003740191,41.447
2.52000003755093,41.156
2.53000003769994,40.837
2.54000003784895,40.511
2.55000003799796,40.177
2.56000003814697,39.851
2.57000003829598,39.555
2.580000038445,39.257
2.59000003859401,38.966
2.60000003874302,38.664
2.61000003889203,38.369
2.62000003904104,38.098
2.63000003919005,37.811
2.64000003933907,37.526
2.65000003948808,37.218
2.66000003963709,36.905
2.6700000397861,36.596
2.68000003993511,36.285
2.69000004008412,35.986
2.70000004023314,35.665
2.71000004038215,35.35
2.72000004053116,35.072
2.73000004068017,34.786
2.74000004082918,34.505
2.75000004097819,34.234
2.7600000411272,33.967
2.77000004127622,33.715
2.78000004142523,33.452
2.79000004157424,33.186
2.80000004172325,32.912
2.81000004187226,32.648
2.82000004202127,32.374
2.83000004217029,32.098
2.8400000423193,31.815
2.85000004246831,31.547
2.86000004261732,31.288
2.87000004276633,31.033
2.88000004291534,30.772
2.89000004306436,30.511
2.90000004321337,30.255
2.91000004336238,30.016
2.92000004351139,29.781
2.9300000436604,29.523
2.94000004380941,29.251
2.95000004395843,28.977
2.96000004410744,28.723
2.97000004425645,28.458
2.98000004440546,28.2
2.99000004455447,27.944
3.00000004470348,27.692
3.0100000448525,27.425
3.02000004500151,27.159
3.03000004515052,26.903
3.04000004529953,26.675
3.05000004544854,26.434
3.06000004559755,26.196
3.07000004574656,25.965
3.08000004589558,25.737
3.09000004604459,25.515
3.1000000461936,25.31
3.11000004634261,25.133
3.12000004649162,24.926
3.13000004664063,24.712
3.14000004678965,24.509
3.15000004693866,24.306
3.16000004708767,24.115
3.17000004723668,23.908
3.18000004738569,23.698
3.1900000475347,23.491
3.20000004768372,23.28
3.21000004783273,23.076
3.22000004798174,22.867
3.23000004813075,22.661
3.24000004827976,22.463
3.25000004842877,22.266
3.26000004857779,22.083
3.2700000487268,21.874
3.28000004887581,21.659
3.29000004902482,21.469
3.30000004917383,21.275
3.31000004932284,21.087
3.32000004947186,20.885
3.33000004962087,20.68
3.34000004976988,20.475
3.35000004991889,20.276
3.3600000500679,20.099
3.37000005021691,19.924
3.38000005036592,19.756
3.39000005051494,19.592
3.40000005066395,19.439
3.41000005081296,19.315
3.42000005096197,19.182
3.43000005111098,19.05
3.44000005125999,18.913
3.45000005140901,18.774
3.46000005155802,18.633
3.47000005170703,18.484
3.48000005185604,18.339
3.49000005200505,18.179
3.50000005215406,18.018
3.51000005230308,17.87
3.52000005245209,17.729
3.5300000526011,17.601
3.54000005275011,17.468
3.55000005289912,17.335
3.56000005304813,17.212
3.57000005319715,17.08
3.58000005334616,16.941
3.59000005349517,16.807
3.60000005364418,16.678
3.61000005379319,16.558
3.6200000539422,16.424
3.63000005409122,16.278
3.64000005424023,16.141
3.65000005438924,16.014
3.66000005453825,15.89
3.67000005468726,15.76
3.68000005483627,15.613
3.69000005498528,15.46
3.7000000551343,15.304
3.71000005528331,15.167
3.72000005543232,15.032
3.73000005558133,14.891
3.74000005573034,14.748
3.75000005587935,14.611
3.76000005602837,14.49
3.77000005617738,14.376
3.78000005632639,14.256
3.7900000564754,14.131
3.80000005662441,14.007
3.81000005677342,13.882
3.82000005692244,13.756
3.83000005707145,13.638
3.84000005722046,13.51
3.85000005736947,13.378
3.86000005751848,13.253
3.87000005766749,13.134
3.88000005781651,13.046
3.89000005796552,12.946
3.90000005811453,12.835
3.91000005826354,12.729
3.92000005841255,12.628
3.93000005856156,12.569
3.94000005871057,12.493
3.95000005885959,12.39
3.9600000590086,12.285
3.97000005915761,12.181
3.98000005930662,12.098
3.99000005945563,12.007
4.00000005960465,11.897
4.01000005975366,11.777
4.02000005990267,11.647
4.03000006005168,11.532
4.04000006020069,11.419
4.0500000603497,11.295
4.06000006049872,11.176
4.07000006064773,11.066
4.08000006079674,10.982
4.09000006094575,10.902
4.10000006109476,10.8
4.11000006124377,10.704
4.12000006139278,10.619
4.1300000615418,10.536
4.14000006169081,10.452
4.15000006183982,10.351
4.16000006198883,10.253
4.17000006213784,10.16
4.18000006228685,10.062
4.19000006243587,9.975
4.20000006258488,9.89
4.21000006273389,9.8
4.2200000628829,9.705
4.23000006303191,9.635
4.24000006318092,9.57
4.25000006332994,9.481
4.26000006347895,9.4
4.27000006362796,9.337
4.28000006377697,9.274
4.29000006392598,9.213
4.30000006407499,9.147
4.31000006422401,9.075
4.32000006437302,8.982
4.33000006452203,8.906
4.34000006467104,8.845
4.35000006482005,8.754
4.36000006496906,8.665
4.37000006511807,8.58
4.38000006526709,8.497
4.3900000654161,8.425
4.40000006556511,8.347
4.41000006571412,8.269
4.42000006586313,8.189
4.43000006601214,8.113
4.44000006616116,8.037
4.45000006631017,7.953
4.46000006645918,7.866
4.47000006660819,7.777
4.4800000667572,7.691
4.49000006690621,7.622
4.50000006705523,7.545
4.51000006720424,7.472
4.52000006735325,7.415
4.53000006750226,7.355
4.54000006765127,7.288
4.55000006780028,7.211
4.5600000679493,7.134
4.57000006809831,7.071
4.58000006824732,7.009
4.59000006839633,6.963
4.60000006854534,6.904
4.61000006869435,6.843
4.62000006884337,6.796
4.63000006899238,6.756
4.64000006914139,6.729
4.6500000692904,6.702
4.66000006943941,6.673
4.67000006958842,6.638
4.68000006973743,6.607
4.69000006988645,6.588
4.70000007003546,6.571
4.71000007018447,6.557
4.72000007033348,6.529
4.73000007048249,6.495
4.7400000706315,6.446
4.75000007078052,6.4
4.76000007092953,6.351
4.77000007107854,6.301
4.78000007122755,6.244
4.79000007137656,6.174
4.80000007152557,6.103
4.81000007167459,6.043
4.8200000718236,5.982
4.83000007197261,5.926
4.84000007212162,5.866
4.85000007227063,5.799
4.86000007241964,5.716
4.87000007256866,5.672
4.88000007271767,5.636
4.89000007286668,5.583
4.90000007301569,5.521
4.9100000731647,5.46
4.92000007331371,5.4
4.93000007346272,5.341
4.94000007361174,5.297
4.95000007376075,5.255
4.96000007390976,5.213
4.97000007405877,5.166
4.98000007420778,5.123
4.9900000743568,5.093
5.00000007450581,5.065
5.01000007465482,5.029
5.02000007480383,4.992
5.03000007495284,4.955
5.04000007510185,4.905
5.05000007525086,4.855
5.06000007539988,4.829
5.07000007554889,4.799
5.0800000756979,4.768
5.09000007584691,4.725
5.10000007599592,4.684
5.11000007614493,4.66
5.12000007629395,4.614
5.13000007644296,4.552
5.14000007659197,4.475
5.15000007674098,4.399
5.16000007688999,4.337
5.170000077039,4.284
5.18000007718802,4.244
5.19000007733703,4.185
5.20000007748604,4.122
5.21000007763505,4.088
5.22000007778406,4.048
5.23000007793307,4.01
5.24000007808209,3.975
5.2500000782311,3.938
5.26000007838011,3.91
5.27000007852912,3.875
5.28000007867813,3.835
5.29000007882714,3.795
5.30000007897615,3.756
5.31000007912517,3.751
5.32000007927418,3.739
5.33000007942319,3.712
5.3400000795722,3.673
5.35000007972121,3.628
5.36000007987022,3.599
5.37000008001924,3.568
5.38000008016825,3.532
5.39000008031726,3.487
5.40000008046627,3.436
5.41000008061528,3.395
5.42000008076429,3.354
5.43000008091331,3.309
5.44000008106232,3.266
5.45000008121133,3.225
5.46000008136034,3.195
5.47000008150935,3.167
5.48000008165836,3.161
5.49000008180738,3.143
5.50000008195639,3.119
5.5100000821054,3.103
5.52000008225441,3.093
5.53000008240342,3.088
5.54000008255243,3.074
5.55000008270144,3.049
5.56000008285046,3.016
5.57000008299947,2.98
5.58000008314848,2.956
5.59000008329749,2.92
5.6000000834465,2.871
5.61000008359552,2.832
5.62000008374453,2.796
5.63000008389354,2.778
5.64000008404255,2.76
5.65000008419156,2.741
5.66000008434057,2.722
5.67000008448958,2.704
5.6800000846386,2.71
5.69000008478761,2.715
5.70000008493662,2.71
5.71000008508563,2.705
5.72000008523464,2.7
5.73000008538365,2.691
5.74000008553267,2.675
5.75000008568168,2.642
5.76000008583069,2.617
5.7700000859797,2.598
5.78000008612871,2.561
5.79000008627772,2.523
5.80000008642674,2.486
5.81000008657575,2.449
5.82000008672476,2.413
5.83000008687377,2.382
5.84000008702278,2.355
5.85000008717179,2.322
5.86000008732081,2.285
5.87000008746982,2.247
5.88000008761883,2.239
5.89000008776784,2.232
5.90000008791685,2.21
5.91000008806586,2.197
5.92000008821487,2.2
5.93000008836389,2.193
5.9400000885129,2.183
5.95000008866191,2.186
5.96000008881092,2.185
5.97000008895993,2.168
5.98000008910894,2.158
5.99000008925796,2.152
6.00000008940697,2.132
6.01000008955598,2.106
6.02000008970499,2.075
6.030000089854,2.049
6.04000009000301,2.025
6.05000009015203,1.986
6.06000009030104,1.948
6.07000009045005,1.918
6.08000009059906,1.898
6.09000009074807,1.886
6.10000009089708,1.875
6.1100000910461,1.863
6.12000009119511,1.845
6.13000009134412,1.83
6.14000009149313,1.82
6.15000009164214,1.811
6.16000009179115,1.804
6.17000009194017,1.789
6.18000009208918,1.778
6.19000009223819,1.77
6.2000000923872,1.773
6.21000009253621,1.775
6.22000009268522,1.753
6.23000009283423,1.728
6.24000009298325,1.699
6.25000009313226,1.676
6.26000009328127,1.653
6.27000009343028,1.635
6.28000009357929,1.614
6.2900000937283,1.588
6.30000009387732,1.582
6.31000009402633,1.585
6.32000009417534,1.587
6.33000009432435,1.582
6.34000009447336,1.563
6.35000009462237,1.555
6.36000009477139,1.552
6.3700000949204,1.561
6.38000009506941,1.562
6.39000009521842,1.542
6.40000009536743,1.531
6.41000009551644,1.525
6.42000009566546,1.539
6.43000009581447,1.549
6.44000009596348,1.549
6.45000009611249,1.536
6.4600000962615,1.515
6.47000009641051,1.515
6.48000009655952,1.516
6.49000009670854,1.518
6.50000009685755,1.497
6.51000009700656,1.457
6.52000009715557,1.426
6.53000009730458,1.404
6.54000009745359,1.398
6.55000009760261,1.386
6.56000009775162,1.365
6.57000009790063,1.352
6.58000009804964,1.338
6.59000009819865,1.334
6.60000009834766,1.327
6.61000009849668,1.315
6.62000009864569,1.303
6.6300000987947,1.291
6.64000009894371,1.294
6.65000009909272,1.297
6.66000009924173,1.292
6.67000009939075,1.287
6.68000009953976,1.286
6.69000009968877,1.294
6.70000009983778,1.304
6.71000009998679,1.313
6.7200001001358,1.31
6.73000010028481,1.3
6.74000010043383,1.3
6.75000010058284,1.299
6.76000010073185,1.296
6.77000010088086,1.299
6.78000010102987,1.303
6.79000010117889,1.288
6.8000001013279,1.271
6.81000010147691,1.26
6.82000010162592,1.242
6.83000010177493,1.217
6.84000010192394,1.205
6.85000010207295,1.197
6.86000010222197,1.186
6.87000010237098,1.181
6.88000010251999,1.184
6.890000102669,1.184
6.90000010281801,1.187
6.91000010296702,1.208
6.92000010311604,1.215
6.93000010326505,1.21
6.94000010341406,1.194
6.95000010356307,1.173
6.96000010371208,1.133
6.97000010386109,1.104
6.98000010401011,1.09
6.99000010415912,1.067
7.00000010430813,1.04
7.01000010445714,1.031
7.02000010460615,1.02
7.03000010475516,1.009
7.04000010490418,0.999
7.05000010505319,0.991
7.0600001052022,0.972
7.07000010535121,0.953
7.08000010550022,0.938
7.09000010564923,0.929
7.10000010579824,0.925
7.11000010594726,0.918
7.12000010609627,0.912
7.13000010624528,0.91
7.14000010639429,0.907
7.1500001065433,0.902
7.16000010669232,0.888
7.17000010684133,0.871
7.18000010699034,0.846
7.19000010713935,0.827
7.20000010728836,0.817
7.21000010743737,0.816
7.22000010758638,0.817
7.2300001077354,0.797
7.24000010788441,0.782
7.25000010803342,0.768
7.26000010818243,0.756
7.27000010833144,0.746
7.28000010848045,0.742
7.29000010862947,0.738
7.30000010877848,0.734
7.31000010892749,0.74
7.3200001090765,0.748
7.33000010922551,0.742
7.34000010937452,0.738
7.35000010952354,0.738
7.36000010967255,0.728
7.37000010982156,0.711
7.38000010997057,0.683
7.39000011011958,0.657
7.40000011026859,0.637
7.41000011041761,0.623
7.42000011056662,0.615
7.43000011071563,0.604
7.44000011086464,0.598
7.45000011101365,0.609
7.46000011116266,0.613
7.47000011131167,0.615
7.48000011146069,0.611
7.4900001116097,0.608
7.50000011175871,0.61
7.51000011190772,0.625
7.52000011205673,0.649
7.53000011220574,0.655
7.54000011235476,0.656
7.55000011250377,0.666
7.56000011265278,0.674
7.57000011280179,0.68
7.5800001129508,0.671
7.59000011309981,0.659
7.60000011324883,0.631
7.61000011339784,0.604
7.62000011354685,0.583
7.63000011369586,0.561
7.64000011384487,0.542
7.65000011399388,0.544
7.6600001141429,0.546
7.67000011429191,0.55
7.68000011444092,0.554
7.69000011458993,0.557
7.70000011473894,0.564
7.71000011488795,0.566
7.72000011503696,0.565
7.73000011518598,0.567
7.74000011533499,0.566
7.750000115484,0.587
7.76000011563301,0.608
7.77000011578202,0.631
7.78000011593103,0.645
7.79000011608005,0.653
7.80000011622906,0.662
7.81000011637807,0.672
7.82000011652708,0.662
7.83000011667609,0.647
7.8400001168251,0.626
7.85000011697412,0.609
7.86000011712313,0.595
7.87000011727214,0.601
7.88000011742115,0.606
7.89000011757016,0.616
7.90000011771917,0.619
7.91000011786819,0.621
7.9200001180172,0.626
7.93000011816621,0.628
7.94000011831522,0.625
7.95000011846423,0.601
7.96000011861324,0.569
7.97000011876226,0.553
7.98000011891127,0.533
7.99000011906028,0.512
8.00000011920929,0.494
8.0100001193583,0.476
8.02000011950731,0.473
8.03000011965633,0.474
8.04000011980534,0.488
8.05000011995435,0.489
8.06000012010336,0.484
8.07000012025237,0.501
8.08000012040138,0.517
8.09000012055039,0.526
8.10000012069941,0.52
8.11000012084842,0.505
8.12000012099743,0.512
8.13000012114644,0.518
8.14000012129545,0.531
8.15000012144446,0.529
8.16000012159348,0.515
8.17000012174249,0.506
8.1800001218915,0.502
8.19000012204051,0.519
8.20000012218952,0.519
8.21000012233853,0.5
8.22000012248755,0.488
8.23000012263656,0.478
8.24000012278557,0.484
8.25000012293458,0.493
8.26000012308359,0.507
8.2700001232326,0.493
8.28000012338162,0.471
8.29000012353063,0.459
8.30000012367964,0.452
8.31000012382865,0.454
8.32000012397766,0.445
8.33000012412667,0.43
8.34000012427569,0.39
8.3500001244247,0.363
8.36000012457371,0.362
8.37000012472272,0.377
8.38000012487173,0.396
8.39000012502074,0.399
8.40000012516975,0.399
8.41000012531877,0.4
8.42000012546778,0.408
8.43000012561679,0.422
8.4400001257658,0.419
8.45000012591481,0.412
8.46000012606382,0.399
8.47000012621284,0.388
8.48000012636185,0.378
8.49000012651086,0.377
8.50000012665987,0.381
8.51000012680888,0.4
8.52000012695789,0.403
8.53000012710691,0.397
8.54000012725592,0.394
8.55000012740493,0.383
8.56000012755394,0.363
8.57000012770295,0.354
8.58000012785196,0.355
8.59000012800098,0.343
8.60000012814999,0.327
8.610000128299,0.318
8.62000012844801,0.314
8.63000012859702,0.311
8.64000012874603,0.317
8.65000012889504,0.326
8.66000012904406,0.31
8.67000012919307,0.294
8.68000012934208,0.278
8.69000012949109,0.278
8.7000001296401,0.287
8.71000012978911,0.287
8.72000012993813,0.286
8.73000013008714,0.283
8.74000013023615,0.285
8.75000013038516,0.291
8.76000013053417,0.299
8.77000013068319,0.302
8.7800001308322,0.293
8.79000013098121,0.277
8.80000013113022,0.256
8.81000013127923,0.238
8.82000013142824,0.218
8.83000013157725,0.188
8.84000013172627,0.162
8.85000013187528,0.138
8.86000013202429,0.136
8.8700001321733,0.137
8.88000013232231,0.13
8.89000013247132,0.138
8.90000013262033,0.156
8.91000013276935,0.17
8.92000013291836,0.184
8.93000013306737,0.198
8.94000013321638,0.202
8.95000013336539,0.195
8.9600001335144,0.18
8.97000013366342,0.174
8.98000013381243,0.187
8.99000013396144,0.187
9.00000013411045,0.176
9.01000013425946,0.162
9.02000013440848,0.148
9.03000013455749,0.143
9.0400001347065,0.151
9.05000013485551,0.182
9.06000013500452,0.159
9.07000013515353,0.108
9.08000013530254,0.119
9.09000013545156,0.132
9.10000013560057,0.14
9.11000013574958,0.154
9.12000013589859,0.17
9.1300001360476,0.148
9.14000013619661,0.134
9.15000013634563,0.152
9.16000013649464,0.164
9.17000013664365,0.167
9.18000013679266,0.16
9.19000013694167,0.155
9.20000013709068,0.143
9.21000013723969,0.152
9.22000013738871,0.179
9.23000013753772,0.19
9.24000013768673,0.192
9.25000013783574,0.162
9.26000013798475,0.151
9.27000013813377,0.157
9.28000013828278,0.143
9.29000013843179,0.124
9.3000001385808,0.096
9.31000013872981,0.075
9.32000013887882,0.062
9.33000013902783,0.07
9.34000013917685,0.087
9.35000013932586,0.079
9.36000013947487,0.079
9.37000013962388,0.092
9.38000013977289,0.105
9.3900001399219,0.118
9.40000014007092,0.138
9.41000014021993,0.151
9.42000014036894,0.155
9.43000014051795,0.153
9.44000014066696,0.149
9.45000014081597,0.152
9.46000014096498,0.154
9.470000141114,0.153
9.48000014126301,0.14
9.49000014141202,0.119
9.50000014156103,0.104
9.51000014171004,0.095
9.52000014185906,0.101
9.53000014200807,0.091
9.54000014215708,0.068
9.55000014230609,0.042
9.5600001424551,0.021
9.57000014260411,0.016
9.58000014275313,0.007
9.59000014290214,-0.004
9.60000014305115,-0.01
9.61000014320016,-0.014
9.62000014334917,0.005
9.63000014349818,0.018
9.64000014364719,0.028
9.65000014379621,0.023
9.66000014394522,0.018
9.67000014409423,0.04
9.68000014424324,0.065
9.69000014439225,0.088
9.70000014454126,0.097
9.71000014469028,0.101
9.72000014483929,0.123
9.7300001449883,0.141
9.74000014513731,0.155
9.75000014528632,0.156
9.76000014543533,0.15
9.77000014558435,0.157
9.78000014573336,0.161
9.79000014588237,0.168
9.80000014603138,0.172
9.81000014618039,0.174
9.8200001463294,0.179
9.83000014647842,0.185
9.84000014662743,0.187
9.85000014677644,0.17
9.86000014692545,0.135
9.87000014707446,0.13
9.88000014722347,0.124
9.89000014737248,0.11
9.9000001475215,0.097
9.91000014767051,0.089
9.92000014781952,0.086
9.93000014796853,0.082
9.94000014811754,0.072
9.95000014826655,0.062
9.96000014841557,0.047
9.97000014856458,0.043
9.98000014871359,0.042
9.9900001488626,0.044
10.0000001490116,0.038
10.0100001491606,0.023
10.0200001493096,0.025
10.0300001494586,0.035
10.0400001496077,0.031
10.0500001497567,0.021
10.0600001499057,0.0
10.0700001500547,-0.015
10.0800001502037,-0.025
10.0900001503527,-0.012
10.1000001505017,0.002
10.1100001506507,0.011
10.1200001507998,0.017
10.1300001509488,0.02
10.1400001510978,0.037
10.1500001512468,0.049
10.1600001513958,0.051
10.1700001515448,0.046
10.1800001516938,0.035
10.1900001518428,0.034
10.2000001519918,0.031
10.2100001521409,0.023
10.2200001522899,0.02
10.2300001524389,0.022
10.2400001525879,0.028
10.2500001527369,0.034
10.2600001528859,0.042
10.2700001530349,0.043
10.2800001531839,0.038
10.290000153333,0.044
10.300000153482,0.045
10.310000153631,0.003
10.32000015378,-0.021
10.330000153929,-0.023
10.340000154078,-0.021
10.350000154227,-0.018
10.360000154376,-0.004
10.370000154525,0.005
10.3800001546741,0.011
10.3900001548231,0.052
10.4000001549721,0.108
10.4100001551211,0.116
10.4200001552701,0.121
10.4300001554191,0.121
10.4400001555681,0.109
10.4500001557171,0.092
10.4600001558661,0.105
10.4700001560152,0.111
10.4800001561642,0.1
10.4900001563132,0.084
10.5000001564622,0.067
10.5100001566112,0.075
10.5200001567602,0.086
10.5300001569092,0.1
10.5400001570582,0.095
10.5500001572073,0.07
10.5600001573563,0.062
10.5700001575053,0.067
10.5800001576543,0.108
10.5900001578033,0.141
10.6000001579523,0.163
10.6100001581013,0.174
10.6200001582503,0.185
10.6300001583993,0.212
10.6400001585484,0.233
10.6500001586974,0.249
10.6600001588464,0.243
10.6700001589954,0.229
10.6800001591444,0.225
10.6900001592934,0.222
10.7000001594424,0.224
10.7100001595914,0.223
10.7200001597404,0.223
10.7300001598895,0.227
10.7400001600385,0.231
10.7500001601875,0.234
10.7600001603365,0.224
10.7700001604855,0.207
10.7800001606345,0.202
10.7900001607835,0.194
10.8000001609325,0.183
10.8100001610816,0.171
10.8200001612306,0.158
10.8300001613796,0.144
10.8400001615286,0.134
10.8500001616776,0.137
10.8600001618266,0.129
10.8700001619756,0.114
10.8800001621246,0.102
10.8900001622736,0.097
10.9000001624227,0.112
10.9100001625717,0.114
10.9200001627207,0.106
10.9300001628697,0.099
10.9400001630187,0.092
10.9500001631677,0.099
10.9600001633167,0.101
10.9700001634657,0.098
10.9800001636148,0.092
10.9900001637638,0.078
11.0000001639128,0.077
11.0100001640618,0.079
11.0200001642108,0.086
11.0300001643598,0.076
11.0400001645088,0.062
11.0500001646578,0.064
11.0600001648068,0.066
11.0700001649559,0.063
11.0800001651049,0.082
11.0900001652539,0.11
11.1000001654029,0.124
11.1100001655519,0.14
11.1200001657009,0.169
11.1300001658499,0.181
11.1400001659989,0.187
11.1500001661479,0.194
11.160000166297,0.192
11.170000166446,0.176
11.180000166595,0.157
11.190000166744,0.137
11.200000166893,0.149
11.210000167042,0.155
11.220000167191,0.157
11.23000016734,0.167
11.2400001674891,0.18
11.2500001676381,0.194
11.2600001677871,0.21
11.2700001679361,0.229
11.2800001680851,0.233
11.2900001682341,0.22
11.3000001683831,0.206
11.3100001685321,0.196
11.3200001686811,0.185
11.3300001688302,0.169
11.3400001689792,0.151
11.3500001691282,0.124
11.3600001692772,0.099
11.3700001694262,0.093
11.3800001695752,0.093
11.3900001697242,0.106
11.4000001698732,0.1
11.4100001700223,0.089
11.4200001701713,0.099
11.4300001703203,0.111
