time_min,absorb_mau
0.0,0.005
0.0266666670640309,-0.028
0.0533333341280619,-0.07
0.0800000011920929,-0.108
0.1066666682561238,-0.117
0.1333333353201548,-0.079
0.1600000023841858,-0.027
0.1866666694482167,0.033
0.2133333365122477,0.069
0.2400000035762786,0.068
0.2666666706403096,0.055
0.2933333377043406,0.042
0.3200000047683716,-0.004
0.3466666718324026,-0.009
0.3733333388964335,-0.048
0.4000000059604645,-0.009
0.4266666730244954,-0.015
0.4533333400885264,-0.032
0.4800000071525573,-0.052
0.5066666742165884,-0.071
0.5333333412806193,-0.067
0.5600000083446502,-0.094
0.5866666754086812,-0.104
0.6133333424727122,-0.108
0.6400000095367432,-0.012
0.6666666766007742,0.166
0.6933333436648051,0.426
0.7200000107288361,0.83
0.746666677792867,1.298
0.773333344856898,1.872
0.800000011920929,2.431
0.8266666789849599,3.019
0.8533333460489909,3.663
0.8800000131130219,4.451
0.9066666801770528,5.328
0.933333347241084,6.312
0.9600000143051148,7.264
0.9866666813691456,8.335
1.0133333484331768,9.402
1.0400000154972078,10.567
1.0666666825612383,11.68
1.0933333496252695,12.823
1.1200000166893005,13.892
1.1466666837533317,14.957
1.1733333508173625,16.001
1.2000000178813934,17.024
1.2266666849454244,18.0
1.2533333520094554,18.947
1.2800000190734864,19.833
1.3066666861375174,20.663
1.3333333532015483,21.418
1.360000020265579,22.159
1.3866666873296103,22.834
1.4133333543936413,23.439
1.4400000214576725,23.966
1.4666666885217032,24.478
1.493333355585734,24.964
1.520000022649765,25.426
1.546666689713796,25.846
1.573333356777827,26.264
1.600000023841858,26.679
1.626666690905889,27.103
1.65333335796992,27.477
1.6800000250339509,27.8
1.7066666920979818,28.086
1.7333333591620128,28.412
1.7600000262260438,28.679
1.7866666932900748,28.912
1.8133333603541055,29.091
1.8400000274181367,29.292
1.866666694482168,29.49
1.8933333615461987,29.65
1.9200000286102292,29.82
1.9466666956742604,29.994
1.9733333627382916,30.162
2.0000000298023224,30.253
2.0266666968663536,30.275
2.0533333639303843,30.258
2.0800000309944155,30.215
2.1066666980584463,30.201
2.133333365122477,30.174
2.1600000321865083,30.103
2.186666699250539,30.031
2.2133333663145702,29.93
2.240000033378601,29.846
2.266666700442632,29.745
2.293333367506663,29.627
2.320000034570694,29.536
2.346666701634725,29.417
2.373333368698756,29.307
2.400000035762787,29.172
2.426666702826818,29.054
2.453333369890849,28.939
2.48000003695488,28.803
2.506666704018911,28.669
2.533333371082942,28.48
2.5600000381469727,28.352
2.5866667052110035,28.276
2.6133333722750347,28.199
2.640000039339065,28.152
2.6666667064030967,28.068
2.6933333734671274,27.978
2.720000040531158,27.834
2.7466667075951894,27.671
2.7733333746592206,27.531
2.800000041723252,27.402
2.8266667087872825,27.247
2.8533333758513133,27.077
2.8800000429153445,26.864
2.9066667099793757,26.647
2.9333333770434065,26.409
2.960000044107437,26.188
2.986666711171468,25.998
3.013333378235499,25.823
3.04000004529953,25.6
3.066666712363561,25.379
3.093333379427592,25.176
3.120000046491623,25.02
3.146666713555654,24.848
3.173333380619685,24.602
3.200000047683716,24.359
3.226666714747747,24.083
3.253333381811778,23.845
3.280000048875809,23.629
3.30666671593984,23.366
3.333333383003871,23.152
3.3600000500679017,22.94
3.386666717131933,22.779
3.413333384195964,22.624
3.4400000512599944,22.448
3.4666667183240256,22.258
3.4933333853880564,22.041
3.520000052452088,21.873
3.5466667195161183,21.683
3.573333386580149,21.532
3.6000000536441803,21.32
3.626666720708212,21.14
3.653333387772242,20.897
3.6800000548362735,20.693
3.706666721900304,20.464
3.733333388964336,20.238
3.760000056028366,19.994
3.786666723092397,19.762
3.813333390156428,19.502
3.840000057220459,19.265
3.86666672428449,18.965
3.893333391348521,18.705
3.920000058412552,18.448
3.946666725476583,18.244
3.973333392540614,18.068
4.000000059604645,17.86
4.026666726668676,17.621
4.053333393732707,17.371
4.0800000607967375,17.158
4.106666727860769,16.969
4.1333333949248,16.792
4.160000061988831,16.562
4.186666729052861,16.323
4.213333396116893,16.094
4.240000063180924,15.858
4.266666730244954,15.619
4.293333397308985,15.325
4.3200000643730165,15.103
4.346666731437048,14.856
4.373333398501078,14.667
4.400000065565109,14.419
4.4266667326291405,14.215
4.453333399693172,13.991
4.480000066757202,13.817
4.506666733821233,13.64
4.533333400885264,13.427
4.560000067949296,13.222
4.586666735013326,12.969
4.613333402077357,12.781
4.640000069141388,12.604
4.66666673620542,12.436
4.69333340326945,12.271
4.720000070333481,12.072
4.746666737397512,11.898
4.773333404461543,11.723
4.800000071525574,11.562
4.826666738589605,11.428
4.853333405653636,11.314
4.880000072717666,11.149
4.906666739781698,10.984
4.933333406845729,10.828
4.96000007390976,10.683
4.98666674097379,10.534
5.013333408037822,10.376
5.040000075101853,10.25
5.066666742165884,10.154
5.093333409229914,10.073
5.1200000762939455,9.998
5.146666743357977,9.829
5.173333410422007,9.644
5.200000077486038,9.47
5.226666744550069,9.337
5.253333411614101,9.197
5.280000078678131,9.036
5.306666745742162,8.932
5.333333412806193,8.821
5.3600000798702245,8.714
5.386666746934255,8.548
5.413333413998286,8.367
5.440000081062317,8.221
5.4666667481263485,8.09
5.493333415190379,7.992
5.52000008225441,7.889
5.546666749318441,7.811
5.573333416382472,7.711
5.600000083446503,7.669
5.626666750510534,7.606
5.653333417574565,7.552
5.680000084638595,7.446
5.706666751702627,7.276
5.733333418766658,7.134
5.760000085830689,7.032
5.786666752894719,6.926
5.813333419958751,6.835
5.840000087022782,6.685
5.866666754086813,6.6
5.893333421150843,6.509
5.920000088214874,6.405
5.946666755278906,6.329
5.973333422342936,6.237
6.000000089406967,6.124
6.026666756470998,6.013
6.05333342353503,5.893
6.08000009059906,5.853
6.106666757663091,5.782
6.133333424727122,5.704
6.1600000917911535,5.587
6.186666758855184,5.507
6.213333425919215,5.406
6.240000092983246,5.336
6.266666760047277,5.221
6.293333427111308,5.143
6.320000094175339,5.026
6.34666676123937,4.956
6.373333428303401,4.882
6.400000095367432,4.862
6.426666762431463,4.852
6.453333429495494,4.82
6.480000096559524,4.76
6.506666763623556,4.656
6.533333430687587,4.542
6.560000097751618,4.47
6.586666764815648,4.405
6.61333343187968,4.341
6.640000098943711,4.278
6.666666766007742,4.201
6.693333433071772,4.121
6.720000100135803,4.057
6.746666767199835,3.969
6.773333434263866,3.901
6.800000101327896,3.83
6.826666768391927,3.755
6.853333435455959,3.679
6.880000102519989,3.573
6.90666676958402,3.466
6.933333436648051,3.358
6.960000103712082,3.301
6.986666770776113,3.242
7.013333437840144,3.184
7.040000104904175,3.132
7.066666771968206,3.088
7.093333439032237,3.053
7.120000106096268,3.022
7.146666773160299,2.99
7.17333344022433,2.97
7.200000107288361,2.962
7.226666774352392,2.92
7.253333441416423,2.864
7.280000108480453,2.805
7.306666775544484,2.745
7.333333442608516,2.725
7.360000109672547,2.651
7.386666776736577,2.562
7.413333443800608,2.453
7.44000011086464,2.399
7.466666777928671,2.369
7.493333444992701,2.379
7.520000112056732,2.359
7.546666779120764,2.327
7.573333446184795,2.28
7.600000113248825,2.212
7.626666780312856,2.164
7.653333447376887,2.077
7.680000114440918,2.033
7.706666781504949,1.994
7.73333344856898,1.965
7.760000115633011,1.944
7.786666782697042,1.929
7.813333449761073,1.899
7.840000116825104,1.839
7.866666783889135,1.825
7.893333450953166,1.813
7.920000118017197,1.829
7.946666785081228,1.788
7.973333452145259,1.779
8.00000011920929,1.742
8.02666678627332,1.721
8.053333453337352,1.731
8.080000120401383,1.719
8.106666787465414,1.705
8.133333454529444,1.615
8.160000121593475,1.595
8.186666788657506,1.524
8.213333455721537,1.506
8.240000122785569,1.438
8.2666667898496,1.404
8.293333456913631,1.357
8.320000123977662,1.355
8.346666791041692,1.31
8.373333458105723,1.29
8.400000125169754,1.235
8.426666792233785,1.212
8.453333459297816,1.219
8.480000126361848,1.208
8.506666793425879,1.232
8.533333460489908,1.207
8.56000012755394,1.206
8.58666679461797,1.181
8.613333461682002,1.161
8.640000128746033,1.152
8.666666795810064,1.129
8.693333462874095,1.114
8.720000129938127,1.071
8.746666797002156,1.041
8.773333464066187,1.023
8.800000131130219,1.009
8.82666679819425,1.029
8.853333465258281,1.06
8.880000132322312,1.107
8.906666799386343,1.07
8.933333466450373,1.004
8.960000133514404,0.924
8.986666800578435,0.907
9.013333467642466,0.936
9.040000134706498,0.959
9.066666801770529,0.967
9.09333346883456,0.925
9.120000135898591,0.884
9.14666680296262,0.854
9.173333470026652,0.836
9.200000137090685,0.863
9.226666804154714,0.838
9.253333471218744,0.805
9.280000138282777,0.789
9.306666805346808,0.812
9.33333347241084,0.824
9.360000139474868,0.796
9.3866668065389,0.755
9.41333347360293,0.755
9.440000140666962,0.79
9.466666807730991,0.774
9.493333474795024,0.756
9.520000141859056,0.702
9.546666808923083,0.716
9.573333475987116,0.714
9.600000143051147,0.739
9.62666681011518,0.748
9.65333347717921,0.762
9.68000014424324,0.762
9.706666811307272,0.715
9.733333478371303,0.712
9.760000145435331,0.717
9.786666812499364,0.785
9.813333479563395,0.812
9.840000146627428,0.839
9.866666813691458,0.891
9.893333480755487,0.952
9.92000014781952,0.995
9.94666681488355,0.979
9.97333348194758,0.939
10.000000149011612,0.896
10.026666816075643,0.866
10.053333483139674,0.847
10.080000150203706,0.818
10.106666817267737,0.802
10.133333484331768,0.737
10.160000151395796,0.69
10.186666818459829,0.635
10.21333348552386,0.619
10.240000152587893,0.625
10.266666819651922,0.636
10.293333486715952,0.65
10.320000153779985,0.613
10.346666820844014,0.596
10.373333487908043,0.593
10.400000154972076,0.572
10.426666822036108,0.583
10.45333348910014,0.584
10.48000015616417,0.638
10.5066668232282,0.674
10.533333490292232,0.729
10.560000157356262,0.715
10.586666824420291,0.737
10.613333491484324,0.728
10.640000158548355,0.748
10.666666825612388,0.748
10.693333492676418,0.728
10.720000159740447,0.705
10.746666826804478,0.663
10.77333349386851,0.658
10.80000016093254,0.635
10.826666827996572,0.616
10.853333495060603,0.614
10.880000162124634,0.577
10.906666829188666,0.551
10.933333496252695,0.518
10.960000163316726,0.559
10.986666830380758,0.585
11.013333497444789,0.593
11.04000016450882,0.58
11.066666831572851,0.606
11.093333498636882,0.602
11.120000165700914,0.601
11.146666832764945,0.58
11.173333499828974,0.578
11.200000166893004,0.551
11.226666833957037,0.497
11.253333501021068,0.468
11.2800001680851,0.466
11.30666683514913,0.52
11.33333350221316,0.571
11.36000016927719,0.625
11.386666836341222,0.638
11.413333503405251,0.598
11.440000170469284,0.582
11.466666837533316,0.584
11.493333504597349,0.64
11.520000171661378,0.699
11.546666838725407,0.738
11.57333350578944,0.785
11.60000017285347,0.81
11.6266668399175,0.869
11.653333506981532,0.882
11.680000174045563,0.886
11.706666841109596,0.836
11.733333508173626,0.792
11.760000175237655,0.742
11.786666842301686,0.695
11.813333509365718,0.65
11.840000176429747,0.641
11.86666684349378,0.619
11.893333510557811,0.577
11.920000177621842,0.532
11.946666844685872,0.487
11.973333511749903,0.501
12.000000178813934,0.496
12.026666845877966,0.514
12.053333512941997,0.493
12.080000180006028,0.491
12.10666684707006,0.479
12.13333351413409,0.473
12.16000018119812,0.468
12.186666848262153,0.457
12.213333515326182,0.436
12.240000182390212,0.418
12.266666849454245,0.411
12.293333516518276,0.387
12.320000183582309,0.407
12.346666850646336,0.432
12.373333517710368,0.453
12.4000001847744,0.478
12.42666685183843,0.491
12.45333351890246,0.546
12.480000185966492,0.595
12.506666853030524,0.617
12.533333520094557,0.589
12.560000187158584,0.553
12.586666854222615,0.521
12.613333521286648,0.576
12.640000188350678,0.596
12.666666855414707,0.626
12.69333352247874,0.587
12.720000189542771,0.542
12.746666856606804,0.523
12.773333523670832,0.472
12.800000190734863,0.449
12.826666857798894,0.464
12.853333524862926,0.443
12.880000191926957,0.415
12.906666858990988,0.404
12.93333352605502,0.425
12.960000193119049,0.431
12.98666686018308,0.431
13.013333527247111,0.432
13.040000194311142,0.481
13.066666861375174,0.519
13.093333528439205,0.547
13.120000195503236,0.545
13.146666862567267,0.545
13.173333529631297,0.561
13.200000196695328,0.557
13.22666686375936,0.57
13.25333353082339,0.559
13.28000019788742,0.54
13.306666864951453,0.553
13.333333532015484,0.587
13.360000199079511,0.629
13.386666866143544,0.681
13.413333533207576,0.663
13.440000200271609,0.681
13.466666867335638,0.66
13.49333353439967,0.661
13.5200002014637,0.618
13.546666868527732,0.593
13.57333353559176,0.581
13.600000202655792,0.596
13.626666869719823,0.599
13.653333536783856,0.544
13.680000203847886,0.477
13.706666870911915,0.435
13.733333537975948,0.433
13.760000205039978,0.434
13.786666872104009,0.393
13.81333353916804,0.383
13.840000206232071,0.341
13.866666873296102,0.313
13.893333540360134,0.269
13.920000207424165,0.301
13.946666874488196,0.346
13.973333541552226,0.412
14.000000208616257,0.447
14.026666875680288,0.462
14.05333354274432,0.436
14.08000020980835,0.446
14.106666876872382,0.457
14.133333543936413,0.48
14.160000211000442,0.468
14.186666878064472,0.446
14.213333545128505,0.458
14.240000212192536,0.491
14.266666879256569,0.513
14.293333546320598,0.491
14.32000021338463,0.474
14.34666688044866,0.461
14.37333354751269,0.484
14.40000021457672,0.464
14.426666881640752,0.433
14.453333548704784,0.411
14.480000215768817,0.415
14.506666882832846,0.41
14.533333549896875,0.379
14.560000216960908,0.398
14.586666884024938,0.413
14.613333551088967,0.418
14.640000218153,0.399
14.666666885217031,0.41
14.693333552281064,0.431
14.720000219345094,0.458
14.746666886409123,0.443
14.773333553473154,0.468
14.800000220537186,0.484
14.826666887601217,0.511
14.853333554665248,0.494
14.88000022172928,0.486
14.90666688879331,0.507
14.933333555857342,0.517
14.960000222921373,0.544
14.986666889985402,0.52
15.013333557049434,0.495
15.040000224113465,0.431
15.066666891177496,0.383
15.093333558241527,0.366
15.120000225305558,0.385
15.14666689236959,0.399
15.17333355943362,0.423
15.20000022649765,0.41
15.22666689356168,0.408
15.253333560625713,0.358
15.280000227689744,0.381
15.306666894753777,0.378
15.333333561817806,0.408
15.360000228881836,0.396
15.386666895945869,0.432
15.413333563009898,0.454
15.44000023007393,0.486
15.46666689713796,0.491
15.493333564201992,0.541
15.520000231266025,0.57
15.546666898330054,0.636
15.573333565394083,0.671
15.600000232458116,0.687
15.626666899522146,0.677
15.653333566586175,0.655
15.680000233650208,0.644
15.70666690071424,0.623
15.73333356777827,0.58
15.7600002348423,0.536
15.786666901906331,0.5
15.813333568970362,0.493
15.840000236034394,0.47
15.866666903098425,0.46
15.893333570162456,0.477
15.920000237226487,0.493
15.946666904290518,0.529
15.973333571354548,0.552
16.00000023841858,0.635
16.02666690548261,0.694
16.05333357254664,0.758
16.080000239610673,0.715
16.106666906674704,0.671
16.133333573738735,0.62
16.160000240802766,0.608
16.186666907866798,0.653
16.21333357493083,0.65
16.24000024199486,0.642
16.266666909058888,0.584
16.29333357612292,0.535
16.32000024318695,0.53
16.34666691025098,0.547
16.373333577315012,0.592
16.400000244379044,0.637
16.426666911443075,0.649
16.453333578507106,0.641
16.480000245571137,0.683
16.50666691263517,0.715
16.5333335796992,0.756
16.56000024676323,0.718
16.586666913827262,0.672
16.613333580891293,0.669
16.640000247955324,0.69
16.666666915019352,0.744
16.693333582083383,0.711
16.720000249147414,0.67
16.746666916211446,0.586
16.773333583275477,0.552
16.800000250339508,0.53
16.82666691740354,0.546
16.85333358446757,0.566
16.8800002515316,0.574
16.906666918595633,0.565
16.933333585659664,0.555
16.960000252723695,0.538
16.986666919787726,0.536
17.013333586851758,0.529
17.04000025391579,0.532
17.066666920979817,0.506
17.093333588043848,0.477
17.12000025510788,0.472
17.14666692217191,0.485
17.17333358923594,0.498
17.200000256299973,0.511
17.226666923364004,0.485
17.253333590428035,0.506
17.280000257492066,0.484
17.306666924556097,0.526
17.33333359162013,0.528
17.36000025868416,0.554
17.38666692574819,0.537
17.413333592812222,0.558
17.440000259876253,0.531
17.46666692694028,0.532
17.493333594004312,0.572
17.520000261068343,0.61
17.546666928132375,0.652
17.573333595196406,0.626
17.600000262260437,0.625
17.626666929324468,0.633
17.6533335963885,0.639
17.68000026345253,0.632
17.706666930516562,0.604
17.733333597580593,0.616
17.760000264644624,0.632
17.786666931708655,0.648
17.813333598772687,0.636
17.840000265836718,0.595
17.866666932900745,0.592
17.893333599964777,0.595
17.920000267028808,0.603
17.94666693409284,0.597
17.97333360115687,0.61
18.0000002682209,0.616
18.026666935284933,0.65
18.053333602348964,0.612
18.080000269412995,0.602
18.106666936477023,0.549
18.133333603541057,0.542
18.16000027060509,0.516
18.18666693766912,0.524
18.21333360473315,0.517
18.240000271797182,0.545
18.266666938861214,0.511
18.29333360592524,0.467
18.320000272989272,0.384
18.346666940053304,0.364
18.37333360711733,0.36
18.40000027418137,0.371
18.4266669412454,0.352
18.45333360830943,0.325
18.48000027537346,0.308
18.50666694243749,0.325
18.53333360950152,0.339
18.560000276565557,0.347
18.586666943629584,0.35
18.613333610693616,0.379
18.640000277757647,0.4
18.66666694482168,0.378
18.693333611885706,0.341
18.720000278949737,0.336
18.746666946013768,0.331
18.7733336130778,0.345
18.80000028014183,0.307
18.82666694720586,0.302
18.853333614269893,0.283
18.880000281333924,0.286
18.906666948397955,0.301
18.933333615461983,0.304
18.960000282526018,0.32
18.98666694959005,0.327
19.01333361665408,0.353
19.04000028371811,0.383
19.066666950782142,0.411
19.09333361784617,0.418
19.1200002849102,0.419
19.146666951974236,0.441
19.173333619038264,0.482
19.20000028610229,0.537
19.22666695316633,0.561
19.25333362023036,0.546
19.28000028729439,0.532
19.30666695435842,0.527
19.33333362142245,0.568
19.36000028848648,0.593
19.386666955550517,0.611
19.413333622614545,0.619
19.440000289678576,0.592
19.466666956742607,0.588
19.493333623806635,0.567
19.520000290870662,0.628
19.546666957934697,0.648
19.573333624998728,0.665
19.60000029206276,0.629
19.62666695912679,0.607
19.653333626190825,0.646
19.680000293254853,0.693
19.706666960318884,0.701
19.733333627382915,0.693
19.760000294446947,0.685
19.786666961510974,0.673
19.81333362857501,0.635
19.84000029563904,0.573
19.86666696270307,0.559
19.8933336297671,0.558
19.92000029683113,0.549
19.94666696389516,0.526
19.973333630959196,0.533
20.000000298023224,0.546
20.02666696508725,0.583
20.053333632151286,0.63
20.08000029921532,0.672
20.10666696627935,0.712
20.13333363334338,0.729
20.16000030040741,0.725
20.18666696747144,0.725
20.213333634535477,0.733
20.240000301599505,0.723
20.266666968663536,0.701
20.293333635727564,0.714
20.320000302791595,0.745
20.346666969855622,0.757
20.373333636919657,0.758
20.40000030398369,0.691
20.42666697104772,0.701
20.45333363811175,0.662
20.480000305175786,0.663
20.506666972239813,0.641
20.533333639303844,0.619
20.56000030636788,0.643
20.586666973431907,0.659
20.613333640495934,0.682
20.64000030755997,0.718
20.666666974624,0.72
20.693333641688028,0.719
20.72000030875206,0.699
20.74666697581609,0.691
20.77333364288012,0.669
20.800000309944156,0.653
20.826666977008184,0.643
20.85333364407221,0.642
20.880000311136246,0.623
20.90666697820028,0.587
20.93333364526431,0.589
20.96000031232834,0.584
20.98666697939237,0.603
21.0133336464564,0.563
21.040000313520437,0.542
21.066666980584465,0.505
21.093333647648493,0.506
21.120000314712524,0.525
21.146666981776555,0.58
21.173333648840583,0.587
21.200000315904617,0.584
21.22666698296865,0.567
21.25333365003268,0.576
21.28000031709671,0.576
21.306666984160746,0.532
21.333333651224773,0.54
21.360000318288805,0.53
21.38666698535284,0.575
21.413333652416867,0.57
21.440000319480895,0.56
21.46666698654493,0.563
21.49333365360896,0.537
21.520000320672988,0.56
21.54666698773702,0.543
21.57333365480105,0.584
21.60000032186508,0.614
21.626666988929117,0.644
21.653333655993144,0.625
21.680000323057172,0.621
21.706666990121207,0.623
21.73333365718524,0.632
21.76000032424927,0.654
21.7866669913133,0.628
21.81333365837733,0.626
21.840000325441363,0.609
21.866666992505397,0.624
21.89333365956942,0.623
21.920000326633453,0.615
21.946666993697484,0.603
21.973333660761515,0.573
22.000000327825543,0.535
22.026666994889577,0.506
22.05333366195361,0.485
22.08000032901764,0.486
22.10666699608167,0.469
22.133333663145702,0.497
22.160000330209733,0.544
22.186666997273765,0.592
22.2133336643378,0.621
22.240000331401827,0.615
22.26666699846586,0.637
22.29333366552989,0.621
22.32000033259392,0.621
22.34666699965795,0.616
22.37333366672198,0.642
22.40000033378601,0.673
22.42666700085004,0.69
22.453333667914077,0.699
22.480000334978104,0.703
22.506667002042136,0.732
22.533333669106167,0.723
22.5600003361702,0.735
22.58666700323423,0.735
22.61333367029826,0.779
22.64000033736229,0.809
22.666667004426323,0.774
22.69333367149035,0.764
22.72000033855438,0.713
22.746667005618413,0.761
22.773333672682444,0.745
22.800000339746475,0.79
22.826667006810503,0.772
22.853333673874538,0.79
22.88000034093857,0.765
22.9066670080026,0.728
22.93333367506663,0.709
22.960000342130662,0.701
22.986667009194694,0.682
23.013333676258725,0.691
23.04000034332276,0.72
23.066667010386787,0.727
23.09333367745081,0.72
23.12000034451485,0.687
23.14666701157888,0.741
23.17333367864291,0.791
23.20000034570694,0.813
23.22666701277097,0.806
23.253333679835,0.751
23.280000346899037,0.743
23.306667013963065,0.714
23.333333681027096,0.721
23.360000348091127,0.726
23.38666701515516,0.756
23.41333368221919,0.793
23.44000034928322,0.83
23.46666701634725,0.84
23.49333368341128,0.849
23.52000035047531,0.854
23.54666701753934,0.843
23.573333684603373,0.826
23.600000351667404,0.813
23.626667018731435,0.79
23.653333685795467,0.788
23.680000352859494,0.75
23.70666701992353,0.737
23.73333368698756,0.706
23.76000035405159,0.71
23.786667021115623,0.66
23.81333368817965,0.636
23.840000355243685,0.613
23.86666702230772,0.669
23.893333689371744,0.773
23.92000035643577,0.844
23.946667023499806,0.914
23.97333369056384,0.873
24.00000035762787,0.851
24.0266670246919,0.789
24.05333369175593,0.792
24.08000035881996,0.776
24.106667025883997,0.786
24.133333692948025,0.765
24.160000360012056,0.775
24.186667027076087,0.775
24.21333369414012,0.784
24.24000036120415,0.788
24.26666702826818,0.747
24.29333369533221,0.756
24.32000036239624,0.769
24.34666702946027,0.801
24.373333696524305,0.838
24.400000363588333,0.867
24.426667030652364,0.895
24.4533336977164,0.872
24.480000364780427,0.864
24.506667031844454,0.839
24.53333369890849,0.814
24.56000036597252,0.779
24.58666703303655,0.775
24.613333700100583,0.807
24.64000036716461,0.867
24.666667034228645,0.902
24.693333701292676,0.872
24.720000368356704,0.82
24.74666703542073,0.757
24.773333702484766,0.724
24.8000003695488,0.683
24.82666703661283,0.664
24.85333370367686,0.617
24.88000037074089,0.6
24.90666703780492,0.602
24.933333704868957,0.649
24.960000371932985,0.656
24.986667038997016,0.654
25.013333706061047,0.71
25.04000037312508,0.714
25.06666704018911,0.73
25.093333707253137,0.663
25.12000037431717,0.646
25.1466670413812,0.639
25.17333370844523,0.652
25.200000375509266,0.711
25.226667042573293,0.737
25.253333709637324,0.755
25.28000037670136,0.765
25.306667043765387,0.797
25.333333710829415,0.836
25.36000037789345,0.808
25.38666704495748,0.772
25.41333371202151,0.729
25.440000379085543,0.714
25.46666704614957,0.707
25.493333713213605,0.675
25.520000380277637,0.662
25.546667047341664,0.656
25.573333714405692,0.662
25.600000381469727,0.661
25.62666704853376,0.655
25.65333371559779,0.683
25.68000038266182,0.752
25.70666704972585,0.81
25.733333716789883,0.821
25.760000383853917,0.835
25.786667050917945,0.812
25.813333717981976,0.814
25.840000385046007,0.785
