time_min,absorb_mau
0.0,0.003
0.0733333344260852,-0.008
0.14666666885217,-0.038
0.220000003278255,0.169
0.293333337704341,-0.038
0.366666672130426,-0.169
0.440000006556511,-0.177
0.513333340982596,-0.065
0.586666675408681,0.608
0.660000009834766,3.022
0.733333344260852,5.04
0.806666678686937,5.638
0.880000013113022,6.241
0.953333347539107,7.012
1.02666668196519,7.539
1.10000001639128,7.995
1.17333335081736,8.176
1.24666668524345,7.984
1.32000001966953,7.373
1.39333335409562,6.677
1.4666666885217,5.916
1.54000002294779,5.229
1.61333335737387,4.528
1.68666669179996,3.831
1.76000002622604,3.326
1.83333336065213,2.845
1.90666669507821,2.518
1.9800000295043,2.319
2.05333336393038,2.125
2.12666669835647,2.002
2.20000003278255,1.912
2.27333336720864,1.862
2.34666670163472,1.825
2.42000003606081,1.828
2.4933333704869,1.74
2.56666670491298,1.732
2.64000003933907,1.726
2.71333337376515,1.74
2.78666670819124,1.773
2.86000004261732,1.818
2.93333337704341,1.888
3.00666671146949,1.924
3.08000004589558,2.0
3.15333338032166,2.213
3.22666671474775,2.27
3.30000004917383,2.3
3.37333338359992,2.279
3.446666718026,2.288
3.52000005245209,2.295
3.59333338687817,2.315
3.66666672130426,2.421
3.74000005573034,2.394
3.81333339015643,2.485
3.88666672458251,2.553
3.9600000590086,2.685
4.03333339343468,2.798
4.10666672786077,2.82
4.18000006228685,2.856
4.25333339671294,2.904
4.32666673113902,3.059
4.40000006556511,3.116
4.47333339999119,3.125
4.54666673441728,3.176
4.62000006884337,3.397
4.69333340326945,3.479
4.76666673769554,3.654
4.84000007212162,3.714
4.91333340654771,3.72
4.98666674097379,3.804
5.06000007539988,3.856
5.13333340982596,3.989
5.20666674425205,4.047
5.28000007867813,4.101
5.35333341310422,4.076
5.4266667475303,4.156
5.50000008195639,4.256
5.57333341638247,4.463
5.64666675080856,4.576
5.72000008523464,4.599
5.79333341966073,4.807
5.86666675408681,4.812
5.9400000885129,4.997
6.01333342293898,5.023
6.08666675736507,5.164
6.16000009179115,5.258
6.23333342621724,5.366
6.30666676064332,5.34
6.38000009506941,5.33
6.45333342949549,5.511
6.52666676392158,5.646
6.60000009834766,5.763
6.67333343277375,5.838
6.74666676719983,5.978
6.82000010162592,6.193
6.893333436052,6.366
6.96666677047809,6.434
7.04000010490418,6.514
7.11333343933026,6.613
7.18666677375635,6.745
7.26000010818243,6.862
7.33333344260852,6.971
7.4066667770346,7.122
7.48000011146069,7.288
7.55333344588677,7.444
7.62666678031286,7.612
7.70000011473894,7.733
7.77333344916503,7.826
7.84666678359111,7.842
7.9200001180172,8.006
7.99333345244328,8.155
8.06666678686937,8.21
8.14000012129545,8.368
8.21333345572154,8.526
8.28666679014762,8.732
8.36000012457371,8.924
8.43333345899979,9.023
8.50666679342588,9.161
8.58000012785196,9.224
8.65333346227805,9.263
8.72666679670413,9.41
8.80000013113022,9.52
8.8733334655563,9.786
8.94666679998239,9.868
9.02000013440848,10.055
9.09333346883456,10.216
9.16666680326065,10.218
9.24000013768673,10.338
9.31333347211282,10.568
9.3866668065389,10.621
9.46000014096498,10.752
9.53333347539107,11.013
9.60666680981716,11.137
9.68000014424324,11.248
9.75333347866933,11.269
9.82666681309541,11.242
9.9000001475215,11.331
9.97333348194758,11.506
10.0466668163737,11.665
10.1200001507998,11.841
10.1933334852258,12.022
10.2666668196519,12.26
10.340000154078,12.489
10.4133334885041,12.574
10.4866668229302,12.739
10.5600001573563,12.805
10.6333334917823,12.866
10.7066668262084,12.964
10.7800001606345,13.137
10.8533334950606,13.368
10.9266668294867,13.602
11.0000001639128,13.647
11.0733334983389,13.784
11.1466668327649,13.758
11.220000167191,13.712
11.2933335016171,13.702
11.3666668360432,13.776
11.4400001704693,13.77
11.5133335048954,13.816
11.5866668393215,13.948
11.6600001737475,14.015
11.7333335081736,14.029
11.8066668425997,13.982
11.8800001770258,14.03
11.9533335114519,13.941
12.026666845878,13.889
12.1000001803041,13.878
12.1733335147301,13.902
12.2466668491562,13.972
12.3200001835823,14.036
12.3933335180084,14.011
12.4666668524345,14.215
12.5400001868606,14.273
12.6133335212866,14.237
12.6866668557127,14.146
12.7600001901388,14.191
12.8333335245649,14.081
12.906666858991,13.977
12.9800001934171,14.05
13.0533335278432,14.058
13.1266668622692,14.14
13.2000001966953,14.201
13.2733335311214,14.215
13.3466668655475,14.212
13.4200001999736,14.216
13.4933335343997,14.234
13.5666668688258,14.175
13.6400002032518,14.173
13.7133335376779,14.195
13.786666872104,14.233
13.8600002065301,14.23
13.9333335409562,14.155
14.0066668753823,14.119
14.0800002098084,13.905
14.1533335442344,13.694
14.2266668786605,13.605
14.3000002130866,13.54
14.3733335475127,13.503
14.4466668819388,13.434
14.5200002163649,13.339
14.5933335507909,13.196
14.666666885217,13.095
14.7400002196431,12.946
14.8133335540692,12.774
14.8866668884953,12.625
14.9600002229214,12.599
15.0333335573475,12.461
15.1066668917735,12.312
15.1800002261996,12.353
15.2533335606257,12.41
15.3266668950518,12.346
15.4000002294779,12.168
15.473333563904,12.058
15.5466668983301,11.948
15.6200002327561,11.861
15.6933335671822,11.879
15.7666669016083,11.775
15.8400002360344,11.615
15.9133335704605,11.484
15.9866669048866,11.384
16.0600002393127,11.224
16.1333335737387,11.162
16.2066669081648,10.977
16.2800002425909,10.874
16.353333577017,10.799
16.4266669114431,10.826
16.5000002458692,10.764
16.5733335802952,10.845
16.6466669147213,11.008
16.7200002491474,11.085
16.7933335835735,11.029
16.8666669179996,10.994
16.9400002524257,10.888
17.0133335868518,10.82
17.0866669212778,10.867
17.1600002557039,10.77
17.23333359013,10.668
17.3066669245561,10.607
17.3800002589822,10.517
17.4533335934083,10.464
17.5266669278344,10.333
17.6000002622604,10.072
17.6733335966865,10.009
17.7466669311126,9.882
17.8200002655387,9.774
17.8933335999648,9.719
17.9666669343909,9.585
18.0400002688169,9.527
18.113333603243,9.54
18.1866669376691,9.495
18.2600002720952,9.376
18.3333336065213,9.332
18.4066669409474,9.386
18.4800002753735,9.316
18.5533336097995,9.275
18.6266669442256,9.281
18.7000002786517,9.273
18.7733336130778,9.16
18.8466669475039,9.079
18.92000028193,8.929
18.9933336163561,8.939
19.0666669507821,8.921
19.1400002852082,8.901
19.2133336196343,8.897
19.2866669540604,8.849
19.3600002884865,8.806
19.4333336229126,8.831
19.5066669573387,8.86
19.5800002917647,8.874
19.6533336261908,8.813
19.7266669606169,8.774
19.800000295043,8.749
19.8733336294691,8.728
19.9466669638952,8.742
20.0200002983212,8.718
20.0933336327473,8.766
20.1666669671734,8.816
20.2400003015995,8.91
20.3133336360256,8.926
20.3866669704517,8.939
20.4600003048778,8.937
20.5333336393038,8.863
20.6066669737299,8.783
20.680000308156,8.761
20.7533336425821,8.748
20.8266669770082,8.763
20.9000003114343,8.641
20.9733336458604,8.49
21.0466669802864,8.504
21.1200003147125,8.472
21.1933336491386,8.481
21.2666669835647,8.39
21.3400003179908,8.308
21.4133336524169,8.273
21.486666986843,8.273
21.560000321269,8.275
21.6333336556951,8.249
21.7066669901212,8.189
21.7800003245473,8.287
21.8533336589734,8.302
21.9266669933995,8.362
22.0000003278255,8.471
22.0733336622516,8.462
22.1466669966777,8.413
22.2200003311038,8.443
22.2933336655299,8.399
22.366666999956,8.331
22.4400003343821,8.255
22.5133336688081,8.21
22.5866670032342,8.151
22.6600003376603,8.164
22.7333336720864,8.159
22.8066670065125,8.231
22.8800003409386,8.396
22.9533336753647,8.404
23.0266670097907,8.377
23.1000003442168,8.494
23.1733336786429,8.436
23.246667013069,8.402
23.3200003474951,8.337
23.3933336819212,8.291
23.4666670163473,8.197
23.5400003507733,8.252
23.6133336851994,8.311
23.6866670196255,8.392
23.7600003540516,8.332
23.8333336884777,8.372
23.9066670229038,8.371
23.9800003573298,8.227
24.0533336917559,8.099
24.126667026182,7.992
24.2000003606081,8.158
24.2733336950342,8.161
24.3466670294603,8.175
24.4200003638864,8.217
24.4933336983124,8.119
24.5666670327385,8.143
24.6400003671646,8.102
24.7133337015907,8.114
24.7866670360168,8.094
24.8600003704429,8.063
24.933333704869,8.115
25.006667039295,8.259
25.0800003737211,8.166
25.1533337081472,8.091
25.2266670425733,8.038
25.3000003769994,8.138
25.3733337114255,8.014
25.4466670458515,8.009
25.5200003802776,8.146
25.5933337147037,8.196
25.6666670491298,8.216
25.7400003835559,8.371
25.813333717982,8.447
25.8866670524081,8.545
25.9600003868341,8.457
26.0333337212602,8.336
26.1066670556863,8.418
26.1800003901124,8.351
26.2533337245385,8.342
26.3266670589646,8.344
26.4000003933907,8.39
26.4733337278167,8.548
26.5466670622428,8.562
26.6200003966689,8.547
26.693333731095,8.476
26.7666670655211,8.543
26.8400003999472,8.487
26.9133337343733,8.384
26.9866670687993,8.316
27.0600004032254,8.36
27.1333337376515,8.418
27.2066670720776,8.451
27.2800004065037,8.545
27.3533337409298,8.493
27.4266670753558,8.441
27.5000004097819,8.367
27.573333744208,8.281
27.6466670786341,8.252
27.7200004130602,8.225
27.7933337474863,8.266
27.8666670819124,8.22
27.9400004163384,8.214
28.0133337507645,8.184
28.0866670851906,8.144
28.1600004196167,8.154
28.2333337540428,8.184
28.3066670884689,8.228
28.380000422895,8.284
28.453333757321,8.214
28.5266670917471,8.275
28.6000004261732,8.23
28.6733337605993,8.182
28.7466670950254,8.143
28.8200004294515,8.161
28.8933337638776,8.123
28.9666670983036,8.16
29.0400004327297,8.182
29.1133337671558,8.248
29.1866671015819,8.182
29.260000436008,8.301
29.3333337704341,8.377
29.4066671048601,8.489
29.4800004392862,8.567
29.5533337737123,8.597
29.6266671081384,8.664
29.7000004425645,8.641
29.7733337769906,8.816
29.8466671114167,8.875
29.9200004458427,8.898
29.9933337802688,8.987
30.0666671146949,9.015
30.140000449121,9.007
30.2133337835471,8.823
30.2866671179732,8.753
30.3600004523993,8.645
30.4333337868253,8.616
30.5066671212514,8.574
30.5800004556775,8.601
30.6533337901036,8.808
30.7266671245297,8.767
30.8000004589558,8.657
30.8733337933818,8.611
30.9466671278079,8.51
31.020000462234,8.534
31.0933337966601,8.647
31.1666671310862,8.617
31.2400004655123,8.805
31.3133337999384,8.846
31.3866671343644,8.871
31.4600004687905,8.867
31.5333338032166,8.795
31.6066671376427,8.751
31.6800004720688,8.704
31.7533338064949,8.73
31.826667140921,8.679
31.900000475347,8.727
31.9733338097731,8.833
32.0466671441992,8.94
32.1200004786253,8.968
32.1933338130514,8.984
32.2666671474775,8.896
32.3400004819036,8.792
32.4133338163296,8.809
32.4866671507557,8.879
32.5600004851818,8.888
32.6333338196079,8.947
32.706667154034,8.966
32.7800004884601,9.115
32.8533338228861,9.091
32.9266671573122,9.012
33.0000004917383,9.022
33.0733338261644,8.972
33.1466671605905,8.955
33.2200004950166,8.901
33.2933338294427,8.817
33.3666671638687,8.851
33.4400004982948,8.906
33.5133338327209,8.983
33.586667167147,8.826
33.6600005015731,8.726
33.7333338359992,8.787
33.8066671704253,8.803
33.8800005048513,8.86
33.9533338392774,8.85
34.0266671737035,8.812
34.1000005081296,8.767
34.1733338425557,8.748
34.2466671769818,8.734
34.3200005114079,8.766
34.3933338458339,8.755
34.46666718026,8.708
34.5400005146861,8.622
34.6133338491122,8.552
34.6866671835383,8.499
34.7600005179644,8.628
34.8333338523904,8.628
34.9066671868165,8.608
34.9800005212426,8.692
35.0533338556687,8.804
35.1266671900948,8.711
35.2000005245209,8.737
35.273333858947,8.755
35.346667193373,8.754
35.4200005277991,8.843
35.4933338622252,8.789
35.5666671966513,8.701
35.6400005310774,8.653
35.7133338655035,8.745
35.7866671999296,8.765
35.8600005343556,8.781
35.9333338687817,8.674
36.0066672032078,8.771
36.0800005376339,8.797
36.15333387206,8.767
36.2266672064861,8.82
36.3000005409121,8.805
36.3733338753382,8.763
36.4466672097643,8.77
36.5200005441904,8.745
36.5933338786165,8.64
36.6666672130426,8.555
36.7400005474687,8.643
36.8133338818947,8.625
36.8866672163208,8.634
36.9600005507469,8.623
37.033333885173,8.52
37.1066672195991,8.445
37.1800005540252,8.372
37.2533338884513,8.266
37.3266672228773,8.195
37.4000005573034,8.219
37.4733338917295,8.166
37.5466672261556,8.123
37.6200005605817,8.092
37.6933338950078,8.078
37.7666672294339,8.119
37.8400005638599,8.035
37.913333898286,8.113
37.9866672327121,8.044
38.0600005671382,7.992
38.1333339015643,7.909
38.2066672359904,7.821
38.2800005704165,7.777
38.3533339048425,7.859
38.4266672392686,7.868
38.5000005736947,7.895
38.5733339081208,8.031
38.6466672425469,8.025
38.720000576973,7.95
38.793333911399,7.837
38.8666672458251,7.77
38.9400005802512,7.633
39.0133339146773,7.592
39.0866672491034,7.643
39.1600005835295,7.647
39.2333339179556,7.628
39.3066672523816,7.516
39.3800005868077,7.402
39.4533339212338,7.338
39.5266672556599,7.297
39.600000590086,7.146
39.6733339245121,7.154
39.7466672589382,7.126
39.8200005933642,7.081
39.8933339277903,7.041
39.9666672622164,6.971
40.0400005966425,6.909
40.1133339310686,6.855
40.1866672654947,6.703
40.2600005999208,6.679
40.3333339343468,6.571
40.4066672687729,6.488
40.480000603199,6.493
40.5533339376251,6.329
40.6266672720512,6.219
40.7000006064773,6.256
40.7733339409034,6.237
40.8466672753294,6.197
40.9200006097555,6.239
40.9933339441816,6.185
41.0666672786077,6.04
41.1400006130338,5.951
41.2133339474599,5.93
41.2866672818859,5.933
41.360000616312,5.827
41.4333339507381,5.718
41.5066672851642,5.663
41.5800006195903,5.548
41.6533339540164,5.609
41.7266672884425,5.652
41.8000006228685,5.586
41.8733339572946,5.496
41.9466672917207,5.471
42.0200006261468,5.46
42.0933339605729,5.421
42.166667294999,5.345
42.2400006294251,5.32
42.3133339638511,5.231
42.3866672982772,5.183
42.4600006327033,5.061
42.5333339671294,4.981
42.6066673015555,4.894
42.6800006359816,4.828
42.7533339704076,4.746
42.8266673048337,4.663
42.9000006392598,4.527
42.9733339736859,4.449
43.046667308112,4.403
43.1200006425381,4.318
43.1933339769642,4.347
43.2666673113902,4.347
43.3400006458163,4.299
43.4133339802424,4.287
43.4866673146685,4.24
43.5600006490946,4.193
43.6333339835207,4.039
43.7066673179468,3.887
43.7800006523728,3.861
43.8533339867989,3.784
43.926667321225,3.799
44.0000006556511,3.749
44.0733339900772,3.644
44.1466673245033,3.574
44.2200006589294,3.524
44.2933339933554,3.392
44.3666673277815,3.251
44.4400006622076,3.135
44.5133339966337,3.042
44.5866673310598,3.037
44.6600006654859,3.073
44.733333999912,3.014
44.806667334338,3.011
44.8800006687641,3.0
44.9533340031902,3.067
45.0266673376163,3.031
45.1000006720424,2.954
45.1733340064685,2.952
45.2466673408945,2.831
45.3200006753206,2.845
45.3933340097467,2.771
45.4666673441728,2.688
45.5400006785989,2.709
45.613334013025,2.697
45.6866673474511,2.54
45.7600006818771,2.452
45.8333340163032,2.354
45.9066673507293,2.401
45.9800006851554,2.327
46.0533340195815,2.3
46.1266673540076,2.288
46.2000006884337,2.195
46.2733340228597,2.169
46.3466673572858,2.247
46.4200006917119,2.162
46.493334026138,2.143
46.5666673605641,2.15
46.6400006949902,2.073
46.7133340294163,2.068
46.7866673638423,2.032
46.8600006982684,2.068
46.9333340326945,1.95
47.0066673671206,1.84
47.0800007015467,1.877
47.1533340359728,1.871
47.2266673703988,1.897
47.3000007048249,1.966
47.373334039251,1.98
47.4466673736771,1.942
47.5200007081032,1.901
47.5933340425293,1.827
47.6666673769554,1.851
47.7400007113814,1.754
47.8133340458075,1.688
47.8866673802336,1.754
47.9600007146597,1.802
48.0333340490858,1.75
48.1066673835119,1.635
48.180000717938,1.644
48.253334052364,1.63
48.3266673867901,1.722
48.4000007212162,1.8
48.4733340556423,1.798
48.5466673900684,1.787
48.6200007244945,1.744
48.6933340589205,1.701
48.7666673933466,1.649
48.8400007277727,1.642
48.9133340621988,1.648
48.9866673966249,1.555
49.060000731051,1.514
49.1333340654771,1.467
49.2066673999031,1.495
49.2800007343292,1.408
49.3533340687553,1.466
49.4266674031814,1.453
49.5000007376075,1.359
49.5733340720336,1.384
49.6466674064597,1.474
49.7200007408857,1.436
49.7933340753118,1.463
49.8666674097379,1.514
49.940000744164,1.517
50.0133340785901,1.492
50.0866674130162,1.377
50.1600007474423,1.376
50.2333340818683,1.413
50.3066674162944,1.401
50.3800007507205,1.401
50.4533340851466,1.434
50.5266674195727,1.481
50.6000007539988,1.447
50.6733340884249,1.423
50.7466674228509,1.512
50.820000757277,1.469
50.8933340917031,1.364
50.9666674261292,1.454
51.0400007605553,1.441
51.1133340949814,1.312
51.1866674294074,1.305
51.2600007638335,1.34
51.3333340982596,1.229
51.4066674326857,1.152
51.4800007671118,1.175
51.5533341015379,1.232
51.626667435964,1.228
51.70000077039,1.201
51.7733341048161,1.205
51.8466674392422,1.242
51.9200007736683,1.166
51.9933341080944,1.092
52.0666674425205,1.109
52.1400007769466,1.087
52.2133341113726,1.066
52.2866674457987,1.073
52.3600007802248,1.139
52.4333341146509,1.094
52.506667449077,1.082
52.5800007835031,1.135
52.6533341179291,1.118
52.7266674523552,1.116
52.8000007867813,1.135
52.8733341212074,1.204
52.9466674556335,1.236
53.0200007900596,1.36
53.0933341244857,1.33
53.1666674589117,1.23
53.2400007933378,1.231
53.3133341277639,1.221
53.38666746219,1.141
53.4600007966161,1.115
53.5333341310422,1.142
53.6066674654682,1.254
53.6800007998943,1.132
53.7533341343204,1.066
53.8266674687465,1.057
53.9000008031726,1.154
53.9733341375987,1.161
54.0466674720248,1.154
54.1200008064508,1.124
54.1933341408769,1.088
54.266667475303,1.194
54.3400008097291,1.2
54.4133341441552,1.089
54.4866674785813,1.009
54.5600008130074,1.104
54.6333341474334,1.032
54.7066674818595,0.956
54.7800008162856,0.948
54.8533341507117,0.99
54.9266674851378,1.115
55.0000008195639,1.273
55.07333415399,1.311
55.146667488416,1.377
55.2200008228421,1.428
55.2933341572682,1.475
55.3666674916943,1.448
55.4400008261204,1.363
55.5133341605465,1.281
55.5866674949726,1.263
55.6600008293986,1.226
55.7333341638247,1.241
55.8066674982508,1.191
55.8800008326769,1.13
55.953334167103,1.101
56.0266675015291,1.148
56.1000008359551,1.147
56.1733341703812,1.091
56.2466675048073,1.051
56.3200008392334,1.096
56.3933341736595,1.112
56.4666675080856,1.142
56.5400008425117,1.111
56.6133341769377,1.153
56.6866675113638,1.138
56.7600008457899,1.146
56.833334180216,1.135
56.9066675146421,1.109
56.9800008490682,1.163
57.0533341834943,1.228
57.1266675179203,1.272
57.2000008523464,1.249
57.2733341867725,1.25
57.3466675211986,1.315
57.4200008556247,1.328
57.4933341900508,1.435
57.5666675244768,1.293
57.6400008589029,1.247
57.713334193329,1.298
57.7866675277551,1.326
57.8600008621812,1.362
57.9333341966073,1.319
58.0066675310334,1.355
58.0800008654594,1.397
58.1533341998855,1.351
58.2266675343116,1.304
58.3000008687377,1.236
58.3733342031638,1.168
58.4466675375899,1.238
58.520000872016,1.287
58.593334206442,1.309
58.6666675408681,1.31
58.7400008752942,1.311
58.8133342097203,1.225
58.8866675441464,1.178
58.9600008785725,1.061
59.0333342129986,1.057
59.1066675474246,1.148
59.1800008818507,1.188
59.2533342162768,1.192
59.3266675507029,1.233
59.400000885129,1.203
59.4733342195551,1.177
59.5466675539811,1.195
59.6200008884072,1.099
59.6933342228333,1.123
59.7666675572594,1.141
59.8400008916855,1.134
59.9133342261116,1.155
59.9866675605377,1.067
60.0600008949637,1.222
60.1333342293898,1.262
60.2066675638159,1.27
60.280000898242,1.215
60.3533342326681,1.201
60.4266675670942,1.274
60.5000009015203,1.29
60.5733342359463,1.324
60.6466675703724,1.345
60.7200009047985,1.439
60.7933342392246,1.362
60.8666675736507,1.389
60.9400009080768,1.432
61.0133342425029,1.394
61.0866675769289,1.321
61.160000911355,1.24
61.2333342457811,1.214
61.3066675802072,1.238
61.3800009146333,1.28
61.4533342490594,1.183
61.5266675834855,1.179
61.6000009179115,1.185
61.6733342523376,1.168
61.7466675867637,1.18
61.8200009211898,1.099
61.8933342556159,1.218
61.966667590042,1.254
62.040000924468,1.225
62.1133342588941,1.262
62.1866675933202,1.287
62.2600009277463,1.25
62.3333342621724,1.168
62.4066675965985,1.158
62.4800009310246,1.238
62.5533342654506,1.264
62.6266675998767,1.225
62.7000009343028,1.233
62.7733342687289,1.221
62.846667603155,1.253
62.9200009375811,1.185
62.9933342720071,1.081
63.0666676064332,1.051
63.1400009408593,1.053
63.2133342752854,1.142
63.2866676097115,1.309
63.3600009441376,1.409
63.4333342785637,1.409
63.5066676129897,1.355
63.5800009474158,1.41
63.6533342818419,1.54
63.726667616268,1.534
63.8000009506941,1.484
63.8733342851202,1.512
63.9466676195463,1.43
64.0200009539723,1.457
64.0933342883984,1.403
64.1666676228245,1.335
64.2400009572506,1.278
64.3133342916767,1.337
64.3866676261028,1.376
64.4600009605289,1.356
64.5333342949549,1.322
64.606667629381,1.248
64.6800009638071,1.279
64.7533342982332,1.303
64.8266676326593,1.378
64.9000009670854,1.564
64.9733343015114,1.567
65.0466676359375,1.493
65.1200009703636,1.512
65.1933343047897,1.551
65.2666676392158,1.602
65.3400009736419,1.625
65.413334308068,1.629
65.486667642494,1.532
65.5600009769201,1.48
65.6333343113462,1.445
65.7066676457723,1.486
65.7800009801984,1.501
65.8533343146245,1.455
65.9266676490506,1.44
66.0000009834766,1.5
66.0733343179027,1.398
66.1466676523288,1.353
66.2200009867549,1.346
66.293334321181,1.344
66.3666676556071,1.56
66.4400009900332,1.63
66.5133343244592,1.629
66.5866676588853,1.595
66.6600009933114,1.538
66.7333343277375,1.561
66.8066676621636,1.576
66.8800009965897,1.611
66.9533343310158,1.611
67.0266676654418,1.629
67.1000009998679,1.642
67.173334334294,1.591
67.2466676687201,1.607
67.3200010031462,1.595
67.3933343375723,1.62
67.4666676719983,1.53
67.5400010064244,1.463
67.6133343408505,1.422
67.6866676752766,1.399
67.7600010097027,1.346
67.8333343441288,1.505
67.9066676785549,1.446
67.9800010129809,1.411
68.053334347407,1.431
68.1266676818331,1.513
68.2000010162592,1.582
68.2733343506853,1.454
68.3466676851114,1.371
68.4200010195375,1.349
68.4933343539635,1.363
68.5666676883896,1.38
68.6400010228157,1.437
68.7133343572418,1.432
68.7866676916679,1.375
68.860001026094,1.328
68.9333343605201,1.432
69.0066676949461,1.465
69.0800010293722,1.568
69.1533343637983,1.58
69.2266676982244,1.694
69.3000010326505,1.61
69.3733343670766,1.6
69.4466677015027,1.652
69.5200010359287,1.643
69.5933343703548,1.737
69.6666677047809,1.658
69.740001039207,1.572
69.8133343736331,1.564
69.8866677080592,1.638
69.9600010424853,1.595
70.0333343769113,1.507
70.1066677113374,1.55
70.1800010457635,1.53
70.2533343801896,1.578
70.3266677146157,1.542
70.4000010490418,1.527
70.4733343834678,1.53
70.5466677178939,1.508
70.62000105232,1.599
70.6933343867461,1.726
70.7666677211722,1.675
70.8400010555983,1.632
70.9133343900244,1.541
70.9866677244504,1.552
71.0600010588765,1.427
