time_min,absorb_mau
0.0,0.0
0.0166666669150193,0.003
0.0333333338300387,0.002
0.050000000745058,-0.014
0.0666666676600774,-0.036
0.0833333345750967,-0.045
0.1000000014901161,-0.052
0.1166666684051354,-0.057
0.1333333353201548,-0.053
0.1500000022351741,-0.045
0.1666666691501935,-0.047
0.1833333360652129,-0.073
0.2000000029802322,-0.113
0.2166666698952516,-0.131
0.2333333368102709,-0.127
0.2500000037252903,-0.147
0.2666666706403096,-0.154
0.283333337555329,-0.138
0.3000000044703483,-0.161
0.3166666713853677,-0.184
0.3333333383003871,-0.193
0.3500000052154064,-0.193
0.3666666721304258,-0.204
0.3833333390454451,-0.179
0.4000000059604645,-0.17
0.4166666728754838,-0.168
0.4333333397905032,-0.145
0.4500000067055225,-0.102
0.4666666736205419,-0.1
0.4833333405355612,-0.067
0.5000000074505806,0.0
0.5166666743656,0.02
0.5333333412806193,0.03
0.5500000081956387,0.066
0.566666675110658,0.068
0.5833333420256774,0.039
0.6000000089406967,0.047
0.6166666758557161,0.033
0.6333333427707355,0.066
0.6500000096857548,0.132
0.6666666766007742,0.18
0.6833333435157936,0.237
0.7000000104308128,0.374
0.7166666773458322,0.538
0.7333333442608516,0.724
0.7500000111758709,0.983
0.7666666780908903,1.375
0.7833333450059097,1.832
0.800000011920929,2.377
0.8166666788359483,3.036
0.8333333457509677,3.84
0.850000012665987,4.75
0.8666666795810064,5.716
0.8833333464960258,6.773
0.9000000134110451,7.911
0.9166666803260644,9.135
0.933333347241084,10.382
0.9500000141561032,11.769
0.9666666810711224,13.259
0.983333347986142,14.83
1.0000000149011612,16.521
1.0166666818161805,18.374
1.0333333487312,20.302
1.0500000156462193,22.318
1.0666666825612383,24.414
1.083333349476258,26.516
1.100000016391277,28.709
1.1166666833062966,30.836
1.133333350221316,33.028
1.1500000171363354,35.16
1.1666666840513549,37.385
1.1833333509663742,39.473
1.2000000178813934,41.57
1.216666684796413,43.557
1.2333333517114322,45.522
1.2500000186264515,47.284
1.266666685541471,49.043
1.2833333524564905,50.652
1.3000000193715096,52.22
1.316666686286529,53.631
1.3333333532015483,54.984
1.3500000201165676,56.175
1.3666666870315871,57.289
1.3833333539466064,58.307
1.4000000208616257,59.192
1.4166666877766452,59.964
1.4333333546916645,60.655
1.4500000216066835,61.233
1.4666666885217032,61.69
1.4833333554367223,62.084
1.5000000223517418,62.422
1.5166666892667613,62.676
1.5333333561817806,62.838
1.5500000230968,62.927
1.5666666900118194,62.925
1.5833333569268386,62.86
1.600000023841858,62.736
1.6166666907568774,62.528
1.6333333576718967,62.258
1.650000024586916,61.961
1.6666666915019357,61.623
1.6833333584169548,61.209
1.700000025331974,60.789
1.7166666922469935,60.334
1.7333333591620128,59.856
1.750000026077032,59.347
1.7666666929920516,58.822
1.7833333599070709,58.238
1.80000002682209,57.644
1.8166666937371097,57.021
1.833333360652129,56.329
1.850000027567148,55.631
1.866666694482168,54.933
1.883333361397187,54.196
1.9000000283122065,53.43
1.9166666952272255,52.675
1.933333362142245,51.896
1.9500000290572643,51.111
1.966666695972284,50.338
1.983333362887303,49.555
2.0000000298023224,48.748
2.016666696717342,47.947
2.033333363632361,47.134
2.0500000305473804,46.335
2.0666666974624,45.552
2.083333364377419,44.806
2.1000000312924385,44.023
2.116666698207458,43.263
2.133333365122477,42.52
2.150000032037497,41.764
2.166666698952516,40.994
2.183333365867535,40.276
2.200000032782554,39.524
2.216666699697574,38.762
2.233333366612593,38.04
2.2500000335276127,37.306
2.266666700442632,36.543
2.283333367357652,35.763
2.3000000342726707,35.021
2.3166667011876902,34.225
2.3333333681027097,33.445
2.350000035017729,32.637
2.3666667019327483,31.857
2.383333368847768,31.078
2.400000035762787,30.327
2.4166667026778064,29.585
2.433333369592826,28.889
2.450000036507845,28.179
2.4666667034228644,27.487
2.483333370337884,26.781
2.500000037252903,26.09
2.5166667041679225,25.393
2.533333371082942,24.704
2.550000037997961,24.006
2.5666667049129805,23.339
2.583333371828,22.704
2.600000038743019,22.079
2.6166667056580386,21.467
2.633333372573058,20.863
2.650000039488077,20.253
2.6666667064030967,19.601
2.683333373318116,18.956
2.7000000402331352,18.324
2.7166667071481547,17.695
2.7333333740631742,17.072
2.7500000409781933,16.484
2.766666707893213,15.913
2.7833333748082323,15.375
2.800000041723252,14.857
2.816666708638271,14.366
2.8333333755532903,13.891
2.8500000424683094,13.459
2.866666709383329,13.008
2.8833333762983484,12.56
2.9000000432133675,12.16
2.916666710128387,11.77
2.9333333770434065,11.348
2.950000043958425,10.952
2.966666710873445,10.582
2.9833333777884645,10.182
3.000000044703484,9.815
3.016666711618503,9.493
3.0333333785335226,9.177
3.0500000454485416,8.841
3.066666712363561,8.51
3.0833333792785806,8.185
3.1000000461936,7.873
3.116666713108619,7.59
3.1333333800236387,7.336
3.1500000469386578,7.099
3.1666667138536773,6.855
3.1833333807686968,6.596
3.200000047683716,6.332
3.2166667145987358,6.064
3.233333381513755,5.803
3.250000048428774,5.572
3.2666667153437934,5.354
3.283333382258813,5.151
3.300000049173832,4.963
3.3166667160888514,4.791
3.333333383003871,4.621
3.35000004991889,4.449
3.366666716833909,4.299
3.383333383748929,4.133
3.400000050663948,3.992
3.416666717578968,3.834
3.433333384493987,3.685
3.450000051409006,3.549
3.4666667183240256,3.418
3.483333385239045,3.288
3.500000052154064,3.169
3.516666719069084,3.055
3.533333385984103,2.915
3.5500000528991222,2.792
3.5666667198141417,2.703
3.583333386729161,2.623
3.6000000536441803,2.562
3.6166667205592,2.51
3.6333333874742193,2.449
3.6500000543892384,2.393
3.666666721304258,2.337
3.683333388219277,2.272
3.700000055134296,2.218
3.716666722049316,2.182
3.733333388964336,2.151
3.7500000558793545,2.078
3.766666722794374,2.03
3.7833333897093935,1.956
3.800000056624413,1.882
3.816666723539432,1.816
3.833333390454452,1.774
3.850000057369471,1.713
3.86666672428449,1.705
3.8833333911995096,1.681
3.9000000581145287,1.615
3.916666725029548,1.585
3.933333391944568,1.56
3.9500000588595863,1.52
3.966666725774606,1.517
3.9833333926896257,1.491
4.000000059604645,1.455
4.016666726519664,1.413
4.033333393434684,1.389
4.050000060349703,1.338
4.066666727264722,1.3
4.083333394179742,1.27
4.100000061094761,1.239
4.11666672800978,1.184
4.1333333949248,1.137
4.150000061839819,1.107
4.166666728754838,1.087
4.183333395669858,1.069
4.200000062584877,1.054
4.216666729499896,1.041
4.233333396414916,1.036
4.250000063329935,1.006
4.266666730244954,0.982
4.283333397159974,0.96
4.300000064074993,0.974
4.316666730990012,0.976
4.333333397905032,0.974
4.350000064820051,0.966
4.36666673173507,0.971
4.38333339865009,0.941
4.400000065565109,0.904
4.416666732480128,0.903
4.433333399395148,0.906
4.450000066310167,0.877
4.466666733225186,0.875
4.483333400140206,0.865
4.500000067055225,0.834
4.516666733970244,0.792
4.533333400885264,0.776
4.550000067800283,0.746
4.566666734715303,0.731
4.583333401630322,0.73
4.6000000685453415,0.75
4.616666735460361,0.766
4.6333334023753805,0.779
4.6500000692904,0.782
4.66666673620542,0.807
4.683333403120439,0.831
4.700000070035458,0.86
4.716666736950478,0.896
4.733333403865497,0.916
4.750000070780516,0.896
4.766666737695536,0.871
4.783333404610555,0.841
4.800000071525574,0.811
4.816666738440594,0.803
4.833333405355613,0.81
4.850000072270632,0.819
4.866666739185652,0.822
4.883333406100671,0.801
4.90000007301569,0.78
4.91666673993071,0.751
4.933333406845729,0.721
4.950000073760748,0.696
4.966666740675768,0.682
4.983333407590787,0.659
5.000000074505806,0.623
5.016666741420826,0.595
5.033333408335845,0.56
5.050000075250864,0.539
5.066666742165884,0.522
5.083333409080903,0.524
5.100000075995922,0.535
5.116666742910942,0.54
5.133333409825961,0.559
5.15000007674098,0.573
5.166666743656,0.569
5.183333410571019,0.565
5.200000077486038,0.568
5.216666744401058,0.568
5.233333411316077,0.578
5.250000078231096,0.582
5.266666745146116,0.571
5.283333412061135,0.568
5.300000078976154,0.556
5.316666745891174,0.528
5.333333412806193,0.537
5.350000079721212,0.56
5.366666746636232,0.567
5.383333413551251,0.562
5.4000000804662704,0.567
5.41666674738129,0.543
5.433333414296309,0.538
5.4500000812113285,0.52
5.4666667481263485,0.526
5.483333415041368,0.527
5.500000081956387,0.54
5.516666748871407,0.529
5.533333415786426,0.529
5.550000082701445,0.519
5.566666749616465,0.47
5.583333416531484,0.454
5.600000083446503,0.425
5.616666750361523,0.381
5.633333417276542,0.362
5.650000084191561,0.354
5.666666751106581,0.353
5.6833334180216,0.367
5.700000084936619,0.404
5.716666751851639,0.416
5.733333418766658,0.444
5.750000085681677,0.413
5.766666752596697,0.403
5.783333419511716,0.353
5.800000086426735,0.309
5.816666753341755,0.258
5.833333420256774,0.246
5.850000087171793,0.246
5.866666754086813,0.258
5.883333421001832,0.291
5.900000087916851,0.34
5.916666754831871,0.358
5.93333342174689,0.35
5.950000088661909,0.349
5.966666755576929,0.34
5.983333422491948,0.324
6.000000089406967,0.324
6.016666756321987,0.316
6.033333423237006,0.328
6.050000090152025,0.319
6.066666757067045,0.296
6.083333423982064,0.282
6.100000090897083,0.282
6.116666757812103,0.246
6.133333424727122,0.248
6.150000091642141,0.24
6.166666758557161,0.213
6.18333342547218,0.185
6.200000092387199,0.203
6.216666759302219,0.19
6.233333426217238,0.176
6.2500000931322575,0.187
6.266666760047277,0.225
6.2833334269622965,0.227
6.300000093877316,0.224
6.316666760792336,0.245
6.3333334277073545,0.262
6.350000094622374,0.272
6.3666667615373935,0.295
6.383333428452413,0.322
6.400000095367432,0.335
6.416666762282452,0.337
6.433333429197471,0.331
6.45000009611249,0.333
6.46666676302751,0.331
6.483333429942529,0.345
6.500000096857548,0.375
6.516666763772568,0.387
6.533333430687587,0.372
6.550000097602606,0.359
6.566666764517626,0.335
6.583333431432645,0.288
6.600000098347664,0.253
6.616666765262684,0.232
6.633333432177703,0.218
6.650000099092722,0.224
6.666666766007742,0.236
6.683333432922761,0.248
6.70000009983778,0.263
6.7166667667528,0.272
6.733333433667819,0.264
6.750000100582838,0.249
6.766666767497858,0.244
6.783333434412877,0.236
6.800000101327896,0.235
6.816666768242916,0.239
6.833333435157935,0.262
6.850000102072954,0.281
6.866666768987974,0.296
6.883333435902993,0.305
6.900000102818012,0.314
6.916666769733032,0.311
6.933333436648051,0.317
6.95000010356307,0.326
6.96666677047809,0.347
6.983333437393109,0.373
7.000000104308128,0.394
7.016666771223148,0.405
7.033333438138167,0.423
7.050000105053186,0.432
7.066666771968206,0.426
7.083333438883225,0.433
7.1000001057982445,0.414
7.116666772713264,0.388
7.133333439628284,0.363
7.150000106543303,0.357
7.1666667734583225,0.329
7.1833334403733415,0.343
7.200000107288361,0.333
7.216666774203379,0.339
7.2333334411184,0.35
7.250000108033419,0.347
7.266666774948439,0.35
7.283333441863458,0.356
7.300000108778477,0.345
7.316666775693497,0.306
7.333333442608516,0.31
7.350000109523535,0.293
7.366666776438555,0.291
7.383333443353574,0.308
7.400000110268593,0.326
7.416666777183613,0.331
7.433333444098632,0.34
7.450000111013651,0.353
7.466666777928671,0.322
7.48333344484369,0.329
7.500000111758709,0.34
7.516666778673729,0.365
7.533333445588748,0.385
7.550000112503767,0.424
7.566666779418787,0.457
7.583333446333806,0.461
7.600000113248825,0.475
7.616666780163845,0.469
7.633333447078864,0.461
7.650000113993883,0.448
7.666666780908903,0.452
7.683333447823922,0.423
7.700000114738941,0.397
7.716666781653961,0.413
7.73333344856898,0.394
7.750000115483999,0.367
7.766666782399019,0.353
7.783333449314038,0.376
7.800000116229057,0.385
7.816666783144077,0.42
7.833333450059096,0.475
7.850000116974115,0.52
7.866666783889135,0.547
7.883333450804154,0.543
7.900000117719173,0.533
7.916666784634193,0.495
7.933333451549212,0.451
7.950000118464231,0.419
7.966666785379251,0.39
7.9833334522942705,0.35
8.00000011920929,0.341
8.01666678612431,0.335
8.033333453039328,0.311
8.050000119954348,0.29
8.066666786869368,0.295
8.083333453784386,0.282
8.100000120699406,0.246
8.116666787614426,0.222
8.133333454529444,0.22
8.150000121444464,0.232
8.166666788359484,0.242
8.183333455274502,0.254
8.200000122189522,0.267
8.216666789104542,0.254
8.23333345601956,0.228
8.25000012293458,0.223
8.2666667898496,0.232
8.283333456764618,0.239
8.300000123679638,0.24
8.316666790594658,0.232
8.333333457509676,0.208
8.350000124424696,0.192
8.366666791339716,0.202
8.383333458254734,0.226
8.400000125169754,0.252
8.416666792084774,0.268
8.433333458999792,0.273
8.450000125914812,0.277
8.466666792829832,0.276
8.48333345974485,0.276
8.50000012665987,0.283
8.51666679357489,0.298
8.533333460489908,0.299
8.550000127404928,0.301
8.566666794319948,0.32
8.583333461234966,0.346
8.600000128149986,0.365
8.616666795065006,0.392
8.633333461980024,0.408
8.650000128895044,0.423
8.666666795810064,0.408
8.683333462725082,0.416
8.700000129640102,0.408
8.716666796555122,0.4
8.73333346347014,0.379
8.75000013038516,0.377
8.76666679730018,0.352
8.783333464215199,0.347
8.800000131130219,0.348
8.816666798045238,0.33
8.833333464960257,0.33
8.850000131875277,0.301
8.866666798790297,0.277
8.883333465705315,0.24
8.900000132620335,0.248
8.916666799535355,0.242
8.933333466450373,0.248
8.950000133365393,0.246
8.966666800280413,0.27
8.98333346719543,0.274
9.00000013411045,0.25
9.01666680102547,0.243
9.033333467940489,0.229
9.050000134855509,0.189
9.066666801770529,0.139
9.083333468685549,0.118
9.100000135600569,0.113
9.116666802515589,0.126
9.133333469430609,0.126
9.150000136345623,0.143
9.166666803260645,0.164
9.183333470175665,0.181
9.200000137090685,0.165
9.216666804005705,0.184
9.233333470920725,0.222
9.25000013783574,0.186
9.26666680475076,0.159
9.28333347166578,0.149
9.3000001385808,0.123
9.31666680549582,0.082
9.33333347241084,0.097
9.350000139325855,0.114
9.366666806240875,0.116
9.383333473155895,0.116
9.400000140070915,0.141
9.416666806985935,0.182
9.433333473900955,0.218
9.450000140815972,0.258
9.466666807730991,0.321
9.483333474646011,0.349
9.500000141561031,0.341
9.516666808476051,0.335
9.533333475391071,0.318
9.55000014230609,0.286
9.56666680922111,0.253
9.58333347613613,0.246
9.600000143051147,0.235
9.616666809966167,0.246
9.633333476881187,0.253
9.650000143796206,0.289
9.666666810711224,0.299
9.683333477626244,0.323
9.700000144541264,0.342
9.716666811456284,0.349
9.733333478371303,0.33
9.750000145286322,0.31
9.766666812201342,0.28
9.783333479116362,0.227
9.80000014603138,0.203
9.8166668129464,0.187
9.83333347986142,0.165
9.850000146776438,0.135
9.866666813691458,0.124
9.883333480606478,0.113
9.900000147521496,0.108
9.916666814436516,0.125
9.933333481351536,0.135
9.950000148266554,0.138
9.966666815181574,0.139
9.983333482096594,0.131
10.000000149011612,0.111
10.016666815926632,0.121
10.033333482841652,0.157
10.05000014975667,0.177
10.06666681667169,0.193
10.08333348358671,0.206
10.100000150501728,0.196
10.116666817416748,0.17
10.133333484331768,0.146
10.150000151246786,0.133
10.166666818161806,0.147
10.183333485076826,0.183
10.200000151991844,0.214
10.216666818906864,0.244
10.233333485821884,0.278
10.250000152736902,0.29
10.266666819651922,0.297
10.283333486566942,0.309
10.30000015348196,0.317
10.31666682039698,0.323
10.333333487312,0.31
10.350000154227018,0.298
10.366666821142038,0.288
10.383333488057058,0.288
10.400000154972076,0.292
10.416666821887096,0.295
10.433333488802116,0.286
10.450000155717134,0.249
10.466666822632154,0.203
10.483333489547174,0.17
10.500000156462193,0.154
10.516666823377212,0.129
10.533333490292232,0.125
10.55000015720725,0.141
10.56666682412227,0.144
10.58333349103729,0.127
10.600000157952309,0.112
10.616666824867329,0.142
10.633333491782349,0.156
10.650000158697368,0.135
10.666666825612388,0.112
10.683333492527408,0.134
10.700000159442425,0.105
10.716666826357445,0.099
10.733333493272465,0.124
10.750000160187485,0.165
10.766666827102505,0.168
10.783333494017525,0.173
10.80000016093254,0.197
10.81666682784756,0.186
10.83333349476258,0.198
10.8500001616776,0.202
10.86666682859262,0.209
10.88333349550764,0.155
10.900000162422655,0.137
10.916666829337675,0.109
10.933333496252695,0.098
10.950000163167717,0.104
10.966666830082737,0.149
10.983333496997757,0.161
11.000000163912771,0.19
11.016666830827791,0.223
11.033333497742811,0.229
11.050000164657831,0.2
11.066666831572851,0.224
11.083333498487873,0.201
11.10000016540289,0.187
11.11666683231791,0.196
11.13333349923293,0.218
11.150000166147947,0.192
11.166666833062967,0.179
11.183333499977987,0.167
11.200000166893004,0.133
11.216666833808024,0.11
11.233333500723043,0.104
11.250000167638063,0.12
11.266666834553083,0.141
11.283333501468103,0.186
11.30000016838312,0.207
11.31666683529814,0.222
11.33333350221316,0.239
11.35000016912818,0.223
11.3666668360432,0.2
11.38333350295822,0.172
11.400000169873238,0.157
11.416666836788258,0.135
11.433333503703278,0.142
11.450000170618296,0.132
11.466666837533316,0.139
11.483333504448336,0.15
11.500000171363354,0.148
11.516666838278374,0.142
11.533333505193394,0.15
11.550000172108412,0.171
11.566666839023432,0.185
11.583333505938452,0.227
11.60000017285347,0.272
11.61666683976849,0.313
11.63333350668351,0.353
11.650000173598528,0.389
11.666666840513548,0.409
11.683333507428568,0.413
11.700000174343586,0.409
11.716666841258606,0.399
11.733333508173626,0.394
11.750000175088644,0.4
11.766666842003664,0.403
11.783333508918684,0.397
11.800000175833702,0.386
11.816666842748722,0.368
11.833333509663742,0.365
11.85000017657876,0.363
11.86666684349378,0.372
11.8833335104088,0.382
11.900000177323818,0.393
11.916666844238838,0.382
11.933333511153858,0.366
11.950000178068876,0.358
11.966666844983896,0.36
11.983333511898916,0.353
12.000000178813934,0.365
12.016666845728954,0.372
12.033333512643974,0.393
12.050000179558992,0.391
12.066666846474012,0.393
12.083333513389032,0.379
12.10000018030405,0.361
12.11666684721907,0.331
12.13333351413409,0.312
12.150000181049109,0.293
12.166666847964128,0.254
12.183333514879148,0.244
12.200000181794168,0.226
12.216666848709188,0.229
12.233333515624206,0.232
12.250000182539225,0.275
12.266666849454245,0.28
12.283333516369265,0.287
12.300000183284284,0.272
12.316666850199304,0.261
12.333333517114324,0.248
12.35000018402934,0.245
12.36666685094436,0.257
12.38333351785938,0.271
12.4000001847744,0.284
12.41666685168942,0.271
12.43333351860444,0.233
12.450000185519457,0.218
12.466666852434477,0.185
12.483333519349497,0.145
12.500000186264517,0.126
12.516666853179537,0.117
12.533333520094557,0.076
12.550000187009571,0.065
12.566666853924591,0.064
12.583333520839613,0.045
12.600000187754633,0.029
12.616666854669653,0.039
12.633333521584673,0.013
12.650000188499687,-0.007
12.666666855414707,0.007
12.683333522329727,-0.005
12.700000189244747,-0.013
12.716666856159769,-0.004
12.733333523074789,0.024
12.750000189989803,0.044
12.766666856904823,0.079
12.783333523819843,0.101
12.800000190734863,0.121
12.816666857649883,0.096
12.833333524564903,0.049
12.85000019147992,0.004
12.86666685839494,-0.035
12.88333352530996,-0.078
12.90000019222498,-0.1
12.91666685914,-0.103
12.93333352605502,-0.09
12.950000192970036,-0.072
12.966666859885056,-0.047
12.983333526800076,-0.015
13.000000193715096,0.04
13.016666860630115,0.051
13.033333527545135,0.054
13.050000194460154,0.072
13.066666861375174,0.089
13.083333528290192,0.086
13.100000195205212,0.105
13.116666862120232,0.14
13.133333529035252,0.153
13.15000019595027,0.161
13.16666686286529,0.156
13.18333352978031,0.134
13.200000196695328,0.122
13.216666863610348,0.125
13.233333530525368,0.114
13.250000197440386,0.095
13.266666864355406,0.1
13.283333531270426,0.105
13.300000198185444,0.091
13.316666865100464,0.084
13.333333532015484,0.081
13.350000198930502,0.082
13.366666865845522,0.086
13.383333532760542,0.085
13.40000019967556,0.077
13.41666686659058,0.079
13.4333335335056,0.078
13.450000200420618,0.047
13.466666867335638,0.021
13.483333534250658,0.017
13.500000201165676,0.021
13.516666868080696,0.029
13.533333534995716,0.04
13.550000201910734,0.058
13.566666868825754,0.053
13.583333535740774,0.045
13.600000202655792,0.038
13.616666869570812,0.04
13.633333536485832,0.045
13.65000020340085,0.078
13.66666687031587,0.119
13.68333353723089,0.158
13.700000204145908,0.227
13.716666871060928,0.29
13.733333537975948,0.308
13.750000204890966,0.316
13.766666871805986,0.306
13.783333538721006,0.269
13.800000205636024,0.24
13.816666872551044,0.229
13.833333539466064,0.22
13.850000206381084,0.215
13.866666873296102,0.232
13.883333540211122,0.237
13.90000020712614,0.25
13.91666687404116,0.262
13.93333354095618,0.279
13.9500002078712,0.249
13.96666687478622,0.219
13.98333354170124,0.189
14.000000208616257,0.181
14.016666875531277,0.16
14.033333542446297,0.187
14.050000209361317,0.193
14.066666876276336,0.198
14.083333543191356,0.167
14.100000210106373,0.156
14.116666877021393,0.125
14.133333543936413,0.106
14.150000210851433,0.095
14.16666687776645,0.093
14.18333354468147,0.091
14.200000211596487,0.094
14.216666878511507,0.101
14.233333545426529,0.092
14.250000212341549,0.093
14.266666879256569,0.085
14.283333546171589,0.057
14.300000213086603,0.074
14.316666880001623,0.091
14.333333546916643,0.112
14.350000213831663,0.126
14.366666880746685,0.144
14.383333547661705,0.124
14.40000021457672,0.109
14.41666688149174,0.072
14.43333354840676,0.065
14.45000021532178,0.076
14.4666668822368,0.056
14.48333354915182,0.051
14.500000216066836,0.06
14.516666882981855,0.077
14.533333549896875,0.108
14.550000216811895,0.142
14.566666883726915,0.143
14.583333550641935,0.143
14.600000217556952,0.157
14.616666884471972,0.132
14.633333551386992,0.13
14.650000218302011,0.146
14.666666885217031,0.154
14.683333552132051,0.134
14.70000021904707,0.137
14.71666688596209,0.122
14.73333355287711,0.105
14.750000219792128,0.092
14.766666886707148,0.105
14.783333553622167,0.099
14.800000220537186,0.112
14.816666887452206,0.143
14.833333554367226,0.19
14.850000221282244,0.199
14.866666888197264,0.211
14.883333555112284,0.212
14.900000222027302,0.181
14.916666888942322,0.147
14.933333555857342,0.124
14.95000022277236,0.095
14.96666688968738,0.07
14.9833335566024,0.069
15.000000223517418,0.075
15.016666890432438,0.094
15.033333557347458,0.117
15.050000224262476,0.145
15.066666891177496,0.172
15.083333558092516,0.2
15.100000225007534,0.239
15.116666891922554,0.285
15.133333558837574,0.336
15.150000225752592,0.371
15.166666892667612,0.389
15.183333559582632,0.379
15.20000022649765,0.348
15.21666689341267,0.307
15.23333356032769,0.276
15.250000227242708,0.258
15.266666894157728,0.226
15.283333561072748,0.196
15.300000227987766,0.17
15.316666894902786,0.137
15.333333561817806,0.118
15.350000228732824,0.136
15.366666895647844,0.156
15.383333562562864,0.169
15.400000229477882,0.169
15.416666896392902,0.17
15.433333563307922,0.147
15.45000023022294,0.146
15.46666689713796,0.15
15.48333356405298,0.155
15.500000230968,0.188
15.516666897883018,0.229
15.533333564798038,0.245
15.550000231713057,0.263
15.566666898628077,0.299
15.583333565543096,0.295
15.600000232458116,0.281
15.616666899373136,0.291
15.633333566288156,0.293
15.650000233203173,0.321
15.666666900118193,0.309
15.683333567033213,0.326
15.70000023394823,0.35
15.71666690086325,0.344
15.73333356777827,0.32
15.750000234693289,0.34
15.766666901608309,0.319
15.783333568523329,0.259
15.800000235438349,0.25
