time_min,absorb_mau
0.0,0.0
0.0300000004470348,-0.015
0.0600000008940697,-0.06
0.0900000013411045,-0.082
0.120000001788139,-0.06
0.150000002235174,-0.009
0.180000002682209,0.008
0.210000003129244,0.0
0.240000003576279,-0.042
0.270000004023314,-0.086
0.300000004470348,-0.11
0.330000004917383,-0.125
0.360000005364418,-0.158
0.390000005811453,-0.191
0.420000006258488,-0.213
0.450000006705523,-0.198
0.480000007152557,-0.191
0.510000007599592,-0.176
0.540000008046627,-0.169
0.570000008493662,-0.143
0.600000008940697,-0.143
0.630000009387732,-0.098
0.660000009834766,-0.039
0.690000010281801,0.117
0.720000010728836,0.397
0.750000011175871,0.928
0.780000011622906,1.687
0.810000012069941,2.784
0.840000012516975,4.127
0.87000001296401,5.685
0.900000013411045,7.246
0.93000001385808,8.674
0.960000014305115,9.953
0.99000001475215,10.925
1.02000001519918,11.57
1.05000001564622,11.915
1.08000001609325,12.079
1.11000001654029,12.11
1.14000001698732,12.051
1.17000001743436,11.993
1.20000001788139,11.974
1.23000001832843,11.962
1.26000001877546,12.013
1.2900000192225,12.056
1.32000001966953,12.167
1.35000002011657,12.297
1.3800000205636,12.513
1.41000002101064,12.729
1.44000002145767,12.983
1.47000002190471,13.246
1.50000002235174,13.595
1.53000002279878,14.03
1.56000002324581,14.501
1.59000002369285,14.959
1.62000002413988,15.441
1.65000002458692,15.981
1.68000002503395,16.541
1.71000002548099,17.079
1.74000002592802,17.62
1.77000002637506,18.195
1.80000002682209,18.803
1.83000002726913,19.44
1.86000002771616,20.067
1.89000002816319,20.734
1.92000002861023,21.458
1.95000002905726,22.161
1.9800000295043,22.863
2.01000002995133,23.57
2.04000003039837,24.349
2.0700000308454,25.137
2.10000003129244,25.873
2.13000003173947,26.646
2.16000003218651,27.433
2.19000003263354,28.282
2.22000003308058,29.062
2.25000003352761,29.887
2.28000003397465,30.788
2.31000003442168,31.665
2.34000003486872,32.509
2.37000003531575,33.337
2.40000003576279,34.169
2.43000003620982,35.009
2.46000003665686,35.718
2.49000003710389,36.317
2.52000003755093,36.814
2.55000003799796,37.302
2.580000038445,37.701
2.61000003889203,38.066
2.64000003933907,38.364
2.6700000397861,38.64
2.70000004023314,38.907
2.73000004068017,39.118
2.7600000411272,39.362
2.79000004157424,39.486
2.82000004202127,39.557
2.85000004246831,39.518
2.88000004291534,39.5
2.91000004336238,39.462
2.94000004380941,39.408
2.97000004425645,39.368
3.00000004470348,39.293
3.03000004515052,39.257
3.06000004559755,39.207
3.09000004604459,39.171
3.12000004649162,39.075
3.15000004693866,38.952
3.18000004738569,38.799
3.21000004783273,38.614
3.24000004827976,38.33
3.2700000487268,38.007
3.30000004917383,37.636
3.33000004962087,37.257
3.3600000500679,36.852
3.39000005051494,36.483
3.42000005096197,36.135
3.45000005140901,35.792
3.48000005185604,35.432
3.51000005230308,35.09
3.54000005275011,34.734
3.57000005319715,34.366
3.60000005364418,34.015
3.63000005409122,33.644
3.66000005453825,33.278
3.69000005498528,32.936
3.72000005543232,32.617
3.75000005587935,32.32
3.78000005632639,32.039
3.81000005677342,31.773
3.84000005722046,31.511
3.87000005766749,31.233
3.90000005811453,30.897
3.93000005856156,30.537
3.9600000590086,30.165
3.99000005945563,29.752
4.02000005990267,29.372
4.0500000603497,28.981
4.08000006079674,28.624
4.11000006124377,28.224
4.14000006169081,27.855
4.17000006213784,27.462
4.20000006258488,27.113
4.23000006303191,26.713
4.26000006347895,26.334
4.29000006392598,26.003
4.32000006437302,25.668
4.35000006482005,25.304
4.38000006526709,24.977
4.41000006571412,24.753
4.44000006616116,24.537
4.47000006660819,24.289
4.50000006705523,24.027
4.53000006750226,23.865
4.5600000679493,23.722
4.59000006839633,23.586
4.62000006884337,23.433
4.6500000692904,23.309
4.68000006973743,23.18
4.71000007018447,23.001
4.7400000706315,22.807
4.77000007107854,22.603
4.80000007152557,22.434
4.83000007197261,22.272
4.86000007241964,22.065
4.89000007286668,21.861
4.92000007331371,21.662
4.95000007376075,21.496
4.98000007420778,21.318
5.01000007465482,21.145
5.04000007510185,21.02
5.07000007554889,20.925
5.10000007599592,20.835
5.13000007644296,20.739
5.16000007688999,20.659
5.19000007733703,20.605
5.22000007778406,20.536
5.2500000782311,20.487
5.28000007867813,20.446
5.31000007912517,20.429
5.3400000795722,20.377
5.37000008001924,20.354
5.40000008046627,20.309
5.43000008091331,20.26
5.46000008136034,20.146
5.49000008180738,20.021
5.52000008225441,19.933
5.55000008270144,19.876
5.58000008314848,19.776
5.61000008359552,19.699
5.64000008404255,19.599
5.67000008448958,19.551
5.70000008493662,19.466
5.73000008538365,19.415
5.76000008583069,19.341
5.79000008627772,19.309
5.82000008672476,19.292
5.85000008717179,19.292
5.88000008761883,19.317
5.91000008806586,19.387
5.9400000885129,19.464
5.97000008895993,19.492
6.00000008940697,19.52
6.030000089854,19.617
6.06000009030104,19.72
6.09000009074807,19.732
6.12000009119511,19.719
6.15000009164214,19.714
6.18000009208918,19.75
6.21000009253621,19.778
6.24000009298325,19.833
6.27000009343028,19.837
6.30000009387732,19.793
6.33000009432435,19.751
6.36000009477139,19.724
6.39000009521842,19.728
6.42000009566546,19.733
6.45000009611249,19.81
6.48000009655952,19.845
6.51000009700656,19.882
6.54000009745359,19.904
6.57000009790063,19.972
6.60000009834766,20.091
6.6300000987947,20.19
6.66000009924173,20.329
6.69000009968877,20.358
6.7200001001358,20.441
6.75000010058284,20.516
6.78000010102987,20.631
6.81000010147691,20.64
6.84000010192394,20.617
6.87000010237098,20.552
6.90000010281801,20.502
6.93000010326505,20.393
6.96000010371208,20.326
6.99000010415912,20.232
7.02000010460615,20.173
7.05000010505319,20.061
7.08000010550022,19.951
7.11000010594726,19.867
7.14000010639429,19.798
7.17000010684133,19.785
7.20000010728836,19.78
7.2300001077354,19.784
7.26000010818243,19.749
7.29000010862947,19.729
7.3200001090765,19.719
7.35000010952354,19.747
7.38000010997057,19.768
7.41000011041761,19.8
7.44000011086464,19.808
7.47000011131167,19.872
7.50000011175871,19.954
7.53000011220574,19.975
7.56000011265278,19.975
7.59000011309981,19.959
7.62000011354685,19.988
7.65000011399388,19.937
7.68000011444092,19.842
7.71000011488795,19.781
7.74000011533499,19.753
7.77000011578202,19.75
7.80000011622906,19.767
7.83000011667609,19.777
7.86000011712313,19.81
7.89000011757016,19.757
7.9200001180172,19.771
7.95000011846423,19.711
7.98000011891127,19.638
8.0100001193583,19.539
8.04000011980534,19.487
8.07000012025237,19.454
8.10000012069941,19.446
8.13000012114644,19.419
8.16000012159348,19.386
8.19000012204051,19.305
8.22000012248755,19.225
8.25000012293458,19.15
8.28000012338162,19.087
8.31000012382865,18.993
8.34000012427569,18.876
8.37000012472272,18.73
8.40000012516975,18.598
8.43000012561679,18.439
8.46000012606382,18.286
8.49000012651086,18.112
8.52000012695789,17.972
8.55000012740493,17.863
8.58000012785196,17.772
8.610000128299,17.674
8.64000012874603,17.592
8.67000012919307,17.485
8.7000001296401,17.374
8.73000013008714,17.249
8.76000013053417,17.173
8.79000013098121,17.089
8.82000013142824,16.985
8.85000013187528,16.885
8.88000013232231,16.849
8.91000013276935,16.786
8.94000013321638,16.672
8.97000013366342,16.521
9.00000013411045,16.38
9.03000013455749,16.171
9.06000013500452,15.97
9.09000013545156,15.727
9.12000013589859,15.516
9.15000013634563,15.316
9.18000013679266,15.11
9.21000013723969,14.966
9.24000013768673,14.819
9.27000013813377,14.722
9.3000001385808,14.619
9.33000013902783,14.488
9.36000013947487,14.315
9.3900001399219,14.133
9.42000014036894,14.03
9.45000014081597,13.905
9.48000014126301,13.801
9.51000014171004,13.647
9.54000014215708,13.53
9.57000014260411,13.437
9.60000014305115,13.339
9.63000014349818,13.234
9.66000014394522,13.103
9.69000014439225,12.997
9.72000014483929,12.888
9.75000014528632,12.716
9.78000014573336,12.55
9.81000014618039,12.378
9.84000014662743,12.242
9.87000014707446,12.039
9.9000001475215,11.856
9.93000014796853,11.622
9.96000014841557,11.43
9.9900001488626,11.219
10.0200001493096,11.076
10.0500001497567,10.937
10.0800001502037,10.806
10.1100001506507,10.637
10.1400001510978,10.466
10.1700001515448,10.332
10.2000001519918,10.219
10.2300001524389,10.082
10.2600001528859,9.986
10.290000153333,9.905
10.32000015378,9.822
10.350000154227,9.668
10.3800001546741,9.492
10.4100001551211,9.33
10.4400001555681,9.203
10.4700001560152,9.053
10.5000001564622,8.885
10.5300001569092,8.682
10.5600001573563,8.52
10.5900001578033,8.359
10.6200001582503,8.151
10.6500001586974,7.965
10.6800001591444,7.806
10.7100001595914,7.678
10.7400001600385,7.56
10.7700001604855,7.413
10.8000001609325,7.25
10.8300001613796,7.074
10.8600001618266,6.9
10.8900001622736,6.756
10.9200001627207,6.621
10.9500001631677,6.515
10.9800001636148,6.437
11.0100001640618,6.354
11.0400001645088,6.275
11.0700001649559,6.129
11.1000001654029,5.951
11.1300001658499,5.733
11.160000166297,5.568
11.190000166744,5.44
11.220000167191,5.354
11.2500001676381,5.226
11.2800001680851,5.121
11.3100001685321,4.996
11.3400001689792,4.845
11.3700001694262,4.624
11.4000001698732,4.477
11.4300001703203,4.33
11.4600001707673,4.219
11.4900001712143,4.068
11.5200001716614,3.956
11.5500001721084,3.918
11.5800001725554,3.937
11.6100001730025,3.879
11.6400001734495,3.775
11.6700001738966,3.619
11.7000001743436,3.586
11.7300001747906,3.544
11.7600001752377,3.503
11.7900001756847,3.386
11.8200001761317,3.256
11.8500001765788,3.109
11.8800001770258,2.968
11.9100001774728,2.829
11.9400001779199,2.762
11.9700001783669,2.702
12.0000001788139,2.68
12.030000179261,2.634
12.060000179708,2.597
12.090000180155,2.518
12.1200001806021,2.417
12.1500001810491,2.31
12.1800001814961,2.246
12.2100001819432,2.179
12.2400001823902,2.12
12.2700001828372,2.037
12.3000001832843,1.929
12.3300001837313,1.82
12.3600001841784,1.761
12.3900001846254,1.698
12.4200001850724,1.601
12.4500001855195,1.548
12.4800001859665,1.576
12.5100001864135,1.591
12.5400001868606,1.549
12.5700001873076,1.463
12.6000001877546,1.388
12.6300001882017,1.319
12.6600001886487,1.264
12.6900001890957,1.201
12.7200001895428,1.154
12.7500001899898,1.069
12.7800001904368,0.995
12.8100001908839,0.894
12.8400001913309,0.883
12.8700001917779,0.842
12.900000192225,0.853
12.930000192672,0.776
12.960000193119,0.755
12.9900001935661,0.697
13.0200001940131,0.672
13.0500001944602,0.642
13.0800001949072,0.629
13.1100001953542,0.637
13.1400001958013,0.704
13.1700001962483,0.683
13.2000001966953,0.696
13.2300001971424,0.652
13.2600001975894,0.651
13.2900001980364,0.647
13.3200001984835,0.639
13.3500001989305,0.658
13.3800001993775,0.643
13.4100001998246,0.619
13.4400002002716,0.599
13.4700002007186,0.566
13.5000002011657,0.535
13.5300002016127,0.495
13.5600002020597,0.464
13.5900002025068,0.461
13.6200002029538,0.413
13.6500002034009,0.337
13.6800002038479,0.308
13.7100002042949,0.365
13.740000204742,0.429
13.770000205189,0.421
13.800000205636,0.388
13.8300002060831,0.388
13.8600002065301,0.424
13.8900002069771,0.411
13.9200002074242,0.403
13.9500002078712,0.402
13.9800002083182,0.433
14.0100002087653,0.429
14.0400002092123,0.445
14.0700002096593,0.428
14.1000002101064,0.402
14.1300002105534,0.374
14.1600002110004,0.406
14.1900002114475,0.396
14.2200002118945,0.354
14.2500002123415,0.292
14.2800002127886,0.265
14.3100002132356,0.24
14.3400002136827,0.19
14.3700002141297,0.2
14.4000002145767,0.24
14.4300002150238,0.246
14.4600002154708,0.249
14.4900002159178,0.213
14.5200002163649,0.265
14.5500002168119,0.272
14.5800002172589,0.23
14.610000217706,0.187
14.640000218153,0.192
14.6700002186,0.231
14.7000002190471,0.202
14.7300002194941,0.135
14.7600002199411,0.099
14.7900002203882,0.102
14.8200002208352,0.103
14.8500002212822,0.1
14.8800002217293,0.098
14.9100002221763,0.047
14.9400002226234,-0.002
14.9700002230704,-0.061
15.0000002235174,-0.066
15.0300002239645,-0.054
15.0600002244115,-0.029
15.0900002248585,0.011
15.1200002253056,0.041
15.1500002257526,0.062
15.1800002261996,0.077
15.2100002266467,0.138
15.2400002270937,0.178
15.2700002275407,0.17
15.3000002279878,0.105
15.3300002284348,0.058
15.3600002288818,0.054
15.3900002293289,0.05
15.4200002297759,0.024
15.4500002302229,-0.053
15.48000023067,-0.071
15.510000231117,-0.061
15.540000231564,-0.031
15.5700002320111,-0.037
15.6000002324581,-0.038
15.6300002329052,-0.048
15.6600002333522,-0.046
15.6900002337992,-0.048
15.7200002342463,-0.05
15.7500002346933,-0.055
15.7800002351403,-0.076
15.8100002355874,-0.087
15.8400002360344,-0.112
15.8700002364814,-0.153
15.9000002369285,-0.216
15.9300002373755,-0.267
15.9600002378225,-0.307
15.9900002382696,-0.302
16.0200002387166,-0.252
16.0500002391636,-0.257
16.0800002396107,-0.247
16.1100002400577,-0.271
16.1400002405047,-0.235
16.1700002409518,-0.211
16.2000002413988,-0.173
16.2300002418458,-0.187
16.2600002422929,-0.241
16.2900002427399,-0.328
16.320000243187,-0.348
16.350000243634,-0.345
16.380000244081,-0.336
16.4100002445281,-0.353
16.4400002449751,-0.371
16.4700002454221,-0.366
16.5000002458692,-0.345
16.5300002463162,-0.333
16.5600002467632,-0.324
16.5900002472103,-0.311
16.6200002476573,-0.318
16.6500002481043,-0.325
16.6800002485514,-0.286
16.7100002489984,-0.237
16.7400002494454,-0.184
16.7700002498925,-0.225
16.8000002503395,-0.255
16.8300002507865,-0.279
16.8600002512336,-0.276
16.8900002516806,-0.271
16.9200002521276,-0.22
16.9500002525747,-0.188
16.9800002530217,-0.153
17.0100002534688,-0.178
17.0400002539158,-0.191
17.0700002543628,-0.23
17.1000002548099,-0.238
17.1300002552569,-0.225
17.1600002557039,-0.187
17.190000256151,-0.194
17.220000256598,-0.219
17.250000257045,-0.233
17.2800002574921,-0.192
17.3100002579391,-0.168
17.3400002583861,-0.153
17.3700002588332,-0.181
17.4000002592802,-0.21
17.4300002597272,-0.206
17.4600002601743,-0.164
17.4900002606213,-0.173
17.5200002610683,-0.197
17.5500002615154,-0.193
17.5800002619624,-0.11
17.6100002624095,-0.099
17.6400002628565,-0.09
17.6700002633035,-0.123
17.7000002637506,-0.134
17.7300002641976,-0.216
17.7600002646446,-0.246
17.7900002650917,-0.267
17.8200002655387,-0.232
17.8500002659857,-0.252
17.8800002664328,-0.264
17.9100002668798,-0.249
17.9400002673268,-0.219
17.9700002677739,-0.231
18.0000002682209,-0.228
18.0300002686679,-0.272
18.060000269115,-0.334
18.090000269562,-0.382
18.120000270009,-0.382
18.1500002704561,-0.348
18.1800002709031,-0.308
18.2100002713501,-0.283
18.2400002717972,-0.3
18.2700002722442,-0.304
18.3000002726913,-0.297
18.3300002731383,-0.202
18.3600002735853,-0.106
18.3900002740324,0.001
18.4200002744794,0.045
18.4500002749264,0.0
18.4800002753735,-0.003
18.5100002758205,-0.027
18.5400002762675,-0.065
18.5700002767146,-0.147
18.6000002771616,-0.187
18.6300002776086,-0.168
18.6600002780557,-0.192
18.6900002785027,-0.215
18.7200002789497,-0.284
18.7500002793968,-0.327
18.7800002798438,-0.365
18.8100002802908,-0.358
18.8400002807379,-0.353
18.8700002811849,-0.335
18.9000002816319,-0.333
18.930000282079,-0.336
18.960000282526,-0.368
18.9900002829731,-0.348
19.0200002834201,-0.249
19.0500002838671,-0.186
19.0800002843142,-0.166
19.1100002847612,-0.206
19.1400002852082,-0.213
19.1700002856553,-0.227
19.2000002861023,-0.25
19.2300002865493,-0.303
19.2600002869964,-0.335
19.2900002874434,-0.32
19.3200002878904,-0.305
19.3500002883375,-0.251
19.3800002887845,-0.222
19.4100002892315,-0.188
19.4400002896786,-0.194
19.4700002901256,-0.227
19.5000002905726,-0.255
19.5300002910197,-0.251
19.5600002914667,-0.187
19.5900002919137,-0.158
19.6200002923608,-0.162
19.6500002928078,-0.202
19.6800002932549,-0.198
19.7100002937019,-0.155
19.7400002941489,-0.114
19.770000294596,-0.075
19.800000295043,-0.11
19.83000029549,-0.144
19.8600002959371,-0.16
19.8900002963841,-0.206
19.9200002968311,-0.288
19.9500002972782,-0.345
19.9800002977252,-0.369
20.0100002981722,-0.338
20.0400002986193,-0.361
20.0700002990663,-0.369
20.1000002995133,-0.372
20.1300002999604,-0.378
20.1600003004074,-0.351
20.1900003008544,-0.353
20.2200003013015,-0.281
20.2500003017485,-0.23
20.2800003021955,-0.221
20.3100003026426,-0.257
20.3400003030896,-0.302
20.3700003035367,-0.336
20.4000003039837,-0.338
20.4300003044307,-0.276
20.4600003048778,-0.212
20.4900003053248,-0.23
20.5200003057718,-0.216
20.5500003062189,-0.187
20.5800003066659,-0.131
20.6100003071129,-0.161
20.64000030756,-0.146
20.670000308007,-0.195
20.700000308454,-0.16
20.7300003089011,-0.154
20.7600003093481,-0.163
20.7900003097951,-0.21
20.8200003102422,-0.228
20.8500003106892,-0.221
20.8800003111362,-0.215
20.9100003115833,-0.229
20.9400003120303,-0.247
20.9700003124773,-0.254
21.0000003129244,-0.29
21.0300003133714,-0.309
21.0600003138185,-0.365
21.0900003142655,-0.359
21.1200003147125,-0.347
21.1500003151596,-0.345
21.1800003156066,-0.413
21.2100003160536,-0.444
21.2400003165007,-0.438
21.2700003169477,-0.408
21.3000003173947,-0.429
21.3300003178418,-0.464
21.3600003182888,-0.504
21.3900003187358,-0.517
21.4200003191829,-0.525
21.4500003196299,-0.531
21.4800003200769,-0.557
21.510000320524,-0.561
21.540000320971,-0.555
21.570000321418,-0.542
21.6000003218651,-0.582
21.6300003223121,-0.58
21.6600003227592,-0.559
21.6900003232062,-0.544
21.7200003236532,-0.541
21.7500003241003,-0.57
21.7800003245473,-0.596
21.8100003249943,-0.644
21.8400003254414,-0.666
21.8700003258884,-0.681
21.9000003263354,-0.661
21.9300003267825,-0.621
21.9600003272295,-0.553
21.9900003276765,-0.546
22.0200003281236,-0.528
22.0500003285706,-0.509
22.0800003290176,-0.473
22.1100003294647,-0.512
22.1400003299117,-0.56
22.1700003303587,-0.622
22.2000003308058,-0.631
22.2300003312528,-0.602
22.2600003316998,-0.548
22.2900003321469,-0.569
22.3200003325939,-0.551
22.350000333041,-0.543
22.380000333488,-0.532
22.410000333935,-0.566
22.4400003343821,-0.597
22.4700003348291,-0.602
22.5000003352761,-0.605
22.5300003357232,-0.572
22.5600003361702,-0.537
22.5900003366172,-0.513
22.6200003370643,-0.47
22.6500003375113,-0.444
22.6800003379583,-0.378
22.7100003384054,-0.398
22.7400003388524,-0.363
22.7700003392994,-0.376
22.8000003397465,-0.34
22.8300003401935,-0.378
22.8600003406405,-0.386
22.8900003410876,-0.41
22.9200003415346,-0.408
22.9500003419817,-0.469
22.9800003424287,-0.473
23.0100003428757,-0.501
23.0400003433228,-0.458
23.0700003437698,-0.475
23.1000003442168,-0.456
23.1300003446639,-0.492
23.1600003451109,-0.534
23.1900003455579,-0.61
23.220000346005,-0.638
23.250000346452,-0.598
23.280000346899,-0.582
23.3100003473461,-0.589
23.3400003477931,-0.597
23.3700003482401,-0.553
23.4000003486872,-0.498
23.4300003491342,-0.488
23.4600003495812,-0.489
23.4900003500283,-0.49
23.5200003504753,-0.494
23.5500003509223,-0.532
23.5800003513694,-0.52
23.6100003518164,-0.525
23.6400003522635,-0.515
23.6700003527105,-0.506
23.7000003531575,-0.507
23.7300003536046,-0.514
