time_min,absorb_mau
0.0,-0.003
0.0083333334575096,-0.028
0.0166666669150194,-0.064
0.025000000372529,-0.085
0.0333333338300387,-0.099
0.0416666672875484,-0.108
0.0500000007450581,-0.115
0.0583333342025677,-0.106
0.0666666676600774,-0.09
0.0750000011175871,-0.079
0.0833333345750968,-0.071
0.0916666680326065,-0.045
0.100000001490116,0.0
0.108333334947626,-0.012
0.116666668405135,-0.072
0.125000001862645,-0.092
0.133333335320155,-0.085
0.141666668777665,-0.053
0.150000002235174,-0.002
0.158333335692684,0.059
0.166666669150194,0.133
0.175000002607703,0.2
0.183333336065213,0.266
0.191666669522723,0.346
0.200000002980232,0.467
0.208333336437742,0.554
0.216666669895252,0.583
0.225000003352761,0.59
0.233333336810271,0.551
0.241666670267781,0.512
0.25000000372529,0.471
0.2583333371828,0.424
0.26666667064031,0.372
0.275000004097819,0.328
0.283333337555329,0.3
0.291666671012839,0.279
0.300000004470348,0.276
0.308333337927858,0.271
0.316666671385368,0.265
0.325000004842877,0.254
0.333333338300387,0.232
0.341666671757897,0.209
0.350000005215406,0.197
0.358333338672916,0.189
0.366666672130426,0.186
0.375000005587935,0.182
0.383333339045445,0.159
0.391666672502955,0.142
0.400000005960465,0.136
0.408333339417974,0.132
0.416666672875484,0.134
0.425000006332994,0.146
0.433333339790503,0.197
0.441666673248013,0.26
0.450000006705523,0.361
0.458333340163032,0.483
0.466666673620542,0.734
0.475000007078052,1.018
0.483333340535561,1.487
0.491666673993071,2.009
0.500000007450581,2.88
0.50833334090809,3.812
0.5166666743656,5.196
0.52500000782311,6.639
0.533333341280619,8.656
0.541666674738129,10.728
0.550000008195639,13.431
0.558333341653148,16.172
0.566666675110658,19.541
0.575000008568168,22.923
0.583333342025677,26.907
0.591666675483187,30.868
0.600000008940697,35.444
0.608333342398206,39.953
0.616666675855716,45.191
0.625000009313226,50.333
0.633333342770735,56.507
0.641666676228245,62.586
0.650000009685755,69.774
0.658333343143265,76.879
0.666666676600774,85.261
0.675000010058284,93.575
0.683333343515794,103.227
0.691666676973303,112.825
0.700000010430813,123.757
0.708333343888323,134.631
0.716666677345832,146.26
0.725000010803342,157.712
0.733333344260852,169.742
0.741666677718361,181.554
0.750000011175871,193.155
0.758333344633381,204.348
0.76666667809089,215.021
0.7750000115484,225.169
0.78333334500591,234.401
0.791666678463419,242.949
0.800000011920929,250.526
0.808333345378439,257.41
0.816666678835948,262.958
0.825000012293458,267.667
0.833333345750968,271.338
0.841666679208477,274.345
0.850000012665987,276.334
0.858333346123497,277.663
0.866666679581006,278.049
0.875000013038516,277.832
0.883333346496026,276.735
0.891666679953535,275.088
0.900000013411045,272.86
0.908333346868555,270.314
0.916666680326065,267.309
0.925000013783574,264.071
0.933333347241084,260.432
0.941666680698594,256.618
0.950000014156103,252.494
0.958333347613613,248.291
0.966666681071123,243.906
0.975000014528632,239.574
0.983333347986142,235.119
0.991666681443652,230.77
1.00000001490116,226.307
1.00833334835867,221.956
1.01666668181618,217.516
1.02500001527369,213.232
1.0333333487312,208.87
1.04166668218871,204.69
1.05000001564622,200.411
1.05833334910373,196.285
1.06666668256124,192.044
1.07500001601875,187.92
1.08333334947626,183.493
1.09166668293377,179.484
1.10000001639128,175.188
1.10833334984879,171.013
1.1166666833063,166.566
1.12500001676381,162.591
1.13333335022132,158.157
1.14166668367883,154.164
1.15000001713634,149.727
1.15833335059385,145.756
1.16666668405135,141.365
1.17500001750886,137.495
1.18333335096637,133.203
1.19166668442388,129.408
1.20000001788139,125.2
1.2083333513389,121.472
1.21666668479641,117.511
1.22500001825392,113.645
1.23333335171143,110.001
1.24166668516894,106.285
1.25000001862645,102.646
1.25833335208396,99.242
1.26666668554147,95.906
1.27500001899898,92.561
1.28333335245649,89.279
1.291666685914,86.228
1.30000001937151,83.228
1.30833335282902,80.201
1.31666668628653,77.237
1.32500001974404,74.481
1.33333335320155,71.777
1.34166668665906,69.048
1.35000002011657,66.38
1.35833335357408,63.937
1.36666668703159,61.559
1.3750000204891,59.188
1.38333335394661,56.89
1.39166668740412,54.79
1.40000002086163,52.767
1.40833335431914,50.735
1.41666668777665,48.793
1.42500002123415,46.981
1.43333335469166,45.265
1.44166668814917,43.462
1.45000002160668,41.763
1.45833335506419,40.168
1.4666666885217,38.673
1.47500002197921,37.126
1.48333335543672,35.692
1.49166668889423,34.303
1.50000002235174,32.96
1.50833335580925,31.688
1.51666668926676,30.465
1.52500002272427,29.29
1.53333335618178,28.157
1.54166668963929,27.075
1.5500000230968,26.032
1.55833335655431,25.002
1.56666669001182,24.013
1.57500002346933,23.06
1.58333335692684,22.149
1.59166669038435,21.275
1.60000002384186,20.44
1.60833335729937,19.603
1.61666669075688,18.797
1.62500002421439,18.015
1.6333333576719,17.263
1.64166669112941,16.552
1.65000002458692,15.884
1.65833335804443,15.236
1.66666669150194,14.62
1.67500002495945,14.03
1.68333335841695,13.471
1.69166669187446,12.952
1.70000002533197,12.474
1.70833335878948,11.997
1.71666669224699,11.538
1.7250000257045,11.096
1.73333335916201,10.682
1.74166669261952,10.275
1.75000002607703,9.89
1.75833335953454,9.518
1.76666669299205,9.167
1.77500002644956,8.809
1.78333335990707,8.461
1.79166669336458,8.137
1.80000002682209,7.847
1.8083333602796,7.542
1.81666669373711,7.244
1.82500002719462,6.961
1.83333336065213,6.718
1.84166669410964,6.449
1.85000002756715,6.196
1.85833336102466,5.961
1.86666669448217,5.76
1.87500002793968,5.543
1.88333336139719,5.317
1.8916666948547,5.103
1.90000002831221,4.923
1.90833336176972,4.739
1.91666669522723,4.559
1.92500002868474,4.385
1.93333336214225,4.231
1.94166669559975,4.065
1.95000002905726,3.891
1.95833336251477,3.729
1.96666669597228,3.601
1.97500002942979,3.463
1.9833333628873,3.326
1.99166669634481,3.189
2.00000002980232,3.064
2.00833336325983,2.942
2.01666669671734,2.835
2.02500003017485,2.725
2.03333336363236,2.628
2.04166669708987,2.532
2.05000003054738,2.441
2.05833336400489,2.355
2.0666666974624,2.3
2.07500003091991,2.246
2.08333336437742,2.197
2.09166669783493,2.145
2.10000003129244,2.08
2.10833336474995,2.017
2.11666669820746,1.972
2.12500003166497,1.929
2.13333336512248,1.883
2.14166669857999,1.837
2.1500000320375,1.784
2.15833336549501,1.73
2.16666669895252,1.673
2.17500003241003,1.617
2.18333336586754,1.574
2.19166669932504,1.531
2.20000003278255,1.497
2.20833336624006,1.461
2.21666669969757,1.418
2.22500003315508,1.375
2.23333336661259,1.341
2.2416667000701,1.309
2.25000003352761,1.291
2.25833336698512,1.275
2.26666670044263,1.25
2.27500003390014,1.225
2.28333336735765,1.198
2.29166670081516,1.171
2.30000003427267,1.145
2.30833336773018,1.119
2.31666670118769,1.094
2.3250000346452,1.069
2.33333336810271,1.032
2.34166670156022,0.995
2.35000003501773,0.973
2.35833336847524,0.954
2.36666670193275,0.948
2.37500003539026,0.945
2.38333336884777,0.946
2.39166670230528,0.949
2.40000003576279,0.932
2.4083333692203,0.913
2.41666670267781,0.901
2.42500003613532,0.892
2.43333336959283,0.865
2.44166670305034,0.834
2.45000003650784,0.801
2.45833336996535,0.766
2.46666670342286,0.737
2.47500003688037,0.712
2.48333337033788,0.696
2.49166670379539,0.686
2.5000000372529,0.682
2.50833337071041,0.681
2.51666670416792,0.67
2.52500003762543,0.659
2.53333337108294,0.658
2.54166670454045,0.661
2.55000003799796,0.65
2.55833337145547,0.631
2.56666670491298,0.613
2.57500003837049,0.596
2.583333371828,0.575
2.59166670528551,0.548
2.60000003874302,0.547
2.60833337220053,0.566
2.61666670565804,0.563
2.62500003911555,0.546
2.63333337257306,0.534
2.64166670603057,0.529
2.65000003948808,0.52
2.65833337294559,0.511
2.6666667064031,0.506
2.67500003986061,0.505
2.68333337331812,0.496
2.69166670677563,0.475
2.70000004023314,0.453
2.70833337369065,0.435
2.71666670714815,0.428
2.72500004060566,0.432
2.73333337406317,0.432
2.74166670752068,0.429
2.75000004097819,0.42
2.7583333744357,0.402
2.76666670789321,0.39
2.77500004135072,0.386
2.78333337480823,0.39
2.79166670826574,0.404
2.80000004172325,0.405
2.80833337518076,0.384
2.81666670863827,0.369
2.82500004209578,0.369
2.83333337555329,0.375
2.8416667090108,0.397
2.85000004246831,0.416
2.85833337592582,0.426
2.86666670938333,0.43
2.87500004284084,0.423
2.88333337629835,0.42
2.89166670975586,0.44
2.90000004321337,0.461
2.90833337667088,0.478
2.91666671012839,0.494
2.9250000435859,0.504
2.93333337704341,0.509
2.94166671050092,0.506
2.95000004395843,0.509
2.95833337741594,0.536
2.96666671087344,0.563
2.97500004433095,0.581
2.98333337778846,0.594
2.99166671124597,0.605
3.00000004470348,0.612
3.00833337816099,0.608
3.0166667116185,0.606
3.02500004507601,0.614
3.03333337853352,0.622
3.04166671199103,0.604
3.05000004544854,0.585
3.05833337890605,0.569
3.06666671236356,0.552
3.07500004582107,0.536
3.08333337927858,0.52
3.09166671273609,0.506
3.1000000461936,0.494
3.10833337965111,0.496
3.11666671310862,0.498
3.12500004656613,0.497
3.13333338002364,0.497
3.14166671348115,0.483
3.15000004693866,0.469
3.15833338039617,0.458
3.16666671385368,0.447
3.17500004731119,0.446
3.1833333807687,0.446
3.19166671422621,0.419
3.20000004768372,0.387
3.20833338114123,0.374
3.21666671459874,0.364
3.22500004805624,0.361
3.23333338151375,0.36
3.24166671497126,0.362
3.25000004842877,0.365
3.25833338188628,0.371
3.26666671534379,0.378
3.2750000488013,0.391
3.28333338225881,0.407
3.29166671571632,0.417
3.30000004917383,0.422
3.30833338263134,0.421
3.31666671608885,0.42
3.32500004954636,0.422
3.33333338300387,0.424
3.34166671646138,0.42
3.35000004991889,0.411
3.3583333833764,0.397
3.36666671683391,0.383
3.37500005029142,0.368
3.38333338374893,0.354
3.39166671720644,0.343
3.40000005066395,0.336
3.40833338412146,0.315
3.41666671757897,0.283
3.42500005103648,0.256
3.43333338449399,0.233
3.4416667179515,0.228
3.45000005140901,0.237
3.45833338486652,0.239
3.46666671832403,0.236
3.47500005178154,0.229
3.48333338523905,0.219
3.49166671869655,0.221
3.50000005215406,0.235
3.50833338561157,0.258
3.51666671906908,0.287
3.52500005252659,0.302
3.5333333859841,0.297
3.54166671944161,0.29
3.55000005289912,0.282
3.55833338635663,0.286
3.56666671981414,0.305
3.57500005327165,0.321
3.58333338672916,0.33
3.59166672018667,0.334
3.60000005364418,0.32
3.60833338710169,0.308
3.6166667205592,0.302
3.62500005401671,0.301
3.63333338747422,0.313
3.64166672093173,0.325
3.65000005438924,0.329
3.65833338784675,0.33
3.66666672130426,0.319
3.67500005476177,0.31
3.68333338821928,0.297
3.69166672167679,0.288
3.7000000551343,0.289
3.70833338859181,0.287
3.71666672204932,0.27
3.72500005550683,0.257
3.73333338896434,0.241
3.74166672242184,0.228
3.75000005587935,0.227
3.75833338933686,0.225
3.76666672279437,0.22
3.77500005625188,0.215
3.78333338970939,0.207
3.7916667231669,0.198
3.80000005662441,0.205
3.80833339008192,0.211
3.81666672353943,0.2
3.82500005699694,0.192
3.83333339045445,0.184
3.84166672391196,0.179
3.85000005736947,0.195
3.85833339082698,0.207
3.86666672428449,0.205
3.875000057742,0.203
3.88333339119951,0.21
3.89166672465702,0.217
3.90000005811453,0.229
3.90833339157204,0.24
3.91666672502955,0.25
3.92500005848706,0.259
3.93333339194457,0.269
3.94166672540208,0.277
3.95000005885959,0.301
3.9583333923171,0.326
3.96666672577461,0.348
3.97500005923212,0.368
3.98333339268963,0.381
3.99166672614714,0.394
4.00000005960465,0.416
4.00833339306216,0.439
4.01666672651966,0.459
4.02500005997717,0.477
4.03333339343468,0.487
4.04166672689219,0.495
4.0500000603497,0.484
4.05833339380721,0.469
4.06666672726472,0.483
4.07500006072223,0.503
4.08333339417974,0.495
4.09166672763725,0.479
4.10000006109476,0.479
4.10833339455227,0.481
4.11666672800978,0.49
4.12500006146729,0.503
4.1333333949248,0.516
4.14166672838231,0.533
4.15000006183982,0.516
4.15833339529733,0.481
4.16666672875484,0.471
4.17500006221235,0.475
4.18333339566986,0.473
4.19166672912737,0.464
4.20000006258488,0.435
4.20833339604239,0.396
4.2166667294999,0.367
4.22500006295741,0.343
4.23333339641492,0.334
4.24166672987243,0.337
4.25000006332994,0.335
4.25833339678745,0.327
4.26666673024495,0.31
4.27500006370246,0.286
4.28333339715997,0.28
4.29166673061748,0.292
4.30000006407499,0.295
4.3083333975325,0.291
4.31666673099001,0.287
4.32500006444752,0.281
4.33333339790503,0.273
4.34166673136254,0.261
4.35000006482005,0.256
4.35833339827756,0.26
4.36666673173507,0.26
4.37500006519258,0.252
4.38333339865009,0.249
4.3916667321076,0.255
4.40000006556511,0.261
4.40833339902262,0.268
4.41666673248013,0.268
4.42500006593764,0.263
4.43333339939515,0.253
4.44166673285266,0.234
4.45000006631017,0.221
4.45833339976768,0.219
4.46666673322519,0.21
4.4750000666827,0.192
4.48333340014021,0.174
4.49166673359772,0.153
4.50000006705523,0.137
4.50833340051274,0.137
4.51666673397024,0.139
4.52500006742775,0.149
4.53333340088526,0.159
4.54166673434277,0.16
4.55000006780028,0.163
4.55833340125779,0.172
4.5666667347153,0.18
4.57500006817281,0.184
4.58333340163032,0.187
4.59166673508783,0.184
4.60000006854534,0.183
4.60833340200285,0.179
4.61666673546036,0.176
4.62500006891787,0.174
4.63333340237538,0.172
4.64166673583289,0.174
4.6500000692904,0.176
4.65833340274791,0.169
4.66666673620542,0.163
4.67500006966293,0.175
4.68333340312044,0.183
4.69166673657795,0.198
4.70000007003546,0.208
4.70833340349297,0.193
4.71666673695048,0.178
4.72500007040799,0.19
4.7333334038655,0.201
4.74166673732301,0.211
4.75000007078052,0.222
4.75833340423803,0.216
4.76666673769554,0.209
4.77500007115305,0.206
4.78333340461056,0.202
4.79166673806806,0.208
4.80000007152557,0.216
4.80833340498308,0.217
4.81666673844059,0.213
4.8250000718981,0.219
4.83333340535561,0.229
4.84166673881312,0.243
4.85000007227063,0.259
4.85833340572814,0.264
4.86666673918565,0.267
4.87500007264316,0.274
4.88333340610067,0.282
4.89166673955818,0.27
4.90000007301569,0.25
4.9083334064732,0.246
4.91666673993071,0.246
4.92500007338822,0.244
4.93333340684573,0.242
4.94166674030324,0.247
4.95000007376075,0.255
4.95833340721826,0.244
4.96666674067577,0.226
4.97500007413328,0.233
4.98333340759079,0.25
4.9916667410483,0.251
5.00000007450581,0.242
5.00833340796332,0.225
5.01666674142083,0.206
5.02500007487834,0.195
5.03333340833585,0.189
5.04166674179336,0.185
5.05000007525086,0.189
5.05833340870837,0.185
5.06666674216588,0.17
5.07500007562339,0.169
5.0833334090809,0.177
5.09166674253841,0.189
5.10000007599592,0.207
5.10833340945343,0.218
5.11666674291094,0.221
5.12500007636845,0.229
5.13333340982596,0.244
5.14166674328347,0.257
5.15000007674098,0.267
5.15833341019849,0.275
5.166666743656,0.275
5.17500007711351,0.273
5.18333341057102,0.269
5.19166674402853,0.261
5.20000007748604,0.249
5.20833341094355,0.241
5.21666674440106,0.24
5.22500007785857,0.228
5.23333341131608,0.204
5.24166674477359,0.188
5.2500000782311,0.18
5.25833341168861,0.172
5.26666674514612,0.167
5.27500007860363,0.163
5.28333341206114,0.16
5.29166674551865,0.155
5.30000007897615,0.145
5.30833341243366,0.141
5.31666674589117,0.161
5.32500007934868,0.175
5.33333341280619,0.172
5.3416667462637,0.164
5.35000007972121,0.149
5.35833341317872,0.132
5.36666674663623,0.115
5.37500008009374,0.097
5.38333341355125,0.088
5.39166674700876,0.082
5.40000008046627,0.076
5.40833341392378,0.068
5.41666674738129,0.065
5.4250000808388,0.059
5.43333341429631,0.071
5.44166674775382,0.082
5.45000008121133,0.1
5.45833341466884,0.12
5.46666674812635,0.139
5.47500008158386,0.159
5.48333341504137,0.176
5.49166674849888,0.189
5.50000008195639,0.207
5.5083334154139,0.224
5.51666674887141,0.246
5.52500008232892,0.267
5.53333341578643,0.292
5.54166674924394,0.315
5.55000008270144,0.324
5.55833341615895,0.331
5.56666674961646,0.319
5.57500008307397,0.306
5.58333341653148,0.319
5.59166674998899,0.333
5.6000000834465,0.343
5.60833341690401,0.352
5.61666675036152,0.356
5.62500008381903,0.359
5.63333341727654,0.36
5.64166675073405,0.363
5.65000008419156,0.372
5.65833341764907,0.383
5.66666675110658,0.378
5.67500008456409,0.368
5.6833334180216,0.352
5.69166675147911,0.335
5.70000008493662,0.314
5.70833341839413,0.293
5.71666675185164,0.267
5.72500008530915,0.24
5.73333341876666,0.222
5.74166675222417,0.206
5.75000008568168,0.184
5.75833341913919,0.159
5.7666667525967,0.137
5.77500008605421,0.117
5.78333341951172,0.112
5.79166675296923,0.113
5.80000008642674,0.121
5.80833341988425,0.133
5.81666675334176,0.141
5.82500008679926,0.146
5.83333342025677,0.163
5.84166675371428,0.187
5.85000008717179,0.204
5.8583334206293,0.219
5.86666675408681,0.213
5.87500008754432,0.193
5.88333342100183,0.169
5.89166675445934,0.142
5.90000008791685,0.12
5.90833342137436,0.099
5.91666675483187,0.081
5.92500008828938,0.062
5.93333342174689,0.043
5.9416667552044,0.025
5.95000008866191,0.011
5.95833342211942,0.004
5.96666675557693,0.004
5.97500008903444,0.011
5.98333342249195,0.021
5.99166675594946,0.033
6.00000008940697,0.04
6.00833342286448,0.039
6.01666675632199,0.043
6.0250000897795,0.056
6.03333342323701,0.064
6.04166675669452,0.068
6.05000009015203,0.083
6.05833342360954,0.107
6.06666675706705,0.123
6.07500009052455,0.124
6.08333342398206,0.126
6.09166675743957,0.125
6.10000009089708,0.125
6.10833342435459,0.12
6.1166667578121,0.119
6.12500009126961,0.13
6.13333342472712,0.131
6.14166675818463,0.106
6.15000009164214,0.087
6.15833342509965,0.09
6.16666675855716,0.09
6.17500009201467,0.085
6.18333342547218,0.082
6.19166675892969,0.084
6.2000000923872,0.086
6.20833342584471,0.087
6.21666675930222,0.087
6.22500009275973,0.08
6.23333342621724,0.075
6.24166675967475,0.062
6.25000009313226,0.051
6.25833342658977,0.054
6.26666676004728,0.054
6.27500009350479,0.04
6.2833334269623,0.024
6.29166676041981,0.013
6.30000009387732,0.005
6.30833342733483,0.022
6.31666676079234,0.042
6.32500009424984,0.047
6.33333342770735,0.054
6.34166676116486,0.073
6.35000009462237,0.091
6.35833342807988,0.097
6.36666676153739,0.104
6.3750000949949,0.103
6.38333342845241,0.102
6.39166676190992,0.094
6.40000009536743,0.084
6.40833342882494,0.088
6.41666676228245,0.093
6.42500009573996,0.066
6.43333342919747,0.037
6.44166676265498,0.043
6.45000009611249,0.052
6.45833342957,0.051
6.46666676302751,0.051
6.47500009648502,0.047
6.48333342994253,0.043
6.49166676340004,0.034
6.50000009685755,0.022
6.50833343031506,0.027
6.51666676377257,0.035
6.52500009723008,0.036
6.53333343068759,0.032
6.5416667641451,0.04
6.55000009760261,0.051
6.55833343106012,0.049
6.56666676451763,0.044
6.57500009797514,0.055
6.58333343143265,0.068
6.59166676489016,0.078
6.60000009834766,0.088
6.60833343180517,0.095
6.61666676526268,0.1
6.62500009872019,0.104
6.6333334321777,0.107
6.64166676563521,0.123
6.65000009909272,0.146
6.65833343255023,0.156
6.66666676600774,0.155
6.67500009946525,0.162
6.68333343292276,0.171
6.69166676638027,0.173
6.70000009983778,0.169
6.70833343329529,0.168
6.7166667667528,0.168
6.72500010021031,0.171
6.73333343366782,0.175
6.74166676712533,0.173
6.75000010058284,0.168
6.75833343404035,0.152
6.76666676749786,0.125
6.77500010095537,0.108
6.78333343441288,0.101
6.79166676787039,0.096
6.8000001013279,0.092
6.80833343478541,0.089
6.81666676824292,0.083
6.82500010170043,0.084
