time_min,absorb_mau
0.0,-0.076
0.0100000001490116,-0.078
0.0200000002980232,-0.087
0.0300000004470348,-0.088
0.0400000005960464,-0.08
0.050000000745058,-0.095
0.0600000008940696,-0.115
0.0700000010430812,-0.127
0.0800000011920929,-0.145
0.0900000013411045,-0.165
0.1000000014901161,-0.162
0.1100000016391277,-0.156
0.1200000017881393,-0.168
0.1300000019371509,-0.172
0.1400000020861625,-0.167
0.1500000022351741,-0.176
0.1600000023841858,-0.189
0.1700000025331974,-0.204
0.180000002682209,-0.221
0.1900000028312206,-0.255
0.2000000029802322,-0.284
0.2100000031292438,-0.309
0.2200000032782554,-0.343
0.2300000034272671,-0.37
0.2400000035762786,-0.38
0.2500000037252903,-0.384
0.2600000038743019,-0.384
0.2700000040233135,-0.391
0.2800000041723251,-0.396
0.2900000043213367,-0.387
0.3000000044703483,-0.373
0.31000000461936,-0.356
0.3200000047683716,-0.361
0.3300000049173832,-0.367
0.3400000050663948,-0.363
0.3500000052154064,-0.36
0.360000005364418,-0.357
0.3700000055134296,-0.359
0.3800000056624412,-0.362
0.3900000058114529,-0.362
0.4000000059604645,-0.362
0.4100000061094761,-0.361
0.4200000062584877,-0.351
0.4300000064074993,-0.33
0.4400000065565109,-0.225
0.4500000067055225,-0.021
0.4600000068545342,0.313
0.4700000070035457,1.039
0.4800000071525573,1.948
0.490000007301569,3.711
0.5000000074505806,5.983
0.5100000075995922,9.073
0.5200000077486039,13.664
0.5300000078976155,18.525
0.5400000080466271,26.507
0.5500000081956387,35.493
0.5600000083446502,46.537
0.570000008493662,60.037
0.5800000086426735,74.522
0.5900000087916851,92.531
0.6000000089406967,111.392
0.6100000090897083,130.996
0.62000000923872,151.833
0.6300000093877316,173.153
0.6400000095367432,191.66
0.6500000096857548,208.379
0.6600000098347664,221.395
0.6700000099837781,231.465
0.6800000101327897,238.323
0.6900000102818012,239.434
0.7000000104308128,238.701
0.7100000105798244,232.791
0.7200000107288361,225.208
0.7300000108778477,215.343
0.7400000110268593,204.12
0.7500000111758709,192.396
0.7600000113248825,180.417
0.7700000114738942,168.346
0.7800000116229058,156.725
0.7900000117719174,145.511
0.800000011920929,134.613
0.8100000120699405,124.979
0.8200000122189522,115.607
0.8300000123679638,107.224
0.8400000125169754,99.421
0.850000012665987,92.1
0.8600000128149986,85.779
0.8700000129640103,79.753
0.8800000131130219,74.539
0.8900000132620335,69.598
0.9000000134110451,64.993
0.9100000135600568,60.754
0.9200000137090684,56.646
0.93000001385808,52.962
0.9400000140070917,49.457
0.9500000141561032,46.21
0.9600000143051148,43.11
0.9700000144541264,40.111
0.980000014603138,37.48
0.9900000147521496,35.003
1.0000000149011612,32.77
1.010000015050173,30.787
1.0200000151991844,28.901
1.030000015348196,27.216
1.0400000154972078,25.573
1.0500000156462193,24.053
1.060000015795231,22.619
1.0700000159442424,21.232
1.080000016093254,19.973
1.0900000162422658,18.745
1.100000016391277,17.62
1.110000016540289,16.581
1.1200000166893005,15.585
1.1300000168383122,14.702
1.140000016987324,13.835
1.1500000171363354,13.048
1.160000017285347,12.307
1.1700000174343586,11.602
1.1800000175833705,10.964
1.190000017732382,10.321
1.2000000178813934,9.699
1.2100000180304051,9.094
1.2200000181794166,8.519
1.2300000183284283,7.991
1.24000001847744,7.477
1.2500000186264515,7.007
1.2600000187754632,6.557
1.270000018924475,6.137
1.2800000190734864,5.754
1.290000019222498,5.388
1.3000000193715096,5.074
1.3100000195205213,4.76
1.3200000196695327,4.462
1.3300000198185444,4.17
1.340000019967556,3.884
1.3500000201165676,3.616
1.360000020265579,3.357
1.3700000204145908,3.116
1.3800000205636025,2.893
1.3900000207126142,2.678
1.4000000208616257,2.496
1.4100000210106374,2.324
1.4200000211596489,2.173
1.4300000213086606,2.027
1.4400000214576725,1.885
1.4500000216066835,1.773
1.4600000217556954,1.661
1.470000021904707,1.558
1.4800000220537186,1.452
1.4900000222027303,1.348
1.5000000223517418,1.241
1.5100000225007535,1.139
1.520000022649765,1.055
1.530000022798777,0.971
1.5400000229477884,0.887
1.5500000230968,0.809
1.5600000232458116,0.735
1.570000023394823,0.674
1.5800000235438347,0.621
1.5900000236928464,0.575
1.600000023841858,0.532
1.6100000239908696,0.495
1.620000024139881,0.47
1.6300000242888928,0.437
1.6400000244379045,0.399
1.650000024586916,0.359
1.6600000247359277,0.321
1.6700000248849391,0.298
1.6800000250339509,0.273
1.6900000251829626,0.248
1.700000025331974,0.2
1.7100000254809855,0.153
1.7200000256299972,0.139
1.730000025779009,0.121
1.7400000259280206,0.102
1.750000026077032,0.083
1.7600000262260438,0.063
1.7700000263750553,0.032
1.780000026524067,0.011
1.790000026673079,0.001
1.80000002682209,-0.009
1.8100000269711016,-0.024
1.820000027120113,-0.043
1.830000027269125,-0.064
1.8400000274181367,-0.088
1.850000027567148,-0.1
1.86000002771616,-0.106
1.8700000278651716,-0.118
1.880000028014183,-0.131
1.8900000281631948,-0.147
1.9000000283122065,-0.155
1.910000028461218,-0.156
1.9200000286102292,-0.152
1.9300000287592407,-0.15
1.9400000289082528,-0.152
1.9500000290572643,-0.141
1.960000029206276,-0.12
1.9700000293552875,-0.113
1.9800000295042992,-0.106
1.990000029653311,-0.09
2.0000000298023224,-0.077
2.010000029951334,-0.068
2.020000030100346,-0.065
2.030000030249357,-0.063
2.0400000303983687,-0.073
2.0500000305473804,-0.078
2.060000030696392,-0.078
2.070000030845404,-0.095
2.0800000309944155,-0.113
2.090000031143427,-0.13
2.1000000312924385,-0.14
2.11000003144145,-0.14
2.120000031590462,-0.157
2.1300000317394736,-0.175
2.140000031888485,-0.188
2.150000032037497,-0.198
2.1600000321865083,-0.2
2.17000003233552,-0.2
2.180000032484532,-0.2
2.190000032633543,-0.207
2.200000032782554,-0.213
2.2100000329315663,-0.213
2.220000033080578,-0.206
2.2300000332295897,-0.198
2.240000033378601,-0.196
2.2500000335276127,-0.197
2.2600000336766244,-0.206
2.270000033825636,-0.215
2.280000033974648,-0.224
2.290000034123659,-0.235
2.3000000342726707,-0.241
2.3100000344216824,-0.25
2.320000034570694,-0.241
2.330000034719706,-0.221
2.340000034868717,-0.215
2.350000035017729,-0.211
2.3600000351667405,-0.203
2.370000035315752,-0.192
2.380000035464764,-0.175
2.390000035613775,-0.168
2.400000035762787,-0.168
2.4100000359117986,-0.182
2.4200000360608103,-0.19
2.430000036209822,-0.187
2.440000036358833,-0.171
2.450000036507845,-0.156
2.4600000366568566,-0.173
2.4700000368058683,-0.191
2.48000003695488,-0.216
2.4900000371038917,-0.232
2.500000037252903,-0.245
2.5100000374019147,-0.254
2.5200000375509264,-0.268
2.530000037699938,-0.29
2.5400000378489493,-0.298
2.550000037997961,-0.296
2.5600000381469727,-0.273
2.5700000382959844,-0.255
2.580000038444996,-0.252
2.5900000385940074,-0.254
2.600000038743019,-0.259
2.610000038892031,-0.269
2.6200000390410425,-0.282
2.630000039190054,-0.292
2.640000039339065,-0.301
2.650000039488077,-0.312
2.660000039637089,-0.325
2.670000039786101,-0.336
2.6800000399351123,-0.338
2.6900000400841235,-0.343
2.7000000402331352,-0.35
2.710000040382147,-0.337
2.720000040531158,-0.324
2.7300000406801703,-0.322
2.7400000408291816,-0.308
2.7500000409781933,-0.279
2.760000041127205,-0.268
2.7700000412762167,-0.263
2.7800000414252284,-0.253
2.79000004157424,-0.247
2.800000041723252,-0.247
2.810000041872263,-0.251
2.8200000420212747,-0.255
2.8300000421702864,-0.26
2.8400000423192977,-0.264
2.8500000424683094,-0.259
2.860000042617321,-0.257
2.870000042766333,-0.255
2.8800000429153445,-0.259
2.890000043064356,-0.265
2.9000000432133675,-0.272
2.910000043362379,-0.285
2.920000043511391,-0.304
2.9300000436604026,-0.32
2.940000043809414,-0.331
2.950000043958425,-0.333
2.960000044107437,-0.338
2.970000044256449,-0.343
2.9800000444054606,-0.334
2.990000044554472,-0.326
3.000000044703484,-0.334
3.0100000448524957,-0.342
3.020000045001507,-0.349
3.0300000451505187,-0.359
3.04000004529953,-0.372
3.0500000454485416,-0.378
3.0600000455975533,-0.383
3.070000045746565,-0.39
3.0800000458955767,-0.386
3.090000046044588,-0.377
3.1000000461936,-0.362
3.1100000463426114,-0.35
3.120000046491623,-0.344
3.130000046640635,-0.325
3.140000046789646,-0.301
3.1500000469386578,-0.282
3.160000047087669,-0.267
3.170000047236681,-0.258
3.180000047385693,-0.233
3.190000047534704,-0.204
3.200000047683716,-0.185
3.2100000478327275,-0.164
3.220000047981739,-0.141
3.230000048130751,-0.137
3.240000048279762,-0.142
3.250000048428774,-0.143
3.2600000485777856,-0.147
3.2700000487267973,-0.174
3.280000048875809,-0.193
3.29000004902482,-0.205
3.300000049173832,-0.237
3.310000049322844,-0.264
3.320000049471856,-0.266
3.330000049620867,-0.266
3.3400000497698783,-0.265
3.35000004991889,-0.262
3.3600000500679017,-0.261
3.3700000502169134,-0.273
3.380000050365925,-0.27
3.3900000505149364,-0.253
3.400000050663948,-0.238
3.41000005081296,-0.229
3.4200000509619715,-0.223
3.430000051110983,-0.214
3.4400000512599944,-0.202
3.450000051409006,-0.185
3.460000051558018,-0.166
3.470000051707029,-0.168
3.480000051856041,-0.171
3.4900000520050525,-0.178
3.500000052154064,-0.184
3.510000052303076,-0.189
3.520000052452088,-0.196
3.5300000526010997,-0.203
3.5400000527501105,-0.208
3.5500000528991222,-0.21
3.560000053048134,-0.211
3.5700000531971456,-0.215
3.5800000533461573,-0.219
3.5900000534951686,-0.221
3.6000000536441803,-0.23
3.610000053793192,-0.247
3.620000053942204,-0.258
3.630000054091216,-0.264
3.640000054240226,-0.265
3.6500000543892384,-0.262
3.66000005453825,-0.257
3.6700000546872618,-0.249
3.6800000548362735,-0.238
3.6900000549852847,-0.227
3.700000055134296,-0.219
3.710000055283308,-0.213
3.72000005543232,-0.203
3.730000055581332,-0.196
3.740000055730343,-0.201
3.7500000558793545,-0.201
3.760000056028366,-0.194
3.770000056177378,-0.18
3.7800000563263896,-0.166
3.790000056475401,-0.16
3.800000056624413,-0.158
3.810000056773424,-0.165
3.820000056922436,-0.16
3.830000057071448,-0.152
3.840000057220459,-0.17
3.850000057369471,-0.185
3.8600000575184814,-0.198
3.870000057667494,-0.194
3.8800000578165057,-0.18
3.890000057965517,-0.17
3.9000000581145287,-0.162
3.910000058263541,-0.156
3.920000058412552,-0.144
3.930000058561564,-0.126
3.940000058710575,-0.129
3.9500000588595863,-0.13
3.9600000590085984,-0.129
3.97000005915761,-0.125
3.980000059306622,-0.12
3.990000059455633,-0.13
4.000000059604645,-0.138
4.010000059753657,-0.132
4.020000059902668,-0.123
4.030000060051679,-0.112
4.040000060200692,-0.114
4.050000060349703,-0.118
4.060000060498715,-0.117
4.070000060647726,-0.117
4.0800000607967375,-0.114
4.09000006094575,-0.102
4.100000061094761,-0.092
4.110000061243773,-0.093
4.120000061392784,-0.091
4.130000061541796,-0.084
4.140000061690808,-0.086
4.150000061839819,-0.093
4.160000061988831,-0.089
4.170000062137842,-0.091
4.180000062286854,-0.11
4.190000062435866,-0.119
4.200000062584877,-0.124
4.210000062733889,-0.152
4.2200000628829,-0.172
4.230000063031912,-0.175
4.240000063180924,-0.182
4.250000063329935,-0.191
4.260000063478947,-0.199
4.270000063627959,-0.209
4.28000006377697,-0.221
4.290000063925982,-0.228
4.300000064074993,-0.229
4.310000064224005,-0.219
4.3200000643730165,-0.211
4.330000064522028,-0.203
4.34000006467104,-0.197
4.350000064820051,-0.193
4.360000064969063,-0.188
4.370000065118075,-0.183
4.380000065267086,-0.171
4.390000065416098,-0.167
4.400000065565109,-0.177
4.410000065714121,-0.179
4.420000065863133,-0.181
4.430000066012144,-0.193
4.440000066161156,-0.202
4.450000066310167,-0.208
4.46000006645918,-0.222
4.470000066608191,-0.237
4.480000066757202,-0.258
4.490000066906214,-0.27
4.500000067055225,-0.273
4.5100000672042375,-0.281
4.520000067353249,-0.286
4.53000006750226,-0.294
4.540000067651272,-0.297
4.550000067800283,-0.288
4.560000067949296,-0.284
4.570000068098307,-0.283
4.580000068247318,-0.281
4.59000006839633,-0.28
4.6000000685453415,-0.271
4.610000068694354,-0.271
4.620000068843365,-0.276
4.630000068992376,-0.281
4.640000069141388,-0.283
4.6500000692904,-0.274
4.660000069439412,-0.27
4.670000069588423,-0.272
4.680000069737434,-0.286
4.690000069886446,-0.297
4.700000070035458,-0.3
4.71000007018447,-0.298
4.720000070333481,-0.293
4.730000070482492,-0.305
4.740000070631504,-0.322
4.750000070780516,-0.35
4.760000070929528,-0.366
4.770000071078539,-0.367
4.78000007122755,-0.372
4.7900000713765625,-0.379
4.800000071525574,-0.399
4.810000071674586,-0.411
4.820000071823597,-0.412
4.830000071972608,-0.411
4.8400000721216205,-0.409
4.850000072270632,-0.416
4.860000072419644,-0.421
4.870000072568655,-0.422
4.880000072717666,-0.408
4.890000072866679,-0.388
4.90000007301569,-0.395
4.910000073164702,-0.399
4.920000073313713,-0.398
4.9300000734627245,-0.395
4.940000073611737,-0.391
4.950000073760748,-0.393
4.96000007390976,-0.393
4.970000074058771,-0.397
4.980000074207783,-0.395
4.990000074356795,-0.387
5.000000074505806,-0.383
5.010000074654818,-0.383
5.020000074803829,-0.391
5.030000074952841,-0.392
5.040000075101853,-0.388
5.050000075250864,-0.394
5.060000075399876,-0.404
5.070000075548887,-0.409
5.080000075697899,-0.407
5.090000075846911,-0.397
5.100000075995922,-0.387
5.110000076144934,-0.378
5.1200000762939455,-0.384
5.130000076442957,-0.382
5.140000076591969,-0.37
5.15000007674098,-0.361
5.160000076889992,-0.352
5.170000077039004,-0.354
5.180000077188015,-0.359
5.190000077337027,-0.362
5.200000077486038,-0.361
5.21000007763505,-0.354
5.220000077784062,-0.35
5.230000077933073,-0.34
5.240000078082085,-0.321
5.250000078231096,-0.313
5.260000078380108,-0.31
5.27000007852912,-0.319
5.280000078678131,-0.322
5.290000078827143,-0.316
5.300000078976154,-0.32
5.310000079125167,-0.334
5.320000079274178,-0.368
5.330000079423189,-0.397
5.340000079572201,-0.396
5.350000079721212,-0.401
5.3600000798702245,-0.406
5.370000080019236,-0.419
5.380000080168247,-0.435
5.390000080317259,-0.458
5.4000000804662704,-0.469
5.410000080615283,-0.468
5.420000080764294,-0.474
5.430000080913305,-0.487
5.440000081062317,-0.478
5.4500000812113285,-0.47
5.460000081360341,-0.462
5.470000081509352,-0.442
5.480000081658363,-0.419
5.490000081807375,-0.4
5.500000081956387,-0.381
5.510000082105399,-0.362
5.52000008225441,-0.347
5.530000082403421,-0.332
5.540000082552433,-0.334
5.550000082701445,-0.336
5.560000082850457,-0.343
5.570000082999468,-0.353
5.580000083148479,-0.365
5.590000083297491,-0.386
5.600000083446503,-0.406
5.610000083595515,-0.421
5.620000083744526,-0.432
5.630000083893537,-0.437
5.6400000840425495,-0.444
5.650000084191561,-0.449
5.660000084340573,-0.45
5.670000084489584,-0.456
5.680000084638595,-0.468
5.690000084787608,-0.468
5.700000084936619,-0.47
5.710000085085631,-0.479
5.720000085234642,-0.482
5.7300000853836535,-0.479
5.740000085532666,-0.478
5.750000085681677,-0.479
5.760000085830689,-0.476
5.7700000859797,-0.468
5.780000086128712,-0.456
5.790000086277724,-0.444
5.800000086426735,-0.429
5.810000086575747,-0.428
5.820000086724758,-0.427
5.83000008687377,-0.426
5.840000087022782,-0.421
5.850000087171793,-0.411
5.860000087320805,-0.399
5.870000087469816,-0.386
5.880000087618828,-0.368
5.89000008776784,-0.354
5.900000087916851,-0.342
5.910000088065863,-0.327
5.920000088214874,-0.305
5.930000088363886,-0.268
5.940000088512898,-0.251
5.950000088661909,-0.248
5.960000088810921,-0.251
5.9700000889599325,-0.253
5.980000089108944,-0.254
5.990000089257956,-0.245
6.000000089406967,-0.23
6.010000089555979,-0.243
6.020000089704991,-0.261
6.030000089854002,-0.271
6.040000090003014,-0.272
6.050000090152025,-0.263
6.060000090301037,-0.251
6.070000090450049,-0.241
6.08000009059906,-0.247
6.090000090748072,-0.261
6.100000090897083,-0.28
6.110000091046095,-0.273
6.120000091195107,-0.262
6.130000091344118,-0.264
6.14000009149313,-0.258
6.150000091642141,-0.244
6.1600000917911535,-0.235
6.170000091940165,-0.227
6.180000092089176,-0.208
6.190000092238188,-0.193
6.200000092387199,-0.191
6.210000092536212,-0.199
6.220000092685223,-0.209
6.230000092834234,-0.236
6.240000092983246,-0.258
6.2500000931322575,-0.271
6.26000009328127,-0.283
6.270000093430281,-0.291
6.280000093579292,-0.308
6.290000093728304,-0.321
6.300000093877316,-0.312
6.310000094026328,-0.316
6.320000094175339,-0.327
6.33000009432435,-0.335
6.340000094473362,-0.338
6.350000094622374,-0.328
6.360000094771386,-0.322
6.370000094920397,-0.32
6.380000095069408,-0.333
6.39000009521842,-0.341
6.400000095367432,-0.313
6.410000095516444,-0.298
6.420000095665455,-0.297
6.430000095814466,-0.306
6.440000095963478,-0.319
6.45000009611249,-0.323
6.460000096261502,-0.326
6.470000096410513,-0.324
6.480000096559524,-0.331
6.4900000967085365,-0.344
6.500000096857548,-0.354
6.51000009700656,-0.356
6.520000097155571,-0.348
6.530000097304582,-0.349
6.540000097453595,-0.352
6.550000097602606,-0.356
6.560000097751618,-0.357
6.570000097900629,-0.356
6.5800000980496405,-0.352
6.590000098198653,-0.343
6.600000098347664,-0.345
6.610000098496676,-0.343
6.620000098645687,-0.329
6.6300000987946985,-0.308
6.640000098943711,-0.282
6.650000099092722,-0.276
6.660000099241734,-0.267
6.670000099390745,-0.241
6.680000099539757,-0.221
6.690000099688769,-0.205
6.70000009983778,-0.181
6.710000099986792,-0.158
6.720000100135803,-0.135
6.730000100284815,-0.12
6.740000100433827,-0.11
6.750000100582838,-0.119
6.76000010073185,-0.131
6.7700001008808615,-0.129
6.780000101029873,-0.138
6.790000101178885,-0.161
6.800000101327896,-0.183
6.810000101476908,-0.207
6.82000010162592,-0.221
6.830000101774931,-0.233
6.840000101923943,-0.242
6.850000102072954,-0.265
6.860000102221966,-0.294
6.870000102370978,-0.313
6.880000102519989,-0.334
6.890000102669001,-0.359
6.900000102818012,-0.378
6.910000102967024,-0.393
6.920000103116036,-0.399
6.930000103265047,-0.409
6.940000103414059,-0.424
6.95000010356307,-0.43
6.960000103712082,-0.43
6.970000103861094,-0.434
6.980000104010105,-0.434
6.990000104159117,-0.431
7.000000104308128,-0.434
7.0100001044571405,-0.443
7.020000104606152,-0.432
7.030000104755163,-0.42
7.040000104904175,-0.428
7.050000105053186,-0.431
7.060000105202199,-0.428
7.07000010535121,-0.427
7.080000105500221,-0.429
7.090000105649233,-0.424
7.1000001057982445,-0.423
7.110000105947257,-0.426
7.120000106096268,-0.415
7.130000106245279,-0.402
7.140000106394291,-0.406
7.150000106543303,-0.413
7.160000106692315,-0.422
7.170000106841326,-0.425
7.180000106990337,-0.427
7.190000107139349,-0.439
7.200000107288361,-0.452
7.210000107437373,-0.468
7.220000107586384,-0.475
7.230000107735395,-0.474
7.240000107884407,-0.472
7.250000108033419,-0.469
7.260000108182431,-0.464
7.270000108331442,-0.456
7.280000108480453,-0.446
7.2900001086294655,-0.444
7.300000108778477,-0.438
7.310000108927489,-0.41
7.3200001090765,-0.393
7.330000109225511,-0.383
7.3400001093745235,-0.385
7.350000109523535,-0.39
7.360000109672547,-0.387
7.370000109821558,-0.376
7.380000109970569,-0.356
7.390000110119582,-0.369
7.400000110268593,-0.388
7.410000110417605,-0.387
7.420000110566616,-0.384
7.4300001107156275,-0.376
7.44000011086464,-0.377
7.450000111013651,-0.379
7.460000111162663,-0.395
7.470000111311674,-0.415
7.480000111460685,-0.436
7.490000111609698,-0.434
7.500000111758709,-0.427
7.510000111907721,-0.447
7.520000112056732,-0.457
7.530000112205744,-0.45
7.540000112354756,-0.444
7.550000112503767,-0.438
7.560000112652779,-0.416
7.57000011280179,-0.403
7.580000112950802,-0.422
7.590000113099814,-0.42
7.600000113248825,-0.404
7.610000113397837,-0.404
7.620000113546848,-0.406
7.63000011369586,-0.41
7.640000113844872,-0.412
7.650000113993883,-0.413
7.660000114142895,-0.405
7.670000114291906,-0.402
7.680000114440918,-0.417
7.69000011458993,-0.424
7.700000114738941,-0.423
7.710000114887953,-0.425
7.720000115036965,-0.427
7.730000115185976,-0.428
7.740000115334988,-0.435
7.750000115483999,-0.446
7.760000115633011,-0.438
7.770000115782023,-0.426
7.780000115931034,-0.434
7.790000116080046,-0.438
7.800000116229057,-0.436
7.810000116378069,-0.439
7.820000116527081,-0.442
7.830000116676092,-0.438
7.840000116825104,-0.436
7.850000116974115,-0.444
7.860000117123127,-0.436
7.870000117272139,-0.421
7.88000011742115,-0.429
7.890000117570162,-0.432
7.900000117719173,-0.423
7.910000117868186,-0.416
7.920000118017197,-0.411
7.930000118166208,-0.407
7.94000011831522,-0.404
7.950000118464231,-0.405
7.960000118613244,-0.402
7.970000118762255,-0.394
7.980000118911266,-0.396
7.990000119060278,-0.398
8.00000011920929,-0.396
8.0100001193583,-0.394
8.020000119507314,-0.393
8.030000119656325,-0.387
8.040000119805336,-0.385
8.050000119954348,-0.384
8.060000120103359,-0.389
8.070000120252372,-0.397
8.080000120401383,-0.407
8.090000120550394,-0.417
8.100000120699406,-0.437
8.110000120848417,-0.45
8.12000012099743,-0.463
8.130000121146441,-0.459
8.140000121295452,-0.447
8.150000121444464,-0.426
8.160000121593475,-0.399
8.170000121742488,-0.37
8.1800001218915,-0.333
8.19000012204051,-0.293
8.200000122189522,-0.271
8.210000122338533,-0.256
8.220000122487546,-0.249
8.230000122636557,-0.235
8.240000122785569,-0.219
8.25000012293458,-0.225
8.260000123083591,-0.225
8.270000123232604,-0.212
8.280000123381615,-0.193
8.290000123530627,-0.169
8.300000123679638,-0.149
8.31000012382865,-0.133
8.320000123977662,-0.138
8.330000124126673,-0.133
8.340000124275685,-0.118
8.350000124424696,-0.127
8.360000124573707,-0.14
8.37000012472272,-0.163
8.380000124871732,-0.187
8.390000125020743,-0.212
8.400000125169754,-0.231
8.410000125318765,-0.244
8.420000125467778,-0.249
8.43000012561679,-0.26
8.4400001257658,-0.276
8.450000125914812,-0.289
8.460000126063823,-0.3
8.470000126212836,-0.297
8.480000126361848,-0.285
8.490000126510859,-0.258
8.50000012665987,-0.254
8.510000126808881,-0.26
8.520000126957894,-0.255
