time_min,absorb_mau
0.0,0.002
0.0133333335320154,-0.002
0.0266666670640309,-0.018
0.0400000005960464,-0.021
0.0533333341280619,-0.012
0.0666666676600774,-0.001
0.0800000011920929,0.016
0.0933333347241083,0.019
0.1066666682561238,0.028
0.1200000017881393,0.055
0.1333333353201548,0.096
0.1466666688521703,0.157
0.1600000023841858,0.201
0.1733333359162013,0.241
0.1866666694482167,0.286
0.2000000029802322,0.319
0.2133333365122477,0.292
0.2266666700442632,0.254
0.2400000035762786,0.208
0.2533333371082942,0.162
0.2666666706403096,0.119
0.2800000041723251,0.097
0.2933333377043406,0.078
0.3066666712363561,0.065
0.3200000047683716,0.05
0.3333333383003871,0.03
0.3466666718324026,0.028
0.360000005364418,0.022
0.3733333388964335,0.005
0.386666672428449,-0.013
0.4000000059604645,-0.025
0.4133333394924799,-0.023
0.4266666730244954,-0.021
0.4400000065565109,-0.027
0.4533333400885264,-0.023
0.4666666736205419,0.007
0.4800000071525573,0.024
0.4933333406845728,0.043
0.5066666742165884,0.078
0.5200000077486039,0.124
0.5333333412806193,0.159
0.5466666748126348,0.158
0.5600000083446502,0.144
0.5733333418766657,0.141
0.5866666754086812,0.162
0.6000000089406967,0.309
0.6133333424727122,0.72
0.6266666760047277,1.495
0.6400000095367432,2.851
0.6533333430687587,5.354
0.6666666766007742,9.105
0.6800000101327897,14.395
0.6933333436648051,20.839
0.7066666771968206,28.95
0.7200000107288361,38.977
0.7333333442608516,49.466
0.746666677792867,60.806
0.7600000113248825,71.787
0.773333344856898,81.928
0.7866666783889135,91.232
0.800000011920929,98.825
0.8133333454529444,104.707
0.8266666789849599,109.181
0.8400000125169754,111.843
0.8533333460489909,112.816
0.8666666795810064,112.631
0.8800000131130219,111.47
0.8933333466450374,109.503
0.9066666801770528,106.87
0.9200000137090684,103.744
0.933333347241084,100.382
0.9466666807730992,96.858
0.9600000143051148,93.227
0.9733333478371302,89.609
0.9866666813691456,85.997
1.0000000149011612,82.481
1.0133333484331768,79.061
1.0266666819651922,75.732
1.0400000154972078,72.609
1.0533333490292232,69.622
1.0666666825612383,66.777
1.080000016093254,64.068
1.0933333496252695,61.526
1.1066666831572851,59.128
1.1200000166893005,56.829
1.133333350221316,54.634
1.1466666837533317,52.527
1.160000017285347,50.556
1.1733333508173625,48.621
1.186666684349378,46.799
1.2000000178813934,45.067
1.213333351413409,43.393
1.2266666849454244,41.781
1.24000001847744,40.218
1.2533333520094554,38.693
1.266666685541471,37.212
1.2800000190734864,35.774
1.2933333526055018,34.408
1.3066666861375174,33.07
1.3200000196695327,31.824
1.3333333532015483,30.66
1.3466666867335635,29.566
1.360000020265579,28.489
1.3733333537975947,27.441
1.3866666873296103,26.456
1.4000000208616257,25.504
1.4133333543936413,24.526
1.4266666879256569,23.597
1.4400000214576725,22.7
1.4533333549896876,21.851
1.4666666885217032,21.054
1.4800000220537186,20.319
1.493333355585734,19.613
1.5066666891177496,18.93
1.520000022649765,18.276
1.5333333561817806,17.661
1.546666689713796,17.068
1.5600000232458116,16.486
1.573333356777827,15.94
1.5866666903098423,15.425
1.600000023841858,14.922
1.6133333573738735,14.43
1.626666690905889,13.959
1.6400000244379045,13.515
1.65333335796992,13.081
1.6666666915019357,12.641
1.6800000250339509,12.223
1.6933333585659665,11.844
1.7066666920979818,11.475
1.7200000256299972,11.11
1.7333333591620128,10.758
1.7466666926940282,10.455
1.7600000262260438,10.154
1.7733333597580592,9.851
1.7866666932900748,9.549
1.80000002682209,9.274
1.8133333603541055,8.985
1.826666693886121,8.695
1.8400000274181367,8.417
1.853333360950152,8.161
1.866666694482168,7.915
1.880000028014183,7.673
1.8933333615461987,7.447
1.906666695078214,7.226
1.9200000286102292,7.006
1.933333362142245,6.786
1.9466666956742604,6.583
1.960000029206276,6.404
1.9733333627382916,6.235
1.986666696270307,6.065
2.0000000298023224,5.923
2.013333363334338,5.784
2.0266666968663536,5.65
2.0400000303983687,5.525
2.0533333639303843,5.387
2.0666666974624,5.242
2.0800000309944155,5.106
2.0933333645264307,4.975
2.1066666980584463,4.859
2.120000031590462,4.748
2.133333365122477,4.642
2.1466666986544927,4.566
2.1600000321865083,4.504
2.173333365718524,4.434
2.186666699250539,4.348
2.200000032782554,4.286
2.2133333663145702,4.211
2.226666699846586,4.129
2.240000033378601,4.031
2.2533333669106166,3.948
2.266666700442632,3.873
2.280000033974648,3.781
2.293333367506663,3.683
2.3066667010386785,3.599
2.320000034570694,3.525
2.3333333681027097,3.438
2.346666701634725,3.36
2.3600000351667405,3.299
2.373333368698756,3.256
2.3866667022307717,3.217
2.400000035762787,3.165
2.4133333692948025,3.108
2.426666702826818,3.048
2.440000036358833,2.986
2.453333369890849,2.9
2.4666667034228644,2.809
2.48000003695488,2.73
2.493333370486895,2.666
2.506666704018911,2.605
2.5200000375509264,2.526
2.533333371082942,2.461
2.546666704614957,2.407
2.5600000381469727,2.357
2.5733333716789883,2.291
2.5866667052110035,2.24
2.600000038743019,2.191
2.6133333722750347,2.143
2.6266667058070503,2.091
2.640000039339065,2.043
2.653333372871081,1.974
2.6666667064030967,1.898
2.6800000399351123,1.821
2.6933333734671274,1.753
2.706666706999143,1.705
2.720000040531158,1.647
2.7333333740631742,1.597
2.7466667075951894,1.561
2.760000041127205,1.53
2.7733333746592206,1.487
2.786666708191236,1.431
2.800000041723252,1.37
2.813333375255267,1.317
2.8266667087872825,1.29
2.8400000423192977,1.254
2.8533333758513133,1.22
2.866666709383329,1.187
2.8800000429153445,1.151
2.89333337644736,1.117
2.9066667099793757,1.074
2.920000043511391,1.029
2.9333333770434065,0.992
2.9466667105754216,0.968
2.960000044107437,0.968
2.973333377639453,0.967
2.986666711171468,0.955
3.000000044703484,0.945
3.013333378235499,0.958
3.026666711767515,0.955
3.04000004529953,0.927
3.053333378831545,0.904
3.066666712363561,0.884
3.0800000458955767,0.856
3.093333379427592,0.817
3.1066667129596075,0.779
3.120000046491623,0.765
3.1333333800236387,0.763
3.146666713555654,0.726
3.160000047087669,0.728
3.173333380619685,0.715
3.1866667141517007,0.688
3.200000047683716,0.652
3.2133333812157314,0.591
3.226666714747747,0.561
3.240000048279762,0.527
3.253333381811778,0.498
3.2666667153437934,0.484
3.280000048875809,0.474
3.293333382407824,0.478
3.30666671593984,0.477
3.320000049471856,0.468
3.333333383003871,0.45
3.346666716535886,0.414
3.3600000500679017,0.392
3.3733333835999173,0.38
3.386666717131933,0.372
3.400000050663948,0.373
3.413333384195964,0.361
3.4266667177279797,0.354
3.4400000512599944,0.354
3.45333338479201,0.355
3.4666667183240256,0.334
3.480000051856041,0.322
3.4933333853880564,0.316
3.506666718920072,0.319
3.520000052452088,0.32
3.533333385984103,0.297
3.5466667195161183,0.303
3.560000053048134,0.297
3.573333386580149,0.286
3.586666720112165,0.284
3.6000000536441803,0.299
3.613333387176196,0.324
3.626666720708212,0.324
3.640000054240226,0.312
3.653333387772242,0.317
3.666666721304258,0.326
3.6800000548362735,0.317
3.6933333883682886,0.303
3.706666721900304,0.294
3.72000005543232,0.304
3.733333388964336,0.317
3.746666722496351,0.318
3.760000056028366,0.316
3.773333389560382,0.309
3.786666723092397,0.284
3.800000056624413,0.284
3.813333390156428,0.267
3.826666723688444,0.246
3.840000057220459,0.238
3.8533333907524745,0.243
3.86666672428449,0.248
3.8800000578165057,0.245
3.893333391348521,0.233
3.906666724880537,0.219
3.920000058412552,0.205
3.933333391944568,0.194
3.946666725476583,0.192
3.9600000590085984,0.202
3.973333392540614,0.212
3.9866667260726296,0.224
4.000000059604645,0.247
4.01333339313666,0.254
4.026666726668676,0.252
4.040000060200692,0.267
4.053333393732707,0.271
4.066666727264722,0.267
4.0800000607967375,0.272
4.093333394328753,0.283
4.106666727860769,0.291
4.120000061392784,0.278
4.1333333949248,0.259
4.146666728456816,0.241
4.160000061988831,0.228
4.173333395520846,0.208
4.186666729052861,0.201
4.200000062584877,0.202
4.213333396116893,0.208
4.226666729648908,0.222
4.240000063180924,0.241
4.253333396712939,0.241
4.266666730244954,0.23
4.28000006377697,0.221
4.293333397308985,0.218
4.306666730841001,0.198
4.3200000643730165,0.185
4.333333397905032,0.178
4.346666731437048,0.175
4.360000064969063,0.173
4.373333398501078,0.146
4.386666732033094,0.14
4.400000065565109,0.144
4.413333399097125,0.143
4.4266667326291405,0.127
4.440000066161156,0.096
4.453333399693172,0.09
4.466666733225186,0.088
4.480000066757202,0.071
4.493333400289218,0.038
4.506666733821233,0.022
4.520000067353249,0.035
4.533333400885264,0.057
4.54666673441728,0.066
4.560000067949296,0.09
4.57333340148131,0.111
4.586666735013326,0.127
4.6000000685453415,0.135
4.613333402077357,0.135
4.626666735609373,0.131
4.640000069141388,0.125
4.653333402673404,0.126
4.66666673620542,0.136
4.680000069737434,0.147
4.69333340326945,0.148
4.706666736801465,0.154
4.720000070333481,0.153
4.733333403865497,0.142
4.746666737397512,0.126
4.760000070929528,0.122
4.773333404461543,0.135
4.786666737993558,0.141
4.800000071525574,0.127
4.813333405057589,0.108
4.826666738589605,0.094
4.8400000721216205,0.069
4.853333405653636,0.046
4.866666739185652,0.034
4.880000072717666,0.034
4.893333406249682,0.051
4.906666739781698,0.068
4.920000073313713,0.086
4.933333406845729,0.114
4.9466667403777445,0.109
4.96000007390976,0.085
4.973333407441775,0.074
4.98666674097379,0.068
5.000000074505806,0.049
5.013333408037822,0.046
5.026666741569837,0.037
5.040000075101853,0.053
5.053333408633868,0.086
5.066666742165884,0.09
5.080000075697899,0.127
5.093333409229914,0.144
5.10666674276193,0.157
5.1200000762939455,0.171
5.133333409825961,0.157
5.146666743357977,0.16
5.160000076889992,0.154
5.173333410422007,0.151
5.186666743954023,0.161
5.200000077486038,0.163
5.213333411018054,0.163
5.226666744550069,0.154
5.240000078082085,0.144
5.253333411614101,0.145
5.266666745146116,0.129
5.280000078678131,0.116
5.2933334122101465,0.111
5.306666745742162,0.108
5.320000079274178,0.095
5.333333412806193,0.077
5.346666746338209,0.05
5.3600000798702245,0.033
5.373333413402239,0.023
5.386666746934255,0.004
5.4000000804662704,0.0
5.413333413998286,-0.014
5.426666747530302,-0.026
5.440000081062317,-0.03
5.453333414594333,-0.041
5.4666667481263485,-0.055
5.480000081658363,-0.071
5.493333415190379,-0.072
5.506666748722394,-0.052
5.52000008225441,-0.042
5.533333415786426,-0.03
5.546666749318441,-0.02
5.560000082850457,-0.008
5.573333416382472,0.011
5.586666749914487,0.025
5.600000083446503,0.033
5.613333416978518,0.023
5.626666750510534,0.007
5.6400000840425495,0.005
5.653333417574565,-0.006
5.666666751106581,-0.034
5.680000084638595,-0.06
5.693333418170611,-0.065
5.706666751702627,-0.037
5.720000085234642,-0.026
5.733333418766658,0.007
5.746666752298673,0.053
5.760000085830689,0.105
5.773333419362704,0.161
5.786666752894719,0.175
5.800000086426735,0.191
5.813333419958751,0.204
5.826666753490766,0.203
5.840000087022782,0.186
5.853333420554797,0.166
5.866666754086813,0.153
5.880000087618828,0.147
5.893333421150843,0.137
5.906666754682859,0.123
5.920000088214874,0.13
5.93333342174689,0.128
5.946666755278906,0.124
5.960000088810921,0.131
5.973333422342936,0.123
5.986666755874952,0.112
6.000000089406967,0.104
6.013333422938983,0.111
6.026666756470998,0.156
6.040000090003014,0.152
6.05333342353503,0.16
6.066666757067045,0.167
6.08000009059906,0.17
6.093333424131076,0.174
6.106666757663091,0.13
6.120000091195107,0.114
6.133333424727122,0.115
6.146666758259138,0.116
6.1600000917911535,0.129
6.173333425323168,0.117
6.186666758855184,0.11
6.200000092387199,0.113
6.213333425919215,0.122
6.226666759451231,0.132
6.240000092983246,0.129
6.253333426515262,0.133
6.266666760047277,0.139
6.280000093579292,0.141
6.293333427111308,0.147
6.306666760643323,0.12
6.320000094175339,0.087
6.3333334277073545,0.06
6.34666676123937,0.034
6.360000094771386,0.011
6.373333428303401,-0.019
6.386666761835416,-0.051
6.400000095367432,-0.065
6.413333428899447,-0.051
6.426666762431463,-0.052
6.440000095963478,-0.035
6.453333429495494,-0.017
6.46666676302751,-0.006
6.480000096559524,0.017
6.49333343009154,0.019
6.506666763623556,0.021
6.520000097155571,0.04
6.533333430687587,0.069
6.546666764219602,0.086
6.560000097751618,0.098
6.573333431283634,0.104
6.586666764815648,0.109
6.600000098347664,0.112
6.61333343187968,0.064
6.626666765411695,0.034
6.640000098943711,0.019
6.653333432475726,0.016
6.666666766007742,0.026
6.680000099539757,0.013
6.693333433071772,-0.005
6.706666766603788,-0.022
6.720000100135803,-0.035
6.733333433667819,-0.044
6.746666767199835,-0.072
6.76000010073185,-0.096
6.773333434263866,-0.109
6.7866667677958805,-0.108
6.800000101327896,-0.091
6.813333434859912,-0.112
6.826666768391927,-0.13
6.840000101923943,-0.136
6.853333435455959,-0.133
6.866666768987974,-0.122
6.880000102519989,-0.123
6.893333436052004,-0.122
6.90666676958402,-0.117
6.920000103116036,-0.113
6.933333436648051,-0.084
6.946666770180067,-0.084
6.960000103712082,-0.097
6.973333437244098,-0.106
6.986666770776113,-0.088
7.000000104308128,-0.066
7.013333437840144,-0.076
7.02666677137216,-0.079
7.040000104904175,-0.064
7.053333438436191,-0.059
7.066666771968206,-0.069
7.080000105500221,-0.083
7.093333439032237,-0.098
7.106666772564252,-0.108
7.120000106096268,-0.111
7.133333439628284,-0.103
7.146666773160299,-0.102
7.160000106692315,-0.101
7.17333344022433,-0.093
7.186666773756345,-0.073
7.200000107288361,-0.087
7.213333440820376,-0.106
7.226666774352392,-0.123
7.240000107884407,-0.135
7.253333441416423,-0.139
7.266666774948439,-0.159
7.280000108480453,-0.178
7.293333442012469,-0.195
7.306666775544484,-0.216
7.3200001090765,-0.232
7.333333442608516,-0.244
7.346666776140531,-0.253
7.360000109672547,-0.257
7.373333443204562,-0.259
7.386666776736577,-0.242
7.400000110268593,-0.234
7.413333443800608,-0.235
7.426666777332624,-0.242
7.44000011086464,-0.233
7.453333444396655,-0.207
7.466666777928671,-0.189
7.480000111460685,-0.174
7.493333444992701,-0.157
7.506666778524717,-0.151
7.520000112056732,-0.14
7.533333445588748,-0.142
7.546666779120764,-0.148
7.560000112652779,-0.145
7.573333446184795,-0.145
7.5866667797168095,-0.138
7.600000113248825,-0.121
7.613333446780841,-0.108
7.626666780312856,-0.098
7.640000113844872,-0.065
7.653333447376887,-0.027
7.666666780908903,0.004
7.680000114440918,0.02
7.693333447972933,0.001
7.706666781504949,0.026
7.720000115036965,0.014
7.73333344856898,-0.011
7.746666782100996,-0.031
7.760000115633011,-0.02
7.773333449165027,-0.017
7.786666782697042,-0.015
7.800000116229057,-0.012
7.813333449761073,-0.001
7.826666783293088,0.004
7.840000116825104,0.0
7.85333345035712,0.013
7.866666783889135,0.034
7.88000011742115,0.041
7.893333450953166,0.06
7.906666784485181,0.08
7.920000118017197,0.082
7.933333451549212,0.073
7.946666785081228,0.067
7.960000118613244,0.041
7.973333452145259,0.026
7.986666785677274,0.022
8.00000011920929,0.02
8.013333452741305,0.01
8.02666678627332,0.001
8.040000119805336,0.003
8.053333453337352,-0.002
8.066666786869368,-0.029
8.080000120401383,-0.072
8.093333453933399,-0.09
8.106666787465414,-0.093
8.12000012099743,-0.098
8.133333454529444,-0.103
8.14666678806146,-0.087
8.160000121593475,-0.108
8.17333345512549,-0.115
8.186666788657506,-0.122
8.200000122189522,-0.151
8.213333455721537,-0.17
8.226666789253553,-0.195
8.240000122785569,-0.182
8.253333456317584,-0.147
8.2666667898496,-0.13
8.280000123381615,-0.126
8.293333456913631,-0.085
8.306666790445647,-0.04
8.320000123977662,-0.012
8.333333457509676,-0.018
8.346666791041692,-0.023
8.360000124573707,0.0
8.373333458105723,0.003
8.386666791637738,-0.022
8.400000125169754,-0.032
8.41333345870177,-0.034
8.426666792233785,-0.028
8.4400001257658,-0.038
8.453333459297816,-0.065
8.466666792829832,-0.039
8.480000126361848,-0.026
8.493333459893863,-0.013
8.506666793425879,0.0
8.520000126957894,0.011
8.533333460489908,0.047
8.546666794021924,0.037
8.56000012755394,0.026
8.573333461085955,0.014
8.58666679461797,-0.007
8.600000128149986,-0.007
8.613333461682002,-0.023
8.626666795214017,-0.029
8.640000128746033,-0.028
8.653333462278049,-0.035
8.666666795810064,-0.022
8.68000012934208,0.011
8.693333462874095,0.032
8.706666796406111,0.044
8.720000129938127,0.07
8.73333346347014,0.101
8.746666797002156,0.133
8.760000130534172,0.129
8.773333464066187,0.087
8.786666797598203,0.092
8.800000131130219,0.086
8.813333464662234,0.102
8.82666679819425,0.121
8.840000131726265,0.13
8.853333465258281,0.176
8.866666798790297,0.213
8.880000132322312,0.243
8.893333465854328,0.258
8.906666799386343,0.244
8.920000132918359,0.232
8.933333466450373,0.22
8.946666799982388,0.22
8.960000133514404,0.224
8.97333346704642,0.213
8.986666800578435,0.195
9.00000013411045,0.186
9.013333467642466,0.194
9.026666801174482,0.209
9.040000134706498,0.196
9.053333468238511,0.191
9.066666801770529,0.197
9.080000135302544,0.201
9.09333346883456,0.192
9.106666802366576,0.151
9.120000135898591,0.137
9.133333469430609,0.123
9.14666680296262,0.12
9.160000136494636,0.129
9.173333470026652,0.15
9.186666803558667,0.171
9.200000137090685,0.199
9.2133334706227,0.218
9.226666804154714,0.224
9.24000013768673,0.19
9.253333471218744,0.179
9.26666680475076,0.17
9.280000138282777,0.163
9.293333471814792,0.15
9.306666805346808,0.169
9.320000138878823,0.193
9.33333347241084,0.205
9.346666805942853,0.21
9.360000139474868,0.237
9.373333473006884,0.238
9.3866668065389,0.253
9.400000140070915,0.262
9.41333347360293,0.263
9.426666807134946,0.28
9.440000140666962,0.264
9.453333474198978,0.259
9.466666807730991,0.253
9.480000141263009,0.228
9.493333474795024,0.231
9.50666680832704,0.221
9.520000141859056,0.239
9.533333475391071,0.26
9.546666808923083,0.251
9.5600001424551,0.247
9.573333475987116,0.253
9.586666809519132,0.268
9.600000143051147,0.275
9.613333476583165,0.252
9.62666681011518,0.249
9.640000143647194,0.233
9.65333347717921,0.23
9.666666810711224,0.234
9.68000014424324,0.222
9.693333477775257,0.212
9.706666811307272,0.219
9.720000144839288,0.237
9.733333478371303,0.253
9.746666811903316,0.229
9.760000145435331,0.228
9.773333478967348,0.232
9.786666812499364,0.233
9.80000014603138,0.223
9.813333479563395,0.205
9.826666813095413,0.212
9.840000146627428,0.217
9.853333480159442,0.22
9.866666813691458,0.226
9.880000147223472,0.206
9.893333480755487,0.201
9.906666814287505,0.209
9.92000014781952,0.212
9.933333481351536,0.195
9.94666681488355,0.162
9.960000148415563,0.144
9.97333348194758,0.134
9.986666815479596,0.124
10.000000149011612,0.104
10.013333482543628,0.088
10.026666816075643,0.082
10.04000014960766,0.097
10.053333483139674,0.125
10.06666681667169,0.139
10.080000150203706,0.125
10.09333348373572,0.121
10.106666817267737,0.118
10.120000150799752,0.11
10.133333484331768,0.108
10.146666817863782,0.091
10.160000151395796,0.086
10.173333484927811,0.1
10.186666818459829,0.132
10.200000151991844,0.159
10.21333348552386,0.152
10.226666819055875,0.148
10.240000152587893,0.166
10.253333486119908,0.201
10.266666819651922,0.188
10.280000153183938,0.185
10.293333486715952,0.185
10.306666820247967,0.189
10.320000153779985,0.205
10.333333487312,0.166
10.346666820844014,0.163
10.36000015437603,0.169
10.373333487908043,0.165
10.38666682144006,0.16
10.400000154972076,0.165
10.413333488504092,0.174
10.426666822036108,0.178
10.440000155568123,0.17
10.45333348910014,0.182
10.466666822632154,0.199
10.48000015616417,0.202
10.493333489696186,0.199
10.5066668232282,0.203
10.520000156760217,0.208
10.533333490292232,0.187
10.546666823824246,0.167
10.560000157356262,0.151
10.573333490888276,0.14
10.586666824420291,0.142
10.600000157952309,0.124
10.613333491484324,0.113
10.62666682501634,0.114
10.640000158548355,0.117
10.653333492080373,0.12
10.666666825612388,0.108
10.680000159144402,0.093
10.693333492676418,0.082
10.706666826208432,0.054
10.720000159740447,0.037
10.733333493272465,0.02
10.746666826804478,0.011
10.760000160336494,0.01
10.77333349386851,0.023
10.786666827400524,0.05
10.80000016093254,0.062
10.813333494464556,0.067
10.826666827996572,0.079
10.840000161528588,0.083
10.853333495060603,0.091
10.86666682859262,0.095
10.880000162124634,0.108
10.89333349565665,0.144
10.906666829188666,0.169
10.92000016272068,0.19
10.933333496252695,0.206
10.94666682978471,0.222
10.960000163316726,0.244
10.973333496848742,0.233
10.986666830380758,0.232
