time_min,absorb_mau
0.0,0.0
0.0400000005960465,-0.004
0.0800000011920929,0.055
0.120000001788139,0.09
0.160000002384186,0.041
0.200000002980232,-0.026
0.240000003576279,-0.039
0.280000004172325,0.052
0.320000004768372,0.076
0.360000005364418,0.071
0.400000005960465,0.105
0.440000006556511,0.159
0.480000007152557,0.234
0.520000007748604,0.29
0.56000000834465,0.26
0.600000008940697,0.271
0.640000009536743,0.33
0.68000001013279,0.451
0.720000010728836,0.726
0.760000011324882,1.336
0.800000011920929,2.483
0.840000012516975,4.142
0.880000013113022,6.081
0.920000013709068,8.066
0.960000014305115,9.622
1.00000001490116,10.514
1.04000001549721,10.829
1.08000001609325,10.652
1.1200000166893,10.245
1.16000001728535,9.832
1.20000001788139,9.521
1.24000001847744,9.352
1.28000001907349,9.205
1.32000001966953,9.085
1.36000002026558,9.094
1.40000002086163,9.129
1.44000002145767,9.176
1.48000002205372,9.334
1.52000002264977,9.482
1.56000002324581,9.627
1.60000002384186,9.784
1.6400000244379,9.88
1.68000002503395,9.994
1.72000002563,10.153
1.76000002622604,10.335
1.80000002682209,10.482
1.84000002741814,10.64
1.88000002801418,10.862
1.92000002861023,11.068
1.96000002920628,11.287
2.00000002980232,11.546
2.04000003039837,11.845
2.08000003099442,12.079
2.12000003159046,12.345
2.16000003218651,12.647
2.20000003278255,13.005
2.2400000333786,13.412
2.28000003397465,13.819
2.32000003457069,14.189
2.36000003516674,14.594
2.40000003576279,15.124
2.44000003635883,15.667
2.48000003695488,16.207
2.52000003755093,16.74
2.56000003814697,17.343
2.60000003874302,17.936
2.64000003933907,18.507
2.68000003993511,19.129
2.72000004053116,19.785
2.7600000411272,20.463
2.80000004172325,21.106
2.8400000423193,21.62
2.88000004291534,22.175
2.92000004351139,22.801
2.96000004410744,23.343
3.00000004470348,23.826
3.04000004529953,24.402
3.08000004589558,24.999
3.12000004649162,25.593
3.16000004708767,26.148
3.20000004768372,26.629
3.24000004827976,27.054
3.28000004887581,27.377
3.32000004947186,27.665
3.3600000500679,27.993
3.40000005066395,28.313
3.44000005125999,28.659
3.48000005185604,29.066
3.52000005245209,29.336
3.56000005304813,29.483
3.60000005364418,29.567
3.64000005424023,29.61
3.68000005483627,29.682
3.72000005543232,29.733
3.76000005602837,29.727
3.80000005662441,29.721
3.84000005722046,29.729
3.88000005781651,29.749
3.92000005841255,29.779
3.9600000590086,29.784
4.00000005960465,29.658
4.04000006020069,29.446
4.08000006079674,29.295
4.12000006139278,29.231
4.16000006198883,29.167
4.20000006258488,29.025
4.24000006318092,28.816
4.28000006377697,28.616
4.32000006437302,28.4
4.36000006496906,28.117
4.40000006556511,27.721
4.44000006616116,27.362
4.4800000667572,27.015
4.52000006735325,26.611
4.5600000679493,26.222
4.60000006854534,25.883
4.64000006914139,25.565
4.68000006973743,25.252
4.72000007033348,24.97
4.76000007092953,24.644
4.80000007152557,24.309
4.84000007212162,23.935
4.88000007271767,23.573
4.92000007331371,23.299
4.96000007390976,22.959
5.00000007450581,22.587
5.04000007510185,22.188
5.0800000756979,21.757
5.12000007629395,21.314
5.16000007688999,20.917
5.20000007748604,20.591
5.24000007808209,20.261
5.28000007867813,19.993
5.32000007927418,19.727
5.36000007987022,19.431
5.40000008046627,19.139
5.44000008106232,18.845
5.48000008165836,18.558
5.52000008225441,18.339
5.56000008285046,18.087
5.6000000834465,17.803
5.64000008404255,17.545
5.6800000846386,17.305
5.72000008523464,17.082
5.76000008583069,16.855
5.80000008642674,16.65
5.84000008702278,16.446
5.88000008761883,16.256
5.92000008821487,16.107
5.96000008881092,15.909
6.00000008940697,15.702
6.04000009000301,15.552
6.08000009059906,15.387
6.12000009119511,15.222
6.16000009179115,15.05
6.2000000923872,14.942
6.24000009298325,14.813
6.28000009357929,14.693
6.32000009417534,14.655
6.36000009477139,14.629
6.40000009536743,14.535
6.44000009596348,14.394
6.48000009655952,14.275
6.52000009715557,14.185
6.56000009775162,14.11
6.60000009834766,13.993
6.64000009894371,13.828
6.68000009953976,13.704
6.7200001001358,13.665
6.76000010073185,13.62
6.8000001013279,13.596
6.84000010192394,13.671
6.88000010251999,13.677
6.92000010311604,13.61
6.96000010371208,13.554
7.00000010430813,13.524
7.04000010490418,13.538
7.08000010550022,13.482
7.12000010609627,13.49
7.16000010669232,13.481
7.20000010728836,13.413
7.24000010788441,13.367
7.28000010848045,13.412
7.3200001090765,13.409
7.36000010967255,13.337
7.40000011026859,13.324
7.44000011086464,13.286
7.48000011146069,13.243
7.52000011205673,13.141
7.56000011265278,13.046
7.60000011324883,13.002
7.64000011384487,13.008
7.68000011444092,13.029
7.72000011503696,13.01
7.76000011563301,12.971
7.80000011622906,12.972
7.8400001168251,12.98
7.88000011742115,13.031
7.9200001180172,12.999
7.96000011861324,12.872
8.00000011920929,12.765
8.04000011980534,12.668
8.08000012040138,12.578
8.12000012099743,12.452
8.16000012159348,12.332
8.20000012218952,12.345
8.24000012278557,12.41
8.28000012338162,12.409
8.32000012397766,12.45
8.36000012457371,12.527
8.40000012516975,12.542
8.4400001257658,12.514
8.48000012636185,12.531
8.52000012695789,12.576
8.56000012755394,12.54
8.60000012814999,12.528
8.64000012874603,12.549
8.68000012934208,12.575
8.72000012993813,12.567
8.76000013053417,12.479
8.80000013113022,12.482
8.84000013172627,12.533
8.88000013232231,12.585
8.92000013291836,12.586
8.9600001335144,12.646
9.00000013411045,12.655
9.0400001347065,12.637
9.08000013530254,12.631
9.12000013589859,12.609
9.16000013649464,12.609
9.20000013709068,12.666
9.24000013768673,12.743
9.28000013828278,12.827
9.32000013887882,12.847
9.36000013947487,12.845
9.40000014007092,12.832
9.44000014066696,12.779
9.48000014126301,12.835
9.52000014185906,12.948
9.5600001424551,13.027
9.60000014305115,13.133
9.64000014364719,13.215
9.68000014424324,13.204
9.72000014483929,13.244
9.76000014543533,13.342
9.80000014603138,13.466
9.84000014662743,13.52
9.88000014722347,13.608
9.92000014781952,13.83
9.96000014841557,14.062
10.0000001490116,14.191
10.0400001496077,14.286
10.0800001502037,14.393
10.1200001507998,14.411
10.1600001513958,14.443
10.2000001519918,14.472
10.2400001525879,14.463
10.2800001531839,14.498
10.32000015378,14.523
10.360000154376,14.532
10.4000001549721,14.526
10.4400001555681,14.537
10.4800001561642,14.545
10.5200001567602,14.522
10.5600001573563,14.486
10.6000001579523,14.482
10.6400001585484,14.523
10.6800001591444,14.529
10.7200001597404,14.589
10.7600001603365,14.714
10.8000001609325,14.728
10.8400001615286,14.61
10.8800001621246,14.468
10.9200001627207,14.377
10.9600001633167,14.334
11.0000001639128,14.32
11.0400001645088,14.253
11.0800001651049,14.257
11.1200001657009,14.282
11.160000166297,14.22
11.200000166893,14.21
11.2400001674891,14.274
11.2800001680851,14.32
11.3200001686811,14.362
11.3600001692772,14.452
11.4000001698732,14.541
11.4400001704693,14.546
11.4800001710653,14.476
11.5200001716614,14.41
11.5600001722574,14.374
11.6000001728535,14.356
11.6400001734495,14.314
11.6800001740456,14.219
11.7200001746416,14.14
11.7600001752377,14.114
11.8000001758337,14.067
11.8400001764297,14.047
11.8800001770258,14.015
11.9200001776218,13.924
11.9600001782179,13.893
12.0000001788139,13.89
12.04000017941,13.956
12.080000180006,14.015
12.1200001806021,14.011
12.1600001811981,14.018
12.2000001817942,13.969
12.2400001823902,13.869
12.2800001829863,13.76
12.3200001835823,13.609
12.3600001841784,13.488
12.4000001847744,13.402
12.4400001853704,13.316
12.4800001859665,13.216
12.5200001865625,13.214
12.5600001871586,13.214
12.6000001877546,13.184
12.6400001883507,13.157
12.6800001889467,13.17
12.7200001895428,13.274
12.7600001901388,13.333
12.8000001907349,13.333
12.8400001913309,13.38
12.880000191927,13.383
12.920000192523,13.394
12.960000193119,13.367
13.0000001937151,13.271
13.0400001943111,13.206
13.0800001949072,13.14
13.1200001955032,13.058
13.1600001960993,12.971
13.2000001966953,12.889
13.2400001972914,12.806
13.2800001978874,12.656
13.3200001984835,12.546
13.3600001990795,12.506
13.4000001996756,12.411
13.4400002002716,12.319
13.4800002008677,12.312
13.5200002014637,12.292
13.5600002020597,12.295
13.6000002026558,12.287
13.6400002032518,12.174
13.6800002038479,12.009
13.7200002044439,11.861
13.76000020504,11.856
13.800000205636,11.763
13.8400002062321,11.605
13.8800002068281,11.477
13.9200002074242,11.328
13.9600002080202,11.194
14.0000002086163,11.047
14.0400002092123,10.886
14.0800002098084,10.798
14.1200002104044,10.688
14.1600002110004,10.61
14.2000002115965,10.529
14.2400002121925,10.436
14.2800002127886,10.344
14.3200002133846,10.246
14.3600002139807,10.1
14.4000002145767,9.985
14.4400002151728,9.901
14.4800002157688,9.781
14.5200002163649,9.642
14.5600002169609,9.514
14.600000217557,9.412
14.640000218153,9.305
14.680000218749,9.18
14.7200002193451,9.002
14.7600002199411,8.874
14.8000002205372,8.783
14.8400002211332,8.696
14.8800002217293,8.605
14.9200002223253,8.462
14.9600002229214,8.404
15.0000002235174,8.332
15.0400002241135,8.224
15.0800002247095,8.119
15.1200002253056,8.007
15.1600002259016,7.829
15.2000002264977,7.634
15.2400002270937,7.552
15.2800002276897,7.49
15.3200002282858,7.339
15.3600002288818,7.188
15.4000002294779,7.074
15.4400002300739,6.93
15.48000023067,6.753
15.520000231266,6.664
15.5600002318621,6.666
15.6000002324581,6.644
15.6400002330542,6.621
15.6800002336502,6.565
15.7200002342463,6.457
15.7600002348423,6.433
15.8000002354383,6.396
15.8400002360344,6.278
15.8800002366304,6.112
15.9200002372265,5.939
15.9600002378225,5.818
16.0000002384186,5.75
16.0400002390146,5.673
16.0800002396107,5.6
16.1200002402067,5.576
16.1600002408028,5.447
16.2000002413988,5.235
16.2400002419949,5.107
16.2800002425909,5.009
16.320000243187,4.948
16.360000243783,4.858
16.400000244379,4.712
16.4400002449751,4.599
16.4800002455711,4.466
16.5200002461672,4.343
16.5600002467632,4.221
16.6000002473593,4.087
16.6400002479553,3.992
16.6800002485514,3.922
16.7200002491474,3.849
16.7600002497435,3.757
16.8000002503395,3.71
16.8400002509356,3.651
16.8800002515316,3.581
16.9200002521276,3.56
16.9600002527237,3.501
17.0000002533197,3.454
17.0400002539158,3.452
17.0800002545118,3.411
17.1200002551079,3.344
17.1600002557039,3.208
17.2000002563,3.047
17.240000256896,2.915
17.2800002574921,2.799
17.3200002580881,2.747
17.3600002586842,2.709
17.4000002592802,2.643
17.4400002598763,2.588
17.4800002604723,2.532
17.5200002610683,2.459
17.5600002616644,2.434
17.6000002622604,2.364
17.6400002628565,2.275
17.6800002634525,2.2
17.7200002640486,2.168
17.7600002646446,2.139
17.8000002652407,2.059
17.8400002658367,1.971
17.8800002664328,1.884
17.9200002670288,1.791
17.9600002676249,1.731
18.0000002682209,1.684
18.0400002688169,1.649
18.080000269413,1.599
18.120000270009,1.547
18.1600002706051,1.522
18.2000002712011,1.518
18.2400002717972,1.486
18.2800002723932,1.402
18.3200002729893,1.374
18.3600002735853,1.422
18.4000002741814,1.4
18.4400002747774,1.355
18.4800002753735,1.358
18.5200002759695,1.38
18.5600002765656,1.376
18.6000002771616,1.373
18.6400002777576,1.332
18.6800002783537,1.306
18.7200002789497,1.284
18.7600002795458,1.232
18.8000002801418,1.189
18.8400002807379,1.145
18.8800002813339,1.149
18.92000028193,1.119
18.960000282526,1.104
19.0000002831221,1.147
19.0400002837181,1.135
19.0800002843142,1.059
19.1200002849102,1.008
19.1600002855062,0.93
19.2000002861023,0.908
19.2400002866983,0.878
19.2800002872944,0.811
19.3200002878904,0.817
19.3600002884865,0.776
19.4000002890825,0.711
19.4400002896786,0.71
19.4800002902746,0.712
19.5200002908707,0.742
19.5600002914667,0.724
19.6000002920628,0.692
19.6400002926588,0.759
19.6800002932549,0.745
19.7200002938509,0.682
19.7600002944469,0.656
19.800000295043,0.604
19.840000295639,0.618
19.8800002962351,0.66
19.9200002968311,0.663
19.9600002974272,0.677
20.0000002980232,0.689
20.0400002986193,0.627
20.0800002992153,0.531
20.1200002998114,0.546
20.1600003004074,0.688
20.2000003010035,0.676
20.2400003015995,0.586
20.2800003021955,0.62
20.3200003027916,0.634
20.3600003033876,0.571
20.4000003039837,0.561
20.4400003045797,0.6
20.4800003051758,0.584
20.5200003057718,0.512
20.5600003063679,0.454
20.6000003069639,0.448
20.64000030756,0.413
20.680000308156,0.388
20.7200003087521,0.372
20.7600003093481,0.336
20.8000003099441,0.373
20.8400003105402,0.414
20.8800003111362,0.414
20.9200003117323,0.369
20.9600003123283,0.368
21.0000003129244,0.39
21.0400003135204,0.381
21.0800003141165,0.365
21.1200003147125,0.353
21.1600003153086,0.393
21.2000003159046,0.416
21.2400003165007,0.438
21.2800003170967,0.497
21.3200003176928,0.543
21.3600003182888,0.545
21.4000003188848,0.508
21.4400003194809,0.503
21.4800003200769,0.515
21.520000320673,0.504
21.560000321269,0.517
21.6000003218651,0.504
21.6400003224611,0.526
21.6800003230572,0.585
21.7200003236532,0.542
21.7600003242493,0.485
21.8000003248453,0.436
21.8400003254414,0.382
21.8800003260374,0.4
21.9200003266334,0.405
21.9600003272295,0.376
22.0000003278255,0.35
22.0400003284216,0.331
22.0800003290176,0.376
22.1200003296137,0.418
22.1600003302097,0.397
22.2000003308058,0.327
22.2400003314018,0.254
22.2800003319979,0.259
22.3200003325939,0.256
22.36000033319,0.217
22.400000333786,0.227
22.4400003343821,0.24
22.4800003349781,0.211
22.5200003355741,0.225
22.5600003361702,0.3
22.6000003367662,0.377
22.6400003373623,0.362
22.6800003379583,0.333
22.7200003385544,0.36
22.7600003391504,0.381
22.8000003397465,0.357
22.8400003403425,0.381
22.8800003409386,0.416
22.9200003415346,0.38
22.9600003421307,0.344
23.0000003427267,0.36
23.0400003433228,0.297
23.0800003439188,0.219
23.1200003445148,0.207
23.1600003451109,0.242
23.2000003457069,0.259
23.240000346303,0.231
23.280000346899,0.229
23.3200003474951,0.274
23.3600003480911,0.276
23.4000003486872,0.269
23.4400003492832,0.26
23.4800003498793,0.307
23.5200003504753,0.324
23.5600003510714,0.276
23.6000003516674,0.297
23.6400003522635,0.275
23.6800003528595,0.245
23.7200003534555,0.269
23.7600003540516,0.282
23.8000003546476,0.301
23.8400003552437,0.267
23.8800003558397,0.238
23.9200003564358,0.239
23.9600003570318,0.222
24.0000003576279,0.192
24.0400003582239,0.15
24.08000035882,0.118
24.120000359416,0.108
24.1600003600121,0.139
24.2000003606081,0.154
24.2400003612041,0.227
24.2800003618002,0.265
24.3200003623962,0.296
24.3600003629923,0.278
24.4000003635883,0.227
24.4400003641844,0.214
24.4800003647804,0.186
24.5200003653765,0.177
24.5600003659725,0.209
24.6000003665686,0.261
24.6400003671646,0.244
24.6800003677607,0.194
24.7200003683567,0.131
24.7600003689528,0.115
24.8000003695488,0.116
24.8400003701448,0.113
24.8800003707409,0.15
24.9200003713369,0.204
24.960000371933,0.255
25.000000372529,0.242
25.0400003731251,0.181
25.0800003737211,0.163
25.1200003743172,0.174
25.1600003749132,0.211
25.2000003755093,0.248
25.2400003761053,0.326
25.2800003767014,0.372
25.3200003772974,0.352
25.3600003778934,0.364
25.4000003784895,0.409
25.4400003790855,0.39
25.4800003796816,0.358
25.5200003802776,0.378
25.5600003808737,0.389
25.6000003814697,0.391
25.6400003820658,0.369
25.6800003826618,0.314
25.7200003832579,0.22
25.7600003838539,0.199
25.80000038445,0.217
25.840000385046,0.155
25.8800003856421,0.079
25.9200003862381,0.078
25.9600003868341,0.146
26.0000003874302,0.235
26.0400003880262,0.275
26.0800003886223,0.25
26.1200003892183,0.189
26.1600003898144,0.128
26.2000003904104,0.106
26.2400003910065,0.101
26.2800003916025,0.167
26.3200003921986,0.176
26.3600003927946,0.127
26.4000003933907,0.091
26.4400003939867,0.057
26.4800003945827,0.079
26.5200003951788,0.091
26.5600003957748,0.08
26.6000003963709,0.132
26.6400003969669,0.237
26.680000397563,0.287
26.720000398159,0.271
26.7600003987551,0.284
26.8000003993511,0.312
26.8400003999472,0.322
26.8800004005432,0.303
26.9200004011393,0.271
26.9600004017353,0.273
27.0000004023314,0.303
27.0400004029274,0.319
27.0800004035234,0.334
27.1200004041195,0.295
27.1600004047155,0.219
27.2000004053116,0.169
27.2400004059076,0.123
27.2800004065037,0.048
27.3200004070997,0.051
27.3600004076958,0.047
27.4000004082918,0.011
27.4400004088879,0.082
27.4800004094839,0.109
27.52000041008,0.052
27.560000410676,0.011
27.600000411272,0.004
27.6400004118681,0.051
27.6800004124641,0.059
27.7200004130602,0.051
27.7600004136562,0.034
27.8000004142523,0.012
27.8400004148483,0.037
27.8800004154444,0.137
27.9200004160404,0.243
27.9600004166365,0.242
28.0000004172325,0.187
28.0400004178286,0.119
28.0800004184246,0.1
28.1200004190207,0.073
28.1600004196167,0.008
28.2000004202127,-0.034
28.2400004208088,-0.027
28.2800004214048,-0.021
28.3200004220009,-0.023
28.3600004225969,0.007
28.400000423193,0.03
28.440000423789,0.041
28.4800004243851,-0.009
28.5200004249811,-0.019
28.5600004255772,-0.04
28.6000004261732,-0.072
28.6400004267693,-0.076
28.6800004273653,-0.105
28.7200004279613,-0.098
28.7600004285574,-0.065
28.8000004291534,-0.083
28.8400004297495,-0.117
28.8800004303455,-0.141
28.9200004309416,-0.133
28.9600004315376,-0.13
29.0000004321337,-0.118
29.0400004327297,-0.091
29.0800004333258,-0.059
29.1200004339218,-0.034
29.1600004345179,-0.057
29.2000004351139,-0.06
29.24000043571,-0.062
29.280000436306,-0.042
29.320000436902,-0.039
29.3600004374981,-0.044
29.4000004380941,-0.08
29.4400004386902,-0.168
29.4800004392862,-0.163
29.5200004398823,-0.09
29.5600004404783,-0.076
29.6000004410744,-0.125
29.6400004416704,-0.075
29.6800004422665,-0.028
29.7200004428625,-0.007
29.7600004434586,0.004
29.8000004440546,-0.026
29.8400004446507,-0.002
29.8800004452467,-0.014
29.9200004458427,-0.067
29.9600004464388,-0.08
30.0000004470348,-0.041
30.0400004476309,0.0
30.0800004482269,0.009
30.120000448823,-0.024
30.160000449419,-0.064
30.2000004500151,-0.082
30.2400004506111,-0.07
30.2800004512072,-0.062
30.3200004518032,-0.147
30.3600004523993,-0.138
30.4000004529953,-0.027
30.4400004535913,-0.03
30.4800004541874,-0.061
30.5200004547834,-0.087
30.5600004553795,-0.131
30.6000004559755,-0.161
30.6400004565716,-0.188
30.6800004571676,-0.264
30.7200004577637,-0.275
30.7600004583597,-0.258
30.8000004589558,-0.212
30.8400004595518,-0.162
30.8800004601479,-0.227
30.9200004607439,-0.281
30.96000046134,-0.269
31.000000461936,-0.213
31.040000462532,-0.21
