time_min,absorb_mau
0.0,-0.025
0.0133333335320154,-0.038
0.0266666670640309,-0.041
0.0400000005960464,-0.059
0.0533333341280619,-0.067
0.0666666676600774,-0.072
0.0800000011920929,-0.049
0.0933333347241083,-0.004
0.1066666682561238,-0.01
0.1200000017881393,-0.126
0.1333333353201548,-0.032
0.1466666688521703,0.33
0.1600000023841858,0.913
0.1733333359162013,1.43
0.1866666694482167,1.863
0.2000000029802322,2.272
0.2133333365122477,2.565
0.2266666700442632,2.572
0.2400000035762786,2.113
0.2533333371082942,1.663
0.2666666706403096,1.265
0.2800000041723251,0.943
0.2933333377043406,0.714
0.3066666712363561,0.544
0.3200000047683716,0.424
0.3333333383003871,0.345
0.3466666718324026,0.285
0.360000005364418,0.23
0.3733333388964335,0.218
0.386666672428449,0.211
0.4000000059604645,0.213
0.4133333394924799,0.217
0.4266666730244954,0.216
0.4400000065565109,0.27
0.4533333400885264,0.339
0.4666666736205419,0.442
0.4800000071525573,0.602
0.4933333406845728,0.854
0.5066666742165884,1.265
0.5200000077486039,1.912
0.5333333412806193,2.765
0.5466666748126348,3.917
0.5600000083446502,5.514
0.5733333418766657,7.524
0.5866666754086812,10.071
0.6000000089406967,12.893
0.6133333424727122,16.144
0.6266666760047277,19.929
0.6400000095367432,24.002
0.6533333430687587,28.577
0.6666666766007742,33.185
0.6800000101327897,38.127
0.6933333436648051,43.688
0.7066666771968206,49.518
0.7200000107288361,55.501
0.7333333442608516,61.509
0.746666677792867,67.409
0.7600000113248825,72.994
0.773333344856898,78.336
0.7866666783889135,82.852
0.800000011920929,86.586
0.8133333454529444,89.425
0.8266666789849599,91.366
0.8400000125169754,92.532
0.8533333460489909,92.964
0.8666666795810064,92.736
0.8800000131130219,91.867
0.8933333466450374,90.426
0.9066666801770528,88.64
0.9200000137090684,86.573
0.933333347241084,84.273
0.9466666807730992,81.841
0.9600000143051148,79.279
0.9733333478371302,76.732
0.9866666813691456,74.248
1.0000000149011612,71.846
1.0133333484331768,69.578
1.0266666819651922,67.377
1.0400000154972078,65.243
1.0533333490292232,63.164
1.0666666825612383,61.15
1.080000016093254,59.03
1.0933333496252695,56.841
1.1066666831572851,54.598
1.1200000166893005,52.314
1.133333350221316,50.051
1.1466666837533317,47.684
1.160000017285347,45.315
1.1733333508173625,42.956
1.186666684349378,40.62
1.2000000178813934,38.395
1.213333351413409,36.199
1.2266666849454244,34.07
1.24000001847744,32.024
1.2533333520094554,30.068
1.266666685541471,28.271
1.2800000190734864,26.557
1.2933333526055018,24.913
1.3066666861375174,23.353
1.3200000196695327,21.902
1.3333333532015483,20.568
1.3466666867335635,19.281
1.360000020265579,18.058
1.3733333537975947,16.899
1.3866666873296103,15.832
1.4000000208616257,14.836
1.4133333543936413,13.879
1.4266666879256569,12.979
1.4400000214576725,12.141
1.4533333549896876,11.376
1.4666666885217032,10.656
1.4800000220537186,9.976
1.493333355585734,9.323
1.5066666891177496,8.702
1.520000022649765,8.151
1.5333333561817806,7.594
1.546666689713796,7.065
1.5600000232458116,6.575
1.573333356777827,6.124
1.5866666903098423,5.748
1.600000023841858,5.376
1.6133333573738735,5.03
1.626666690905889,4.717
1.6400000244379045,4.432
1.65333335796992,4.171
1.6666666915019357,3.927
1.6800000250339509,3.701
1.6933333585659665,3.487
1.7066666920979818,3.281
1.7200000256299972,3.106
1.7333333591620128,2.935
1.7466666926940282,2.765
1.7600000262260438,2.597
1.7733333597580592,2.455
1.7866666932900748,2.333
1.80000002682209,2.195
1.8133333603541055,2.058
1.826666693886121,1.933
1.8400000274181367,1.831
1.853333360950152,1.722
1.866666694482168,1.602
1.880000028014183,1.505
1.8933333615461987,1.439
1.906666695078214,1.368
1.9200000286102292,1.287
1.933333362142245,1.22
1.9466666956742604,1.163
1.960000029206276,1.101
1.9733333627382916,1.044
1.986666696270307,0.977
2.0000000298023224,0.918
2.013333363334338,0.868
2.0266666968663536,0.798
2.0400000303983687,0.769
2.0533333639303843,0.725
2.0666666974624,0.682
2.0800000309944155,0.646
2.0933333645264307,0.603
2.1066666980584463,0.596
2.120000031590462,0.565
2.133333365122477,0.535
2.1466666986544927,0.508
2.1600000321865083,0.458
2.173333365718524,0.442
2.186666699250539,0.411
2.200000032782554,0.38
2.2133333663145702,0.367
2.226666699846586,0.342
2.240000033378601,0.354
2.2533333669106166,0.357
2.266666700442632,0.348
2.280000033974648,0.344
2.293333367506663,0.345
2.3066667010386785,0.341
2.320000034570694,0.317
2.3333333681027097,0.283
2.346666701634725,0.258
2.3600000351667405,0.239
2.373333368698756,0.209
2.3866667022307717,0.187
2.400000035762787,0.18
2.4133333692948025,0.194
2.426666702826818,0.195
2.440000036358833,0.194
2.453333369890849,0.198
2.4666667034228644,0.204
2.48000003695488,0.191
2.493333370486895,0.167
2.506666704018911,0.156
2.5200000375509264,0.153
2.533333371082942,0.158
2.546666704614957,0.164
2.5600000381469727,0.152
2.5733333716789883,0.158
2.5866667052110035,0.167
2.600000038743019,0.16
2.6133333722750347,0.145
2.6266667058070503,0.13
2.640000039339065,0.125
2.653333372871081,0.125
2.6666667064030967,0.11
2.6800000399351123,0.108
2.6933333734671274,0.124
2.706666706999143,0.146
2.720000040531158,0.165
2.7333333740631742,0.175
2.7466667075951894,0.203
2.760000041127205,0.222
2.7733333746592206,0.234
2.786666708191236,0.236
2.800000041723252,0.227
2.813333375255267,0.241
2.8266667087872825,0.257
2.8400000423192977,0.265
2.8533333758513133,0.275
2.866666709383329,0.303
2.8800000429153445,0.307
2.89333337644736,0.306
2.9066667099793757,0.292
2.920000043511391,0.262
2.9333333770434065,0.26
2.9466667105754216,0.238
2.960000044107437,0.219
2.973333377639453,0.213
2.986666711171468,0.211
3.000000044703484,0.221
3.013333378235499,0.233
3.026666711767515,0.237
3.04000004529953,0.242
3.053333378831545,0.263
3.066666712363561,0.261
3.0800000458955767,0.257
3.093333379427592,0.248
3.1066667129596075,0.234
3.120000046491623,0.225
3.1333333800236387,0.197
3.146666713555654,0.181
3.160000047087669,0.177
3.173333380619685,0.18
3.1866667141517007,0.183
3.200000047683716,0.16
3.2133333812157314,0.161
3.226666714747747,0.168
3.240000048279762,0.161
3.253333381811778,0.15
3.2666667153437934,0.142
3.280000048875809,0.158
3.293333382407824,0.18
3.30666671593984,0.172
3.320000049471856,0.175
3.333333383003871,0.183
3.346666716535886,0.193
3.3600000500679017,0.195
3.3733333835999173,0.177
3.386666717131933,0.156
3.400000050663948,0.15
3.413333384195964,0.154
3.4266667177279797,0.159
3.4400000512599944,0.15
3.45333338479201,0.165
3.4666667183240256,0.191
3.480000051856041,0.216
3.4933333853880564,0.232
3.506666718920072,0.242
3.520000052452088,0.245
3.533333385984103,0.242
3.5466667195161183,0.243
3.560000053048134,0.252
3.573333386580149,0.251
3.586666720112165,0.231
3.6000000536441803,0.224
3.613333387176196,0.227
3.626666720708212,0.23
3.640000054240226,0.225
3.653333387772242,0.217
3.666666721304258,0.211
3.6800000548362735,0.204
3.6933333883682886,0.181
3.706666721900304,0.148
3.72000005543232,0.124
3.733333388964336,0.121
3.746666722496351,0.132
3.760000056028366,0.129
3.773333389560382,0.156
3.786666723092397,0.188
3.800000056624413,0.213
3.813333390156428,0.222
3.826666723688444,0.207
3.840000057220459,0.211
3.8533333907524745,0.205
3.86666672428449,0.188
3.8800000578165057,0.166
3.893333391348521,0.148
3.906666724880537,0.156
3.920000058412552,0.145
3.933333391944568,0.13
3.946666725476583,0.123
3.9600000590085984,0.128
3.973333392540614,0.12
3.9866667260726296,0.107
4.000000059604645,0.095
4.01333339313666,0.104
4.026666726668676,0.116
4.040000060200692,0.134
4.053333393732707,0.151
4.066666727264722,0.169
4.0800000607967375,0.181
4.093333394328753,0.181
4.106666727860769,0.17
4.120000061392784,0.154
4.1333333949248,0.14
4.146666728456816,0.147
4.160000061988831,0.129
4.173333395520846,0.133
4.186666729052861,0.145
4.200000062584877,0.154
4.213333396116893,0.154
4.226666729648908,0.16
4.240000063180924,0.17
4.253333396712939,0.184
4.266666730244954,0.195
4.28000006377697,0.214
4.293333397308985,0.241
4.306666730841001,0.251
4.3200000643730165,0.256
4.333333397905032,0.271
4.346666731437048,0.272
4.360000064969063,0.278
4.373333398501078,0.284
4.386666732033094,0.291
4.400000065565109,0.309
4.413333399097125,0.304
4.4266667326291405,0.304
4.440000066161156,0.307
4.453333399693172,0.312
4.466666733225186,0.32
4.480000066757202,0.343
4.493333400289218,0.349
4.506666733821233,0.377
4.520000067353249,0.421
4.533333400885264,0.431
4.54666673441728,0.444
4.560000067949296,0.436
4.57333340148131,0.434
4.586666735013326,0.453
4.6000000685453415,0.418
4.613333402077357,0.417
4.626666735609373,0.4
4.640000069141388,0.383
4.653333402673404,0.387
4.66666673620542,0.368
4.680000069737434,0.367
4.69333340326945,0.366
4.706666736801465,0.361
4.720000070333481,0.361
4.733333403865497,0.376
4.746666737397512,0.378
4.760000070929528,0.364
4.773333404461543,0.342
4.786666737993558,0.334
4.800000071525574,0.34
4.813333405057589,0.331
4.826666738589605,0.314
4.8400000721216205,0.307
4.853333405653636,0.318
4.866666739185652,0.329
4.880000072717666,0.337
4.893333406249682,0.333
4.906666739781698,0.322
4.920000073313713,0.345
4.933333406845729,0.342
4.9466667403777445,0.322
4.96000007390976,0.303
4.973333407441775,0.302
4.98666674097379,0.336
5.000000074505806,0.324
5.013333408037822,0.32
5.026666741569837,0.338
5.040000075101853,0.372
5.053333408633868,0.386
5.066666742165884,0.372
5.080000075697899,0.372
5.093333409229914,0.389
5.10666674276193,0.391
5.1200000762939455,0.379
5.133333409825961,0.374
5.146666743357977,0.37
5.160000076889992,0.361
5.173333410422007,0.327
5.186666743954023,0.297
5.200000077486038,0.271
5.213333411018054,0.243
5.226666744550069,0.207
5.240000078082085,0.188
5.253333411614101,0.184
5.266666745146116,0.191
5.280000078678131,0.206
5.2933334122101465,0.22
5.306666745742162,0.199
5.320000079274178,0.186
5.333333412806193,0.177
5.346666746338209,0.172
5.3600000798702245,0.164
5.373333413402239,0.148
5.386666746934255,0.179
5.4000000804662704,0.211
5.413333413998286,0.234
5.426666747530302,0.263
5.440000081062317,0.284
5.453333414594333,0.299
5.4666667481263485,0.306
5.480000081658363,0.308
5.493333415190379,0.33
5.506666748722394,0.327
5.52000008225441,0.322
5.533333415786426,0.325
5.546666749318441,0.332
5.560000082850457,0.317
5.573333416382472,0.306
5.586666749914487,0.299
5.600000083446503,0.288
5.613333416978518,0.271
5.626666750510534,0.244
5.6400000840425495,0.226
5.653333417574565,0.211
5.666666751106581,0.191
5.680000084638595,0.167
5.693333418170611,0.143
5.706666751702627,0.139
5.720000085234642,0.139
5.733333418766658,0.143
5.746666752298673,0.149
5.760000085830689,0.158
5.773333419362704,0.178
5.786666752894719,0.187
5.800000086426735,0.182
5.813333419958751,0.191
5.826666753490766,0.196
5.840000087022782,0.196
5.853333420554797,0.201
5.866666754086813,0.215
5.880000087618828,0.229
5.893333421150843,0.248
5.906666754682859,0.271
5.920000088214874,0.296
5.93333342174689,0.319
5.946666755278906,0.322
5.960000088810921,0.35
5.973333422342936,0.353
5.986666755874952,0.347
6.000000089406967,0.357
6.013333422938983,0.369
6.026666756470998,0.368
6.040000090003014,0.351
6.05333342353503,0.328
6.066666757067045,0.332
6.08000009059906,0.317
6.093333424131076,0.302
6.106666757663091,0.308
6.120000091195107,0.331
6.133333424727122,0.338
6.146666758259138,0.365
6.1600000917911535,0.394
6.173333425323168,0.413
6.186666758855184,0.423
6.200000092387199,0.42
6.213333425919215,0.422
6.226666759451231,0.411
6.240000092983246,0.385
6.253333426515262,0.354
6.266666760047277,0.337
6.280000093579292,0.312
6.293333427111308,0.311
6.306666760643323,0.323
6.320000094175339,0.328
6.3333334277073545,0.329
6.34666676123937,0.33
6.360000094771386,0.329
6.373333428303401,0.321
6.386666761835416,0.293
6.400000095367432,0.277
6.413333428899447,0.275
6.426666762431463,0.26
6.440000095963478,0.242
6.453333429495494,0.257
6.46666676302751,0.263
6.480000096559524,0.263
6.49333343009154,0.25
6.506666763623556,0.23
6.520000097155571,0.243
6.533333430687587,0.229
6.546666764219602,0.217
6.560000097751618,0.21
6.573333431283634,0.204
6.586666764815648,0.206
6.600000098347664,0.226
6.61333343187968,0.233
6.626666765411695,0.239
6.640000098943711,0.253
6.653333432475726,0.265
6.666666766007742,0.276
6.680000099539757,0.287
6.693333433071772,0.296
6.706666766603788,0.32
6.720000100135803,0.321
6.733333433667819,0.337
6.746666767199835,0.36
6.76000010073185,0.376
6.773333434263866,0.366
6.7866667677958805,0.339
6.800000101327896,0.333
6.813333434859912,0.323
6.826666768391927,0.304
6.840000101923943,0.3
6.853333435455959,0.289
6.866666768987974,0.306
6.880000102519989,0.324
6.893333436052004,0.326
6.90666676958402,0.348
6.920000103116036,0.35
6.933333436648051,0.362
6.946666770180067,0.375
6.960000103712082,0.371
6.973333437244098,0.377
6.986666770776113,0.373
7.000000104308128,0.362
7.013333437840144,0.342
7.02666677137216,0.315
7.040000104904175,0.298
7.053333438436191,0.28
7.066666771968206,0.275
7.080000105500221,0.277
7.093333439032237,0.274
7.106666772564252,0.288
7.120000106096268,0.289
7.133333439628284,0.295
7.146666773160299,0.306
7.160000106692315,0.297
7.17333344022433,0.306
7.186666773756345,0.312
7.200000107288361,0.315
7.213333440820376,0.319
7.226666774352392,0.309
7.240000107884407,0.312
7.253333441416423,0.312
7.266666774948439,0.313
7.280000108480453,0.322
7.293333442012469,0.342
7.306666775544484,0.356
7.3200001090765,0.37
7.333333442608516,0.374
7.346666776140531,0.364
7.360000109672547,0.34
7.373333443204562,0.325
7.386666776736577,0.317
7.400000110268593,0.312
7.413333443800608,0.293
7.426666777332624,0.297
7.44000011086464,0.316
7.453333444396655,0.324
7.466666777928671,0.318
7.480000111460685,0.32
7.493333444992701,0.312
7.506666778524717,0.321
7.520000112056732,0.338
7.533333445588748,0.352
7.546666779120764,0.371
7.560000112652779,0.358
7.573333446184795,0.369
7.5866667797168095,0.379
7.600000113248825,0.364
7.613333446780841,0.337
7.626666780312856,0.299
7.640000113844872,0.28
7.653333447376887,0.267
7.666666780908903,0.241
7.680000114440918,0.26
7.693333447972933,0.267
7.706666781504949,0.302
7.720000115036965,0.353
7.73333344856898,0.38
7.746666782100996,0.399
7.760000115633011,0.395
7.773333449165027,0.388
7.786666782697042,0.388
7.800000116229057,0.372
7.813333449761073,0.35
7.826666783293088,0.351
7.840000116825104,0.352
7.85333345035712,0.349
7.866666783889135,0.353
7.88000011742115,0.36
7.893333450953166,0.349
7.906666784485181,0.336
7.920000118017197,0.325
7.933333451549212,0.332
7.946666785081228,0.344
7.960000118613244,0.349
7.973333452145259,0.361
7.986666785677274,0.403
8.00000011920929,0.439
8.013333452741305,0.476
8.02666678627332,0.501
8.040000119805336,0.505
8.053333453337352,0.485
8.066666786869368,0.497
8.080000120401383,0.493
8.093333453933399,0.48
8.106666787465414,0.465
8.12000012099743,0.459
8.133333454529444,0.474
8.14666678806146,0.462
8.160000121593475,0.441
8.17333345512549,0.422
8.186666788657506,0.401
8.200000122189522,0.385
8.213333455721537,0.358
8.226666789253553,0.356
8.240000122785569,0.384
8.253333456317584,0.393
8.2666667898496,0.401
8.280000123381615,0.402
8.293333456913631,0.418
8.306666790445647,0.463
8.320000123977662,0.457
8.333333457509676,0.458
8.346666791041692,0.467
8.360000124573707,0.486
8.373333458105723,0.515
8.386666791637738,0.522
8.400000125169754,0.535
8.41333345870177,0.564
8.426666792233785,0.6
8.4400001257658,0.622
8.453333459297816,0.636
8.466666792829832,0.639
8.480000126361848,0.628
8.493333459893863,0.601
8.506666793425879,0.557
8.520000126957894,0.532
8.533333460489908,0.522
8.546666794021924,0.498
8.56000012755394,0.458
8.573333461085955,0.436
8.58666679461797,0.413
8.600000128149986,0.412
8.613333461682002,0.41
8.626666795214017,0.389
8.640000128746033,0.413
8.653333462278049,0.425
8.666666795810064,0.445
8.68000012934208,0.461
8.693333462874095,0.446
8.706666796406111,0.451
8.720000129938127,0.446
8.73333346347014,0.44
8.746666797002156,0.431
8.760000130534172,0.402
8.773333464066187,0.39
8.786666797598203,0.389
8.800000131130219,0.394
8.813333464662234,0.405
8.82666679819425,0.422
8.840000131726265,0.449
8.853333465258281,0.467
8.866666798790297,0.475
8.880000132322312,0.475
8.893333465854328,0.468
8.906666799386343,0.458
8.920000132918359,0.447
8.933333466450373,0.433
8.946666799982388,0.42
8.960000133514404,0.416
8.97333346704642,0.411
8.986666800578435,0.41
9.00000013411045,0.41
9.013333467642466,0.416
9.026666801174482,0.421
9.040000134706498,0.412
9.053333468238511,0.405
9.066666801770529,0.4
9.080000135302544,0.386
9.09333346883456,0.365
9.106666802366576,0.367
9.120000135898591,0.371
9.133333469430609,0.374
9.14666680296262,0.377
9.160000136494636,0.392
9.173333470026652,0.412
9.186666803558667,0.422
9.200000137090685,0.411
9.2133334706227,0.402
9.226666804154714,0.395
9.24000013768673,0.384
9.253333471218744,0.375
9.26666680475076,0.369
9.280000138282777,0.37
9.293333471814792,0.376
9.306666805346808,0.384
9.320000138878823,0.394
9.33333347241084,0.409
9.346666805942853,0.44
9.360000139474868,0.463
9.373333473006884,0.482
9.3866668065389,0.496
9.400000140070915,0.506
9.41333347360293,0.505
9.426666807134946,0.484
9.440000140666962,0.461
9.453333474198978,0.448
9.466666807730991,0.448
9.480000141263009,0.438
9.493333474795024,0.451
9.50666680832704,0.462
9.520000141859056,0.463
9.533333475391071,0.472
9.546666808923083,0.48
9.5600001424551,0.487
9.573333475987116,0.481
9.586666809519132,0.455
9.600000143051147,0.441
9.613333476583165,0.429
9.62666681011518,0.407
9.640000143647194,0.388
9.65333347717921,0.387
9.666666810711224,0.404
9.68000014424324,0.424
9.693333477775257,0.43
9.706666811307272,0.43
9.720000144839288,0.445
9.733333478371303,0.44
9.746666811903316,0.433
9.760000145435331,0.433
9.773333478967348,0.437
9.786666812499364,0.437
9.80000014603138,0.451
9.813333479563395,0.46
9.826666813095413,0.464
9.840000146627428,0.463
9.853333480159442,0.451
9.866666813691458,0.453
9.880000147223472,0.459
9.893333480755487,0.45
9.906666814287505,0.431
9.92000014781952,0.42
9.933333481351536,0.424
9.94666681488355,0.432
9.960000148415563,0.433
9.97333348194758,0.414
9.986666815479596,0.428
10.000000149011612,0.422
10.013333482543628,0.404
10.026666816075643,0.384
10.04000014960766,0.375
10.053333483139674,0.38
10.06666681667169,0.392
10.080000150203706,0.405
10.09333348373572,0.411
10.106666817267737,0.397
10.120000150799752,0.39
10.133333484331768,0.379
10.146666817863782,0.377
10.160000151395796,0.381
10.173333484927811,0.383
10.186666818459829,0.404
10.200000151991844,0.424
10.21333348552386,0.438
10.226666819055875,0.446
10.240000152587893,0.431
10.253333486119908,0.416
10.266666819651922,0.41
10.280000153183938,0.397
10.293333486715952,0.366
10.306666820247967,0.351
10.320000153779985,0.352
10.333333487312,0.362
10.346666820844014,0.373
10.36000015437603,0.373
10.373333487908043,0.415
10.38666682144006,0.453
10.400000154972076,0.471
10.413333488504092,0.474
10.426666822036108,0.482
10.440000155568123,0.517
10.45333348910014,0.524
10.466666822632154,0.519
10.48000015616417,0.51
10.493333489696186,0.518
10.5066668232282,0.508
10.520000156760217,0.495
10.533333490292232,0.483
10.546666823824246,0.473
10.560000157356262,0.459
10.573333490888276,0.457
10.586666824420291,0.47
10.600000157952309,0.478
10.613333491484324,0.467
10.62666682501634,0.464
10.640000158548355,0.478
10.653333492080373,0.487
10.666666825612388,0.487
10.680000159144402,0.485
10.693333492676418,0.486
10.706666826208432,0.503
10.720000159740447,0.517
10.733333493272465,0.523
10.746666826804478,0.532
10.760000160336494,0.525
10.77333349386851,0.522
10.786666827400524,0.513
10.80000016093254,0.496
10.813333494464556,0.484
10.826666827996572,0.463
10.840000161528588,0.455
10.853333495060603,0.453
10.86666682859262,0.456
10.880000162124634,0.465
10.89333349565665,0.457
10.906666829188666,0.453
10.92000016272068,0.45
10.933333496252695,0.446
10.94666682978471,0.468
10.960000163316726,0.47
10.973333496848742,0.471
10.986666830380758,0.477
