time_min,absorb_mau
0.0,0.0
0.0100000001490116,-0.002
0.0200000002980232,-0.001
0.0300000004470348,0.0
0.0400000005960465,-0.025
0.0500000007450581,-0.052
0.0600000008940697,-0.082
0.0700000010430813,-0.115
0.0800000011920929,-0.149
0.0900000013411045,-0.155
0.100000001490116,-0.166
0.110000001639128,-0.195
0.120000001788139,-0.222
0.130000001937151,-0.241
0.140000002086163,-0.25
0.150000002235174,-0.255
0.160000002384186,-0.243
0.170000002533197,-0.243
0.180000002682209,-0.259
0.190000002831221,-0.27
0.200000002980232,-0.279
0.210000003129244,-0.28
0.220000003278255,-0.282
0.230000003427267,-0.287
0.240000003576279,-0.297
0.25000000372529,-0.309
0.260000003874302,-0.316
0.270000004023314,-0.326
0.280000004172325,-0.335
0.290000004321337,-0.329
0.300000004470348,-0.318
0.31000000461936,-0.322
0.320000004768372,-0.33
0.330000004917383,-0.348
0.340000005066395,-0.346
0.350000005215406,-0.337
0.360000005364418,-0.31
0.37000000551343,-0.29
0.380000005662441,-0.285
0.390000005811453,-0.269
0.400000005960465,-0.245
0.410000006109476,-0.208
0.420000006258488,-0.178
0.430000006407499,-0.175
0.440000006556511,-0.17
0.450000006705523,-0.165
0.460000006854534,-0.168
0.470000007003546,-0.168
0.480000007152557,-0.164
0.490000007301569,-0.159
0.500000007450581,-0.155
0.510000007599592,-0.155
0.520000007748604,-0.155
0.530000007897615,-0.16
0.540000008046627,-0.161
0.550000008195639,-0.154
0.56000000834465,-0.115
0.570000008493662,-0.075
0.580000008642674,-0.053
0.590000008791685,-0.036
0.600000008940697,-0.021
0.610000009089708,0.001
0.62000000923872,0.026
0.630000009387732,0.066
0.640000009536743,0.102
0.650000009685755,0.119
0.660000009834766,0.164
0.670000009983778,0.218
0.68000001013279,0.314
0.690000010281801,0.431
0.700000010430813,0.568
0.710000010579824,0.75
0.720000010728836,0.943
0.730000010877848,1.217
0.740000011026859,1.52
0.750000011175871,1.882
0.760000011324882,2.304
0.770000011473894,2.79
0.780000011622906,3.377
0.790000011771917,4.001
0.800000011920929,4.663
0.810000012069941,5.475
0.820000012218952,6.31
0.830000012367964,7.302
0.840000012516975,8.301
0.850000012665987,9.459
0.860000012814999,10.644
0.87000001296401,11.961
0.880000013113022,13.374
0.890000013262033,14.834
0.900000013411045,16.298
0.910000013560057,17.944
0.920000013709068,19.551
0.93000001385808,21.265
0.940000014007092,22.948
0.950000014156103,24.754
0.960000014305115,26.493
0.970000014454126,28.331
0.980000014603138,30.204
0.99000001475215,32.087
1.00000001490116,33.892
1.01000001505017,35.868
1.02000001519918,37.761
1.0300000153482,39.706
1.04000001549721,41.553
1.05000001564622,43.567
1.06000001579523,45.513
1.07000001594424,47.379
1.08000001609325,49.314
1.09000001624227,51.217
1.10000001639128,53.18
1.11000001654029,55.139
1.1200000166893,56.975
1.13000001683831,58.978
1.14000001698732,60.874
1.15000001713634,62.826
1.16000001728535,64.763
1.17000001743436,66.588
1.18000001758337,68.357
1.19000001773238,70.162
1.20000001788139,71.938
1.21000001803041,73.703
1.22000001817942,75.342
1.23000001832843,77.099
1.24000001847744,78.723
1.25000001862645,80.354
1.26000001877546,81.916
1.27000001892447,83.497
1.28000001907349,84.961
1.2900000192225,86.416
1.30000001937151,87.815
1.31000001952052,89.194
1.32000001966953,90.431
1.33000001981854,91.745
1.34000001996756,92.928
1.35000002011657,94.055
1.36000002026558,95.13
1.37000002041459,96.117
1.3800000205636,97.081
1.39000002071261,97.953
1.40000002086163,98.786
1.41000002101064,99.566
1.42000002115965,100.274
1.43000002130866,100.955
1.44000002145767,101.565
1.45000002160668,102.143
1.4600000217557,102.679
1.47000002190471,103.121
1.48000002205372,103.531
1.49000002220273,103.844
1.50000002235174,104.125
1.51000002250075,104.364
1.52000002264977,104.545
1.53000002279878,104.708
1.54000002294779,104.833
1.5500000230968,104.912
1.56000002324581,104.946
1.57000002339482,104.943
1.58000002354383,104.915
1.59000002369285,104.802
1.60000002384186,104.656
1.61000002399087,104.474
1.62000002413988,104.207
1.63000002428889,103.908
1.6400000244379,103.594
1.65000002458692,103.235
1.66000002473593,102.825
1.67000002488494,102.373
1.68000002503395,101.91
1.69000002518296,101.397
1.70000002533197,100.862
1.71000002548099,100.313
1.72000002563,99.714
1.73000002577901,99.107
1.74000002592802,98.519
1.75000002607703,97.916
1.76000002622604,97.305
1.77000002637506,96.638
1.78000002652407,95.963
1.79000002667308,95.279
1.80000002682209,94.58
1.8100000269711,93.872
1.82000002712011,93.116
1.83000002726913,92.347
1.84000002741814,91.545
1.85000002756715,90.74
1.86000002771616,89.974
1.87000002786517,89.172
1.88000002801418,88.368
1.89000002816319,87.577
1.90000002831221,86.792
1.91000002846122,86.015
1.92000002861023,85.225
1.93000002875924,84.435
1.94000002890825,83.685
1.95000002905726,82.968
1.96000002920628,82.265
1.97000002935529,81.544
1.9800000295043,80.813
1.99000002965331,80.108
2.00000002980232,79.437
2.01000002995133,78.78
2.02000003010035,78.109
2.03000003024936,77.418
2.04000003039837,76.737
2.05000003054738,76.089
2.06000003069639,75.402
2.0700000308454,74.722
2.08000003099442,74.043
2.09000003114343,73.33
2.10000003129244,72.647
2.11000003144145,71.924
2.12000003159046,71.236
2.13000003173947,70.605
2.14000003188848,69.908
2.1500000320375,69.245
2.16000003218651,68.582
2.17000003233552,67.916
2.18000003248453,67.272
2.19000003263354,66.61
2.20000003278255,65.961
2.21000003293157,65.28
2.22000003308058,64.592
2.23000003322959,63.926
2.2400000333786,63.255
2.25000003352761,62.609
2.26000003367662,61.963
2.27000003382564,61.323
2.28000003397465,60.685
2.29000003412366,60.045
2.30000003427267,59.429
2.31000003442168,58.791
2.32000003457069,58.154
2.33000003471971,57.517
2.34000003486872,56.867
2.35000003501773,56.235
2.36000003516674,55.586
2.37000003531575,54.94
2.38000003546476,54.271
2.39000003561378,53.604
2.40000003576279,52.977
2.4100000359118,52.337
2.42000003606081,51.706
2.43000003620982,51.04
2.44000003635883,50.377
2.45000003650784,49.744
2.46000003665686,49.102
2.47000003680587,48.48
2.48000003695488,47.801
2.49000003710389,47.123
2.5000000372529,46.468
2.51000003740191,45.812
2.52000003755093,45.186
2.53000003769994,44.537
2.54000003784895,43.876
2.55000003799796,43.21
2.56000003814697,42.546
2.57000003829598,41.916
2.580000038445,41.263
2.59000003859401,40.606
2.60000003874302,39.97
2.61000003889203,39.331
2.62000003904104,38.719
2.63000003919005,38.124
2.64000003933907,37.539
2.65000003948808,36.967
2.66000003963709,36.385
2.6700000397861,35.824
2.68000003993511,35.267
2.69000004008412,34.719
2.70000004023314,34.153
2.71000004038215,33.579
2.72000004053116,33.027
2.73000004068017,32.458
2.74000004082918,31.899
2.75000004097819,31.359
2.7600000411272,30.815
2.77000004127622,30.282
2.78000004142523,29.754
2.79000004157424,29.249
2.80000004172325,28.733
2.81000004187226,28.225
2.82000004202127,27.75
2.83000004217029,27.254
2.8400000423193,26.763
2.85000004246831,26.276
2.86000004261732,25.786
2.87000004276633,25.297
2.88000004291534,24.812
2.89000004306436,24.35
2.90000004321337,23.877
2.91000004336238,23.406
2.92000004351139,22.966
2.9300000436604,22.52
2.94000004380941,22.087
2.95000004395843,21.651
2.96000004410744,21.219
2.97000004425645,20.785
2.98000004440546,20.355
2.99000004455447,19.951
3.00000004470348,19.538
3.0100000448525,19.13
3.02000004500151,18.742
3.03000004515052,18.356
3.04000004529953,18.0
3.05000004544854,17.648
3.06000004559755,17.309
3.07000004574656,16.985
3.08000004589558,16.655
3.09000004604459,16.332
3.1000000461936,16.007
3.11000004634261,15.691
3.12000004649162,15.362
3.13000004664063,15.037
3.14000004678965,14.73
3.15000004693866,14.399
3.16000004708767,14.062
3.17000004723668,13.75
3.18000004738569,13.442
3.1900000475347,13.134
3.20000004768372,12.828
3.21000004783273,12.538
3.22000004798174,12.233
3.23000004813075,11.931
3.24000004827976,11.659
3.25000004842877,11.384
3.26000004857779,11.105
3.2700000487268,10.847
3.28000004887581,10.581
3.29000004902482,10.336
3.30000004917383,10.094
3.31000004932284,9.872
3.32000004947186,9.625
3.33000004962087,9.39
3.34000004976988,9.145
3.35000004991889,8.91
3.3600000500679,8.691
3.37000005021691,8.487
3.38000005036592,8.28
3.39000005051494,8.061
3.40000005066395,7.845
3.41000005081296,7.639
3.42000005096197,7.467
3.43000005111098,7.316
3.44000005125999,7.12
3.45000005140901,6.926
3.46000005155802,6.731
3.47000005170703,6.54
3.48000005185604,6.358
3.49000005200505,6.183
3.50000005215406,6.009
3.51000005230308,5.841
3.52000005245209,5.663
3.5300000526011,5.502
3.54000005275011,5.384
3.55000005289912,5.27
3.56000005304813,5.168
3.57000005319715,5.069
3.58000005334616,4.969
3.59000005349517,4.872
3.60000005364418,4.775
3.61000005379319,4.703
3.6200000539422,4.618
3.63000005409122,4.531
3.64000005424023,4.433
3.65000005438924,4.338
3.66000005453825,4.242
3.67000005468726,4.147
3.68000005483627,4.044
3.69000005498528,3.947
3.7000000551343,3.854
3.71000005528331,3.757
3.72000005543232,3.668
3.73000005558133,3.611
3.74000005573034,3.534
3.75000005587935,3.456
3.76000005602837,3.395
3.77000005617738,3.337
3.78000005632639,3.282
3.7900000564754,3.235
3.80000005662441,3.192
3.81000005677342,3.123
3.82000005692244,3.057
3.83000005707145,3.013
3.84000005722046,2.957
3.85000005736947,2.898
3.86000005751848,2.821
3.87000005766749,2.755
3.88000005781651,2.707
3.89000005796552,2.663
3.90000005811453,2.621
3.91000005826354,2.59
3.92000005841255,2.565
3.93000005856156,2.549
3.94000005871057,2.534
3.95000005885959,2.526
3.9600000590086,2.49
3.97000005915761,2.445
3.98000005930662,2.395
3.99000005945563,2.357
4.00000005960465,2.329
4.01000005975366,2.294
4.02000005990267,2.257
4.03000006005168,2.236
4.04000006020069,2.216
4.0500000603497,2.2
4.06000006049872,2.189
4.07000006064773,2.179
4.08000006079674,2.136
4.09000006094575,2.092
4.10000006109476,2.051
4.11000006124377,1.997
4.12000006139278,1.938
4.1300000615418,1.882
4.14000006169081,1.829
4.15000006183982,1.784
4.16000006198883,1.745
4.17000006213784,1.713
4.18000006228685,1.69
4.19000006243587,1.671
4.20000006258488,1.662
4.21000006273389,1.636
4.2200000628829,1.597
4.23000006303191,1.567
4.24000006318092,1.541
4.25000006332994,1.533
4.26000006347895,1.514
4.27000006362796,1.487
4.28000006377697,1.467
4.29000006392598,1.449
4.30000006407499,1.445
4.31000006422401,1.432
4.32000006437302,1.407
4.33000006452203,1.375
4.34000006467104,1.342
4.35000006482005,1.336
4.36000006496906,1.334
4.37000006511807,1.339
4.38000006526709,1.344
4.3900000654161,1.354
4.40000006556511,1.362
4.41000006571412,1.362
4.42000006586313,1.347
4.43000006601214,1.332
4.44000006616116,1.317
4.45000006631017,1.299
4.46000006645918,1.281
4.47000006660819,1.268
4.4800000667572,1.26
4.49000006690621,1.257
4.50000006705523,1.251
4.51000006720424,1.246
4.52000006735325,1.236
4.53000006750226,1.215
4.54000006765127,1.186
4.55000006780028,1.168
4.5600000679493,1.15
4.57000006809831,1.129
4.58000006824732,1.11
4.59000006839633,1.098
4.60000006854534,1.089
4.61000006869435,1.082
4.62000006884337,1.085
4.63000006899238,1.084
4.64000006914139,1.078
4.6500000692904,1.091
4.66000006943941,1.111
4.67000006958842,1.143
4.68000006973743,1.17
4.69000006988645,1.188
4.70000007003546,1.199
4.71000007018447,1.211
4.72000007033348,1.246
4.73000007048249,1.264
4.7400000706315,1.253
4.75000007078052,1.243
4.76000007092953,1.234
4.77000007107854,1.237
4.78000007122755,1.237
4.79000007137656,1.235
4.80000007152557,1.211
4.81000007167459,1.177
4.8200000718236,1.164
4.83000007197261,1.159
4.84000007212162,1.164
4.85000007227063,1.164
4.86000007241964,1.161
4.87000007256866,1.162
4.88000007271767,1.159
4.89000007286668,1.146
4.90000007301569,1.134
4.9100000731647,1.123
4.92000007331371,1.092
4.93000007346272,1.063
4.94000007361174,1.051
4.95000007376075,1.032
4.96000007390976,1.008
4.97000007405877,1.013
4.98000007420778,1.022
4.9900000743568,1.018
5.00000007450581,1.025
5.01000007465482,1.042
5.02000007480383,1.042
5.03000007495284,1.037
5.04000007510185,1.045
5.05000007525086,1.046
5.06000007539988,1.035
5.07000007554889,1.024
5.0800000756979,1.018
5.09000007584691,1.009
5.10000007599592,1.004
5.11000007614493,1.005
5.12000007629395,1.0
5.13000007644296,0.994
5.14000007659197,0.977
5.15000007674098,0.965
5.16000007688999,0.966
5.170000077039,0.963
5.18000007718802,0.957
5.19000007733703,0.945
5.20000007748604,0.929
5.21000007763505,0.909
5.22000007778406,0.896
5.23000007793307,0.889
5.24000007808209,0.878
5.2500000782311,0.863
5.26000007838011,0.844
5.27000007852912,0.825
5.28000007867813,0.809
5.29000007882714,0.802
5.30000007897615,0.794
5.31000007912517,0.782
5.32000007927418,0.774
5.33000007942319,0.771
5.3400000795722,0.75
5.35000007972121,0.727
5.36000007987022,0.698
5.37000008001924,0.679
5.38000008016825,0.67
5.39000008031726,0.669
5.40000008046627,0.671
5.41000008061528,0.658
5.42000008076429,0.653
5.43000008091331,0.664
5.44000008106232,0.671
5.45000008121133,0.676
5.46000008136034,0.69
5.47000008150935,0.696
5.48000008165836,0.692
5.49000008180738,0.684
5.50000008195639,0.676
5.5100000821054,0.655
5.52000008225441,0.64
5.53000008240342,0.634
5.54000008255243,0.62
5.55000008270144,0.598
5.56000008285046,0.584
5.57000008299947,0.572
5.58000008314848,0.555
5.59000008329749,0.546
5.6000000834465,0.545
5.61000008359552,0.539
5.62000008374453,0.535
5.63000008389354,0.536
5.64000008404255,0.528
5.65000008419156,0.512
5.66000008434057,0.505
5.67000008448958,0.501
5.6800000846386,0.499
5.69000008478761,0.495
5.70000008493662,0.488
5.71000008508563,0.467
5.72000008523464,0.442
5.73000008538365,0.436
5.74000008553267,0.436
5.75000008568168,0.443
5.76000008583069,0.43
5.7700000859797,0.408
5.78000008612871,0.4
5.79000008627772,0.397
5.80000008642674,0.404
5.81000008657575,0.41
5.82000008672476,0.416
5.83000008687377,0.402
5.84000008702278,0.398
5.85000008717179,0.424
5.86000008732081,0.427
5.87000008746982,0.416
5.88000008761883,0.415
5.89000008776784,0.415
5.90000008791685,0.419
5.91000008806586,0.429
5.92000008821487,0.443
5.93000008836389,0.45
5.9400000885129,0.456
5.95000008866191,0.479
5.96000008881092,0.486
5.97000008895993,0.476
5.98000008910894,0.466
5.99000008925796,0.453
6.00000008940697,0.429
6.01000008955598,0.415
6.02000008970499,0.407
6.030000089854,0.389
6.04000009000301,0.376
6.05000009015203,0.388
6.06000009030104,0.389
6.07000009045005,0.374
6.08000009059906,0.378
6.09000009074807,0.389
6.10000009089708,0.399
6.1100000910461,0.409
6.12000009119511,0.426
6.13000009134412,0.427
6.14000009149313,0.422
6.15000009164214,0.442
6.16000009179115,0.46
6.17000009194017,0.467
6.18000009208918,0.472
6.19000009223819,0.471
6.2000000923872,0.472
6.21000009253621,0.477
6.22000009268522,0.485
6.23000009283423,0.487
6.24000009298325,0.484
6.25000009313226,0.498
6.26000009328127,0.505
6.27000009343028,0.49
6.28000009357929,0.485
6.2900000937283,0.489
6.30000009387732,0.48
6.31000009402633,0.472
6.32000009417534,0.483
6.33000009432435,0.481
6.34000009447336,0.466
6.35000009462237,0.466
6.36000009477139,0.471
6.3700000949204,0.469
6.38000009506941,0.467
6.39000009521842,0.467
6.40000009536743,0.461
6.41000009551644,0.454
6.42000009566546,0.452
6.43000009581447,0.446
6.44000009596348,0.433
6.45000009611249,0.406
6.4600000962615,0.374
6.47000009641051,0.343
6.48000009655952,0.319
6.49000009670854,0.298
6.50000009685755,0.281
6.51000009700656,0.267
6.52000009715557,0.274
6.53000009730458,0.279
6.54000009745359,0.285
6.55000009760261,0.297
6.56000009775162,0.314
6.57000009790063,0.335
6.58000009804964,0.355
6.59000009819865,0.38
6.60000009834766,0.387
6.61000009849668,0.38
6.62000009864569,0.401
6.6300000987947,0.423
6.64000009894371,0.435
6.65000009909272,0.441
6.66000009924173,0.438
6.67000009939075,0.432
6.68000009953976,0.429
6.69000009968877,0.45
6.70000009983778,0.457
6.71000009998679,0.447
6.7200001001358,0.446
6.73000010028481,0.448
6.74000010043383,0.453
6.75000010058284,0.462
6.76000010073185,0.473
6.77000010088086,0.466
6.78000010102987,0.455
6.79000010117889,0.476
6.8000001013279,0.505
6.81000010147691,0.549
6.82000010162592,0.569
6.83000010177493,0.581
6.84000010192394,0.572
6.85000010207295,0.567
6.86000010222197,0.572
6.87000010237098,0.578
6.88000010251999,0.581
6.890000102669,0.538
6.90000010281801,0.506
6.91000010296702,0.503
6.92000010311604,0.5
6.93000010326505,0.497
6.94000010341406,0.508
6.95000010356307,0.516
6.96000010371208,0.504
6.97000010386109,0.498
6.98000010401011,0.501
6.99000010415912,0.487
7.00000010430813,0.474
7.01000010445714,0.488
7.02000010460615,0.49
7.03000010475516,0.479
7.04000010490418,0.461
7.05000010505319,0.443
7.0600001052022,0.422
7.07000010535121,0.401
7.08000010550022,0.38
7.09000010564923,0.356
7.10000010579824,0.329
7.11000010594726,0.313
7.12000010609627,0.296
7.13000010624528,0.282
7.14000010639429,0.267
7.1500001065433,0.255
7.16000010669232,0.261
7.17000010684133,0.264
7.18000010699034,0.259
7.19000010713935,0.255
7.20000010728836,0.25
7.21000010743737,0.256
7.22000010758638,0.26
7.2300001077354,0.257
7.24000010788441,0.257
7.25000010803342,0.256
7.26000010818243,0.249
7.27000010833144,0.247
7.28000010848045,0.247
7.29000010862947,0.246
7.30000010877848,0.244
7.31000010892749,0.256
7.3200001090765,0.271
7.33000010922551,0.256
7.34000010937452,0.257
7.35000010952354,0.268
7.36000010967255,0.269
7.37000010982156,0.264
7.38000010997057,0.245
7.39000011011958,0.233
7.40000011026859,0.227
7.41000011041761,0.236
7.42000011056662,0.247
7.43000011071563,0.226
7.44000011086464,0.209
7.45000011101365,0.198
7.46000011116266,0.201
7.47000011131167,0.209
7.48000011146069,0.212
7.4900001116097,0.215
7.50000011175871,0.216
7.51000011190772,0.233
7.52000011205673,0.257
7.53000011220574,0.262
7.54000011235476,0.271
7.55000011250377,0.288
7.56000011265278,0.29
7.57000011280179,0.284
7.5800001129508,0.278
7.59000011309981,0.274
7.60000011324883,0.267
7.61000011339784,0.276
7.62000011354685,0.295
7.63000011369586,0.3
7.64000011384487,0.305
7.65000011399388,0.318
7.6600001141429,0.331
7.67000011429191,0.341
7.68000011444092,0.333
7.69000011458993,0.321
7.70000011473894,0.307
7.71000011488795,0.291
7.72000011503696,0.277
7.73000011518598,0.275
7.74000011533499,0.275
7.750000115484,0.269
7.76000011563301,0.277
7.77000011578202,0.302
7.78000011593103,0.31
7.79000011608005,0.31
7.80000011622906,0.303
7.81000011637807,0.287
7.82000011652708,0.26
7.83000011667609,0.238
7.8400001168251,0.216
7.85000011697412,0.181
7.86000011712313,0.149
7.87000011727214,0.128
7.88000011742115,0.126
7.89000011757016,0.133
7.90000011771917,0.139
7.91000011786819,0.147
7.9200001180172,0.154
7.93000011816621,0.154
7.94000011831522,0.151
7.95000011846423,0.153
7.96000011861324,0.152
7.97000011876226,0.139
7.98000011891127,0.127
7.99000011906028,0.118
8.00000011920929,0.114
8.0100001193583,0.118
8.02000011950731,0.141
8.03000011965633,0.15
8.04000011980534,0.145
8.05000011995435,0.148
8.06000012010336,0.152
8.07000012025237,0.159
8.08000012040138,0.167
8.09000012055039,0.173
8.10000012069941,0.174
8.11000012084842,0.17
8.12000012099743,0.172
8.13000012114644,0.175
8.14000012129545,0.176
8.15000012144446,0.18
8.16000012159348,0.185
8.17000012174249,0.194
8.1800001218915,0.203
8.19000012204051,0.208
8.20000012218952,0.208
8.21000012233853,0.208
8.22000012248755,0.21
8.23000012263656,0.21
8.24000012278557,0.211
8.25000012293458,0.225
8.26000012308359,0.244
8.2700001232326,0.237
8.28000012338162,0.236
8.29000012353063,0.263
8.30000012367964,0.276
8.31000012382865,0.279
8.32000012397766,0.28
8.33000012412667,0.279
8.34000012427569,0.255
8.3500001244247,0.244
8.36000012457371,0.247
8.37000012472272,0.24
8.38000012487173,0.229
8.39000012502074,0.237
8.40000012516975,0.242
8.41000012531877,0.245
8.42000012546778,0.245
8.43000012561679,0.245
8.4400001257658,0.236
8.45000012591481,0.237
8.46000012606382,0.247
8.47000012621284,0.247
8.48000012636185,0.245
8.49000012651086,0.238
8.50000012665987,0.238
8.51000012680888,0.243
8.52000012695789,0.245
8.53000012710691,0.245
8.54000012725592,0.236
8.55000012740493,0.227
8.56000012755394,0.228
8.57000012770295,0.239
8.58000012785196,0.254
8.59000012800098,0.256
8.60000012814999,0.258
8.610000128299,0.264
8.62000012844801,0.267
8.63000012859702,0.267
8.64000012874603,0.275
8.65000012889504,0.281
8.66000012904406,0.28
8.67000012919307,0.282
8.68000012934208,0.289
8.69000012949109,0.29
8.7000001296401,0.293
8.71000012978911,0.292
8.72000012993813,0.292
8.73000013008714,0.289
8.74000013023615,0.293
8.75000013038516,0.298
8.76000013053417,0.298
8.77000013068319,0.293
8.7800001308322,0.284
8.79000013098121,0.294
8.80000013113022,0.306
8.81000013127923,0.293
8.82000013142824,0.275
8.83000013157725,0.251
8.84000013172627,0.218
8.85000013187528,0.187
8.86000013202429,0.197
8.8700001321733,0.192
8.88000013232231,0.153
8.89000013247132,0.129
8.90000013262033,0.116
8.91000013276935,0.122
8.92000013291836,0.122
8.93000013306737,0.113
8.94000013321638,0.1
8.95000013336539,0.079
8.9600001335144,0.072
8.97000013366342,0.069
8.98000013381243,0.068
8.99000013396144,0.055
9.00000013411045,0.028
9.01000013425946,0.039
9.02000013440848,0.055
9.03000013455749,0.064
9.0400001347065,0.073
9.05000013485551,0.085
9.06000013500452,0.096
9.07000013515353,0.11
9.08000013530254,0.143
9.09000013545156,0.164
9.10000013560057,0.174
9.11000013574958,0.174
9.12000013589859,0.174
9.1300001360476,0.186
9.14000013619661,0.205
9.15000013634563,0.228
9.16000013649464,0.228
9.17000013664365,0.223
9.18000013679266,0.228
9.19000013694167,0.227
9.20000013709068,0.218
9.21000013723969,0.212
9.22000013738871,0.205
9.23000013753772,0.191
9.24000013768673,0.173
9.25000013783574,0.159
9.26000013798475,0.152
9.27000013813377,0.146
9.28000013828278,0.144
9.29000013843179,0.146
9.3000001385808,0.142
9.31000013872981,0.132
9.32000013887882,0.116
9.33000013902783,0.122
9.34000013917685,0.132
9.35000013932586,0.138
9.36000013947487,0.139
9.37000013962388,0.138
9.38000013977289,0.15
9.3900001399219,0.161
9.40000014007092,0.174
9.41000014021993,0.184
9.42000014036894,0.191
9.43000014051795,0.174
9.44000014066696,0.154
9.45000014081597,0.15
9.46000014096498,0.147
9.470000141114,0.138
9.48000014126301,0.123
9.49000014141202,0.108
9.50000014156103,0.09
9.51000014171004,0.083
9.52000014185906,0.096
9.53000014200807,0.105
9.54000014215708,0.112
9.55000014230609,0.108
9.5600001424551,0.106
9.57000014260411,0.113
9.58000014275313,0.131
9.59000014290214,0.152
9.60000014305115,0.159
9.61000014320016,0.166
9.62000014334917,0.176
9.63000014349818,0.182
9.64000014364719,0.186
9.65000014379621,0.183
9.66000014394522,0.18
9.67000014409423,0.174
9.68000014424324,0.168
9.69000014439225,0.164
9.70000014454126,0.157
9.71000014469028,0.151
9.72000014483929,0.154
9.7300001449883,0.149
9.74000014513731,0.141
9.75000014528632,0.13
9.76000014543533,0.12
9.77000014558435,0.116
9.78000014573336,0.11
9.79000014588237,0.101
9.80000014603138,0.092
9.81000014618039,0.083
9.8200001463294,0.091
9.83000014647842,0.099
9.84000014662743,0.107
9.85000014677644,0.107
9.86000014692545,0.1
9.87000014707446,0.096
9.88000014722347,0.094
9.89000014737248,0.097
9.9000001475215,0.095
9.91000014767051,0.09
9.92000014781952,0.064
9.93000014796853,0.044
9.94000014811754,0.032
9.95000014826655,0.023
9.96000014841557,0.017
9.97000014856458,0.003
9.98000014871359,-0.014
9.9900001488626,-0.031
10.0000001490116,-0.021
10.0100001491606,0.005
10.0200001493096,0.001
10.0300001494586,-0.005
10.0400001496077,-0.007
10.0500001497567,-0.007
10.0600001499057,-0.007
10.0700001500547,-0.009
10.0800001502037,-0.007
10.0900001503527,-0.004
10.1000001505017,-0.005
10.1100001506507,-0.004
10.1200001507998,0.0
10.1300001509488,0.006
10.1400001510978,0.01
10.1500001512468,0.017
10.1600001513958,0.028
10.1700001515448,0.019
10.1800001516938,0.002
10.1900001518428,0.011
10.2000001519918,0.023
10.2100001521409,0.042
10.2200001522899,0.051
10.2300001524389,0.056
10.2400001525879,0.058
10.2500001527369,0.065
10.2600001528859,0.078
10.2700001530349,0.097
10.2800001531839,0.118
10.290000153333,0.135
10.300000153482,0.14
10.310000153631,0.131
10.32000015378,0.136
10.330000153929,0.15
10.340000154078,0.167
10.350000154227,0.174
10.360000154376,0.158
10.370000154525,0.146
10.3800001546741,0.135
10.3900001548231,0.138
10.4000001549721,0.151
10.4100001551211,0.174
10.4200001552701,0.183
10.4300001554191,0.181
10.4400001555681,0.195
10.4500001557171,0.208
10.4600001558661,0.193
10.4700001560152,0.183
10.4800001561642,0.181
10.4900001563132,0.149
10.5000001564622,0.111
10.5100001566112,0.109
10.5200001567602,0.105
10.5300001569092,0.099
10.5400001570582,0.1
10.5500001572073,0.105
10.5600001573563,0.096
10.5700001575053,0.094
10.5800001576543,0.107
10.5900001578033,0.119
10.6000001579523,0.126
10.6100001581013,0.117
10.6200001582503,0.113
10.6300001583993,0.118
10.6400001585484,0.134
10.6500001586974,0.158
10.6600001588464,0.166
10.6700001589954,0.165
10.6800001591444,0.143
10.6900001592934,0.15
10.7000001594424,0.178
10.7100001595914,0.188
10.7200001597404,0.196
10.7300001598895,0.198
10.7400001600385,0.208
10.7500001601875,0.226
10.7600001603365,0.246
10.7700001604855,0.265
10.7800001606345,0.253
10.7900001607835,0.248
10.8000001609325,0.25
10.8100001610816,0.243
10.8200001612306,0.233
10.8300001613796,0.214
10.8400001615286,0.198
10.8500001616776,0.187
10.8600001618266,0.183
10.8700001619756,0.182
10.8800001621246,0.183
10.8900001622736,0.19
10.9000001624227,0.204
10.9100001625717,0.213
10.9200001627207,0.219
10.9300001628697,0.213
10.9400001630187,0.21
10.9500001631677,0.209
10.9600001633167,0.201
10.9700001634657,0.189
