time_min,absorb_mau
0.0,0.001
0.0200000002980232,-0.013
0.0400000005960464,-0.017
0.0600000008940696,-0.005
0.0800000011920929,0.024
0.1000000014901161,0.07
0.1200000017881393,0.108
0.1400000020861625,0.17
0.1600000023841858,0.18
0.180000002682209,0.179
0.2000000029802322,0.199
0.2200000032782554,0.176
0.2400000035762786,0.184
0.2600000038743019,0.183
0.2800000041723251,0.168
0.3000000044703483,0.142
0.3200000047683716,0.097
0.3400000050663948,0.094
0.360000005364418,0.088
0.3800000056624412,0.122
0.4000000059604645,0.164
0.4200000062584877,0.168
0.4400000065565109,0.173
0.4600000068545342,0.134
0.4800000071525573,0.102
0.5000000074505806,0.098
0.5200000077486039,0.127
0.5400000080466271,0.13
0.5600000083446502,0.139
0.5800000086426735,0.172
0.6000000089406967,0.153
0.62000000923872,0.172
0.6400000095367432,0.248
0.6600000098347664,0.371
0.6800000101327897,0.639
0.7000000104308128,1.079
0.7200000107288361,1.68
0.7400000110268593,2.446
0.7600000113248825,3.436
0.7800000116229058,4.614
0.800000011920929,6.001
0.8200000122189522,7.548
0.8400000125169754,9.249
0.8600000128149986,11.041
0.8800000131130219,12.82
0.9000000134110451,14.582
0.9200000137090684,16.312
0.9400000140070917,17.971
0.9600000143051148,19.573
0.980000014603138,21.136
1.0000000149011612,22.587
1.0200000151991844,23.956
1.0400000154972078,25.21
1.060000015795231,26.334
1.080000016093254,27.408
1.100000016391277,28.338
1.1200000166893005,29.184
1.140000016987324,29.986
1.160000017285347,30.7
1.1800000175833705,31.297
1.2000000178813934,31.811
1.2200000181794166,32.257
1.24000001847744,32.625
1.2600000187754632,32.945
1.2800000190734864,33.238
1.3000000193715096,33.479
1.3200000196695327,33.654
1.340000019967556,33.802
1.360000020265579,33.89
1.3800000205636025,33.939
1.4000000208616257,33.973
1.4200000211596489,33.959
1.4400000214576725,33.93
1.4600000217556954,33.868
1.4800000220537186,33.757
1.5000000223517418,33.642
1.520000022649765,33.509
1.5400000229477884,33.373
1.5600000232458116,33.199
1.5800000235438347,33.012
1.600000023841858,32.795
1.620000024139881,32.549
1.6400000244379045,32.344
1.6600000247359277,32.115
1.6800000250339509,31.872
1.700000025331974,31.607
1.7200000256299972,31.301
1.7400000259280206,30.994
1.7600000262260438,30.7
1.780000026524067,30.395
1.80000002682209,30.091
1.820000027120113,29.77
1.8400000274181367,29.439
1.86000002771616,29.075
1.880000028014183,28.721
1.9000000283122065,28.364
1.9200000286102292,27.97
1.9400000289082528,27.604
1.960000029206276,27.227
1.9800000295042992,26.884
2.0000000298023224,26.524
2.020000030100346,26.162
2.0400000303983687,25.791
2.060000030696392,25.387
2.0800000309944155,25.014
2.1000000312924385,24.676
2.120000031590462,24.363
2.140000031888485,24.048
2.1600000321865083,23.711
2.180000032484532,23.38
2.200000032782554,23.028
2.220000033080578,22.709
2.240000033378601,22.391
2.2600000336766244,22.07
2.280000033974648,21.743
2.3000000342726707,21.398
2.320000034570694,21.049
2.340000034868717,20.69
2.3600000351667405,20.357
2.380000035464764,20.052
2.400000035762787,19.762
2.4200000360608103,19.479
2.440000036358833,19.206
2.4600000366568566,18.927
2.48000003695488,18.63
2.500000037252903,18.356
2.5200000375509264,18.085
2.5400000378489493,17.799
2.5600000381469727,17.518
2.580000038444996,17.255
2.600000038743019,17.016
2.6200000390410425,16.757
2.640000039339065,16.485
2.660000039637089,16.224
2.6800000399351123,15.882
2.7000000402331352,15.545
2.720000040531158,15.212
2.7400000408291816,14.89
2.760000041127205,14.584
2.7800000414252284,14.305
2.800000041723252,14.052
2.8200000420212747,13.778
2.8400000423192977,13.507
2.860000042617321,13.228
2.8800000429153445,12.926
2.9000000432133675,12.666
2.920000043511391,12.403
2.940000043809414,12.145
2.960000044107437,11.917
2.9800000444054606,11.681
3.000000044703484,11.469
3.020000045001507,11.275
3.04000004529953,11.086
3.0600000455975533,10.878
3.0800000458955767,10.669
3.1000000461936,10.437
3.120000046491623,10.217
3.140000046789646,10.052
3.160000047087669,9.871
3.180000047385693,9.705
3.200000047683716,9.528
3.220000047981739,9.36
3.240000048279762,9.206
3.2600000485777856,9.028
3.280000048875809,8.898
3.300000049173832,8.751
3.320000049471856,8.552
3.3400000497698783,8.428
3.3600000500679017,8.306
3.380000050365925,8.133
3.400000050663948,7.989
3.4200000509619715,7.851
3.4400000512599944,7.711
3.460000051558018,7.569
3.480000051856041,7.445
3.500000052154064,7.364
3.520000052452088,7.223
3.5400000527501105,7.081
3.560000053048134,6.953
3.5800000533461573,6.779
3.6000000536441803,6.617
3.620000053942204,6.483
3.640000054240226,6.341
3.66000005453825,6.216
3.6800000548362735,6.1
3.700000055134296,5.978
3.72000005543232,5.87
3.740000055730343,5.766
3.760000056028366,5.672
3.7800000563263896,5.572
3.800000056624413,5.48
3.820000056922436,5.397
3.840000057220459,5.3
3.8600000575184814,5.211
3.8800000578165057,5.113
3.9000000581145287,5.0
3.920000058412552,4.87
3.940000058710575,4.763
3.9600000590085984,4.676
3.980000059306622,4.634
4.000000059604645,4.628
4.020000059902668,4.619
4.040000060200692,4.602
4.060000060498715,4.551
4.0800000607967375,4.455
4.100000061094761,4.366
4.120000061392784,4.285
4.140000061690808,4.202
4.160000061988831,4.14
4.180000062286854,4.085
4.200000062584877,4.023
4.2200000628829,3.955
4.240000063180924,3.866
4.260000063478947,3.761
4.28000006377697,3.671
4.300000064074993,3.586
4.3200000643730165,3.531
4.34000006467104,3.483
4.360000064969063,3.407
4.380000065267086,3.38
4.400000065565109,3.324
4.420000065863133,3.275
4.440000066161156,3.251
4.46000006645918,3.191
4.480000066757202,3.138
4.500000067055225,3.093
4.520000067353249,3.036
4.540000067651272,3.009
4.560000067949296,2.987
4.580000068247318,2.96
4.6000000685453415,2.957
4.620000068843365,2.931
4.640000069141388,2.872
4.660000069439412,2.836
4.680000069737434,2.813
4.700000070035458,2.792
4.720000070333481,2.797
4.740000070631504,2.762
4.760000070929528,2.703
4.78000007122755,2.639
4.800000071525574,2.55
4.820000071823597,2.519
4.8400000721216205,2.497
4.860000072419644,2.46
4.880000072717666,2.457
4.90000007301569,2.449
4.920000073313713,2.381
4.940000073611737,2.312
4.96000007390976,2.241
4.980000074207783,2.171
5.000000074505806,2.126
5.020000074803829,2.113
5.040000075101853,2.098
5.060000075399876,2.077
5.080000075697899,2.029
5.100000075995922,1.981
5.1200000762939455,1.913
5.140000076591969,1.857
5.160000076889992,1.803
5.180000077188015,1.764
5.200000077486038,1.726
5.220000077784062,1.667
5.240000078082085,1.667
5.260000078380108,1.639
5.280000078678131,1.593
5.300000078976154,1.539
5.320000079274178,1.469
5.340000079572201,1.406
5.3600000798702245,1.389
5.380000080168247,1.389
5.4000000804662704,1.357
5.420000080764294,1.354
5.440000081062317,1.356
5.460000081360341,1.356
5.480000081658363,1.372
5.500000081956387,1.344
5.52000008225441,1.323
5.540000082552433,1.296
5.560000082850457,1.281
5.580000083148479,1.32
5.600000083446503,1.357
5.620000083744526,1.365
5.6400000840425495,1.351
5.660000084340573,1.337
5.680000084638595,1.296
5.700000084936619,1.296
5.720000085234642,1.286
5.740000085532666,1.272
5.760000085830689,1.256
5.780000086128712,1.207
5.800000086426735,1.17
5.820000086724758,1.133
5.840000087022782,1.086
5.860000087320805,1.047
5.880000087618828,1.005
5.900000087916851,0.95
5.920000088214874,0.915
5.940000088512898,0.894
5.960000088810921,0.858
5.980000089108944,0.848
6.000000089406967,0.833
6.020000089704991,0.817
6.040000090003014,0.796
6.060000090301037,0.794
6.08000009059906,0.776
6.100000090897083,0.778
6.120000091195107,0.782
6.14000009149313,0.783
6.1600000917911535,0.815
6.180000092089176,0.842
6.200000092387199,0.903
6.220000092685223,0.948
6.240000092983246,0.961
6.26000009328127,0.948
6.280000093579292,0.912
6.300000093877316,0.868
6.320000094175339,0.838
6.340000094473362,0.812
6.360000094771386,0.769
6.380000095069408,0.736
6.400000095367432,0.701
6.420000095665455,0.682
6.440000095963478,0.659
6.460000096261502,0.643
6.480000096559524,0.651
6.500000096857548,0.641
6.520000097155571,0.654
6.540000097453595,0.645
6.560000097751618,0.606
6.5800000980496405,0.588
6.600000098347664,0.591
6.620000098645687,0.643
6.640000098943711,0.696
6.660000099241734,0.765
6.680000099539757,0.776
6.70000009983778,0.751
6.720000100135803,0.762
6.740000100433827,0.747
6.76000010073185,0.73
6.780000101029873,0.748
6.800000101327896,0.718
6.82000010162592,0.644
6.840000101923943,0.623
6.860000102221966,0.581
6.880000102519989,0.564
6.900000102818012,0.571
6.920000103116036,0.574
6.940000103414059,0.531
6.960000103712082,0.51
6.980000104010105,0.503
7.000000104308128,0.528
7.020000104606152,0.563
7.040000104904175,0.606
7.060000105202199,0.623
7.080000105500221,0.608
7.1000001057982445,0.597
7.120000106096268,0.57
7.140000106394291,0.518
7.160000106692315,0.49
7.180000106990337,0.469
7.200000107288361,0.448
7.220000107586384,0.445
7.240000107884407,0.456
7.260000108182431,0.435
7.280000108480453,0.432
7.300000108778477,0.451
7.3200001090765,0.474
7.3400001093745235,0.497
7.360000109672547,0.499
7.380000109970569,0.492
7.400000110268593,0.461
7.420000110566616,0.454
7.44000011086464,0.458
7.460000111162663,0.458
7.480000111460685,0.479
7.500000111758709,0.509
7.520000112056732,0.556
7.540000112354756,0.581
7.560000112652779,0.588
7.580000112950802,0.602
7.600000113248825,0.595
7.620000113546848,0.576
7.640000113844872,0.589
7.660000114142895,0.564
7.680000114440918,0.521
7.700000114738941,0.478
7.720000115036965,0.449
7.740000115334988,0.421
7.760000115633011,0.399
7.780000115931034,0.399
7.800000116229057,0.396
7.820000116527081,0.403
7.840000116825104,0.428
7.860000117123127,0.458
7.88000011742115,0.456
7.900000117719173,0.458
7.920000118017197,0.437
7.94000011831522,0.449
7.960000118613244,0.456
7.980000118911266,0.456
8.00000011920929,0.466
8.020000119507314,0.456
8.040000119805336,0.453
8.060000120103359,0.472
8.080000120401383,0.446
8.100000120699406,0.438
8.12000012099743,0.424
8.140000121295452,0.419
8.160000121593475,0.453
8.1800001218915,0.469
8.200000122189522,0.462
8.220000122487546,0.454
8.240000122785569,0.433
8.260000123083591,0.427
8.280000123381615,0.426
8.300000123679638,0.425
8.320000123977662,0.402
8.340000124275685,0.377
8.360000124573707,0.369
8.380000124871732,0.368
8.400000125169754,0.34
8.420000125467778,0.364
8.4400001257658,0.363
8.460000126063823,0.36
8.480000126361848,0.386
8.50000012665987,0.402
8.520000126957894,0.412
8.540000127255917,0.415
8.56000012755394,0.432
8.580000127851964,0.449
8.600000128149986,0.45
8.62000012844801,0.468
8.640000128746033,0.46
8.660000129044056,0.478
8.68000012934208,0.474
8.700000129640102,0.484
8.720000129938127,0.507
8.74000013023615,0.523
8.760000130534172,0.545
8.780000130832196,0.561
8.800000131130219,0.547
8.820000131428243,0.507
8.840000131726265,0.444
8.860000132024288,0.417
8.880000132322312,0.383
8.900000132620335,0.359
8.920000132918359,0.387
8.940000133216381,0.426
8.960000133514404,0.458
8.980000133812428,0.477
9.00000013411045,0.488
9.020000134408477,0.462
9.040000134706498,0.442
9.06000013500452,0.458
9.080000135302544,0.478
9.100000135600569,0.483
9.120000135898591,0.478
9.140000136196614,0.441
9.160000136494636,0.383
9.18000013679266,0.366
9.200000137090685,0.366
9.220000137388707,0.388
9.24000013768673,0.412
9.260000137984752,0.412
9.280000138282777,0.415
9.3000001385808,0.407
9.320000138878823,0.416
9.340000139176846,0.413
9.360000139474868,0.424
9.380000139772893,0.43
9.400000140070915,0.451
9.42000014036894,0.493
9.440000140666962,0.515
9.460000140964985,0.562
9.480000141263009,0.562
9.500000141561031,0.542
9.520000141859056,0.541
9.540000142157078,0.538
9.5600001424551,0.551
9.580000142753123,0.593
9.600000143051147,0.611
9.620000143349172,0.615
9.640000143647194,0.591
9.660000143945217,0.557
9.68000014424324,0.553
9.700000144541264,0.535
9.720000144839288,0.554
9.74000014513731,0.558
9.760000145435331,0.521
9.780000145733355,0.489
9.80000014603138,0.452
9.820000146329404,0.455
9.840000146627428,0.451
9.860000146925447,0.468
9.880000147223472,0.472
9.900000147521496,0.449
9.92000014781952,0.46
9.940000148117544,0.461
9.960000148415563,0.459
9.98000014871359,0.468
10.000000149011612,0.481
10.020000149309636,0.484
10.04000014960766,0.494
10.06000014990568,0.509
10.080000150203706,0.507
10.100000150501728,0.514
10.120000150799752,0.546
10.140000151097777,0.56
10.160000151395796,0.529
10.180000151693822,0.519
10.200000151991844,0.477
10.220000152289868,0.416
10.240000152587893,0.406
10.260000152885912,0.398
10.280000153183938,0.402
10.30000015348196,0.413
10.320000153779985,0.439
10.340000154078009,0.462
10.36000015437603,0.452
10.380000154674054,0.436
10.400000154972076,0.408
10.4200001552701,0.358
10.440000155568123,0.339
10.460000155866146,0.356
10.48000015616417,0.388
10.500000156462193,0.421
10.520000156760217,0.444
10.54000015705824,0.433
10.560000157356262,0.421
10.580000157654286,0.378
10.600000157952309,0.352
10.620000158250331,0.375
10.640000158548355,0.376
10.660000158846378,0.383
10.680000159144402,0.376
10.700000159442425,0.349
10.720000159740447,0.29
10.740000160038472,0.287
10.760000160336494,0.288
10.780000160634518,0.264
10.80000016093254,0.252
10.820000161230563,0.236
10.840000161528588,0.214
10.86000016182661,0.21
10.880000162124634,0.226
10.900000162422655,0.244
10.92000016272068,0.278
10.940000163018704,0.299
10.960000163316726,0.339
10.98000016361475,0.339
11.000000163912771,0.369
11.020000164210796,0.406
11.04000016450882,0.46
11.060000164806842,0.507
11.080000165104869,0.508
11.10000016540289,0.501
11.120000165700914,0.469
11.140000165998936,0.469
11.16000016629696,0.453
11.180000166594985,0.445
11.200000166893004,0.434
11.22000016719103,0.402
11.240000167489052,0.388
11.260000167787076,0.377
11.2800001680851,0.403
11.30000016838312,0.403
11.320000168681146,0.402
11.340000168979168,0.386
11.36000016927719,0.397
11.380000169575217,0.421
11.400000169873238,0.445
11.420000170171262,0.482
11.440000170469284,0.481
11.460000170767309,0.472
11.480000171065331,0.49
11.500000171363354,0.472
11.520000171661378,0.475
11.5400001719594,0.476
11.560000172257425,0.483
11.580000172555447,0.495
11.60000017285347,0.528
11.620000173151494,0.584
11.640000173449517,0.612
11.66000017374754,0.645
11.680000174045563,0.648
11.700000174343586,0.618
11.72000017464161,0.599
11.740000174939633,0.599
11.760000175237655,0.595
11.78000017553568,0.642
11.800000175833702,0.671
11.820000176131726,0.674
11.840000176429747,0.694
11.860000176727771,0.693
11.880000177025796,0.68
11.900000177323818,0.666
11.920000177621842,0.655
11.940000177919863,0.64
11.960000178217888,0.641
11.980000178515912,0.649
12.000000178813934,0.677
12.02000017911196,0.687
12.04000017940998,0.648
12.060000179708004,0.631
12.080000180006028,0.575
12.10000018030405,0.53
12.120000180602077,0.53
12.140000180900095,0.485
12.16000018119812,0.482
12.180000181496144,0.489
12.200000181794168,0.482
12.22000018209219,0.502
12.240000182390212,0.537
12.260000182688236,0.543
12.28000018298626,0.561
12.300000183284284,0.606
12.320000183582309,0.622
12.34000018388033,0.638
12.360000184178352,0.689
12.380000184476376,0.718
12.4000001847744,0.718
12.420000185072425,0.756
12.440000185370446,0.742
12.460000185668468,0.701
12.480000185966492,0.708
12.500000186264517,0.681
12.52000018656254,0.667
12.540000186860562,0.678
12.560000187158584,0.703
12.580000187456609,0.69
12.600000187754633,0.7
12.620000188052655,0.699
12.640000188350678,0.657
12.6600001886487,0.646
12.680000188946725,0.611
12.700000189244747,0.578
12.720000189542771,0.552
12.740000189840794,0.547
12.760000190138816,0.528
12.78000019043684,0.525
12.800000190734863,0.55
12.820000191032888,0.586
12.84000019133091,0.603
12.860000191628933,0.625
12.880000191926957,0.623
12.90000019222498,0.582
12.920000192523004,0.562
12.940000192821026,0.574
12.960000193119049,0.56
12.980000193417071,0.585
13.000000193715096,0.577
13.02000019401312,0.568
13.040000194311142,0.536
13.060000194609165,0.54
13.08000019490719,0.556
13.100000195205212,0.568
13.120000195503236,0.613
13.140000195801258,0.654
13.16000019609928,0.665
13.180000196397303,0.657
13.200000196695328,0.632
13.220000196993352,0.607
13.240000197291376,0.576
13.260000197589395,0.575
13.28000019788742,0.56
13.300000198185444,0.532
13.320000198483468,0.559
13.34000019878149,0.543
13.360000199079511,0.55
13.380000199377536,0.562
13.40000019967556,0.531
13.420000199973584,0.508
13.440000200271609,0.485
13.46000020056963,0.486
13.480000200867654,0.531
13.500000201165676,0.544
13.5200002014637,0.576
13.540000201761725,0.566
13.560000202059744,0.527
13.58000020235777,0.515
13.600000202655792,0.502
13.620000202953817,0.483
13.64000020325184,0.484
13.660000203549862,0.463
13.680000203847886,0.427
13.700000204145908,0.393
13.720000204443933,0.363
13.740000204741955,0.328
13.760000205039978,0.333
13.780000205338002,0.362
13.800000205636024,0.359
13.820000205934049,0.348
13.840000206232071,0.341
13.860000206530094,0.319
13.880000206828118,0.307
13.90000020712614,0.316
13.920000207424165,0.309
13.940000207722187,0.308
13.96000020802021,0.285
13.980000208318234,0.287
14.000000208616257,0.274
14.02000020891428,0.285
14.040000209212304,0.351
14.060000209510326,0.348
14.08000020980835,0.351
14.100000210106373,0.318
14.120000210404395,0.272
14.14000021070242,0.295
14.160000211000442,0.313
14.180000211298466,0.35
14.200000211596487,0.389
14.220000211894511,0.395
14.240000212192536,0.421
14.260000212490558,0.45
14.280000212788584,0.48
14.300000213086603,0.485
14.32000021338463,0.461
14.340000213682652,0.422
14.360000213980674,0.401
14.3800002142787,0.416
14.40000021457672,0.427
14.420000214874744,0.44
14.440000215172768,0.433
14.46000021547079,0.361
14.480000215768817,0.317
14.500000216066836,0.309
14.520000216364862,0.312
14.540000216662884,0.326
14.560000216960908,0.334
14.580000217258933,0.33
14.600000217556952,0.308
14.620000217854978,0.304
14.640000218153,0.319
14.660000218451025,0.347
14.680000218749049,0.401
14.70000021904707,0.405
14.720000219345094,0.419
14.740000219643116,0.445
14.76000021994114,0.438
14.780000220239163,0.471
14.800000220537186,0.479
14.82000022083521,0.443
14.840000221133232,0.398
14.860000221431257,0.398
14.88000022172928,0.455
14.900000222027302,0.496
14.920000222325326,0.543
14.940000222623349,0.552
14.960000222921373,0.515
14.980000223219395,0.477
15.000000223517418,0.435
15.020000223815442,0.427
15.040000224113465,0.391
15.060000224411487,0.391
15.080000224709512,0.394
15.100000225007534,0.356
15.120000225305558,0.35
15.14000022560358,0.334
15.160000225901603,0.324
15.180000226199628,0.362
15.20000022649765,0.397
15.220000226795674,0.392
15.240000227093695,0.396
15.26000022739172,0.375
15.280000227689744,0.34
15.300000227987766,0.362
15.32000022828579,0.384
15.340000228583811,0.416
15.360000228881836,0.477
15.38000022917986,0.505
15.400000229477882,0.513
15.420000229775908,0.514
15.44000023007393,0.492
15.460000230371952,0.466
15.480000230669976,0.469
15.500000230968,0.481
15.520000231266025,0.501
15.540000231564044,0.491
15.560000231862068,0.515
15.580000232160092,0.519
15.600000232458116,0.501
15.62000023275614,0.518
15.64000023305416,0.504
15.660000233352184,0.471
15.680000233650208,0.462
15.70000023394823,0.442
15.720000234246257,0.434
15.740000234544278,0.47
15.7600002348423,0.463
15.780000235140324,0.491
15.800000235438349,0.483
15.820000235736371,0.472
15.840000236034394,0.492
15.860000236332416,0.49
15.88000023663044,0.468
15.900000236928465,0.448
15.920000237226487,0.423
15.94000023752451,0.382
15.960000237822532,0.381
15.980000238120557,0.396
16.00000023841858,0.386
16.0200002387166,0.419
16.040000239014628,0.435
16.06000023931265,0.429
16.080000239610673,0.442
16.100000239908695,0.453
16.120000240206718,0.447
16.140000240504744,0.439
16.160000240802766,0.454
16.18000024110079,0.441
16.20000024139881,0.437
16.220000241696834,0.465
16.24000024199486,0.458
16.260000242292882,0.487
16.280000242590905,0.488
16.300000242888927,0.483
16.32000024318695,0.489
16.340000243484976,0.488
16.360000243783,0.459
16.38000024408102,0.423
16.400000244379044,0.422
16.420000244677066,0.41
16.440000244975092,0.415
16.460000245273115,0.446
16.480000245571137,0.447
16.50000024586916,0.426
16.520000246167182,0.399
16.54000024646521,0.379
16.56000024676323,0.35
16.580000247061253,0.332
16.600000247359276,0.322
16.6200002476573,0.313
16.640000247955324,0.326
16.660000248253347,0.352
16.68000024855137,0.357
16.700000248849392,0.394
16.720000249147414,0.435
16.74000024944544,0.47
16.760000249743463,0.523
16.780000250041486,0.573
16.800000250339508,0.591
16.82000025063753,0.608
16.840000250935557,0.632
16.86000025123358,0.656
16.8800002515316,0.642
16.900000251829624,0.619
16.920000252127647,0.574
16.940000252425673,0.511
16.960000252723695,0.477
16.980000253021718,0.492
17.00000025331974,0.489
17.020000253617763,0.502
17.04000025391579,0.507
17.06000025421381,0.493
17.080000254511834,0.487
17.100000254809856,0.479
17.12000025510788,0.468
17.140000255405905,0.442
17.160000255703928,0.441
17.18000025600195,0.438
17.200000256299973,0.436
17.220000256597995,0.442
17.24000025689602,0.436
17.260000257194044,0.453
17.280000257492066,0.432
17.30000025779009,0.426
17.32000025808811,0.424
17.340000258386137,0.43
17.36000025868416,0.467
17.380000258982182,0.497
17.400000259280205,0.491
17.420000259578227,0.485
17.440000259876253,0.465
17.460000260174276,0.442
17.4800002604723,0.446
17.50000026077032,0.44
17.520000261068343,0.422
17.54000026136637,0.421
17.560000261664392,0.401
17.580000261962414,0.379
17.600000262260437,0.353
17.62000026255846,0.325
17.640000262856486,0.309
17.660000263154508,0.33
17.68000026345253,0.338
17.700000263750553,0.343
17.720000264048576,0.344
17.7400002643466,0.34
17.760000264644624,0.375
17.780000264942647,0.392
17.80000026524067,0.426
17.82000026553869,0.443
17.840000265836718,0.424
17.86000026613474,0.417
17.880000266432763,0.404
17.900000266730785,0.4
17.920000267028808,0.37
17.940000267326834,0.353
17.960000267624856,0.353
17.98000026792288,0.337
18.0000002682209,0.379
18.020000268518924,0.436
18.04000026881695,0.483
18.060000269114973,0.528
18.080000269412995,0.513
18.100000269711018,0.507
18.12000027000904,0.509
18.140000270307063,0.503
18.16000027060509,0.533
18.18000027090311,0.528
18.200000271201134,0.496
