time_min,absorb_mau
0.0,0.0
0.0100000001490116,-0.003
0.0200000002980232,-0.004
0.0300000004470348,0.005
0.0400000005960464,0.015
0.050000000745058,0.025
0.0600000008940696,0.027
0.0700000010430812,0.027
0.0800000011920929,0.042
0.0900000013411045,0.052
0.1000000014901161,0.056
0.1100000016391277,0.067
0.1200000017881393,0.078
0.1300000019371509,0.079
0.1400000020861625,0.091
0.1500000022351741,0.13
0.1600000023841858,0.149
0.1700000025331974,0.156
0.180000002682209,0.166
0.1900000028312206,0.175
0.2000000029802322,0.169
0.2100000031292438,0.17
0.2200000032782554,0.178
0.2300000034272671,0.161
0.2400000035762786,0.137
0.2500000037252903,0.126
0.2600000038743019,0.124
0.2700000040233135,0.135
0.2800000041723251,0.131
0.2900000043213367,0.125
0.3000000044703483,0.117
0.31000000461936,0.118
0.3200000047683716,0.129
0.3300000049173832,0.13
0.3400000050663948,0.131
0.3500000052154064,0.119
0.360000005364418,0.118
0.3700000055134296,0.136
0.3800000056624412,0.152
0.3900000058114529,0.168
0.4000000059604645,0.178
0.4100000061094761,0.19
0.4200000062584877,0.207
0.4300000064074993,0.217
0.4400000065565109,0.223
0.4500000067055225,0.224
0.4600000068545342,0.222
0.4700000070035457,0.216
0.4800000071525573,0.214
0.490000007301569,0.213
0.5000000074505806,0.23
0.5100000075995922,0.251
0.5200000077486039,0.281
0.5300000078976155,0.301
0.5400000080466271,0.314
0.5500000081956387,0.339
0.5600000083446502,0.361
0.570000008493662,0.37
0.5800000086426735,0.373
0.5900000087916851,0.369
0.6000000089406967,0.384
0.6100000090897083,0.418
0.62000000923872,0.536
0.6300000093877316,0.747
0.6400000095367432,1.044
0.6500000096857548,1.612
0.6600000098347664,2.313
0.6700000099837781,3.465
0.6800000101327897,4.917
0.6900000102818012,6.706
0.7000000104308128,9.167
0.7100000105798244,11.888
0.7200000107288361,15.235
0.7300000108778477,18.982
0.7400000110268593,23.207
0.7500000111758709,28.041
0.7600000113248825,33.066
0.7700000114738942,38.579
0.7800000116229058,44.197
0.7900000117719174,49.777
0.800000011920929,55.467
0.8100000120699405,61.055
0.8200000122189522,66.327
0.8300000123679638,71.404
0.8400000125169754,75.877
0.850000012665987,80.048
0.8600000128149986,83.829
0.8700000129640103,87.058
0.8800000131130219,90.052
0.8900000132620335,92.414
0.9000000134110451,94.486
0.9100000135600568,96.198
0.9200000137090684,97.476
0.93000001385808,98.571
0.9400000140070917,99.223
0.9500000141561032,99.673
0.9600000143051148,99.872
0.9700000144541264,99.812
0.980000014603138,99.653
0.9900000147521496,99.273
1.0000000149011612,98.78
1.010000015050173,98.149
1.0200000151991844,97.368
1.030000015348196,96.532
1.0400000154972078,95.635
1.0500000156462193,94.667
1.060000015795231,93.603
1.0700000159442424,92.474
1.080000016093254,91.365
1.0900000162422658,90.224
1.100000016391277,89.055
1.110000016540289,87.851
1.1200000166893005,86.626
1.1300000168383122,85.447
1.140000016987324,84.233
1.1500000171363354,83.055
1.160000017285347,81.904
1.1700000174343586,80.682
1.1800000175833705,79.461
1.190000017732382,78.213
1.2000000178813934,76.973
1.2100000180304051,75.822
1.2200000181794166,74.584
1.2300000183284283,73.312
1.24000001847744,72.088
1.2500000186264515,70.912
1.2600000187754632,69.76
1.270000018924475,68.546
1.2800000190734864,67.404
1.290000019222498,66.246
1.3000000193715096,65.089
1.3100000195205213,63.963
1.3200000196695327,62.817
1.3300000198185444,61.702
1.340000019967556,60.572
1.3500000201165676,59.449
1.360000020265579,58.389
1.3700000204145908,57.309
1.3800000205636025,56.258
1.3900000207126142,55.194
1.4000000208616257,54.138
1.4100000210106374,53.111
1.4200000211596489,52.068
1.4300000213086606,51.059
1.4400000214576725,50.041
1.4500000216066835,49.038
1.4600000217556954,48.05
1.470000021904707,47.063
1.4800000220537186,46.126
1.4900000222027303,45.192
1.5000000223517418,44.29
1.5100000225007535,43.389
1.520000022649765,42.499
1.530000022798777,41.662
1.5400000229477884,40.836
1.5500000230968,40.052
1.5600000232458116,39.275
1.570000023394823,38.504
1.5800000235438347,37.766
1.5900000236928464,37.034
1.600000023841858,36.342
1.6100000239908696,35.628
1.620000024139881,34.924
1.6300000242888928,34.265
1.6400000244379045,33.594
1.650000024586916,32.943
1.6600000247359277,32.313
1.6700000248849391,31.694
1.6800000250339509,31.106
1.6900000251829626,30.513
1.700000025331974,29.949
1.7100000254809855,29.383
1.7200000256299972,28.82
1.730000025779009,28.306
1.7400000259280206,27.783
1.750000026077032,27.277
1.7600000262260438,26.782
1.7700000263750553,26.303
1.780000026524067,25.862
1.790000026673079,25.422
1.80000002682209,25.002
1.8100000269711016,24.566
1.820000027120113,24.138
1.830000027269125,23.717
1.8400000274181367,23.301
1.850000027567148,22.906
1.86000002771616,22.5
1.8700000278651716,22.103
1.880000028014183,21.703
1.8900000281631948,21.313
1.9000000283122065,20.964
1.910000028461218,20.61
1.9200000286102292,20.265
1.9300000287592407,19.908
1.9400000289082528,19.556
1.9500000290572643,19.245
1.960000029206276,18.914
1.9700000293552875,18.58
1.9800000295042992,18.265
1.990000029653311,17.957
2.0000000298023224,17.672
2.010000029951334,17.386
2.020000030100346,17.114
2.030000030249357,16.822
2.0400000303983687,16.527
2.0500000305473804,16.275
2.060000030696392,16.023
2.070000030845404,15.782
2.0800000309944155,15.53
2.090000031143427,15.279
2.1000000312924385,15.039
2.11000003144145,14.8
2.120000031590462,14.577
2.1300000317394736,14.357
2.140000031888485,14.145
2.150000032037497,13.897
2.1600000321865083,13.651
2.17000003233552,13.422
2.180000032484532,13.215
2.190000032633543,13.027
2.200000032782554,12.821
2.2100000329315663,12.617
2.220000033080578,12.42
2.2300000332295897,12.227
2.240000033378601,12.046
2.2500000335276127,11.872
2.2600000336766244,11.696
2.270000033825636,11.492
2.280000033974648,11.302
2.290000034123659,11.139
2.3000000342726707,10.965
2.3100000344216824,10.792
2.320000034570694,10.64
2.330000034719706,10.481
2.340000034868717,10.323
2.350000035017729,10.175
2.3600000351667405,10.029
2.370000035315752,9.865
2.380000035464764,9.703
2.390000035613775,9.553
2.400000035762787,9.399
2.4100000359117986,9.244
2.4200000360608103,9.101
2.430000036209822,8.955
2.440000036358833,8.805
2.450000036507845,8.676
2.4600000366568566,8.553
2.4700000368058683,8.435
2.48000003695488,8.31
2.4900000371038917,8.191
2.500000037252903,8.066
2.5100000374019147,7.953
2.5200000375509264,7.832
2.530000037699938,7.714
2.5400000378489493,7.601
2.550000037997961,7.481
2.5600000381469727,7.36
2.5700000382959844,7.248
2.580000038444996,7.141
2.5900000385940074,7.022
2.600000038743019,6.908
2.610000038892031,6.798
2.6200000390410425,6.722
2.630000039190054,6.651
2.640000039339065,6.566
2.650000039488077,6.479
2.660000039637089,6.383
2.670000039786101,6.316
2.6800000399351123,6.251
2.6900000400841235,6.168
2.7000000402331352,6.073
2.710000040382147,5.973
2.720000040531158,5.884
2.7300000406801703,5.803
2.7400000408291816,5.738
2.7500000409781933,5.675
2.760000041127205,5.604
2.7700000412762167,5.535
2.7800000414252284,5.469
2.79000004157424,5.408
2.800000041723252,5.335
2.810000041872263,5.251
2.8200000420212747,5.174
2.8300000421702864,5.101
2.8400000423192977,5.019
2.8500000424683094,4.936
2.860000042617321,4.863
2.870000042766333,4.779
2.8800000429153445,4.68
2.890000043064356,4.624
2.9000000432133675,4.567
2.910000043362379,4.501
2.920000043511391,4.428
2.9300000436604026,4.358
2.940000043809414,4.303
2.950000043958425,4.248
2.960000044107437,4.181
2.970000044256449,4.112
2.9800000444054606,4.032
2.990000044554472,3.968
3.000000044703484,3.906
3.0100000448524957,3.831
3.020000045001507,3.749
3.0300000451505187,3.667
3.04000004529953,3.616
3.0500000454485416,3.581
3.0600000455975533,3.531
3.070000045746565,3.485
3.0800000458955767,3.437
3.090000046044588,3.394
3.1000000461936,3.356
3.1100000463426114,3.315
3.120000046491623,3.267
3.130000046640635,3.207
3.140000046789646,3.154
3.1500000469386578,3.108
3.160000047087669,3.061
3.170000047236681,3.014
3.180000047385693,2.972
3.190000047534704,2.938
3.200000047683716,2.91
3.2100000478327275,2.897
3.220000047981739,2.883
3.230000048130751,2.853
3.240000048279762,2.824
3.250000048428774,2.795
3.2600000485777856,2.762
3.2700000487267973,2.728
3.280000048875809,2.693
3.29000004902482,2.657
3.300000049173832,2.621
3.310000049322844,2.587
3.320000049471856,2.555
3.330000049620867,2.518
3.3400000497698783,2.487
3.35000004991889,2.465
3.3600000500679017,2.447
3.3700000502169134,2.429
3.380000050365925,2.415
3.3900000505149364,2.398
3.400000050663948,2.382
3.41000005081296,2.359
3.4200000509619715,2.334
3.430000051110983,2.316
3.4400000512599944,2.295
3.450000051409006,2.269
3.460000051558018,2.246
3.470000051707029,2.225
3.480000051856041,2.207
3.4900000520050525,2.191
3.500000052154064,2.186
3.510000052303076,2.173
3.520000052452088,2.155
3.5300000526010997,2.142
3.5400000527501105,2.126
3.5500000528991222,2.102
3.560000053048134,2.085
3.5700000531971456,2.077
3.5800000533461573,2.057
3.5900000534951686,2.035
3.6000000536441803,2.013
3.610000053793192,1.985
3.620000053942204,1.952
3.630000054091216,1.947
3.640000054240226,1.949
3.6500000543892384,1.945
3.66000005453825,1.936
3.6700000546872618,1.924
3.6800000548362735,1.915
3.6900000549852847,1.908
3.700000055134296,1.905
3.710000055283308,1.9
3.72000005543232,1.884
3.730000055581332,1.851
3.740000055730343,1.813
3.7500000558793545,1.79
3.760000056028366,1.775
3.770000056177378,1.771
3.7800000563263896,1.772
3.790000056475401,1.774
3.800000056624413,1.765
3.810000056773424,1.765
3.820000056922436,1.784
3.830000057071448,1.794
3.840000057220459,1.799
3.850000057369471,1.794
3.8600000575184814,1.784
3.870000057667494,1.767
3.8800000578165057,1.749
3.890000057965517,1.731
3.9000000581145287,1.697
3.910000058263541,1.666
3.920000058412552,1.652
3.930000058561564,1.627
3.940000058710575,1.587
3.9500000588595863,1.563
3.9600000590085984,1.544
3.97000005915761,1.523
3.980000059306622,1.499
3.990000059455633,1.472
4.000000059604645,1.437
4.010000059753657,1.401
4.020000059902668,1.39
4.030000060051679,1.372
4.040000060200692,1.345
4.050000060349703,1.318
4.060000060498715,1.29
4.070000060647726,1.266
4.0800000607967375,1.249
4.09000006094575,1.242
4.100000061094761,1.227
4.110000061243773,1.208
4.120000061392784,1.204
4.130000061541796,1.202
4.140000061690808,1.201
4.150000061839819,1.198
4.160000061988831,1.194
4.170000062137842,1.176
4.180000062286854,1.164
4.190000062435866,1.174
4.200000062584877,1.17
4.210000062733889,1.159
4.2200000628829,1.143
4.230000063031912,1.127
4.240000063180924,1.119
4.250000063329935,1.113
4.260000063478947,1.111
4.270000063627959,1.104
4.28000006377697,1.096
4.290000063925982,1.104
4.300000064074993,1.11
4.310000064224005,1.115
4.3200000643730165,1.11
4.330000064522028,1.102
4.34000006467104,1.097
4.350000064820051,1.086
4.360000064969063,1.069
4.370000065118075,1.05
4.380000065267086,1.031
4.390000065416098,1.012
4.400000065565109,1.005
4.410000065714121,1.017
4.420000065863133,1.03
4.430000066012144,1.043
4.440000066161156,1.052
4.450000066310167,1.064
4.46000006645918,1.081
4.470000066608191,1.091
4.480000066757202,1.097
4.490000066906214,1.101
4.500000067055225,1.1
4.5100000672042375,1.086
4.520000067353249,1.077
4.53000006750226,1.072
4.540000067651272,1.037
4.550000067800283,1.007
4.560000067949296,1.004
4.570000068098307,0.994
4.580000068247318,0.975
4.59000006839633,0.96
4.6000000685453415,0.949
4.610000068694354,0.947
4.620000068843365,0.95
4.630000068992376,0.965
4.640000069141388,0.978
4.6500000692904,0.988
4.660000069439412,1.016
4.670000069588423,1.035
4.680000069737434,1.049
4.690000069886446,1.048
4.700000070035458,1.043
4.71000007018447,1.062
4.720000070333481,1.072
4.730000070482492,1.065
4.740000070631504,1.043
4.750000070780516,1.014
4.760000070929528,1.021
4.770000071078539,1.026
4.78000007122755,1.026
4.7900000713765625,1.018
4.800000071525574,1.003
4.810000071674586,0.984
4.820000071823597,0.974
4.830000071972608,0.989
4.8400000721216205,0.995
4.850000072270632,0.993
4.860000072419644,0.986
4.870000072568655,0.979
4.880000072717666,0.964
4.890000072866679,0.962
4.90000007301569,0.972
4.910000073164702,0.955
4.920000073313713,0.937
4.9300000734627245,0.945
4.940000073611737,0.95
4.950000073760748,0.958
4.96000007390976,0.95
4.970000074058771,0.94
4.980000074207783,0.93
4.990000074356795,0.927
5.000000074505806,0.935
5.010000074654818,0.93
5.020000074803829,0.915
5.030000074952841,0.909
5.040000075101853,0.907
5.050000075250864,0.917
5.060000075399876,0.941
5.070000075548887,0.967
5.080000075697899,0.957
5.090000075846911,0.947
5.100000075995922,0.941
5.110000076144934,0.927
5.1200000762939455,0.91
5.130000076442957,0.916
5.140000076591969,0.914
5.15000007674098,0.876
5.160000076889992,0.86
5.170000077039004,0.861
5.180000077188015,0.853
5.190000077337027,0.84
5.200000077486038,0.823
5.21000007763505,0.803
5.220000077784062,0.777
5.230000077933073,0.771
5.240000078082085,0.769
5.250000078231096,0.761
5.260000078380108,0.75
5.27000007852912,0.735
5.280000078678131,0.744
5.290000078827143,0.757
5.300000078976154,0.762
5.310000079125167,0.764
5.320000079274178,0.761
5.330000079423189,0.751
5.340000079572201,0.741
5.350000079721212,0.746
5.3600000798702245,0.741
5.370000080019236,0.721
5.380000080168247,0.726
5.390000080317259,0.739
5.4000000804662704,0.729
5.410000080615283,0.73
5.420000080764294,0.747
5.430000080913305,0.75
5.440000081062317,0.745
5.4500000812113285,0.77
5.460000081360341,0.786
5.470000081509352,0.778
5.480000081658363,0.777
5.490000081807375,0.783
5.500000081956387,0.781
5.510000082105399,0.778
5.52000008225441,0.788
5.530000082403421,0.787
5.540000082552433,0.776
5.550000082701445,0.788
5.560000082850457,0.799
5.570000082999468,0.808
5.580000083148479,0.809
5.590000083297491,0.803
5.600000083446503,0.797
5.610000083595515,0.795
5.620000083744526,0.805
5.630000083893537,0.798
5.6400000840425495,0.766
5.650000084191561,0.769
5.660000084340573,0.776
5.670000084489584,0.772
5.680000084638595,0.768
5.690000084787608,0.764
5.700000084936619,0.753
5.710000085085631,0.737
5.720000085234642,0.741
5.7300000853836535,0.739
5.740000085532666,0.719
5.750000085681677,0.707
5.760000085830689,0.703
5.7700000859797,0.683
5.780000086128712,0.668
5.790000086277724,0.656
5.800000086426735,0.65
5.810000086575747,0.649
5.820000086724758,0.625
5.83000008687377,0.604
5.840000087022782,0.599
5.850000087171793,0.599
5.860000087320805,0.604
5.870000087469816,0.602
5.880000087618828,0.6
5.89000008776784,0.601
5.900000087916851,0.608
5.910000088065863,0.626
5.920000088214874,0.622
5.930000088363886,0.614
5.940000088512898,0.605
5.950000088661909,0.605
5.960000088810921,0.615
5.9700000889599325,0.615
5.980000089108944,0.612
5.990000089257956,0.593
6.000000089406967,0.582
6.010000089555979,0.585
6.020000089704991,0.582
6.030000089854002,0.576
6.040000090003014,0.541
6.050000090152025,0.515
6.060000090301037,0.505
6.070000090450049,0.49
6.08000009059906,0.475
6.090000090748072,0.462
6.100000090897083,0.454
6.110000091046095,0.459
6.120000091195107,0.456
6.130000091344118,0.452
6.14000009149313,0.446
6.150000091642141,0.443
6.1600000917911535,0.453
6.170000091940165,0.452
6.180000092089176,0.444
6.190000092238188,0.436
6.200000092387199,0.425
6.210000092536212,0.433
6.220000092685223,0.446
6.230000092834234,0.46
6.240000092983246,0.47
6.2500000931322575,0.483
6.26000009328127,0.516
6.270000093430281,0.549
6.280000093579292,0.579
6.290000093728304,0.604
6.300000093877316,0.63
6.310000094026328,0.641
6.320000094175339,0.648
6.33000009432435,0.654
6.340000094473362,0.657
6.350000094622374,0.658
6.360000094771386,0.659
6.370000094920397,0.663
6.380000095069408,0.673
6.39000009521842,0.679
6.400000095367432,0.683
6.410000095516444,0.699
6.420000095665455,0.705
6.430000095814466,0.687
6.440000095963478,0.677
6.45000009611249,0.671
6.460000096261502,0.68
6.470000096410513,0.691
6.480000096559524,0.709
6.4900000967085365,0.716
6.500000096857548,0.715
6.51000009700656,0.73
6.520000097155571,0.751
6.530000097304582,0.771
6.540000097453595,0.777
6.550000097602606,0.769
6.560000097751618,0.774
6.570000097900629,0.778
6.5800000980496405,0.787
6.590000098198653,0.791
6.600000098347664,0.79
6.610000098496676,0.779
6.620000098645687,0.765
6.6300000987946985,0.756
6.640000098943711,0.747
6.650000099092722,0.734
6.660000099241734,0.716
6.670000099390745,0.698
6.680000099539757,0.688
6.690000099688769,0.683
6.70000009983778,0.68
6.710000099986792,0.69
6.720000100135803,0.706
6.730000100284815,0.726
6.740000100433827,0.745
6.750000100582838,0.766
6.76000010073185,0.784
6.7700001008808615,0.802
6.780000101029873,0.794
6.790000101178885,0.793
6.800000101327896,0.803
6.810000101476908,0.79
6.82000010162592,0.761
6.830000101774931,0.743
6.840000101923943,0.73
6.850000102072954,0.73
6.860000102221966,0.735
6.870000102370978,0.748
6.880000102519989,0.736
6.890000102669001,0.72
6.900000102818012,0.717
6.910000102967024,0.716
6.920000103116036,0.716
6.930000103265047,0.693
6.940000103414059,0.667
6.95000010356307,0.653
6.960000103712082,0.646
6.970000103861094,0.647
6.980000104010105,0.65
6.990000104159117,0.656
7.000000104308128,0.674
7.0100001044571405,0.685
7.020000104606152,0.694
7.030000104755163,0.711
7.040000104904175,0.73
7.050000105053186,0.742
7.060000105202199,0.746
7.07000010535121,0.741
7.080000105500221,0.724
7.090000105649233,0.699
7.1000001057982445,0.687
7.110000105947257,0.679
7.120000106096268,0.665
7.130000106245279,0.642
7.140000106394291,0.614
7.150000106543303,0.596
7.160000106692315,0.585
7.170000106841326,0.58
7.180000106990337,0.584
7.190000107139349,0.597
7.200000107288361,0.594
7.210000107437373,0.585
7.220000107586384,0.576
7.230000107735395,0.572
7.240000107884407,0.573
7.250000108033419,0.577
7.260000108182431,0.577
7.270000108331442,0.566
7.280000108480453,0.553
7.2900001086294655,0.538
7.300000108778477,0.552
7.310000108927489,0.574
7.3200001090765,0.575
7.330000109225511,0.578
7.3400001093745235,0.581
7.350000109523535,0.594
7.360000109672547,0.612
7.370000109821558,0.632
7.380000109970569,0.647
7.390000110119582,0.649
7.400000110268593,0.66
7.410000110417605,0.677
7.420000110566616,0.676
7.4300001107156275,0.674
7.44000011086464,0.675
7.450000111013651,0.677
7.460000111162663,0.681
7.470000111311674,0.668
7.480000111460685,0.657
7.490000111609698,0.655
7.500000111758709,0.651
7.510000111907721,0.646
7.520000112056732,0.646
7.530000112205744,0.645
7.540000112354756,0.646
7.550000112503767,0.648
7.560000112652779,0.653
7.57000011280179,0.65
7.580000112950802,0.645
7.590000113099814,0.651
7.600000113248825,0.657
7.610000113397837,0.662
7.620000113546848,0.655
7.63000011369586,0.648
7.640000113844872,0.655
7.650000113993883,0.656
7.660000114142895,0.651
7.670000114291906,0.636
7.680000114440918,0.619
7.69000011458993,0.604
7.700000114738941,0.594
7.710000114887953,0.601
7.720000115036965,0.597
7.730000115185976,0.587
7.740000115334988,0.585
7.750000115483999,0.585
7.760000115633011,0.589
7.770000115782023,0.602
7.780000115931034,0.617
7.790000116080046,0.609
7.800000116229057,0.606
7.810000116378069,0.622
7.820000116527081,0.625
7.830000116676092,0.622
7.840000116825104,0.613
7.850000116974115,0.606
7.860000117123127,0.584
7.870000117272139,0.575
7.88000011742115,0.579
7.890000117570162,0.552
7.900000117719173,0.522
7.910000117868186,0.535
7.920000118017197,0.552
7.930000118166208,0.577
7.94000011831522,0.579
7.950000118464231,0.577
7.960000118613244,0.585
7.970000118762255,0.596
7.980000118911266,0.617
7.990000119060278,0.621
8.00000011920929,0.618
8.0100001193583,0.63
8.020000119507314,0.639
8.030000119656325,0.648
8.040000119805336,0.651
8.050000119954348,0.649
8.060000120103359,0.644
8.070000120252372,0.637
8.080000120401383,0.625
8.090000120550394,0.612
8.100000120699406,0.594
8.110000120848417,0.612
8.12000012099743,0.628
8.130000121146441,0.634
8.140000121295452,0.641
8.150000121444464,0.649
8.160000121593475,0.669
8.170000121742488,0.693
8.1800001218915,0.706
8.19000012204051,0.712
8.200000122189522,0.707
8.210000122338533,0.706
8.220000122487546,0.711
8.230000122636557,0.726
8.240000122785569,0.73
8.25000012293458,0.72
8.260000123083591,0.704
8.270000123232604,0.69
8.280000123381615,0.705
8.290000123530627,0.706
8.300000123679638,0.693
8.31000012382865,0.676
8.320000123977662,0.655
8.330000124126673,0.659
8.340000124275685,0.661
8.350000124424696,0.661
8.360000124573707,0.643
8.37000012472272,0.615
8.380000124871732,0.624
8.390000125020743,0.637
8.400000125169754,0.652
8.410000125318765,0.67
8.420000125467778,0.689
8.43000012561679,0.709
8.4400001257658,0.727
8.450000125914812,0.745
8.460000126063823,0.751
8.470000126212836,0.75
8.480000126361848,0.746
8.490000126510859,0.739
8.50000012665987,0.727
8.510000126808881,0.716
8.520000126957894,0.709
8.530000127106906,0.719
8.540000127255917,0.731
8.550000127404928,0.753
8.56000012755394,0.771
8.570000127702952,0.783
8.580000127851964,0.801
8.590000128000975,0.819
8.600000128149986,0.822
8.610000128298998,0.823
8.62000012844801,0.814
8.630000128597022,0.801
8.640000128746033,0.786
8.650000128895044,0.766
8.660000129044056,0.746
8.670000129193069,0.725
8.68000012934208,0.724
8.690000129491091,0.732
8.700000129640102,0.699
8.710000129789114,0.673
8.720000129938127,0.659
8.730000130087138,0.663
8.74000013023615,0.677
8.75000013038516,0.676
8.760000130534172,0.674
8.770000130683185,0.672
8.780000130832196,0.678
8.790000130981207,0.693
8.800000131130219,0.705
8.81000013127923,0.711
8.820000131428243,0.702
8.830000131577254,0.696
8.840000131726265,0.695
8.850000131875277,0.695
8.860000132024288,0.691
8.8700001321733,0.676
8.880000132322312,0.667
8.890000132471323,0.659
8.900000132620335,0.645
