time_min,absorb_mau
0.0,-0.227
0.0083333334575096,-0.233
0.0166666669150193,-0.235
0.025000000372529,-0.229
0.0333333338300387,-0.22
0.0416666672875483,-0.208
0.050000000745058,-0.199
0.0583333342025677,-0.196
0.0666666676600774,-0.19
0.075000001117587,-0.176
0.0833333345750967,-0.162
0.0916666680326064,-0.154
0.1000000014901161,-0.146
0.1083333349476258,-0.14
0.1166666684051354,-0.136
0.1250000018626451,-0.131
0.1333333353201548,-0.131
0.1416666687776645,-0.133
0.1500000022351741,-0.137
0.1583333356926838,-0.131
0.1666666691501935,-0.128
0.1750000026077032,-0.13
0.1833333360652129,-0.133
0.1916666695227225,-0.138
0.2000000029802322,-0.141
0.2083333364377419,-0.14
0.2166666698952516,-0.139
0.2250000033527612,-0.121
0.2333333368102709,-0.104
0.2416666702677806,-0.087
0.2500000037252903,-0.071
0.2583333371828,-0.064
0.2666666706403096,-0.057
0.2750000040978193,-0.049
0.283333337555329,-0.041
0.2916666710128387,-0.034
0.3000000044703483,-0.029
0.308333337927858,-0.03
0.3166666713853677,-0.031
0.3250000048428774,-0.034
0.3333333383003871,-0.038
0.3416666717578968,-0.04
0.3500000052154064,-0.042
0.3583333386729161,-0.054
0.3666666721304258,-0.064
0.3750000055879354,-0.069
0.3833333390454451,-0.075
0.3916666725029548,-0.073
0.4000000059604645,-0.07
0.4083333394179742,-0.085
0.4166666728754838,-0.1
0.4250000063329935,-0.109
0.4333333397905032,-0.117
0.4416666732480129,-0.115
0.4500000067055225,-0.111
0.4583333401630322,-0.113
0.4666666736205419,-0.118
0.4750000070780515,-0.132
0.4833333405355612,-0.147
0.4916666739930709,-0.151
0.5000000074505806,-0.152
0.5083333409080902,-0.144
0.5166666743656,-0.136
0.5250000078231096,-0.113
0.5333333412806193,-0.085
0.541666674738129,-0.018
0.5500000081956387,0.054
0.5583333416531483,0.178
0.566666675110658,0.323
0.5750000085681677,0.585
0.5833333420256774,0.869
0.5916666754831871,1.311
0.6000000089406967,1.83
0.6083333423982065,2.591
0.6166666758557161,3.493
0.6250000093132257,4.713
0.6333333427707355,6.15
0.6416666762282451,8.075
0.6500000096857548,10.363
0.6583333431432645,13.083
0.6666666766007742,16.244
0.6750000100582838,20.095
0.6833333435157936,24.634
0.6916666769733032,29.823
0.7000000104308128,35.851
0.7083333438883226,42.265
0.7166666773458322,49.545
0.7250000108033419,57.108
0.7333333442608516,65.596
0.7416666777183613,74.457
0.7500000111758709,83.496
0.7583333446333806,92.55
0.7666666780908903,102.237
0.7750000115483999,111.769
0.7833333450059097,120.65
0.7916666784634193,129.978
0.800000011920929,139.271
0.8083333453784387,147.932
0.8166666788359483,155.867
0.825000012293458,163.149
0.8333333457509677,170.161
0.8416666792084774,176.378
0.850000012665987,181.615
0.8583333461234968,186.069
0.8666666795810064,189.662
0.875000013038516,192.475
0.8833333464960258,194.169
0.8916666799535354,195.253
0.9000000134110451,195.307
0.9083333468685548,194.833
0.9166666803260644,193.474
0.925000013783574,191.604
0.933333347241084,188.919
0.9416666806985936,185.873
0.9500000141561032,182.302
0.9583333476136128,178.336
0.9666666810711224,173.854
0.9750000145286322,169.056
0.983333347986142,163.959
0.9916666814436516,158.585
1.0000000149011612,153.019
1.008333348358671,147.268
1.0166666818161805,141.606
1.0250000152736902,136.008
1.0333333487312,130.022
1.0416666821887095,124.147
1.0500000156462193,118.612
1.058333349103729,113.176
1.0666666825612383,107.668
1.0750000160187485,102.277
1.083333349476258,97.304
1.0916666829337676,92.431
1.100000016391277,87.567
1.108333349848787,82.808
1.1166666833062966,78.421
1.1250000167638063,74.125
1.133333350221316,69.952
1.1416666836788258,65.878
1.1500000171363354,62.314
1.1583333505938451,58.847
1.1666666840513549,55.54
1.1750000175088644,52.344
1.1833333509663742,49.538
1.191666684423884,46.84
1.2000000178813934,44.212
1.2083333513389032,41.717
1.216666684796413,39.501
1.2250000182539225,37.406
1.2333333517114322,35.34
1.241666685168942,33.405
1.2500000186264515,31.612
1.2583333520839612,29.936
1.266666685541471,28.2
1.2750000189989803,26.593
1.2833333524564905,25.093
1.291666685914,23.648
1.3000000193715096,22.312
1.3083333528290193,21.025
1.316666686286529,19.792
1.3250000197440386,18.601
1.3333333532015483,17.517
1.341666686659058,16.485
1.3500000201165676,15.559
1.3583333535740774,14.689
1.3666666870315871,13.89
1.3750000204890966,13.137
1.3833333539466064,12.423
1.391666687404116,11.742
1.4000000208616257,11.108
1.4083333543191354,10.51
1.4166666877766452,9.93
1.4250000212341547,9.374
1.4333333546916645,8.847
1.4416666881491742,8.35
1.4500000216066835,7.887
1.4583333550641937,7.453
1.4666666885217032,7.041
1.4750000219792128,6.653
1.4833333554367223,6.278
1.4916666888942325,5.924
1.5000000223517418,5.601
1.5083333558092515,5.307
1.5166666892667613,5.026
1.5250000227242708,4.768
1.5333333561817806,4.508
1.5416666896392903,4.259
1.5500000230968,4.006
1.5583333565543096,3.762
1.5666666900118194,3.529
1.5750000234693289,3.314
1.5833333569268386,3.101
1.5916666903843484,2.896
1.600000023841858,2.697
1.6083333572993677,2.512
1.6166666907568774,2.345
1.625000024214387,2.202
1.6333333576718967,2.063
1.6416666911294064,1.939
1.650000024586916,1.819
1.6583333580444255,1.71
1.6666666915019357,1.601
1.675000024959445,1.498
1.6833333584169548,1.399
1.6916666918744645,1.311
1.700000025331974,1.219
1.7083333587894838,1.123
1.7166666922469935,1.038
1.725000025704503,0.973
1.7333333591620128,0.908
1.7416666926195226,0.847
1.750000026077032,0.795
1.7583333595345418,0.76
1.7666666929920516,0.728
1.7750000264495611,0.699
1.7833333599070709,0.673
1.7916666933645806,0.654
1.80000002682209,0.628
1.8083333602796,0.587
1.8166666937371097,0.555
1.8250000271946192,0.545
1.833333360652129,0.529
1.841666694109639,0.495
1.850000027567148,0.466
1.858333361024658,0.446
1.866666694482168,0.421
1.8750000279396768,0.387
1.883333361397187,0.355
1.8916666948546967,0.346
1.9000000283122065,0.335
1.908333361769716,0.316
1.9166666952272255,0.295
1.9250000286847355,0.287
1.933333362142245,0.277
1.9416666955997548,0.25
1.9500000290572643,0.227
1.958333362514774,0.229
1.966666695972284,0.23
1.9750000294297931,0.233
1.983333362887303,0.236
1.9916666963448129,0.229
2.0000000298023224,0.224
2.008333363259832,0.23
2.016666696717342,0.234
2.0250000301748514,0.24
2.033333363632361,0.243
2.041666697089871,0.244
2.0500000305473804,0.245
2.05833336400489,0.241
2.0666666974624,0.237
2.075000030919909,0.231
2.083333364377419,0.224
2.091666697834929,0.227
2.1000000312924385,0.227
2.108333364749948,0.218
2.116666698207458,0.21
2.1250000316649675,0.196
2.133333365122477,0.183
2.141666698579987,0.163
2.150000032037497,0.143
2.158333365495006,0.14
2.166666698952516,0.138
2.1750000324100256,0.11
2.183333365867535,0.08
2.191666699325045,0.061
2.200000032782554,0.045
2.208333366240064,0.049
2.216666699697574,0.056
2.225000033155084,0.06
2.233333366612593,0.065
2.241666700070103,0.051
2.2500000335276127,0.034
2.258333366985122,0.035
2.266666700442632,0.041
2.2750000339001417,0.04
2.283333367357652,0.039
2.291666700815161,0.025
2.3000000342726707,0.005
2.3083333677301807,-0.006
2.3166667011876902,-0.016
2.3250000346452,-0.01
2.3333333681027097,0.001
2.3416667015602197,-0.011
2.350000035017729,-0.032
2.358333368475239,-0.043
2.3666667019327483,-0.05
2.375000035390258,-0.059
2.383333368847768,-0.069
2.3916667023052773,-0.08
2.400000035762787,-0.091
2.408333369220297,-0.114
2.4166667026778064,-0.144
2.425000036135316,-0.166
2.433333369592826,-0.178
2.4416667030503354,-0.186
2.450000036507845,-0.194
2.458333369965355,-0.2
2.4666667034228644,-0.204
2.475000036880374,-0.207
2.483333370337884,-0.21
2.491666703795393,-0.217
2.500000037252903,-0.224
2.508333370710413,-0.225
2.5166667041679225,-0.22
2.525000037625432,-0.216
2.533333371082942,-0.215
2.5416667045404515,-0.209
2.550000037997961,-0.199
2.558333371455471,-0.2
2.5666667049129805,-0.212
2.57500003837049,-0.211
2.583333371828,-0.192
2.5916667052855096,-0.18
2.600000038743019,-0.18
2.608333372200529,-0.18
2.6166667056580386,-0.181
2.625000039115548,-0.186
2.633333372573058,-0.196
2.641666706030568,-0.208
2.650000039488077,-0.214
2.658333372945587,-0.221
2.6666667064030967,-0.235
2.675000039860606,-0.24
2.683333373318116,-0.224
2.6916667067756257,-0.213
2.7000000402331352,-0.212
2.708333373690645,-0.208
2.7166667071481547,-0.205
2.7250000406056643,-0.2
2.7333333740631742,-0.181
2.741666707520684,-0.164
2.7500000409781933,-0.152
2.7583333744357037,-0.142
2.766666707893213,-0.152
2.7750000413507223,-0.159
2.7833333748082323,-0.162
2.791666708265742,-0.165
2.800000041723252,-0.175
2.8083333751807613,-0.182
2.816666708638271,-0.188
2.8250000420957804,-0.193
2.8333333755532903,-0.203
2.8416667090108,-0.211
2.8500000424683094,-0.201
2.85833337592582,-0.194
2.866666709383329,-0.194
2.8750000428408384,-0.193
2.8833333762983484,-0.163
2.891666709755858,-0.136
2.9000000432133675,-0.117
2.908333376670877,-0.101
2.916666710128387,-0.082
2.9250000435858965,-0.065
2.9333333770434065,-0.069
2.941666710500916,-0.074
2.950000043958425,-0.052
2.9583333774159355,-0.028
2.966666710873445,-0.039
2.9750000443309546,-0.052
2.9833333777884645,-0.065
2.991666711245974,-0.077
3.000000044703484,-0.077
3.0083333781609936,-0.076
3.016666711618503,-0.072
3.0250000450760126,-0.067
3.0333333785335226,-0.085
3.041666711991032,-0.108
3.0500000454485416,-0.111
3.058333378906052,-0.109
3.066666712363561,-0.11
3.0750000458210707,-0.111
3.0833333792785806,-0.114
3.09166671273609,-0.12
3.1000000461936,-0.129
3.1083333796511097,-0.139
3.116666713108619,-0.141
3.1250000465661287,-0.14
3.1333333800236387,-0.141
3.141666713481148,-0.144
3.1500000469386578,-0.144
3.158333380396168,-0.14
3.1666667138536773,-0.141
3.175000047311187,-0.145
3.1833333807686968,-0.136
3.1916667142262063,-0.122
3.200000047683716,-0.105
3.208333381141226,-0.085
3.2166667145987358,-0.073
3.225000048056245,-0.065
3.233333381513755,-0.056
3.2416667149712644,-0.047
3.250000048428774,-0.03
3.258333381886284,-0.008
3.2666667153437934,0.002
3.275000048801303,0.004
3.283333382258813,0.002
3.2916667157163224,-0.004
3.300000049173832,0.0
3.308333382631342,0.011
3.3166667160888514,0.018
3.325000049546361,0.022
3.333333383003871,0.026
3.3416667164613805,0.029
3.35000004991889,0.03
3.3583333833764,0.03
3.366666716833909,0.029
3.375000050291419,0.027
3.383333383748929,0.023
3.3916667172064385,0.011
3.400000050663948,0.0
3.408333384121458,-0.008
3.416666717578968,-0.017
3.425000051036477,-0.031
3.433333384493987,-0.041
3.4416667179514966,-0.042
3.450000051409006,-0.03
3.458333384866516,-0.002
3.4666667183240256,0.019
3.475000051781535,0.025
3.483333385239045,0.037
3.491666718696554,0.055
3.500000052154064,0.072
3.508333385611574,0.085
3.516666719069084,0.102
3.525000052526593,0.119
3.533333385984103,0.133
3.5416667194416127,0.124
3.5500000528991222,0.122
3.558333386356632,0.139
3.5666667198141417,0.157
3.5750000532716517,0.166
3.583333386729161,0.176
3.5916667201866708,0.179
3.6000000536441803,0.177
3.6083333871016894,0.165
3.6166667205592,0.158
3.625000054016709,0.164
3.6333333874742193,0.173
3.641666720931729,0.18
3.6500000543892384,0.189
3.658333387846748,0.194
3.666666721304258,0.199
3.675000054761768,0.2
3.683333388219277,0.202
3.691666721676787,0.21
3.700000055134296,0.218
3.7083333885918064,0.21
3.716666722049316,0.203
3.7250000555068254,0.181
3.733333388964336,0.16
3.741666722421845,0.133
3.7500000558793545,0.107
3.758333389336864,0.097
3.766666722794374,0.088
3.775000056251884,0.095
3.7833333897093935,0.1
3.791666723166903,0.098
3.800000056624413,0.095
3.8083333900819225,0.095
3.816666723539432,0.097
3.8250000569969416,0.091
3.833333390454452,0.087
3.841666723911961,0.079
3.850000057369471,0.07
3.858333390826981,0.053
3.86666672428449,0.034
3.875000057742,0.023
3.8833333911995096,0.013
3.891666724657019,-0.004
3.9000000581145287,-0.022
3.908333391572039,-0.035
3.916666725029548,-0.045
3.9250000584870577,-0.055
3.933333391944568,-0.065
3.941666725402077,-0.074
3.9500000588595863,-0.083
3.9583333923170967,-0.1
3.966666725774606,-0.119
3.975000059232116,-0.123
3.9833333926896257,-0.121
3.9916667261471352,-0.116
4.000000059604645,-0.108
4.008333393062155,-0.108
4.016666726519664,-0.112
4.025000059977174,-0.114
4.033333393434684,-0.117
4.041666726892193,-0.114
4.050000060349703,-0.107
4.058333393807213,-0.113
4.066666727264722,-0.126
4.075000060722232,-0.132
4.083333394179742,-0.136
4.091666727637251,-0.138
4.100000061094761,-0.137
4.108333394552271,-0.137
4.11666672800978,-0.139
4.12500006146729,-0.142
4.1333333949248,-0.146
4.141666728382309,-0.153
4.150000061839819,-0.159
4.158333395297329,-0.164
4.166666728754838,-0.171
4.175000062212348,-0.175
4.183333395669858,-0.178
4.191666729127367,-0.179
4.200000062584877,-0.179
4.208333396042387,-0.189
4.216666729499896,-0.207
4.225000062957406,-0.216
4.233333396414916,-0.212
4.241666729872425,-0.21
4.250000063329935,-0.213
4.258333396787445,-0.22
4.266666730244954,-0.234
4.275000063702464,-0.242
4.283333397159974,-0.241
4.291666730617483,-0.238
4.300000064074993,-0.229
4.308333397532503,-0.219
4.316666730990012,-0.213
4.325000064447522,-0.208
4.333333397905032,-0.206
4.341666731362541,-0.203
4.350000064820051,-0.191
4.358333398277561,-0.179
4.36666673173507,-0.181
4.37500006519258,-0.181
4.38333339865009,-0.169
4.391666732107599,-0.163
4.400000065565109,-0.169
4.408333399022619,-0.173
4.416666732480128,-0.177
4.425000065937638,-0.179
4.433333399395148,-0.186
4.441666732852657,-0.192
4.450000066310167,-0.213
4.458333399767677,-0.233
4.466666733225186,-0.254
4.475000066682696,-0.274
4.483333400140206,-0.279
4.491666733597715,-0.283
4.500000067055225,-0.283
4.508333400512735,-0.285
4.516666733970244,-0.289
4.525000067427754,-0.293
4.533333400885264,-0.288
4.5416667343427735,-0.281
4.550000067800283,-0.265
4.558333401257793,-0.248
4.566666734715303,-0.241
4.5750000681728125,-0.232
4.583333401630322,-0.226
4.591666735087832,-0.22
4.6000000685453415,-0.214
4.608333402002852,-0.207
4.616666735460361,-0.208
4.625000068917871,-0.209
4.6333334023753805,-0.211
4.6416667358328905,-0.214
4.6500000692904,-0.22
4.6583334027479095,-0.226
4.66666673620542,-0.226
4.675000069662929,-0.228
4.683333403120439,-0.219
4.6916667365779485,-0.208
4.700000070035458,-0.198
4.708333403492968,-0.186
4.716666736950478,-0.17
4.725000070407987,-0.156
4.733333403865497,-0.16
4.741666737323007,-0.166
4.750000070780516,-0.177
4.758333404238026,-0.191
4.766666737695536,-0.196
4.775000071153045,-0.201
4.783333404610555,-0.217
4.791666738068065,-0.234
4.800000071525574,-0.252
4.808333404983084,-0.272
4.816666738440594,-0.275
4.825000071898103,-0.27
4.833333405355613,-0.267
4.841666738813123,-0.265
4.850000072270632,-0.267
4.858333405728142,-0.271
4.866666739185652,-0.269
4.875000072643161,-0.262
4.883333406100671,-0.263
4.891666739558181,-0.267
4.90000007301569,-0.258
4.9083334064732,-0.242
4.91666673993071,-0.223
4.925000073388219,-0.202
4.933333406845729,-0.195
4.941666740303239,-0.195
4.950000073760748,-0.19
4.958333407218258,-0.179
4.966666740675768,-0.168
4.975000074133277,-0.155
4.983333407590787,-0.156
4.991666741048297,-0.17
5.000000074505806,-0.185
5.008333407963316,-0.203
5.016666741420826,-0.217
5.025000074878335,-0.223
5.033333408335845,-0.227
5.041666741793355,-0.231
5.050000075250864,-0.237
5.058333408708374,-0.245
5.066666742165884,-0.251
5.075000075623393,-0.253
5.083333409080903,-0.261
5.091666742538413,-0.277
5.100000075995922,-0.289
5.108333409453432,-0.291
5.116666742910942,-0.297
5.125000076368451,-0.307
5.133333409825961,-0.317
5.141666743283471,-0.322
5.15000007674098,-0.323
5.15833341019849,-0.318
5.166666743656,-0.306
5.175000077113509,-0.279
5.183333410571019,-0.257
5.191666744028529,-0.241
5.200000077486038,-0.229
5.208333410943548,-0.219
5.216666744401058,-0.205
5.225000077858567,-0.195
5.233333411316077,-0.183
5.241666744773587,-0.185
5.250000078231096,-0.186
5.258333411688606,-0.196
5.266666745146116,-0.204
5.275000078603625,-0.2
5.283333412061135,-0.198
5.291666745518645,-0.202
5.300000078976154,-0.202
5.308333412433664,-0.196
5.316666745891174,-0.192
5.325000079348683,-0.191
5.333333412806193,-0.19
5.341666746263703,-0.183
5.350000079721212,-0.175
5.358333413178722,-0.186
5.366666746636232,-0.193
5.375000080093741,-0.175
5.383333413551251,-0.156
5.391666747008761,-0.169
5.4000000804662704,-0.18
5.40833341392378,-0.172
5.41666674738129,-0.163
5.4250000808388,-0.159
5.433333414296309,-0.157
5.441666747753819,-0.138
5.4500000812113285,-0.119
5.458333414668839,-0.122
5.4666667481263485,-0.128
5.4750000815838575,-0.118
5.483333415041368,-0.106
5.4916667484988775,-0.098
5.500000081956387,-0.091
5.5083334154138965,-0.086
5.516666748871407,-0.081
5.525000082328916,-0.08
5.533333415786426,-0.08
5.541666749243936,-0.071
5.550000082701445,-0.06
5.558333416158955,-0.06
5.566666749616465,-0.062
5.575000083073974,-0.067
5.583333416531484,-0.074
5.591666749988994,-0.078
5.600000083446503,-0.081
5.608333416904013,-0.085
5.616666750361523,-0.09
5.625000083819032,-0.1
5.633333417276542,-0.112
5.641666750734052,-0.126
5.650000084191561,-0.139
5.658333417649071,-0.148
5.666666751106581,-0.155
5.67500008456409,-0.156
5.6833334180216,-0.155
5.69166675147911,-0.173
5.700000084936619,-0.199
5.708333418394129,-0.215
5.716666751851639,-0.226
5.725000085309148,-0.23
5.733333418766658,-0.227
5.741666752224168,-0.23
5.750000085681677,-0.237
5.758333419139187,-0.24
5.766666752596697,-0.244
5.775000086054206,-0.234
5.783333419511716,-0.208
5.791666752969226,-0.192
5.800000086426735,-0.188
5.808333419884245,-0.18
5.816666753341755,-0.17
5.825000086799264,-0.155
5.833333420256774,-0.135
5.841666753714284,-0.127
5.850000087171793,-0.134
5.858333420629303,-0.141
5.866666754086813,-0.149
5.875000087544322,-0.158
5.883333421001832,-0.163
5.891666754459342,-0.168
5.900000087916851,-0.175
5.908333421374361,-0.181
5.916666754831871,-0.188
5.92500008828938,-0.2
5.93333342174689,-0.215
5.9416667552044,-0.227
5.950000088661909,-0.233
5.958333422119419,-0.238
5.966666755576929,-0.232
5.975000089034438,-0.226
5.983333422491948,-0.223
5.991666755949458,-0.217
6.000000089406967,-0.209
6.008333422864477,-0.201
6.016666756321987,-0.182
6.025000089779496,-0.163
6.033333423237006,-0.145
6.041666756694516,-0.131
6.050000090152025,-0.131
6.058333423609535,-0.13
6.066666757067045,-0.133
6.075000090524554,-0.135
6.083333423982064,-0.143
6.091666757439574,-0.149
6.100000090897083,-0.137
6.108333424354593,-0.129
6.116666757812103,-0.133
6.125000091269612,-0.137
6.133333424727122,-0.13
6.141666758184632,-0.122
6.150000091642141,-0.117
6.158333425099651,-0.109
6.166666758557161,-0.093
6.17500009201467,-0.078
6.18333342547218,-0.073
6.19166675892969,-0.068
6.200000092387199,-0.06
6.208333425844709,-0.052
6.216666759302219,-0.049
6.225000092759728,-0.046
6.233333426217238,-0.036
6.241666759674748,-0.027
6.2500000931322575,-0.034
6.258333426589767,-0.042
6.266666760047277,-0.057
6.2750000935047865,-0.072
6.2833334269622965,-0.079
6.291666760419806,-0.085
6.300000093877316,-0.062
6.3083334273348255,-0.039
6.316666760792336,-0.042
6.3250000942498446,-0.048
6.3333334277073545,-0.052
6.3416667611648645,-0.055
6.350000094622374,-0.053
6.358333428079884,-0.049
6.3666667615373935,-0.049
6.375000094994903,-0.049
6.383333428452413,-0.068
6.391666761909923,-0.094
6.400000095367432,-0.1
6.408333428824942,-0.099
6.416666762282452,-0.098
6.425000095739961,-0.097
6.433333429197471,-0.107
6.441666762654981,-0.118
6.45000009611249,-0.139
6.45833342957,-0.162
6.46666676302751,-0.176
6.475000096485019,-0.187
6.483333429942529,-0.2
6.491666763400039,-0.215
6.500000096857548,-0.232
6.508333430315058,-0.248
6.516666763772568,-0.257
6.525000097230077,-0.26
6.533333430687587,-0.26
6.541666764145097,-0.255
6.550000097602606,-0.261
6.558333431060116,-0.277
6.566666764517626,-0.286
6.575000097975135,-0.291
6.583333431432645,-0.286
6.591666764890155,-0.272
6.600000098347664,-0.264
6.608333431805174,-0.26
6.616666765262684,-0.244
6.625000098720193,-0.219
6.633333432177703,-0.193
6.641666765635213,-0.168
6.650000099092722,-0.145
6.658333432550232,-0.128
6.666666766007742,-0.123
6.675000099465251,-0.136
6.683333432922761,-0.131
6.691666766380271,-0.102
6.70000009983778,-0.082
6.70833343329529,-0.081
6.7166667667528,-0.081
6.725000100210309,-0.082
6.733333433667819,-0.08
6.741666767125329,-0.076
6.750000100582838,-0.061
6.758333434040348,-0.03
6.766666767497858,-0.008
6.775000100955367,-0.013
6.783333434412877,-0.017
6.791666767870387,-0.008
6.800000101327896,0.0
6.808333434785406,0.011
6.816666768242916,0.021
6.825000101700425,0.019
6.833333435157935,0.017
6.841666768615445,0.006
6.850000102072954,-0.005
6.858333435530464,-0.02
6.866666768987974,-0.03
6.875000102445483,-0.041
6.883333435902993,-0.046
6.891666769360503,-0.041
6.900000102818012,-0.035
6.908333436275522,-0.022
6.916666769733032,-0.007
6.925000103190541,0.0
6.933333436648051,0.011
6.941666770105561,0.026
6.95000010356307,0.042
6.95833343702058,0.045
6.96666677047809,0.05
6.975000103935599,0.05
6.983333437393109,0.052
6.991666770850619,0.06
7.000000104308128,0.066
7.008333437765638,0.063
7.016666771223148,0.061
7.025000104680657,0.074
7.033333438138167,0.085
7.041666771595677,0.091
7.050000105053186,0.096
7.058333438510696,0.089
7.066666771968206,0.081
7.0750001054257154,0.081
7.083333438883225,0.079
7.091666772340735,0.084
7.1000001057982445,0.089
7.108333439255754,0.08
7.116666772713264,0.069
7.1250001061707735,0.075
7.133333439628284,0.083
7.1416667730857935,0.087
7.150000106543303,0.093
7.1583334400008125,0.098
7.1666667734583225,0.1
7.175000106915832,0.097
7.1833334403733415,0.094
7.191666773830852,0.09
7.200000107288361,0.087
7.208333440745871,0.078
7.216666774203379,0.066
7.22500010766089,0.063
7.2333334411184,0.063
7.24166677457591,0.055
7.250000108033419,0.044
7.258333441490929,0.042
7.266666774948439,0.044
7.275000108405948,0.047
7.283333441863458,0.05
7.291666775320968,0.061
7.300000108778477,0.074
7.308333442235987,0.08
7.316666775693497,0.084
7.325000109151006,0.092
7.333333442608516,0.101
7.341666776066026,0.102
7.350000109523535,0.099
7.358333442981045,0.102
7.366666776438555,0.109
7.375000109896064,0.114
7.383333443353574,0.116
7.391666776811084,0.116
7.400000110268593,0.116
7.408333443726103,0.112
7.416666777183613,0.106
