time_min,absorb_mau
0.0,0.0
0.0300000004470348,0.019
0.0600000008940696,0.07
0.0900000013411045,0.068
0.1200000017881393,0.127
0.1500000022351741,0.392
0.180000002682209,0.773
0.2100000031292438,0.91
0.2400000035762786,0.747
0.2700000040233135,0.52
0.3000000044703483,0.396
0.3300000049173832,0.273
0.360000005364418,0.208
0.3900000058114529,0.198
0.4200000062584877,0.236
0.4500000067055225,0.241
0.4800000071525573,0.26
0.5100000075995922,0.343
0.5400000080466271,0.515
0.570000008493662,0.582
0.6000000089406967,0.529
0.6300000093877316,0.482
0.6600000098347664,0.583
0.6900000102818012,0.921
0.7200000107288361,1.41
0.7500000111758709,2.03
0.7800000116229058,2.526
0.8100000120699405,2.814
0.8400000125169754,2.95
0.8700000129640103,2.995
0.9000000134110451,3.029
0.93000001385808,3.083
0.9600000143051148,3.231
0.9900000147521496,3.385
1.0200000151991844,3.56
1.0500000156462193,3.764
1.080000016093254,4.003
1.110000016540289,4.271
1.140000016987324,4.538
1.1700000174343586,4.842
1.2000000178813934,5.107
1.2300000183284283,5.413
1.2600000187754632,5.713
1.290000019222498,6.037
1.3200000196695327,6.293
1.3500000201165676,6.564
1.3800000205636025,6.84
1.4100000210106374,7.126
1.4400000214576725,7.429
1.470000021904707,7.725
1.5000000223517418,8.059
1.530000022798777,8.371
1.5600000232458116,8.652
1.5900000236928464,8.927
1.620000024139881,9.188
1.650000024586916,9.481
1.6800000250339509,9.791
1.7100000254809855,10.102
1.7400000259280206,10.398
1.7700000263750553,10.67
1.80000002682209,10.984
1.830000027269125,11.33
1.86000002771616,11.604
1.8900000281631948,11.898
1.9200000286102292,12.193
1.9500000290572643,12.526
1.9800000295042992,12.85
2.010000029951334,13.129
2.0400000303983687,13.396
2.070000030845404,13.673
2.1000000312924385,13.956
2.1300000317394736,14.201
2.1600000321865083,14.425
2.190000032633543,14.603
2.220000033080578,14.792
2.2500000335276127,14.97
2.280000033974648,15.164
2.3100000344216824,15.322
2.340000034868717,15.493
2.370000035315752,15.663
2.400000035762787,15.832
2.430000036209822,15.965
2.4600000366568566,16.086
2.4900000371038917,16.236
2.5200000375509264,16.379
2.550000037997961,16.459
2.580000038444996,16.534
2.610000038892031,16.642
2.640000039339065,16.786
2.670000039786101,16.895
2.7000000402331352,16.996
2.7300000406801703,17.093
2.760000041127205,17.189
2.79000004157424,17.303
2.8200000420212747,17.391
2.8500000424683094,17.503
2.8800000429153445,17.558
2.910000043362379,17.633
2.940000043809414,17.643
2.970000044256449,17.669
3.000000044703484,17.68
3.0300000451505187,17.726
3.0600000455975533,17.747
3.090000046044588,17.732
3.120000046491623,17.701
3.1500000469386578,17.677
3.180000047385693,17.656
3.2100000478327275,17.692
3.240000048279762,17.767
3.2700000487267973,17.834
3.300000049173832,17.84
3.330000049620867,17.837
3.3600000500679017,17.821
3.3900000505149364,17.849
3.4200000509619715,17.917
3.450000051409006,18.04
3.480000051856041,18.196
3.510000052303076,18.306
3.5400000527501105,18.368
3.5700000531971456,18.418
3.6000000536441803,18.443
3.630000054091216,18.463
3.66000005453825,18.496
3.6900000549852847,18.499
3.72000005543232,18.472
3.7500000558793545,18.437
3.7800000563263896,18.428
3.810000056773424,18.448
3.840000057220459,18.442
3.870000057667494,18.428
3.9000000581145287,18.403
3.930000058561564,18.416
3.9600000590085984,18.445
3.990000059455633,18.46
4.020000059902668,18.46
4.050000060349703,18.439
4.0800000607967375,18.415
4.110000061243773,18.387
4.140000061690808,18.361
4.170000062137842,18.383
4.200000062584877,18.425
4.230000063031912,18.476
4.260000063478947,18.55
4.290000063925982,18.639
4.3200000643730165,18.708
4.350000064820051,18.703
4.380000065267086,18.625
4.410000065714121,18.564
4.440000066161156,18.515
4.470000066608191,18.472
4.500000067055225,18.463
4.53000006750226,18.467
4.560000067949296,18.496
4.59000006839633,18.485
4.620000068843365,18.473
4.6500000692904,18.452
4.680000069737434,18.453
4.71000007018447,18.443
4.740000070631504,18.425
4.770000071078539,18.364
4.800000071525574,18.343
4.830000071972608,18.332
4.860000072419644,18.389
4.890000072866679,18.378
4.920000073313713,18.388
4.950000073760748,18.334
4.980000074207783,18.301
5.010000074654818,18.255
5.040000075101853,18.201
5.070000075548887,18.11
5.100000075995922,18.012
5.130000076442957,17.941
5.160000076889992,17.9
5.190000077337027,17.879
5.220000077784062,17.856
5.250000078231096,17.769
5.280000078678131,17.654
5.310000079125167,17.52
5.340000079572201,17.447
5.370000080019236,17.364
5.4000000804662704,17.285
5.430000080913305,17.178
5.460000081360341,17.097
5.490000081807375,17.035
5.52000008225441,16.94
5.550000082701445,16.853
5.580000083148479,16.811
5.610000083595515,16.805
5.6400000840425495,16.769
5.670000084489584,16.724
5.700000084936619,16.647
5.7300000853836535,16.568
5.760000085830689,16.466
5.790000086277724,16.4
5.820000086724758,16.329
5.850000087171793,16.231
5.880000087618828,16.068
5.910000088065863,15.896
5.940000088512898,15.725
5.9700000889599325,15.562
6.000000089406967,15.442
6.030000089854002,15.325
6.060000090301037,15.23
6.090000090748072,15.116
6.120000091195107,15.044
6.150000091642141,14.98
6.180000092089176,14.931
6.210000092536212,14.879
6.240000092983246,14.822
6.270000093430281,14.756
6.300000093877316,14.701
6.33000009432435,14.628
6.360000094771386,14.566
6.39000009521842,14.485
6.420000095665455,14.402
6.45000009611249,14.35
6.480000096559524,14.297
6.51000009700656,14.275
6.540000097453595,14.208
6.570000097900629,14.142
6.600000098347664,14.053
6.6300000987946985,13.981
6.660000099241734,13.883
6.690000099688769,13.792
6.720000100135803,13.725
6.750000100582838,13.668
6.780000101029873,13.563
6.810000101476908,13.494
6.840000101923943,13.384
6.870000102370978,13.326
6.900000102818012,13.223
6.930000103265047,13.147
6.960000103712082,13.062
6.990000104159117,13.028
7.020000104606152,12.995
7.050000105053186,12.959
7.080000105500221,12.941
7.110000105947257,12.925
7.140000106394291,12.889
7.170000106841326,12.841
7.200000107288361,12.838
7.230000107735395,12.858
7.260000108182431,12.847
7.2900001086294655,12.801
7.3200001090765,12.745
7.350000109523535,12.72
7.380000109970569,12.692
7.410000110417605,12.698
7.44000011086464,12.667
7.470000111311674,12.592
7.500000111758709,12.475
7.530000112205744,12.363
7.560000112652779,12.256
7.590000113099814,12.141
7.620000113546848,12.015
7.650000113993883,11.883
7.680000114440918,11.781
7.710000114887953,11.696
7.740000115334988,11.632
7.770000115782023,11.605
7.800000116229057,11.566
7.830000116676092,11.522
7.860000117123127,11.453
7.890000117570162,11.402
7.920000118017197,11.322
7.950000118464231,11.21
7.980000118911266,11.079
8.0100001193583,10.954
8.040000119805336,10.894
8.070000120252372,10.827
8.100000120699406,10.756
8.130000121146441,10.58
8.160000121593475,10.436
8.19000012204051,10.327
8.220000122487546,10.273
8.25000012293458,10.197
8.280000123381615,10.129
8.31000012382865,10.103
8.340000124275685,10.022
8.37000012472272,9.934
8.400000125169754,9.861
8.43000012561679,9.791
8.460000126063823,9.704
8.490000126510859,9.584
8.520000126957894,9.485
8.550000127404928,9.4
8.580000127851964,9.299
8.610000128298998,9.19
8.640000128746033,9.076
8.670000129193069,8.967
8.700000129640102,8.89
8.730000130087138,8.805
8.760000130534172,8.719
8.790000130981207,8.607
8.820000131428243,8.532
8.850000131875277,8.457
8.880000132322312,8.378
8.910000132769346,8.308
8.940000133216381,8.24
8.970000133663417,8.2
9.00000013411045,8.135
9.030000134557486,8.03
9.06000013500452,7.933
9.090000135451556,7.837
9.120000135898591,7.806
9.150000136345623,7.77
9.18000013679266,7.754
9.210000137239694,7.733
9.24000013768673,7.682
9.270000138133764,7.633
9.3000001385808,7.572
9.330000139027836,7.513
9.360000139474868,7.449
9.390000139921904,7.359
9.42000014036894,7.271
9.450000140815972,7.203
9.480000141263009,7.148
9.510000141710044,7.083
9.540000142157078,7.008
9.570000142604114,6.942
9.600000143051147,6.899
9.630000143498185,6.885
9.660000143945217,6.817
9.690000144392252,6.769
9.720000144839288,6.659
9.750000145286322,6.614
9.780000145733355,6.542
9.810000146180393,6.501
9.840000146627428,6.46
9.870000147074462,6.39
9.900000147521496,6.312
9.930000147968531,6.241
9.960000148415563,6.189
9.9900001488626,6.162
10.020000149309636,6.119
10.05000014975667,6.08
10.080000150203706,6.037
10.11000015065074,6.01
10.140000151097777,5.977
10.17000015154481,5.922
10.200000151991844,5.889
10.23000015243888,5.838
10.260000152885912,5.789
10.290000153332947,5.714
10.320000153779985,5.641
10.350000154227018,5.595
10.380000154674054,5.533
10.410000155121088,5.479
10.440000155568123,5.394
10.47000015601516,5.353
10.500000156462193,5.33
10.530000156909228,5.258
10.560000157356262,5.218
10.590000157803296,5.187
10.620000158250331,5.197
10.650000158697368,5.164
10.680000159144402,5.145
10.710000159591436,5.078
10.740000160038472,5.009
10.770000160485507,4.952
10.80000016093254,4.931
10.830000161379576,4.845
10.86000016182661,4.815
10.890000162273646,4.786
10.92000016272068,4.805
10.950000163167717,4.779
10.98000016361475,4.695
11.010000164061784,4.633
11.04000016450882,4.592
11.070000164955855,4.613
11.10000016540289,4.588
11.130000165849925,4.587
11.16000016629696,4.546
11.190000166743994,4.498
11.22000016719103,4.393
11.250000167638063,4.314
11.2800001680851,4.248
11.310000168532133,4.207
11.340000168979168,4.134
11.370000169426204,4.059
11.400000169873238,3.988
11.430000170320271,3.926
11.460000170767309,3.876
11.490000171214342,3.808
11.520000171661378,3.738
11.550000172108412,3.678
11.580000172555447,3.641
11.61000017300248,3.604
11.640000173449517,3.554
11.670000173896552,3.516
11.700000174343586,3.499
11.730000174790622,3.475
11.760000175237655,3.465
11.79000017568469,3.448
11.820000176131726,3.447
11.85000017657876,3.429
11.880000177025796,3.382
11.91000017747283,3.343
11.940000177919863,3.283
11.9700001783669,3.237
12.000000178813934,3.206
12.03000017926097,3.176
12.060000179708004,3.174
12.09000018015504,3.124
12.120000180602077,3.071
12.150000181049109,2.98
12.180000181496144,2.99
12.210000181943178,3.007
12.240000182390212,3.049
12.270000182837247,3.017
12.300000183284284,2.945
12.330000183731318,2.865
12.360000184178352,2.815
12.390000184625388,2.781
12.420000185072425,2.749
12.450000185519457,2.723
12.480000185966492,2.716
12.510000186413526,2.737
12.540000186860562,2.705
12.570000187307595,2.682
12.600000187754633,2.647
12.630000188201668,2.644
12.6600001886487,2.636
12.690000189095736,2.61
12.720000189542771,2.59
12.750000189989803,2.545
12.78000019043684,2.538
12.810000190883876,2.515
12.84000019133091,2.555
12.870000191777946,2.521
12.90000019222498,2.517
12.930000192672017,2.494
12.960000193119049,2.475
12.990000193566084,2.509
13.02000019401312,2.468
13.050000194460154,2.447
13.08000019490719,2.415
13.110000195354225,2.407
13.140000195801258,2.379
13.170000196248294,2.348
13.200000196695328,2.342
13.230000197142363,2.33
13.260000197589395,2.296
13.290000198036433,2.246
13.320000198483468,2.224
13.350000198930502,2.225
13.380000199377536,2.193
13.410000199824571,2.162
13.440000200271609,2.129
13.470000200718642,2.155
13.500000201165676,2.183
13.530000201612712,2.182
13.560000202059744,2.151
13.59000020250678,2.156
13.620000202953817,2.152
13.65000020340085,2.165
13.680000203847886,2.162
13.71000020429492,2.179
13.740000204741955,2.204
13.77000020518899,2.196
13.800000205636024,2.202
13.83000020608306,2.182
13.860000206530094,2.213
13.89000020697713,2.203
13.920000207424165,2.198
13.9500002078712,2.201
13.980000208318234,2.186
14.010000208765268,2.196
14.040000209212304,2.168
14.07000020965934,2.162
14.100000210106373,2.11
14.130000210553408,2.036
14.160000211000442,1.988
14.190000211447478,1.935
14.220000211894511,1.935
14.250000212341549,1.944
14.280000212788584,1.977
14.310000213235616,2.01
14.340000213682652,2.026
14.370000214129687,2.021
14.40000021457672,2.015
14.430000215023757,2.001
14.46000021547079,1.998
14.490000215917826,1.972
14.520000216364862,1.955
14.550000216811895,1.952
14.580000217258933,1.987
14.610000217705965,2.008
14.640000218153,1.963
14.670000218600036,1.908
14.70000021904707,1.864
14.730000219494103,1.882
14.76000021994114,1.899
14.790000220388174,1.874
14.82000022083521,1.859
14.850000221282244,1.837
14.88000022172928,1.836
14.910000222176311,1.788
14.940000222623349,1.791
14.970000223070384,1.832
15.000000223517418,1.91
15.030000223964452,1.968
15.060000224411487,2.044
15.090000224858525,2.13
15.120000225305558,2.181
15.150000225752592,2.153
15.180000226199628,2.087
15.21000022664666,2.07
15.240000227093695,2.078
15.270000227540732,2.111
15.300000227987766,2.136
15.330000228434802,2.116
15.360000228881836,2.042
15.390000229328871,1.988
15.420000229775908,1.954
15.45000023022294,1.959
15.480000230669976,1.989
15.51000023111701,2.009
15.540000231564044,2.0
15.57000023201108,1.978
15.600000232458116,1.977
15.63000023290515,1.989
15.660000233352184,2.021
15.69000023379922,2.035
15.720000234246257,2.047
15.750000234693289,2.07
15.780000235140324,2.072
15.810000235587358,2.07
15.840000236034394,2.077
15.87000023648143,2.106
15.900000236928465,2.11
15.9300002373755,2.158
15.960000237822532,2.179
15.990000238269568,2.197
16.0200002387166,2.166
16.050000239163637,2.115
16.080000239610673,2.106
16.11000024005771,2.078
16.140000240504744,2.06
16.170000240951776,1.983
16.20000024139881,1.935
16.230000241845847,1.957
16.260000242292882,1.971
16.290000242739918,1.979
16.32000024318695,1.95
16.350000243633986,1.981
16.38000024408102,2.025
16.410000244528057,2.008
16.440000244975092,1.979
16.470000245422124,1.942
16.50000024586916,1.939
16.530000246316195,1.886
16.56000024676323,1.877
16.590000247210266,1.876
16.6200002476573,1.91
16.650000248104334,1.905
16.68000024855137,1.897
16.710000248998405,1.908
16.74000024944544,1.925
16.770000249892473,1.902
16.800000250339508,1.865
16.830000250786544,1.791
16.86000025123358,1.743
16.890000251680615,1.699
16.920000252127647,1.716
16.950000252574682,1.696
16.980000253021718,1.642
17.010000253468753,1.653
17.04000025391579,1.684
17.07000025436282,1.764
17.100000254809856,1.776
17.130000255256892,1.79
17.160000255703928,1.766
17.190000256150963,1.724
17.220000256597995,1.708
17.25000025704503,1.726
17.280000257492066,1.763
17.3100002579391,1.786
17.340000258386137,1.769
17.37000025883317,1.764
17.400000259280205,1.768
17.43000025972724,1.803
17.460000260174276,1.848
17.49000026062131,1.827
17.520000261068343,1.827
17.55000026151538,1.805
17.580000261962414,1.85
17.61000026240945,1.889
17.640000262856486,1.913
17.670000263303518,1.928
17.700000263750553,1.892
17.73000026419759,1.839
17.760000264644624,1.775
17.79000026509166,1.786
17.82000026553869,1.797
17.850000265985727,1.863
17.880000266432763,1.933
17.9100002668798,2.027
17.940000267326834,2.045
17.970000267773866,2.034
18.0000002682209,2.001
18.030000268667937,1.972
18.060000269114973,1.93
18.090000269562008,1.897
18.12000027000904,1.872
18.15000027045608,1.852
18.18000027090311,1.83
18.210000271350147,1.789
18.240000271797182,1.794
18.27000027224421,1.824
18.30000027269125,1.867
18.330000273138285,1.905
18.36000027358532,1.933
18.39000027403236,1.905
18.42000027447939,1.889
18.450000274926424,1.881
18.48000027537346,1.891
18.51000027582049,1.903
18.54000027626753,1.893
18.570000276714563,1.878
18.6000002771616,1.861
18.630000277608637,1.832
18.66000027805567,1.779
18.690000278502705,1.748
18.720000278949737,1.774
18.75000027939677,1.823
18.780000279843808,1.838
18.810000280290843,1.829
18.84000028073788,1.817
18.87000028118491,1.828
18.900000281631947,1.831
18.930000282078986,1.859
18.960000282526018,1.87
18.990000282973053,1.833
19.020000283420085,1.814
19.05000028386712,1.802
19.08000028431416,1.848
19.110000284761192,1.889
19.140000285208227,1.938
19.17000028565526,1.939
19.20000028610229,1.882
19.23000028654933,1.821
19.26000028699637,1.793
19.2900002874434,1.774
19.320000287890437,1.752
19.35000028833747,1.701
19.380000288784505,1.726
19.41000028923154,1.76
19.440000289678576,1.791
19.470000290125608,1.776
19.500000290572643,1.732
19.53000029101968,1.714
19.560000291466714,1.703
19.59000029191375,1.721
19.620000292360785,1.714
19.650000292807817,1.707
19.680000293254853,1.722
19.71000029370189,1.741
19.740000294148924,1.755
19.77000029459596,1.749
19.80000029504299,1.767
19.830000295490027,1.779
19.860000295937063,1.748
19.8900002963841,1.711
19.92000029683113,1.693
19.95000029727817,1.687
19.9800002977252,1.706
20.01000029817224,1.743
20.040000298619272,1.781
20.070000299066304,1.782
20.10000029951334,1.759
20.130000299960376,1.772
20.16000030040741,1.841
20.190000300854447,1.904
20.22000030130148,1.965
20.250000301748518,1.981
20.28000030219555,1.971
20.310000302642585,1.906
20.34000030308962,1.845
20.370000303536653,1.806
20.40000030398369,1.774
20.430000304430724,1.717
20.46000030487776,1.723
20.490000305324795,1.741
20.520000305771827,1.767
20.550000306218863,1.747
20.580000306665895,1.748
20.610000307112934,1.747
20.64000030755997,1.737
20.670000308007,1.722
20.70000030845404,1.712
20.730000308901072,1.707
20.760000309348108,1.72
20.790000309795143,1.72
20.820000310242172,1.688
20.85000031068921,1.678
20.880000311136246,1.71
20.91000031158328,1.71
20.94000031203032,1.709
20.97000031247735,1.728
21.000000312924385,1.763
21.03000031337142,1.828
21.060000313818456,1.874
21.09000031426549,1.926
21.120000314712524,1.926
21.15000031515956,1.879
21.180000315606595,1.843
21.21000031605363,1.816
21.240000316500662,1.785
21.270000316947694,1.74
21.300000317394733,1.702
21.33000031784177,1.722
21.360000318288805,1.713
21.39000031873584,1.709
21.420000319182872,1.664
21.450000319629908,1.671
21.480000320076943,1.686
21.51000032052398,1.719
21.54000032097101,1.74
21.570000321418046,1.749
21.60000032186508,1.783
21.63000032231212,1.775
21.660000322759156,1.759
21.69000032320619,1.727
21.72000032365322,1.763
21.750000324100256,1.81
21.78000032454729,1.863
21.810000324994327,1.873
21.840000325441363,1.856
21.870000325888395,1.858
21.90000032633543,1.893
21.930000326782466,1.925
21.9600003272295,1.916
21.990000327676537,1.91
22.02000032812357,1.928
22.050000328570604,1.959
22.08000032901764,1.973
22.110000329464675,1.965
22.14000032991171,1.982
22.170000330358743,1.964
22.20000033080578,1.972
22.23000033125281,1.935
22.26000033169985,1.924
22.290000332146885,1.898
22.32000033259392,1.891
22.350000333040956,1.904
22.38000033348799,1.912
22.410000333935024,1.933
22.44000033438206,1.935
22.47000033482909,1.959
22.500000335276127,1.965
22.53000033572316,1.933
22.5600003361702,1.928
22.590000336617237,1.904
22.620000337064265,1.975
22.6500003375113,1.981
22.680000337958337,1.98
22.71000033840537,1.921
22.740000338852408,1.879
22.77000033929944,1.831
22.800000339746475,1.841
22.83000034019351,1.87
22.860000340640543,1.883
22.890000341087585,1.87
22.92000034153461,1.866
22.95000034198165,1.891
22.980000342428685,1.885
23.01000034287572,1.888
23.04000034332276,1.862
23.070000343769788,1.873
23.100000344216824,1.852
23.13000034466386,1.886
23.16000034511089,1.921
23.19000034555793,2.0
23.22000034600496,2.028
23.250000346452,2.07
23.280000346899037,2.052
23.31000034734607,2.043
23.340000347793104,2.013
23.370000348240136,2.021
23.40000034868717,2.001
23.430000349134207,1.98
23.460000349581243,2.0
23.49000035002828,1.996
23.52000035047531,1.997
23.550000350922343,1.946
23.58000035136938,1.923
23.610000351816417,1.921
23.640000352263453,1.931
23.670000352710485,1.974
23.70000035315752,1.985
23.73000035360456,1.983
23.76000035405159,1.943
23.790000354498627,1.886
23.82000035494566,1.868
23.85000035539269,1.897
23.88000035583973,1.921
23.91000035628677,1.929
23.9400003567338,1.928
23.970000357180837,1.927
24.00000035762787,1.93
24.030000358074904,1.927
24.06000035852194,1.905
24.09000035896897,1.868
24.120000359416007,1.807
24.150000359863043,1.794
24.18000036031008,1.769
24.210000360757117,1.783
24.24000036120415,1.771
24.27000036165118,1.767
24.300000362098217,1.776
24.330000362545253,1.755
24.360000362992288,1.759
24.390000363439324,1.793
24.42000036388636,1.829
24.45000036433339,1.841
24.480000364780427,1.854
24.510000365227462,1.893
24.540000365674494,1.893
24.57000036612153,1.89
24.600000366568565,1.896
24.6300003670156,1.903
24.66000036746264,1.888
24.690000367909672,1.87
24.720000368356704,1.913
24.75000036880374,1.923
24.78000036925077,1.921
24.81000036969781,1.914
24.84000037014485,1.928
24.87000037059188,1.919
24.900000371038917,1.908
24.93000037148595,1.929
24.960000371932985,1.992
24.99000037238002,2.029
25.02000037282705,2.024
25.050000373274088,1.992
25.080000373721123,1.948
25.11000037416816,1.937
25.140000374615195,1.986
25.170000375062227,2.022
25.200000375509266,2.052
25.230000375956298,2.032
25.260000376403333,2.034
25.29000037685037,2.042
25.3200003772974,2.042
25.35000037774444,2.019
25.380000378191472,2.005
25.410000378638507,1.969
25.440000379085543,1.934
25.47000037953257,1.931
25.50000037997961,2.003
25.53000038042665,2.059
25.56000038087368,2.065
25.59000038132072,2.075
25.62000038176775,2.095
25.650000382214785,2.108
25.68000038266182,2.069
25.710000383108856,2.047
25.74000038355589,2.061
25.770000384002923,2.114
25.80000038444996,2.108
25.830000384896994,2.115
25.86000038534403,2.101
25.890000385791065,2.081
25.920000386238097,2.027
25.950000386685133,1.997
25.98000038713217,1.955
26.010000387579204,1.955
26.04000038802624,1.974
26.07000038847327,2.019
26.100000388920307,1.996
26.130000389367343,1.928
26.16000038981438,1.887
26.19000039026141,1.872
26.22000039070845,1.889
26.25000039115548,1.873
26.28000039160252,1.841
26.310000392049552,1.822
26.340000392496588,1.849
26.37000039294362,1.871
26.400000393390656,1.864
26.43000039383769,1.819
26.460000394284727,1.812
26.49000039473176,1.853
26.520000395178798,1.902
26.55000039562583,1.909
26.580000396072865,1.907
26.6100003965199,1.927
26.640000396966936,1.935
26.67000039741397,1.95
26.700000397861004,1.927
26.73000039830804,1.918
26.760000398755075,1.903
26.79000039920211,1.906
26.820000399649143,1.9
26.850000400096175,1.865
26.880000400543214,1.856
26.91000040099025,1.841
26.940000401437285,1.849
26.97000040188432,1.847
27.000000402331352,1.844
27.030000402778388,1.832
27.060000403225423,1.796
27.09000040367246,1.776
27.12000040411949,1.767
27.150000404566526,1.819
27.18000040501356,1.877
27.2100004054606,1.89
27.240000405907637,1.866
27.270000406354665,1.825
27.3000004068017,1.826
27.330000407248736,1.814
27.36000040769577,1.858
27.390000408142807,1.876
27.42000040858984,1.899
27.450000409036875,1.929
27.48000040948391,1.998
27.510000409930942,2.073
27.54000041037798,2.107
27.570000410825013,2.072
27.60000041127205,2.047
