time_min,absorb_mau
0.0,-0.008
0.0533333341280619,-0.129
0.1066666682561238,-0.156
0.1600000023841858,-0.076
0.2133333365122477,-0.01
0.2666666706403096,-0.087
0.3200000047683716,-0.115
0.3733333388964335,-0.139
0.4266666730244954,-0.19
0.4800000071525573,-0.192
0.5333333412806193,-0.118
0.5866666754086812,-0.13
0.6400000095367432,0.003
0.6933333436648051,0.239
0.746666677792867,1.002
0.800000011920929,2.792
0.8533333460489909,5.456
0.9066666801770528,8.438
0.9600000143051148,10.75
1.0133333484331768,12.042
1.0666666825612383,12.227
1.1200000166893005,11.708
1.1733333508173625,10.818
1.2266666849454244,9.866
1.2800000190734864,8.998
1.3333333532015483,8.336
1.3866666873296103,7.844
1.4400000214576725,7.539
1.493333355585734,7.352
1.546666689713796,7.367
1.600000023841858,7.47
1.65333335796992,7.636
1.7066666920979818,7.756
1.7600000262260438,7.79
1.8133333603541055,7.854
1.866666694482168,7.959
1.9200000286102292,7.939
1.9733333627382916,7.979
2.0266666968663536,7.992
2.0800000309944155,8.007
2.133333365122477,8.145
2.186666699250539,8.365
2.240000033378601,8.512
2.293333367506663,8.649
2.346666701634725,8.811
2.400000035762787,8.983
2.453333369890849,9.183
2.506666704018911,9.401
2.5600000381469727,9.566
2.6133333722750347,9.754
2.6666667064030967,9.998
2.720000040531158,10.352
2.7733333746592206,10.698
2.8266667087872825,11.07
2.8800000429153445,11.576
2.9333333770434065,12.025
2.986666711171468,12.556
3.04000004529953,13.086
3.093333379427592,13.667
3.146666713555654,14.379
3.200000047683716,15.087
3.253333381811778,15.792
3.30666671593984,16.466
3.3600000500679017,17.236
3.413333384195964,17.921
3.4666667183240256,18.584
3.520000052452088,19.404
3.573333386580149,20.261
3.626666720708212,21.174
3.6800000548362735,21.993
3.733333388964336,22.833
3.786666723092397,23.74
3.840000057220459,24.597
3.893333391348521,25.459
3.946666725476583,26.331
4.000000059604645,26.952
4.053333393732707,27.468
4.106666727860769,28.078
4.160000061988831,28.744
4.213333396116893,29.449
4.266666730244954,30.123
4.3200000643730165,30.729
4.373333398501078,31.281
4.4266667326291405,31.817
4.480000066757202,32.395
4.533333400885264,32.985
4.586666735013326,33.469
4.640000069141388,33.763
4.69333340326945,34.003
4.746666737397512,34.185
4.800000071525574,34.338
4.853333405653636,34.364
4.906666739781698,34.295
4.96000007390976,34.219
5.013333408037822,34.053
5.066666742165884,33.892
5.1200000762939455,33.898
5.173333410422007,34.019
5.226666744550069,34.039
5.280000078678131,33.941
5.333333412806193,33.781
5.386666746934255,33.558
5.440000081062317,33.127
5.493333415190379,32.635
5.546666749318441,32.251
5.600000083446503,31.89
5.653333417574565,31.526
5.706666751702627,31.119
5.760000085830689,30.715
5.813333419958751,30.391
5.866666754086813,30.134
5.920000088214874,29.933
5.973333422342936,29.743
6.026666756470998,29.414
6.08000009059906,29.025
6.133333424727122,28.555
6.186666758855184,28.071
6.240000092983246,27.653
6.293333427111308,27.147
6.34666676123937,26.657
6.400000095367432,26.161
6.453333429495494,25.672
6.506666763623556,25.221
6.560000097751618,24.853
6.61333343187968,24.515
6.666666766007742,24.151
6.720000100135803,23.798
6.773333434263866,23.398
6.826666768391927,22.94
6.880000102519989,22.377
6.933333436648051,21.914
6.986666770776113,21.427
7.040000104904175,20.951
7.093333439032237,20.472
7.146666773160299,19.965
7.200000107288361,19.593
7.253333441416423,19.235
7.306666775544484,18.988
7.360000109672547,18.746
7.413333443800608,18.451
7.466666777928671,18.108
7.520000112056732,17.804
7.573333446184795,17.487
7.626666780312856,17.13
7.680000114440918,16.792
7.73333344856898,16.469
7.786666782697042,16.21
7.840000116825104,16.031
7.893333450953166,15.881
7.946666785081228,15.639
8.00000011920929,15.441
8.053333453337352,15.297
8.106666787465414,15.149
8.160000121593475,15.004
8.213333455721537,14.807
8.2666667898496,14.551
8.320000123977662,14.232
8.373333458105723,14.011
8.426666792233785,13.816
8.480000126361848,13.62
8.533333460489908,13.483
8.58666679461797,13.328
8.640000128746033,13.222
8.693333462874095,13.101
8.746666797002156,13.021
8.800000131130219,12.967
8.853333465258281,12.91
8.906666799386343,12.845
8.960000133514404,12.753
9.013333467642466,12.642
9.066666801770529,12.479
9.120000135898591,12.404
9.173333470026652,12.423
9.226666804154714,12.378
9.280000138282777,12.257
9.33333347241084,12.193
9.3866668065389,12.041
9.440000140666962,11.95
9.493333474795024,11.933
9.546666808923083,11.864
9.600000143051147,11.764
9.65333347717921,11.611
9.706666811307272,11.455
9.760000145435331,11.28
9.813333479563395,11.259
9.866666813691458,11.218
9.92000014781952,11.102
9.97333348194758,11.053
10.026666816075643,11.026
10.080000150203706,11.004
10.133333484331768,10.958
10.186666818459829,10.847
10.240000152587893,10.829
10.293333486715952,10.752
10.346666820844014,10.645
10.400000154972076,10.56
10.45333348910014,10.452
10.5066668232282,10.316
10.560000157356262,10.187
10.613333491484324,10.148
10.666666825612388,10.113
10.720000159740447,10.075
10.77333349386851,10.022
10.826666827996572,10.075
10.880000162124634,10.158
10.933333496252695,10.206
10.986666830380758,10.204
11.04000016450882,10.113
11.093333498636882,10.015
11.146666832764945,9.938
11.200000166893004,9.866
11.253333501021068,9.84
11.30666683514913,9.83
11.36000016927719,9.799
11.413333503405251,9.786
11.466666837533316,9.834
11.520000171661378,9.952
11.57333350578944,9.959
11.6266668399175,9.924
11.680000174045563,9.957
11.733333508173626,9.972
11.786666842301686,9.94
11.840000176429747,9.882
11.893333510557811,9.772
11.946666844685872,9.751
12.000000178813934,9.786
12.053333512941997,9.828
12.10666684707006,9.916
12.16000018119812,10.008
12.213333515326182,10.011
12.266666849454245,10.04
12.320000183582309,10.117
12.373333517710368,10.171
12.42666685183843,10.158
12.480000185966492,10.282
12.533333520094557,10.365
12.586666854222615,10.424
12.640000188350678,10.408
12.69333352247874,10.394
12.746666856606804,10.413
12.800000190734863,10.39
12.853333524862926,10.432
12.906666858990988,10.492
12.960000193119049,10.503
13.013333527247111,10.576
13.066666861375174,10.619
13.120000195503236,10.628
13.173333529631297,10.657
13.22666686375936,10.639
13.28000019788742,10.553
13.333333532015484,10.41
13.386666866143544,10.334
13.440000200271609,10.321
13.49333353439967,10.35
13.546666868527732,10.404
13.600000202655792,10.526
13.653333536783856,10.765
13.706666870911915,10.831
13.760000205039978,10.826
13.81333353916804,10.787
13.866666873296102,10.804
13.920000207424165,10.787
13.973333541552226,10.708
14.026666875680288,10.711
14.08000020980835,10.658
14.133333543936413,10.623
14.186666878064472,10.693
14.240000212192536,10.738
14.293333546320598,10.882
14.34666688044866,10.919
14.40000021457672,10.977
14.453333548704784,11.045
14.506666882832846,11.102
14.560000216960908,11.064
14.613333551088967,11.138
14.666666885217031,11.199
14.720000219345094,11.118
14.773333553473154,11.156
14.826666887601217,11.262
14.88000022172928,11.305
14.933333555857342,11.321
14.986666889985402,11.389
15.040000224113465,11.505
15.093333558241527,11.596
15.14666689236959,11.645
15.20000022649765,11.688
15.253333560625713,11.734
15.306666894753777,11.749
15.360000228881836,11.793
15.413333563009898,11.833
15.46666689713796,11.912
15.520000231266025,11.852
15.573333565394083,11.873
15.626666899522146,11.953
15.680000233650208,12.064
15.73333356777827,12.207
15.786666901906331,12.328
15.840000236034394,12.417
15.893333570162456,12.56
15.946666904290518,12.604
16.00000023841858,12.571
16.05333357254664,12.541
16.106666906674704,12.577
16.160000240802766,12.62
16.21333357493083,12.657
16.266666909058888,12.611
16.32000024318695,12.605
16.373333577315012,12.724
16.426666911443075,12.903
16.480000245571137,12.947
16.5333335796992,12.998
16.586666913827262,13.065
16.640000247955324,12.971
16.693333582083383,12.9
16.746666916211446,12.897
16.800000250339508,12.857
16.85333358446757,12.817
16.906666918595633,12.906
16.960000252723695,12.885
17.013333586851758,12.742
17.066666920979817,12.728
17.12000025510788,12.808
17.17333358923594,12.811
17.226666923364004,12.845
17.280000257492066,12.838
17.33333359162013,12.956
17.38666692574819,13.043
17.440000259876253,13.125
17.493333594004312,13.112
17.546666928132375,13.109
17.600000262260437,13.115
17.6533335963885,13.111
17.706666930516562,13.096
17.760000264644624,13.111
17.813333598772687,13.191
17.866666932900745,13.284
17.920000267028808,13.381
17.97333360115687,13.463
18.026666935284933,13.443
18.080000269412995,13.406
18.133333603541057,13.357
18.18666693766912,13.309
18.240000271797182,13.292
18.29333360592524,13.295
18.346666940053304,13.296
18.40000027418137,13.377
18.45333360830943,13.458
18.50666694243749,13.561
18.560000276565557,13.687
18.613333610693616,13.873
18.66666694482168,14.011
18.720000278949737,14.008
18.7733336130778,13.967
18.82666694720586,13.961
18.880000281333924,13.993
18.933333615461983,14.024
18.98666694959005,14.04
19.04000028371811,14.066
19.09333361784617,14.093
19.146666951974236,13.982
19.20000028610229,13.949
19.25333362023036,14.078
19.30666695435842,14.127
19.36000028848648,14.15
19.413333622614545,14.217
19.466666956742607,14.126
19.520000290870662,14.003
19.573333624998728,13.859
19.62666695912679,13.816
19.680000293254853,13.807
19.733333627382915,13.797
19.786666961510974,13.813
19.84000029563904,13.767
19.8933336297671,13.712
19.94666696389516,13.74
20.000000298023224,13.752
20.053333632151286,13.769
20.10666696627935,13.752
20.16000030040741,13.658
20.213333634535477,13.653
20.266666968663536,13.568
20.320000302791595,13.488
20.373333636919657,13.415
20.42666697104772,13.359
20.480000305175786,13.376
20.533333639303844,13.326
20.586666973431907,13.304
20.64000030755997,13.381
20.693333641688028,13.401
20.74666697581609,13.336
20.800000309944156,13.297
20.85333364407221,13.28
20.90666697820028,13.249
20.96000031232834,13.313
21.0133336464564,13.255
21.066666980584465,13.105
21.120000314712524,13.009
21.173333648840583,12.984
21.22666698296865,12.94
21.28000031709671,12.928
21.333333651224773,12.915
21.38666698535284,12.981
21.440000319480895,13.024
21.49333365360896,13.068
21.54666698773702,12.996
21.60000032186508,12.827
21.653333655993144,12.807
21.706666990121207,12.871
21.76000032424927,12.826
21.81333365837733,12.789
21.866666992505397,12.812
21.920000326633453,12.76
21.973333660761515,12.662
22.026666994889577,12.646
22.08000032901764,12.664
22.133333663145702,12.622
22.186666997273765,12.573
22.240000331401827,12.546
22.29333366552989,12.505
22.34666699965795,12.455
22.40000033378601,12.375
22.453333667914077,12.317
22.506667002042136,12.31
22.5600003361702,12.259
22.61333367029826,12.073
22.666667004426323,11.957
22.72000033855438,11.873
22.773333672682444,11.749
22.826667006810503,11.656
22.88000034093857,11.582
22.93333367506663,11.491
22.986667009194694,11.389
23.04000034332276,11.266
23.09333367745081,11.133
23.14666701157888,11.012
23.20000034570694,10.883
23.253333679835,10.777
23.306667013963065,10.683
23.360000348091127,10.588
23.41333368221919,10.457
23.46666701634725,10.458
23.52000035047531,10.53
23.573333684603373,10.565
23.626667018731435,10.508
23.680000352859494,10.44
23.73333368698756,10.386
23.786667021115623,10.284
23.840000355243685,10.122
23.893333689371744,10.061
23.946667023499806,10.04
24.00000035762787,9.896
24.05333369175593,9.82
24.106667025883997,9.834
24.160000360012056,9.855
24.21333369414012,9.786
24.26666702826818,9.662
24.32000036239624,9.603
24.373333696524305,9.538
24.426667030652364,9.352
24.480000364780427,9.18
24.53333369890849,9.09
24.58666703303655,8.925
24.64000036716461,8.875
24.693333701292676,8.869
24.74666703542073,8.767
24.8000003695488,8.788
24.85333370367686,8.816
24.90666703780492,8.881
24.960000371932985,8.925
25.013333706061047,8.883
25.06666704018911,8.797
25.12000037431717,8.73
25.17333370844523,8.573
25.226667042573293,8.471
25.28000037670136,8.461
25.333333710829415,8.44
25.38666704495748,8.3
25.440000379085543,8.246
25.493333713213605,8.228
25.546667047341664,8.136
25.600000381469727,8.075
25.65333371559779,8.101
25.70666704972585,8.112
25.760000383853917,8.018
25.813333717981976,7.823
25.86666705211004,7.703
25.920000386238097,7.572
25.97333372036616,7.449
26.026667054494222,7.369
26.080000388622285,7.213
26.133333722750347,7.033
26.18666705687841,6.905
26.240000391006472,6.799
26.29333372513453,6.731
26.346667059262597,6.717
26.400000393390656,6.652
26.45333372751872,6.534
26.50666706164678,6.469
26.560000395774843,6.354
26.613333729902905,6.26
26.666667064030968,6.148
26.720000398159023,6.087
26.77333373228709,6.045
26.82666706641515,5.986
26.880000400543214,5.919
26.93333373467128,5.927
26.98666706879934,5.864
27.0400004029274,5.809
27.093333737055463,5.678
27.14666707118352,5.593
27.200000405311584,5.567
27.253333739439647,5.543
27.30666707356771,5.444
27.36000040769577,5.375
27.413333741823838,5.334
27.466667075951896,5.194
27.520000410079955,5.161
27.573333744208018,5.138
27.62666707833608,5.087
27.680000412464143,4.979
27.733333746592205,4.93
27.786667080720267,4.871
27.84000041484833,4.869
27.893333748976392,4.861
27.94666708310445,4.766
28.000000417232517,4.645
28.053333751360576,4.631
28.10666708548864,4.636
28.1600004196167,4.552
28.213333753744763,4.463
28.266667087872825,4.471
28.320000422000884,4.422
28.373333756128947,4.439
28.42666709025701,4.37
28.48000042438507,4.289
28.53333375851313,4.253
28.5866670926412,4.077
28.64000042676926,3.994
28.69333376089732,4.084
28.74666709502538,4.095
28.80000042915344,4.036
28.853333763281505,4.0
28.906667097409567,3.933
28.96000043153763,3.821
29.01333376566569,3.8
29.066667099793754,3.816
29.120000433921813,3.848
29.17333376804988,3.862
29.226667102177935,3.861
29.280000436306,3.823
29.333333770434063,3.757
29.386667104562125,3.648
29.440000438690188,3.537
29.49333377281825,3.473
29.54666710694631,3.355
29.60000044107437,3.262
29.653333775202437,3.255
29.706667109330496,3.233
29.76000044345856,3.18
29.81333377758662,3.086
29.866667111714683,3.018
29.920000445842746,3.005
29.973333779970805,2.974
30.026667114098867,3.006
30.08000044822693,2.971
30.133333782354992,2.916
30.18666711648305,2.855
30.24000045061112,2.795
30.29333378473918,2.777
30.34666711886724,2.673
30.4000004529953,2.62
30.453333787123363,2.6
30.506667121251425,2.558
30.560000455379488,2.54
30.61333378950755,2.55
30.66666712363561,2.606
30.72000045776367,2.652
30.773333791891734,2.586
30.8266671260198,2.478
30.88000046014786,2.498
30.93333379427592,2.509
30.986667128403983,2.356
31.04000046253205,2.326
31.093333796660108,2.333
31.146667130788167,2.27
31.20000046491623,2.264
31.25333379904429,2.245
31.306667133172358,2.174
31.360000467300416,2.17
31.41333380142848,2.143
31.46666713555654,2.111
31.5200004696846,2.062
31.573333803812663,2.035
31.626667137940725,2.101
31.680000472068787,2.134
31.73333380619685,2.088
31.786667140324912,2.061
31.84000047445297,2.068
31.89333380858104,2.025
31.946667142709096,2.021
32.00000047683716,1.972
32.05333381096522,1.899
32.10666714509328,1.865
32.160000479221345,1.859
32.21333381334941,1.846
32.26666714747747,1.808
32.32000048160553,1.72
32.373333815733595,1.68
32.42666714986166,1.665
32.48000048398972,1.723
32.533333818117775,1.751
32.58666715224584,1.756
32.6400004863739,1.823
32.69333382050196,1.875
32.746667154630025,1.846
32.80000048875809,1.864
32.85333382288615,1.862
32.90666715701421,1.847
32.960000491142274,1.838
33.01333382527034,1.832
33.0666671593984,1.899
33.12000049352646,1.941
33.173333827654524,1.979
33.226667161782586,1.95
33.28000049591065,1.908
33.333333830038704,1.922
33.38666716416677,1.937
33.44000049829483,1.811
33.49333383242289,1.729
33.546667166550954,1.681
33.600000500679016,1.643
33.65333383480708,1.646
33.70666716893514,1.645
33.7600005030632,1.531
33.813333837191266,1.462
33.86666717131933,1.425
33.92000050544739,1.42
33.97333383957545,1.397
34.026667173703515,1.381
34.08000050783158,1.283
34.13333384195963,1.211
34.186667176087695,1.186
34.24000051021576,1.281
34.29333384434382,1.324
34.34666717847188,1.274
34.400000512599945,1.288
34.45333384672801,1.342
34.50666718085607,1.318
34.56000051498413,1.292
34.613333849112195,1.293
34.66666718324026,1.26
34.72000051736832,1.199
34.77333385149638,1.122
34.826667185624444,1.087
34.88000051975251,1.057
34.93333385388056,1.027
34.986667188008624,1.032
35.04000052213669,1.063
35.09333385626475,1.053
35.14666719039281,1.148
35.200000524520874,1.218
35.253333858648936,1.246
35.306667192777,1.287
35.36000052690506,1.278
35.413333861033124,1.258
35.466667195161186,1.261
35.52000052928925,1.234
35.57333386341731,1.16
35.62666719754537,1.111
35.68000053167344,1.142
35.73333386580149,1.221
35.78666719992955,1.269
35.840000534057616,1.362
35.89333386818568,1.314
35.94666720231374,1.159
36.0000005364418,1.091
36.053333870569865,1.073
36.10666720469793,1.112
36.16000053882599,1.159
36.21333387295405,1.109
36.26666720708212,1.058
36.32000054121018,0.985
36.37333387533824,1.024
36.4266672094663,1.11
36.480000543594365,1.181
36.53333387772243,1.141
36.58666721185048,1.073
36.64000054597855,1.092
36.69333388010661,1.148
36.74666721423467,1.205
36.80000054836273,1.311
36.8533338824908,1.315
36.90666721661886,1.228
36.96000055074692,1.163
37.01333388487498,1.159
37.06666721900304,1.224
37.12000055313111,1.231
37.17333388725917,1.251
37.22666722138723,1.185
37.280000555515294,1.091
37.33333388964336,1.066
37.38666722377141,1.097
37.440000557899474,1.09
37.493333892027536,1.126
37.5466672261556,1.148
37.60000056028366,1.205
37.65333389441172,1.203
37.706667228539786,1.158
37.76000056266785,1.132
37.81333389679591,1.129
37.86666723092397,1.052
37.92000056505204,1.026
37.9733338991801,1.017
38.02666723330816,1.044
38.08000056743622,1.204
38.133333901564285,1.385
38.18666723569234,1.352
38.2400005698204,1.282
38.29333390394847,1.263
38.34666723807653,1.242
38.40000057220459,1.147
38.45333390633265,1.137
38.50666724046072,1.125
38.56000057458878,1.106
38.61333390871684,1.119
38.6666672428449,1.041
38.72000057697296,0.971
38.77333391110103,1.026
38.82666724522909,1.06
38.88000057935715,1.068
38.933333913485214,1.053
38.98666724761327,1.051
39.04000058174133,1.018
39.093333915869394,0.975
39.146667249997456,1.004
39.20000058412552,0.995
39.25333391825358,1.015
39.30666725238165,1.051
39.360000586509706,1.095
39.41333392063777,1.087
39.46666725476583,1.053
39.52000058889389,1.035
39.57333392302196,1.042
39.62666725715002,1.054
39.68000059127808,1.046
39.73333392540614,1.034
39.7866672595342,1.114
39.84000059366226,1.099
39.89333392779032,1.124
39.94666726191839,1.18
40.00000059604645,1.094
40.05333393017451,1.115
40.10666726430257,1.118
40.16000059843064,1.081
40.2133339325587,1.078
40.26666726668676,1.132
40.32000060081482,1.127
40.373333934942885,1.078
40.42666726907095,1.128
40.48000060319901,1.237
40.53333393732707,1.207
40.58666727145513,1.062
40.64000060558319,1.053
40.69333393971125,1.095
40.746667273839314,1.035
40.80000060796738,0.964
40.85333394209544,0.946
40.9066672762235,0.999
40.96000061035157,1.009
41.013333944479626,1.011
41.06666727860769,1.034
41.12000061273575,1.031
41.17333394686381,0.987
41.22666728099188,0.978
41.28000061511994,0.988
41.333333949248,0.915
41.386667283376056,0.894
41.44000061750412,0.933
41.49333395163218,0.894
41.54666728576024,0.901
41.60000061988831,1.001
41.65333395401637,1.004
41.70666728814443,1.007
41.76000062227249,1.044
41.81333395640056,1.03
41.86666729052862,1.109
41.92000062465668,1.081
41.97333395878474,1.01
42.026667292912805,0.962
42.08000062704087,0.924
42.13333396116893,1.006
42.186667295296985,1.058
42.24000062942505,1.045
42.29333396355311,0.999
42.34666729768117,1.018
42.40000063180924,0.965
42.4533339659373,0.919
42.50666730006536,1.001
42.56000063419342,1.07
42.61333396832149,1.05
42.66666730244955,0.98
42.72000063657761,0.966
42.77333397070567,0.979
42.82666730483373,1.026
42.8800006389618,1.038
42.93333397308986,1.042
42.98666730721792,1.001
43.040000641345976,0.91
43.09333397547404,0.877
43.1466673096021,0.859
43.20000064373016,0.904
43.25333397785823,0.96
43.30666731198629,1.126
43.36000064611435,1.137
43.41333398024241,1.162
43.46666731437048,1.185
43.52000064849854,1.171
43.5733339826266,1.165
43.62666731675466,1.215
43.680000650882725,1.217
43.73333398501079,1.123
43.78666731913884,1.119
43.840000653266905,1.203
43.89333398739497,1.206
43.94666732152303,1.14
44.00000065565109,1.099
44.05333398977916,0.971
44.10666732390722,0.861
44.16000065803528,0.836
44.21333399216334,0.848
44.266667326291405,0.864
44.32000066041947,0.855
44.37333399454753,0.908
44.42666732867559,0.874
44.48000066280365,0.887
44.53333399693172,0.931
44.58666733105977,1.045
44.64000066518784,1.088
44.6933339993159,1.004
44.74666733344396,1.041
44.80000066757202,1.073
44.85333400170008,1.088
44.90666733582815,1.121
44.96000066995621,1.123
45.01333400408427,1.136
45.06666733821233,1.113
45.1200006723404,1.033
45.17333400646846,1.041
45.22666734059652,1.073
45.28000067472458,1.043
45.333334008852646,1.045
45.3866673429807,1.028
45.44000067710876,0.999
45.493334011236826,1.023
45.54666734536489,1.072
45.60000067949295,1.052
45.65333401362101,1.073
45.70666734774908,1.142
45.76000068187714,1.18
45.8133340160052,1.169
45.86666735013326,1.159
45.920000684261325,1.106
45.97333401838939,1.014
46.02666735251745,0.975
46.08000068664551,0.987
46.13333402077357,0.951
46.18666735490163,0.943
46.24000068902969,0.993
46.29333402315776,1.046
46.34666735728582,1.013
46.40000069141388,1.142
46.45333402554194,1.134
46.50666735967,1.126
46.56000069379807,1.088
46.61333402792613,1.082
46.66666736205419,1.168
46.720000696182254,1.23
46.77333403031032,1.204
46.82666736443838,1.175
46.88000069856644,1.09
46.9333340326945,1.016
46.98666736682256,0.992
47.04000070095062,0.921
47.09333403507868,0.892
47.146667369206746,0.852
47.20000070333481,0.848
47.25333403746287,0.906
47.30666737159093,0.981
47.360000705719,1.035
47.41333403984706,1.067
47.46666737397512,1.108
47.52000070810318,1.141
47.573334042231245,1.08
47.62666737635931,1.023
47.68000071048737,1.099
47.73333404461543,1.141
47.78666737874349,1.119
47.84000071287155,1.059
47.89333404699961,1.023
47.94666738112768,0.97
48.00000071525574,0.928
48.0533340493838,1.02
48.10666738351186,1.035
48.160000717639925,1.091
48.21333405176799,1.175
48.26666738589605,1.181
48.32000072002411,1.132
48.373334054152174,1.083
48.42666738828024,1.037
48.4800007224083,1.025
48.53333405653636,1.046
48.58666739066442,1.121
48.64000072479248,1.129
48.69333405892054,1.133
48.74666739304861,1.181
48.800000727176666,1.136
48.85333406130473,1.09
48.90666739543279,1.038
48.96000072956085,0.95
49.01333406368892,0.885
49.06666739781698,0.798
49.12000073194504,0.853
49.1733340660731,0.937
49.226667400201165,0.981
49.28000073432923,1.036
49.33333406845729,1.046
49.38666740258535,1.049
49.44000073671341,1.082
49.49333407084147,1.153
49.54666740496953,1.216
49.6000007390976,1.251
49.65333407322566,1.224
49.70666740735372,1.135
49.76000074148178,1.093
49.813334075609845,1.159
49.86666740973791,1.153
49.92000074386597,1.141
49.97333407799403,1.174
50.026667412122094,1.155
50.08000074625016,1.174
50.13333408037822,1.188
50.18666741450628,1.19
50.24000074863434,1.194
50.2933340827624,1.186
50.34666741689046,1.196
50.40000075101853,1.199
50.45333408514659,1.119
50.50666741927465,1.119
50.56000075340271,1.179
50.61333408753077,1.194
50.66666742165884,1.265
50.7200007557869,1.294
50.77333408991496,1.335
50.82666742404302,1.449
50.880000758171086,1.526
50.93333409229915,1.514
50.98666742642721,1.519
51.04000076055527,1.529
51.09333409468333,1.452
51.14666742881139,1.369
51.20000076293945,1.348
51.25333409706752,1.28
51.30666743119558,1.246
51.36000076532364,1.198
51.4133340994517,1.147
51.466667433579765,1.11
51.52000076770783,1.097
51.57333410183589,1.171
51.62666743596395,1.23
51.680000770092015,1.194
51.73333410422008,1.25
51.78666743834814,1.395
51.8400007724762,1.485
51.89333410660426,1.475
51.94666744073232,1.365
52.00000077486038,1.286
52.053334108988444,1.197
52.10666744311651,1.176
52.16000077724457,1.204
52.21333411137263,1.22
52.26666744550069,1.282
52.32000077962876,1.269
52.37333411375682,1.265
