time_min,absorb_mau
0.0,0.001
0.0366666672130425,0.011
0.0733333344260851,0.043
0.1100000016391277,0.095
0.1466666688521703,0.1
0.1833333360652129,0.122
0.2200000032782554,0.195
0.256666670491298,0.238
0.2933333377043406,0.231
0.3300000049173832,0.209
0.3666666721304258,0.186
0.4033333393434684,0.157
0.4400000065565109,0.151
0.4766666737695535,0.145
0.5133333409825961,0.181
0.5500000081956387,0.221
0.5866666754086812,0.224
0.6233333426217238,0.214
0.6600000098347664,0.301
0.6966666770478089,0.437
0.7333333442608516,0.74
0.7700000114738942,1.24
0.8066666786869368,2.035
0.8433333458999793,3.155
0.8800000131130219,4.491
0.9166666803260644,5.868
0.953333347539107,7.27
0.9900000147521496,8.633
1.0266666819651922,9.918
1.0633333491782349,11.21
1.100000016391277,12.464
1.13666668360432,13.738
1.1733333508173625,15.009
1.2100000180304051,16.357
1.2466666852434476,17.743
1.2833333524564905,19.219
1.3200000196695327,20.774
1.3566666868825754,22.348
1.393333354095618,23.893
1.4300000213086606,25.501
1.4666666885217032,27.134
1.5033333557347457,28.787
1.5400000229477884,30.365
1.5766666901608308,31.833
1.6133333573738735,33.253
1.650000024586916,34.583
1.6866666917999589,35.772
1.723333359013001,36.924
1.7600000262260438,37.968
1.7966666934390862,38.896
1.833333360652129,39.671
1.8700000278651716,40.295
1.906666695078214,40.771
1.9433333622912567,41.074
1.9800000295042992,41.21
2.016666696717342,41.327
2.0533333639303843,41.287
2.090000031143427,41.191
2.1266666983564697,40.998
2.163333365569512,40.69
2.200000032782554,40.297
2.236666699995597,39.854
2.27333336720864,39.4
2.3100000344216824,38.855
2.346666701634725,38.234
2.383333368847768,37.609
2.4200000360608103,36.99
2.4566667032738527,36.382
2.493333370486895,35.803
2.530000037699938,35.26
2.5666667049129805,34.683
2.603333372126023,34.111
2.640000039339065,33.511
2.6766667065521084,32.89
2.713333373765151,32.237
2.7500000409781933,31.581
2.786666708191236,30.93
2.823333375404278,30.357
2.860000042617321,29.865
2.896666709830364,29.413
2.9333333770434065,28.954
2.970000044256449,28.527
3.0066667114694914,28.14
3.043333378682534,27.802
3.0800000458955767,27.483
3.116666713108619,27.183
3.1533333803216617,26.911
3.190000047534704,26.692
3.226666714747747,26.525
3.263333381960789,26.332
3.300000049173832,26.117
3.336666716386875,25.893
3.3733333835999173,25.677
3.41000005081296,25.4
3.446666718026002,25.125
3.483333385239045,24.882
3.520000052452088,24.603
3.55666671966513,24.304
3.5933333868781725,24.052
3.630000054091216,23.793
3.666666721304258,23.517
3.7033333885173,23.208
3.740000055730343,22.909
3.7766667229433857,22.687
3.813333390156428,22.439
3.850000057369471,22.111
3.8866667245825135,21.846
3.923333391795556,21.689
3.9600000590085984,21.493
3.996666726221641,21.224
4.033333393434684,20.928
4.070000060647726,20.679
4.106666727860769,20.491
4.143333395073811,20.224
4.180000062286854,19.891
4.216666729499896,19.534
4.253333396712939,19.133
4.290000063925982,18.708
4.326666731139024,18.279
4.363333398352067,17.825
4.400000065565109,17.373
4.436666732778152,16.931
4.473333399991194,16.507
4.5100000672042375,16.095
4.54666673441728,15.653
4.583333401630322,15.157
4.620000068843365,14.621
4.656666736056407,14.093
4.69333340326945,13.571
4.730000070482492,13.131
4.766666737695536,12.725
4.803333404908578,12.338
4.8400000721216205,11.892
4.876666739334663,11.386
4.9133334065477055,10.896
4.950000073760748,10.468
4.98666674097379,10.017
5.023333408186833,9.615
5.060000075399876,9.175
5.096666742612919,8.709
5.133333409825961,8.308
5.170000077039004,8.049
5.206666744252046,7.746
5.2433334114650885,7.364
5.280000078678131,7.0
5.316666745891174,6.685
5.353333413104217,6.37
5.390000080317259,6.066
5.426666747530302,5.817
5.463333414743344,5.616
5.500000081956387,5.361
5.536666749169429,5.146
5.573333416382472,4.997
5.610000083595515,4.834
5.646666750808557,4.644
5.6833334180216,4.395
5.720000085234642,4.161
5.756666752447685,3.978
5.793333419660727,3.807
5.83000008687377,3.619
5.866666754086813,3.453
5.903333421299855,3.315
5.940000088512898,3.168
5.97666675572594,3.073
6.013333422938983,2.967
6.050000090152025,2.831
6.086666757365068,2.733
6.12333342457811,2.665
6.1600000917911535,2.58
6.196666759004196,2.444
6.233333426217238,2.357
6.270000093430281,2.269
6.306666760643323,2.16
6.343333427856366,2.09
6.380000095069408,2.064
6.416666762282452,2.039
6.453333429495494,2.034
6.4900000967085365,1.999
6.526666763921579,1.934
6.563333431134621,1.922
6.600000098347664,1.931
6.636666765560706,1.934
6.67333343277375,1.889
6.710000099986792,1.875
6.746666767199835,1.798
6.783333434412877,1.756
6.82000010162592,1.729
6.856666768838962,1.732
6.893333436052004,1.726
6.930000103265047,1.739
6.96666677047809,1.721
7.003333437691133,1.677
7.040000104904175,1.693
7.076666772117218,1.671
7.11333343933026,1.617
7.150000106543303,1.594
7.186666773756345,1.588
7.223333440969388,1.533
7.260000108182431,1.467
7.296666775395473,1.43
7.333333442608516,1.426
7.370000109821558,1.412
7.406666777034601,1.387
7.443333444247643,1.354
7.480000111460685,1.338
7.516666778673729,1.337
7.553333445886771,1.336
7.590000113099814,1.408
7.626666780312856,1.402
7.663333447525899,1.331
7.700000114738941,1.28
7.736666781951984,1.32
7.773333449165027,1.329
7.810000116378069,1.296
7.846666783591112,1.256
7.883333450804154,1.213
7.920000118017197,1.211
7.956666785230239,1.184
7.993333452443282,1.185
8.030000119656325,1.171
8.066666786869368,1.164
8.10333345408241,1.137
8.140000121295452,1.093
8.176666788508495,1.065
8.213333455721537,1.057
8.25000012293458,1.031
8.286666790147622,1.01
8.323333457360665,0.988
8.360000124573707,1.001
8.39666679178675,0.978
8.433333458999792,1.024
8.470000126212836,1.031
8.506666793425879,1.008
8.543333460638921,0.998
8.580000127851964,1.023
8.616666795065006,1.058
8.653333462278049,1.053
8.690000129491091,1.066
8.726666796704134,1.086
8.763333463917176,1.057
8.800000131130219,1.036
8.836666798343261,0.98
8.873333465556303,0.937
8.910000132769346,0.934
8.946666799982388,0.945
8.98333346719543,0.942
9.020000134408477,0.952
9.056666801621516,0.984
9.09333346883456,1.003
9.130000136047602,1.041
9.166666803260645,1.055
9.203333470473687,1.051
9.24000013768673,1.075
9.276666804899772,1.089
9.313333472112816,1.086
9.350000139325855,1.096
9.3866668065389,1.107
9.423333473751942,1.078
9.460000140964985,1.059
9.496666808178029,1.044
9.533333475391071,1.031
9.570000142604114,1.038
9.606666809817156,1.081
9.6433334770302,1.09
9.68000014424324,1.078
9.716666811456284,1.067
9.753333478669326,1.114
9.790000145882368,1.205
9.826666813095413,1.229
9.863333480308452,1.207
9.900000147521496,1.174
9.936666814734538,1.159
9.97333348194758,1.168
10.010000149160623,1.147
10.046666816373666,1.138
10.08333348358671,1.12
10.120000150799752,1.131
10.156666818012797,1.124
10.193333485225835,1.143
10.23000015243888,1.152
10.266666819651922,1.151
10.303333486864965,1.145
10.340000154078009,1.118
10.37666682129105,1.064
10.413333488504092,1.049
10.450000155717134,1.06
10.486666822930175,1.059
10.52333349014322,1.033
10.560000157356262,0.997
10.596666824569304,0.966
10.633333491782349,0.911
10.670000158995393,0.989
10.706666826208432,1.104
10.743333493421476,1.175
10.780000160634518,1.131
10.81666682784756,1.124
10.853333495060603,1.123
10.890000162273646,1.102
10.926666829486688,1.074
10.96333349669973,1.031
11.000000163912771,1.01
11.036666831125816,1.005
11.073333498338858,1.061
11.1100001655519,1.157
11.146666832764945,1.193
11.183333499977987,1.163
11.22000016719103,1.084
11.256666834404072,1.064
11.293333501617116,1.059
11.330000168830155,1.024
11.3666668360432,1.05
11.403333503256242,1.099
11.440000170469284,1.147
11.476666837682329,1.153
11.51333350489537,1.182
11.550000172108412,1.16
11.586666839321454,1.166
11.623333506534497,1.187
11.66000017374754,1.132
11.696666840960582,1.089
11.733333508173626,1.098
11.770000175386668,1.076
11.80666684259971,1.075
11.843333509812751,1.135
11.880000177025796,1.167
11.916666844238838,1.101
11.95333351145188,1.042
11.990000178664925,1.031
12.026666845877966,0.985
12.063333513091008,0.925
12.10000018030405,0.881
12.136666847517091,0.9
12.173333514730135,0.94
12.210000181943178,0.966
12.24666684915622,1.031
12.283333516369265,1.035
12.320000183582309,1.052
12.35666685079535,1.049
12.393333518008392,1.023
12.430000185221434,0.986
12.466666852434477,0.991
12.50333351964752,1.031
12.540000186860562,1.026
12.576666854073604,1.044
12.613333521286648,1.137
12.650000188499687,1.201
12.686666855712732,1.191
12.723333522925774,1.127
12.760000190138816,1.053
12.79666685735186,1.058
12.833333524564903,1.107
12.870000191777946,1.201
12.906666858990988,1.258
12.94333352620403,1.315
12.980000193417071,1.317
13.016666860630115,1.325
13.053333527843158,1.347
13.0900001950562,1.32
13.126666862269245,1.31
13.163333529482284,1.26
13.200000196695328,1.191
13.23666686390837,1.149
13.273333531121413,1.122
13.310000198334455,1.096
13.3466668655475,1.06
13.383333532760542,1.092
13.420000199973584,1.15
13.456666867186629,1.128
13.49333353439967,1.092
13.530000201612712,1.065
13.566666868825754,1.084
13.603333536038797,1.091
13.64000020325184,1.085
13.67666687046488,1.068
13.713333537677924,1.058
13.750000204890966,1.086
13.786666872104009,1.107
13.823333539317051,1.057
13.860000206530094,0.998
13.896666873743138,1.027
13.93333354095618,1.107
13.970000208169225,1.136
14.006666875382264,1.1
14.043333542595308,1.097
14.08000020980835,1.137
14.116666877021393,1.122
14.153333544234435,1.101
14.190000211447478,1.097
14.22666687866052,1.134
14.263333545873564,1.182
14.300000213086603,1.15
14.336666880299648,1.101
14.37333354751269,1.114
14.410000214725732,1.178
14.446666881938777,1.195
14.48333354915182,1.174
14.520000216364862,1.158
14.556666883577904,1.136
14.593333550790948,1.128
14.630000218003987,1.099
14.666666885217031,1.117
14.703333552430074,1.146
14.740000219643116,1.126
14.77666688685616,1.068
14.8133335540692,1.051
14.850000221282244,1.033
14.886666888495286,1.009
14.923333555708329,0.999
14.960000222921373,1.075
14.996666890134415,1.125
15.033333557347458,1.136
15.0700002245605,1.104
15.106666891773544,1.056
15.143333558986583,1.029
15.180000226199628,1.052
15.21666689341267,1.045
15.253333560625713,1.053
15.290000227838757,1.093
15.326666895051796,1.093
15.36333356226484,1.101
15.400000229477882,1.105
15.436666896690925,1.196
15.473333563903967,1.235
15.51000023111701,1.198
15.546666898330054,1.122
15.583333565543096,1.102
15.62000023275614,1.114
15.65666689996918,1.088
15.693333567182224,1.058
15.730000234395266,1.02
15.766666901608309,0.966
15.803333568821351,0.96
15.840000236034394,1.011
15.876666903247436,1.036
15.91333357046048,1.074
15.95000023767352,1.143
15.986666904886564,1.226
16.023333572099606,1.256
16.06000023931265,1.303
16.09666690652569,1.333
16.133333573738735,1.369
16.170000240951776,1.334
16.20666690816482,1.235
16.24333357537786,1.202
16.280000242590905,1.237
16.316666909803946,1.237
16.35333357701699,1.258
16.390000244230034,1.232
16.426666911443075,1.233
16.46333357865612,1.23
16.50000024586916,1.243
16.536666913082204,1.272
16.573333580295245,1.31
16.61000024750829,1.324
16.64666691472133,1.325
16.683333581934374,1.32
16.720000249147414,1.268
16.75666691636046,1.187
16.7933335835735,1.167
16.830000250786544,1.18
16.866666917999584,1.174
16.90333358521263,1.144
16.940000252425673,1.1
16.976666919638713,1.055
17.013333586851758,1.039
17.0500002540648,1.028
17.086666921277843,1.078
17.123333588490883,1.158
17.160000255703928,1.237
17.196666922916968,1.268
17.233333590130012,1.3
17.270000257343053,1.275
17.306666924556097,1.224
17.343333591769138,1.197
17.380000258982182,1.24
17.416666926195223,1.28
17.453333593408267,1.306
17.49000026062131,1.285
17.526666927834352,1.305
17.563333595047396,1.315
17.600000262260437,1.305
17.63666692947348,1.317
17.673333596686522,1.332
17.710000263899566,1.3
17.746666931112607,1.248
17.78333359832565,1.244
17.82000026553869,1.199
17.856666932751736,1.128
17.893333599964777,1.103
17.93000026717782,1.093
17.96666693439086,1.05
18.003333601603906,1.024
18.04000026881695,1.01
18.07666693602999,1.061
18.113333603243035,1.081
18.15000027045608,1.118
18.18666693766912,1.142
18.22333360488216,1.13
18.260000272095205,1.119
18.29666693930825,1.098
18.33333360652129,1.083
18.37000027373433,1.078
18.40666694094737,1.1
18.443333608160412,1.134
18.48000027537346,1.117
18.516666942586504,1.106
18.553333609799544,1.118
18.59000027701259,1.138
18.62666694422563,1.19
18.663333611438677,1.23
18.700000278651714,1.257
18.73666694586476,1.271
18.7733336130778,1.279
18.810000280290843,1.291
18.846666947503884,1.314
18.88333361471693,1.401
18.92000028192997,1.43
18.956666949143013,1.366
18.99333361635605,1.296
19.0300002835691,1.252
19.066666950782142,1.207
19.103333617995183,1.191
19.140000285208227,1.207
19.176666952421268,1.227
19.213333619634312,1.169
19.250000286847357,1.098
19.2866669540604,1.092
19.32333362127344,1.101
19.36000028848648,1.163
19.396666955699523,1.159
19.433333622912567,1.139
19.470000290125608,1.168
19.50666695733865,1.232
19.543333624551693,1.248
19.580000291764737,1.311
19.61666695897778,1.379
19.653333626190825,1.362
19.690000293403862,1.35
19.726666960616907,1.393
19.76333362782995,1.387
19.80000029504299,1.322
19.83666696225604,1.255
19.87333362946908,1.267
19.91000029668212,1.237
19.94666696389516,1.239
19.98333363110821,1.28
20.020000298321246,1.353
20.05666696553429,1.436
20.09333363274733,1.484
20.130000299960376,1.459
20.16666696717342,1.452
20.20333363438646,1.446
20.240000301599505,1.461
20.276666968812545,1.46
20.31333363602559,1.46
20.35000030323863,1.482
20.386666970451675,1.483
20.423333637664715,1.424
20.46000030487776,1.402
20.4966669720908,1.329
20.533333639303844,1.355
20.570000306516885,1.388
20.60666697372993,1.368
20.64333364094297,1.35
20.68000030815601,1.322
20.71666697536906,1.271
20.7533336425821,1.269
20.790000309795143,1.306
20.826666977008184,1.33
20.86333364422123,1.291
20.90000031143427,1.244
20.936666978647317,1.204
20.973333645860357,1.177
21.0100003130734,1.139
21.04666698028644,1.131
21.083333647499483,1.166
21.120000314712524,1.23
21.156666981925568,1.278
21.19333364913861,1.324
21.230000316351653,1.376
21.266666983564697,1.391
21.303333650777738,1.394
21.340000317990786,1.415
21.376666985203823,1.429
21.413333652416867,1.471
21.450000319629908,1.461
21.486666986842952,1.508
21.523333654055996,1.539
21.56000032126904,1.569
21.59666698848208,1.548
21.63333365569512,1.513
21.67000032290816,1.472
21.706666990121207,1.441
21.743333657334247,1.42
21.78000032454729,1.352
21.816666991760336,1.289
21.853333658973376,1.284
21.89000032618642,1.284
21.92666699339946,1.236
21.963333660612506,1.178
22.000000327825543,1.17
22.03666699503859,1.179
22.07333366225163,1.185
22.110000329464675,1.222
22.14666699667772,1.224
22.18333366389076,1.153
22.2200003311038,1.13
22.256666998316845,1.13
22.29333366552989,1.134
22.33000033274293,1.142
22.36666699995597,1.091
22.40333366716901,1.092
22.44000033438206,1.181
22.4766670015951,1.263
22.513333668808144,1.267
22.550000336021185,1.272
22.58666700323423,1.297
22.62333367044727,1.338
22.660000337660318,1.357
22.696667004873355,1.36
22.7333336720864,1.377
22.77000033929944,1.413
22.806667006512484,1.415
22.843333673725525,1.386
22.88000034093857,1.357
22.916667008151613,1.362
22.953333675364654,1.37
22.990000342577694,1.416
23.02666700979074,1.374
23.063333677003783,1.353
23.100000344216824,1.331
23.136667011429868,1.296
23.17333367864291,1.282
23.210000345855956,1.325
23.246667013068997,1.332
23.28333368028204,1.316
23.32000034749508,1.311
23.356667014708123,1.297
23.393333681921163,1.39
23.430000349134207,1.481
23.46666701634725,1.537
23.50333368356029,1.565
23.540000350773337,1.572
23.576667017986377,1.536
23.61333368519942,1.517
23.650000352412462,1.485
23.686667019625503,1.448
23.723333686838547,1.431
23.76000035405159,1.438
23.796667021264632,1.327
23.83333368847768,1.249
23.87000035569072,1.255
23.90666702290376,1.3
23.9433336901168,1.328
23.98000035732985,1.29
24.01666702454289,1.322
24.05333369175593,1.364
24.09000035896897,1.359
24.126667026182016,1.377
24.16333369339506,1.385
24.2000003606081,1.437
24.236667027821145,1.431
24.273333695034182,1.44
24.31000036224723,1.451
24.34666702946027,1.464
24.383333696673315,1.465
24.42000036388636,1.477
24.4566670310994,1.524
24.49333369831244,1.558
24.530000365525485,1.542
24.56666703273853,1.524
24.60333369995157,1.497
24.64000036716461,1.529
24.67666703437765,1.572
24.7133337015907,1.571
24.75000036880374,1.562
24.786667036016784,1.545
24.823333703229824,1.5
24.86000037044287,1.509
24.89666703765591,1.51
24.933333704868957,1.492
24.970000372081994,1.467
25.00666703929504,1.479
25.04333370650808,1.451
25.080000373721123,1.416
25.116667040934168,1.43
25.15333370814721,1.416
25.190000375360253,1.37
25.226667042573293,1.323
25.263333709786338,1.301
25.300000376999375,1.256
25.336667044212422,1.246
25.373333711425463,1.242
25.410000378638507,1.266
25.446667045851548,1.325
25.483333713064592,1.38
25.520000380277637,1.4
25.55666704749068,1.354
25.59333371470372,1.354
25.63000038191676,1.414
25.666667049129806,1.457
25.703333716342847,1.491
25.74000038355589,1.537
25.77666705076893,1.572
25.813333717981976,1.542
25.850000385195017,1.567
25.88666705240806,1.595
25.923333719621105,1.551
25.960000386834142,1.465
25.996667054047187,1.434
26.03333372126023,1.477
26.07000038847327,1.492
26.10666705568632,1.472
26.14333372289936,1.43
26.1800003901124,1.441
26.216667057325445,1.414
26.25333372453849,1.38
26.29000039175153,1.372
26.32666705896457,1.352
26.36333372617761,1.308
