time_min,absorb_mau
0.0,0.0
0.0600000008940697,-0.008
0.120000001788139,-0.012
0.180000002682209,-0.058
0.240000003576279,-0.124
0.300000004470348,-0.11
0.360000005364418,-0.15
0.420000006258488,-0.194
0.480000007152557,-0.107
0.540000008046627,-0.007
0.600000008940697,0.001
0.660000009834766,0.162
0.720000010728836,0.734
0.780000011622906,2.319
0.840000012516975,5.683
0.900000013411045,10.817
0.960000014305115,15.806
1.02000001519918,18.831
1.08000001609325,19.173
1.14000001698732,17.762
1.20000001788139,15.557
1.26000001877546,13.274
1.32000001966953,11.282
1.3800000205636,9.881
1.44000002145767,8.857
1.50000002235174,8.224
1.56000002324581,8.026
1.62000002413988,7.856
1.68000002503395,7.754
1.74000002592802,7.615
1.80000002682209,7.529
1.86000002771616,7.484
1.92000002861023,7.462
1.9800000295043,7.423
2.04000003039837,7.397
2.10000003129244,7.382
2.16000003218651,7.441
2.22000003308058,7.606
2.28000003397465,7.661
2.34000003486872,7.745
2.40000003576279,7.844
2.46000003665686,8.051
2.52000003755093,8.2
2.580000038445,8.359
2.64000003933907,8.535
2.70000004023314,8.724
2.7600000411272,8.971
2.82000004202127,9.363
2.88000004291534,9.784
2.94000004380941,10.168
3.00000004470348,10.56
3.06000004559755,11.153
3.12000004649162,11.739
3.18000004738569,12.267
3.24000004827976,12.803
3.30000004917383,13.283
3.3600000500679,13.902
3.42000005096197,14.582
3.48000005185604,15.263
3.54000005275011,16.042
3.60000005364418,16.812
3.66000005453825,17.59
3.72000005543232,18.433
3.78000005632639,19.361
3.84000005722046,20.278
3.90000005811453,21.081
3.9600000590086,21.826
4.02000005990267,22.612
4.08000006079674,23.38
4.14000006169081,24.262
4.20000006258488,25.072
4.26000006347895,25.73
4.32000006437302,26.361
4.38000006526709,27.002
4.44000006616116,27.757
4.50000006705523,28.377
4.5600000679493,28.892
4.62000006884337,29.289
4.68000006973743,29.627
4.7400000706315,29.944
4.80000007152557,30.254
4.86000007241964,30.418
4.92000007331371,30.639
4.98000007420778,30.779
5.04000007510185,30.869
5.10000007599592,31.142
5.16000007688999,31.469
5.22000007778406,31.633
5.28000007867813,31.646
5.3400000795722,31.482
5.40000008046627,31.243
5.46000008136034,31.04
5.52000008225441,30.918
5.58000008314848,30.594
5.64000008404255,30.336
5.70000008493662,30.182
5.76000008583069,29.957
5.82000008672476,29.787
5.88000008761883,29.528
5.9400000885129,29.273
6.00000008940697,28.926
6.06000009030104,28.547
6.12000009119511,28.19
6.18000009208918,27.939
6.24000009298325,27.754
6.30000009387732,27.501
6.36000009477139,27.129
6.42000009566546,26.773
6.48000009655952,26.435
6.54000009745359,26.175
6.60000009834766,25.898
6.66000009924173,25.578
6.7200001001358,25.176
6.78000010102987,24.826
6.84000010192394,24.305
6.90000010281801,23.79
6.96000010371208,23.4
7.02000010460615,22.937
7.08000010550022,22.533
7.14000010639429,22.177
7.20000010728836,21.887
7.26000010818243,21.506
7.3200001090765,21.161
7.38000010997057,20.758
7.44000011086464,20.274
7.50000011175871,19.789
7.56000011265278,19.236
7.62000011354685,18.708
7.68000011444092,18.305
7.74000011533499,17.873
7.80000011622906,17.45
7.86000011712313,17.3
7.9200001180172,17.146
7.98000011891127,16.951
8.04000011980534,16.703
8.10000012069941,16.544
8.16000012159348,16.166
8.22000012248755,15.9
8.28000012338162,15.632
8.34000012427569,15.342
8.40000012516975,15.033
8.46000012606382,14.802
8.52000012695789,14.627
8.58000012785196,14.401
8.64000012874603,14.172
8.7000001296401,14.041
8.76000013053417,13.966
8.82000013142824,13.804
8.88000013232231,13.602
8.94000013321638,13.349
9.00000013411045,13.143
9.06000013500452,12.969
9.12000013589859,12.843
9.18000013679266,12.61
9.24000013768673,12.451
9.3000001385808,12.338
9.36000013947487,12.274
9.42000014036894,12.302
9.48000014126301,12.241
9.54000014215708,12.118
9.60000014305115,12.047
9.66000014394522,11.922
9.72000014483929,11.785
9.78000014573336,11.717
9.84000014662743,11.669
9.9000001475215,11.553
9.96000014841557,11.516
10.0200001493096,11.561
10.0800001502037,11.608
10.1400001510978,11.578
10.2000001519918,11.434
10.2600001528859,11.348
10.32000015378,11.169
10.3800001546741,11.012
10.4400001555681,10.984
10.5000001564622,10.963
10.5600001573563,10.893
10.6200001582503,10.801
10.6800001591444,10.761
10.7400001600385,10.731
10.8000001609325,10.7
10.8600001618266,10.629
10.9200001627207,10.593
10.9800001636148,10.631
11.0400001645088,10.522
11.1000001654029,10.46
11.160000166297,10.339
11.220000167191,10.258
11.2800001680851,10.307
11.3400001689792,10.333
11.4000001698732,10.361
11.4600001707673,10.486
11.5200001716614,10.657
11.5800001725554,10.705
11.6400001734495,10.612
11.7000001743436,10.646
11.7600001752377,10.58
11.8200001761317,10.502
11.8800001770258,10.386
11.9400001779199,10.314
12.0000001788139,10.323
12.060000179708,10.366
12.1200001806021,10.278
12.1800001814961,10.245
12.2400001823902,10.343
12.3000001832843,10.298
12.3600001841784,10.37
12.4200001850724,10.259
12.4800001859665,10.228
12.5400001868606,10.364
12.6000001877546,10.402
12.6600001886487,10.358
12.7200001895428,10.306
12.7800001904368,10.296
12.8400001913309,10.46
12.900000192225,10.64
12.960000193119,10.623
13.0200001940131,10.692
13.0800001949072,10.703
13.1400001958013,10.726
13.2000001966953,10.755
13.2600001975894,10.878
13.3200001984835,10.916
13.3800001993775,10.963
13.4400002002716,10.946
13.5000002011657,10.973
13.5600002020597,10.998
13.6200002029538,11.039
13.6800002038479,10.998
13.740000204742,10.913
13.800000205636,10.896
13.8600002065301,10.922
13.9200002074242,10.958
13.9800002083182,10.937
14.0400002092123,10.877
14.1000002101064,10.907
14.1600002110004,11.041
14.2200002118945,11.222
14.2800002127886,11.223
14.3400002136827,11.269
14.4000002145767,11.246
14.4600002154708,11.291
14.5200002163649,11.338
14.5800002172589,11.373
14.640000218153,11.373
14.7000002190471,11.408
14.7600002199411,11.51
14.8200002208352,11.432
14.8800002217293,11.402
14.9400002226234,11.482
15.0000002235174,11.626
15.0600002244115,11.79
15.1200002253056,11.795
15.1800002261996,11.714
15.2400002270937,11.657
15.3000002279878,11.615
15.3600002288818,11.602
15.4200002297759,11.641
15.48000023067,11.685
15.540000231564,11.675
15.6000002324581,11.831
15.6600002333522,11.969
15.7200002342463,12.234
15.7800002351403,12.468
15.8400002360344,12.549
15.9000002369285,12.55
15.9600002378225,12.472
16.0200002387166,12.488
16.0800002396107,12.52
16.1400002405047,12.532
16.2000002413988,12.623
16.2600002422929,12.691
16.320000243187,12.76
16.380000244081,12.914
16.4400002449751,12.998
16.5000002458692,13.22
16.5600002467632,13.293
16.6200002476573,13.272
16.6800002485514,13.254
16.7400002494454,13.223
16.8000002503395,13.213
16.8600002512336,13.16
16.9200002521276,13.148
16.9800002530217,13.231
17.0400002539158,13.294
17.1000002548099,13.445
17.1600002557039,13.534
17.220000256598,13.56
17.2800002574921,13.522
17.3400002583861,13.377
17.4000002592802,13.325
17.4600002601743,13.36
17.5200002610683,13.363
17.5800002619624,13.288
17.6400002628565,13.258
17.7000002637506,13.329
17.7600002646446,13.373
17.8200002655387,13.458
17.8800002664328,13.479
17.9400002673268,13.594
18.0000002682209,13.579
18.060000269115,13.573
18.120000270009,13.66
18.1800002709031,13.643
18.2400002717972,13.663
18.3000002726913,13.607
18.3600002735853,13.452
18.4200002744794,13.44
18.4800002753735,13.504
18.5400002762675,13.586
18.6000002771616,13.646
18.6600002780557,13.648
18.7200002789497,13.635
18.7800002798438,13.643
18.8400002807379,13.576
18.9000002816319,13.558
18.960000282526,13.631
19.0200002834201,13.605
19.0800002843142,13.576
19.1400002852082,13.567
19.2000002861023,13.702
19.2600002869964,13.901
19.3200002878904,14.048
19.3800002887845,14.035
19.4400002896786,14.067
19.5000002905726,14.091
19.5600002914667,14.112
19.6200002923608,14.1
19.6800002932549,14.191
19.7400002941489,14.204
19.800000295043,14.136
19.8600002959371,14.191
19.9200002968311,14.214
19.9800002977252,14.17
20.0400002986193,14.098
20.1000002995133,13.995
20.1600003004074,13.847
20.2200003013015,13.708
20.2800003021955,13.646
20.3400003030896,13.567
20.4000003039837,13.462
20.4600003048778,13.469
20.5200003057718,13.516
20.5800003066659,13.528
20.64000030756,13.57
20.700000308454,13.632
20.7600003093481,13.603
20.8200003102422,13.599
20.8800003111362,13.631
20.9400003120303,13.646
21.0000003129244,13.538
21.0600003138185,13.491
21.1200003147125,13.402
21.1800003156066,13.361
21.2400003165007,13.271
21.3000003173947,13.245
21.3600003182888,13.309
21.4200003191829,13.279
21.4800003200769,13.135
21.540000320971,13.09
21.6000003218651,13.117
21.6600003227592,13.026
21.7200003236532,12.947
21.7800003245473,12.807
21.8400003254414,12.707
21.9000003263354,12.691
21.9600003272295,12.712
22.0200003281236,12.78
22.0800003290176,12.913
22.1400003299117,12.924
22.2000003308058,12.846
22.2600003316998,12.662
22.3200003325939,12.591
22.380000333488,12.578
22.4400003343821,12.518
22.5000003352761,12.391
22.5600003361702,12.277
22.6200003370643,12.173
22.6800003379583,12.137
22.7400003388524,12.099
22.8000003397465,12.038
22.8600003406405,12.024
22.9200003415346,11.931
22.9800003424287,11.835
23.0400003433228,11.739
23.1000003442168,11.752
23.1600003451109,11.61
23.220000346005,11.374
23.280000346899,11.143
23.3400003477931,10.908
23.4000003486872,10.858
23.4600003495812,10.789
23.5200003504753,10.699
23.5800003513694,10.58
23.6400003522635,10.471
23.7000003531575,10.284
23.7600003540516,10.24
23.8200003549457,10.179
23.8800003558397,10.183
23.9400003567338,10.15
24.0000003576279,10.141
24.0600003585219,10.111
24.120000359416,10.075
24.1800003603101,10.095
24.2400003612041,10.115
24.3000003620982,9.995
24.3600003629923,9.807
24.4200003638864,9.66
24.4800003647804,9.578
24.5400003656745,9.554
24.6000003665686,9.473
24.6600003674626,9.349
24.7200003683567,9.301
24.7800003692508,9.136
24.8400003701448,9.033
24.9000003710389,8.979
24.960000371933,8.846
25.0200003728271,8.704
25.0800003737211,8.581
25.1400003746152,8.474
25.2000003755093,8.38
25.2600003764033,8.338
25.3200003772974,8.373
25.3800003781915,8.244
25.4400003790855,8.201
25.5000003799796,8.138
25.5600003808737,8.074
25.6200003817677,7.979
25.6800003826618,7.856
25.7400003835559,7.69
25.80000038445,7.573
25.860000385344,7.436
25.9200003862381,7.372
25.9800003871322,7.383
26.0400003880262,7.288
26.1000003889203,7.257
26.1600003898144,7.149
26.2200003907084,7.029
26.2800003916025,6.885
26.3400003924966,6.752
26.4000003933907,6.719
26.4600003942847,6.626
26.5200003951788,6.393
26.5800003960729,6.236
26.6400003969669,6.143
26.700000397861,5.998
26.7600003987551,5.901
26.8200003996491,5.804
26.8800004005432,5.702
26.9400004014373,5.709
27.0000004023314,5.663
27.0600004032254,5.689
27.1200004041195,5.58
27.1800004050136,5.558
27.2400004059076,5.454
27.3000004068017,5.275
27.3600004076958,5.219
27.4200004085898,5.182
27.4800004094839,5.096
27.540000410378,5.109
27.600000411272,4.951
27.6600004121661,4.781
27.7200004130602,4.735
27.7800004139543,4.581
27.8400004148483,4.53
27.9000004157424,4.528
27.9600004166365,4.44
28.0200004175305,4.341
28.0800004184246,4.201
28.1400004193187,4.169
28.2000004202127,4.104
28.2600004211068,4.07
28.3200004220009,4.106
28.380000422895,4.055
28.440000423789,3.962
28.5000004246831,3.901
28.5600004255772,3.864
28.6200004264712,3.69
28.6800004273653,3.632
28.7400004282594,3.587
28.8000004291534,3.553
28.8600004300475,3.449
28.9200004309416,3.4
28.9800004318357,3.416
29.0400004327297,3.422
29.1000004336238,3.45
29.1600004345179,3.377
29.2200004354119,3.325
29.280000436306,3.325
29.3400004372001,3.299
29.4000004380941,3.343
29.4600004389882,3.278
29.5200004398823,3.148
29.5800004407763,3.095
29.6400004416704,2.991
29.7000004425645,2.872
29.7600004434586,2.807
29.8200004443526,2.723
29.8800004452467,2.639
29.9400004461408,2.616
30.0000004470348,2.569
30.0600004479289,2.501
30.120000448823,2.431
30.180000449717,2.367
30.2400004506111,2.407
30.3000004515052,2.422
30.3600004523993,2.355
30.4200004532933,2.358
30.4800004541874,2.412
30.5400004550815,2.413
30.6000004559755,2.403
30.6600004568696,2.455
30.7200004577637,2.371
30.7800004586577,2.318
30.8400004595518,2.279
30.9000004604459,2.224
30.96000046134,2.171
31.020000462234,2.211
31.0800004631281,2.233
31.1400004640222,2.242
31.2000004649162,2.232
31.2600004658103,2.17
31.3200004667044,2.07
31.3800004675984,2.038
31.4400004684925,2.051
31.5000004693866,2.023
31.5600004702806,2.066
31.6200004711747,2.058
31.6800004720688,2.013
31.7400004729629,1.969
31.8000004738569,1.978
31.860000474751,1.927
31.9200004756451,1.926
31.9800004765391,1.875
32.0400004774332,1.814
32.1000004783273,1.748
32.1600004792213,1.694
32.2200004801154,1.701
32.2800004810095,1.654
32.3400004819036,1.611
32.4000004827976,1.578
32.4600004836917,1.474
32.5200004845858,1.497
32.5800004854798,1.521
32.6400004863739,1.489
32.700000487268,1.417
32.760000488162,1.47
32.8200004890561,1.377
32.8800004899502,1.382
32.9400004908442,1.342
33.0000004917383,1.429
33.0600004926324,1.39
33.1200004935265,1.388
33.1800004944205,1.465
33.2400004953146,1.452
33.3000004962087,1.453
33.3600004971027,1.373
33.4200004979968,1.245
33.4800004988909,1.286
33.5400004997849,1.296
33.600000500679,1.276
33.6600005015731,1.294
33.7200005024672,1.303
33.7800005033612,1.374
33.8400005042553,1.415
33.9000005051494,1.387
33.9600005060434,1.372
34.0200005069375,1.404
34.0800005078316,1.375
34.1400005087256,1.359
34.2000005096197,1.409
34.2600005105138,1.333
34.3200005114079,1.365
34.3800005123019,1.472
34.440000513196,1.527
34.5000005140901,1.481
34.5600005149841,1.42
34.6200005158782,1.402
34.6800005167723,1.343
34.7400005176663,1.314
34.8000005185604,1.256
34.8600005194545,1.219
34.9200005203485,1.181
34.9800005212426,1.238
35.0400005221367,1.216
35.1000005230308,1.238
35.1600005239248,1.3
35.2200005248189,1.316
35.280000525713,1.249
35.340000526607,1.285
35.4000005275011,1.298
35.4600005283952,1.263
35.5200005292892,1.215
35.5800005301833,1.243
35.6400005310774,1.3
35.7000005319715,1.348
35.7600005328655,1.295
35.8200005337596,1.324
35.8800005346537,1.29
35.9400005355477,1.29
36.0000005364418,1.361
36.0600005373359,1.355
36.1200005382299,1.306
36.180000539124,1.283
36.2400005400181,1.347
36.3000005409121,1.325
36.3600005418062,1.248
36.4200005427003,1.185
36.4800005435944,1.159
36.5400005444884,1.159
36.6000005453825,1.144
36.6600005462766,1.18
36.7200005471706,1.194
36.7800005480647,1.192
36.8400005489588,1.191
36.9000005498528,1.125
36.9600005507469,1.145
37.020000551641,1.191
37.0800005525351,1.207
37.1400005534291,1.211
37.2000005543232,1.24
37.2600005552173,1.248
37.3200005561113,1.234
37.3800005570054,1.219
37.4400005578995,1.312
37.5000005587935,1.44
37.5600005596876,1.484
37.6200005605817,1.419
37.6800005614758,1.399
37.7400005623698,1.433
37.8000005632639,1.391
37.860000564158,1.294
37.920000565052,1.209
37.9800005659461,1.095
38.0400005668402,1.113
38.1000005677342,1.133
38.1600005686283,1.186
38.2200005695224,1.27
38.2800005704165,1.324
38.3400005713105,1.262
38.4000005722046,1.229
38.4600005730987,1.228
38.5200005739927,1.211
38.5800005748868,1.196
38.6400005757809,1.101
38.7000005766749,1.09
38.760000577569,1.229
38.8200005784631,1.218
38.8800005793572,1.192
38.9400005802512,1.18
39.0000005811453,1.189
39.0600005820394,1.232
39.1200005829334,1.236
39.1800005838275,1.214
39.2400005847216,1.299
39.3000005856156,1.374
39.3600005865097,1.352
39.4200005874038,1.24
39.4800005882978,1.212
39.5400005891919,1.188
39.600000590086,1.235
39.6600005909801,1.187
39.7200005918741,1.129
39.7800005927682,1.164
39.8400005936623,1.234
39.9000005945563,1.253
39.9600005954504,1.273
40.0200005963445,1.299
40.0800005972385,1.3
40.1400005981326,1.301
40.2000005990267,1.299
40.2600005999208,1.254
40.3200006008148,1.166
40.3800006017089,1.179
40.440000602603,1.192
40.500000603497,1.206
40.5600006043911,1.171
40.6200006052852,1.076
40.6800006061792,1.016
40.7400006070733,1.078
40.8000006079674,1.104
40.8600006088614,1.084
40.9200006097555,1.049
40.9800006106496,1.047
41.0400006115437,1.118
41.1000006124377,1.177
41.1600006133318,1.189
41.2200006142259,1.171
41.2800006151199,1.184
41.340000616014,1.22
41.4000006169081,1.214
41.4600006178021,1.211
41.5200006186962,1.252
41.5800006195903,1.302
41.6400006204844,1.322
41.7000006213784,1.351
41.7600006222725,1.356
41.8200006231666,1.254
41.8800006240606,1.207
41.9400006249547,1.162
42.0000006258488,1.082
42.0600006267428,1.179
42.1200006276369,1.257
42.180000628531,1.251
42.2400006294251,1.284
42.3000006303191,1.334
42.3600006312132,1.335
42.4200006321073,1.213
42.4800006330013,1.255
42.5400006338954,1.344
42.6000006347895,1.366
42.6600006356835,1.366
42.7200006365776,1.338
42.7800006374717,1.293
42.8400006383657,1.201
42.9000006392598,1.21
42.9600006401539,1.136
43.020000641048,1.088
43.080000641942,1.059
43.1400006428361,1.051
43.2000006437302,1.023
43.2600006446242,1.035
43.3200006455183,1.039
43.3800006464124,1.076
43.4400006473064,1.075
43.5000006482005,1.149
43.5600006490946,1.171
43.6200006499887,1.092
43.6800006508827,1.062
43.7400006517768,1.071
43.8000006526709,1.067
43.8600006535649,1.055
43.920000654459,1.062
43.9800006553531,1.054
44.0400006562471,1.024
44.1000006571412,1.055
44.1600006580353,1.054
44.2200006589294,1.108
44.2800006598234,1.125
44.3400006607175,1.138
44.4000006616116,1.116
44.4600006625056,1.099
44.5200006633997,1.184
44.5800006642938,1.176
44.6400006651878,1.127
44.7000006660819,1.103
44.760000666976,1.033
44.82000066787,1.088
44.8800006687641,1.086
44.9400006696582,1.033
45.0000006705523,1.113
45.0600006714463,1.175
45.1200006723404,1.178
45.1800006732345,1.202
45.2400006741285,1.24
45.3000006750226,1.244
45.3600006759167,1.31
45.4200006768108,1.31
45.4800006777048,1.251
45.5400006785989,1.328
45.600000679493,1.306
45.660000680387,1.341
45.7200006812811,1.375
45.7800006821752,1.386
45.8400006830692,1.364
45.9000006839633,1.295
45.9600006848574,1.275
46.0200006857514,1.219
46.0800006866455,1.219
46.1400006875396,1.189
46.2000006884337,1.192
46.2600006893277,1.261
46.3200006902218,1.21
46.3800006911159,1.267
46.4400006920099,1.251
46.500000692904,1.279
46.5600006937981,1.321
46.6200006946921,1.211
46.6800006955862,1.168
46.7400006964803,1.171
46.8000006973743,1.145
46.8600006982684,1.113
46.9200006991625,1.048
46.9800007000566,0.994
47.0400007009506,1.018
47.1000007018447,1.092
47.1600007027388,1.148
47.2200007036328,1.134
47.2800007045269,1.069
47.340000705421,1.041
47.400000706315,0.999
47.4600007072091,1.064
47.5200007081032,1.076
47.5800007089973,1.064
47.6400007098913,1.156
47.7000007107854,1.206
47.7600007116795,1.219
47.8200007125735,1.239
47.8800007134676,1.201
47.9400007143617,1.143
48.0000007152557,1.151
48.0600007161498,1.114
48.1200007170439,1.109
48.180000717938,1.085
48.240000718832,1.101
48.3000007197261,1.096
48.3600007206202,1.086
48.4200007215142,1.112
48.4800007224083,1.079
48.5400007233024,1.062
48.6000007241964,1.03
48.6600007250905,0.997
48.7200007259846,1.065
48.7800007268787,1.232
48.8400007277727,1.234
48.9000007286668,1.15
48.9600007295609,1.068
49.0200007304549,1.048
49.080000731349,1.088
49.1400007322431,0.994
49.2000007331371,1.018
49.2600007340312,1.019
49.3200007349253,0.998
49.3800007358193,0.969
49.4400007367134,1.005
49.5000007376075,1.034
49.5600007385016,1.045
49.6200007393956,1.119
49.6800007402897,1.106
49.7400007411838,1.13
49.8000007420778,1.084
49.8600007429719,1.102
49.920000743866,1.1
49.98000074476,1.05
50.0400007456541,1.04
50.1000007465482,1.126
50.1600007474423,1.16
50.2200007483363,1.192
50.2800007492304,1.195
50.3400007501245,1.098
50.4000007510185,1.034
50.4600007519126,1.076
50.5200007528067,1.065
50.5800007537007,1.005
50.6400007545948,0.972
50.7000007554889,0.995
50.7600007563829,1.13
50.820000757277,1.091
50.8800007581711,1.116
50.9400007590652,1.265
51.0000007599592,1.389
51.0600007608533,1.346
51.1200007617474,1.355
