time_min,absorb_mau
0.0,0.0
0.0133333335320154,0.008
0.0266666670640309,0.03
0.0400000005960464,0.045
0.0533333341280619,0.069
0.0666666676600774,0.095
0.0800000011920929,0.118
0.0933333347241083,0.132
0.1066666682561238,0.125
0.1200000017881393,0.126
0.1333333353201548,0.131
0.1466666688521703,0.136
0.1600000023841858,0.153
0.1733333359162013,0.175
0.1866666694482167,0.213
0.2000000029802322,0.246
0.2133333365122477,0.262
0.2266666700442632,0.257
0.2400000035762786,0.245
0.2533333371082942,0.245
0.2666666706403096,0.246
0.2800000041723251,0.235
0.2933333377043406,0.249
0.3066666712363561,0.263
0.3200000047683716,0.278
0.3333333383003871,0.287
0.3466666718324026,0.282
0.360000005364418,0.275
0.3733333388964335,0.267
0.386666672428449,0.261
0.4000000059604645,0.257
0.4133333394924799,0.242
0.4266666730244954,0.23
0.4400000065565109,0.239
0.4533333400885264,0.255
0.4666666736205419,0.276
0.4800000071525573,0.308
0.4933333406845728,0.356
0.5066666742165884,0.411
0.5200000077486039,0.436
0.5333333412806193,0.426
0.5466666748126348,0.423
0.5600000083446502,0.391
0.5733333418766657,0.338
0.5866666754086812,0.275
0.6000000089406967,0.208
0.6133333424727122,0.175
0.6266666760047277,0.154
0.6400000095367432,0.16
0.6533333430687587,0.215
0.6666666766007742,0.333
0.6800000101327897,0.519
0.6933333436648051,0.779
0.7066666771968206,1.133
0.7200000107288361,1.571
0.7333333442608516,2.129
0.746666677792867,2.865
0.7600000113248825,3.812
0.773333344856898,4.975
0.7866666783889135,6.38
0.800000011920929,8.012
0.8133333454529444,10.011
0.8266666789849599,12.25
0.8400000125169754,14.717
0.8533333460489909,17.395
0.8666666795810064,20.251
0.8800000131130219,23.337
0.8933333466450374,26.539
0.9066666801770528,29.884
0.9200000137090684,33.374
0.933333347241084,36.975
0.9466666807730992,40.927
0.9600000143051148,45.051
0.9733333478371302,49.426
0.9866666813691456,54.168
1.0000000149011612,59.327
1.0133333484331768,64.935
1.0266666819651922,70.871
1.0400000154972078,76.627
1.0533333490292232,82.585
1.0666666825612383,88.445
1.080000016093254,93.704
1.0933333496252695,98.793
1.1066666831572851,103.275
1.1200000166893005,107.08
1.133333350221316,110.375
1.1466666837533317,112.967
1.160000017285347,114.883
1.1733333508173625,116.223
1.186666684349378,116.857
1.2000000178813934,116.821
1.213333351413409,116.282
1.2266666849454244,115.325
1.24000001847744,113.946
1.2533333520094554,112.158
1.266666685541471,109.982
1.2800000190734864,107.567
1.2933333526055018,104.868
1.3066666861375174,101.876
1.3200000196695327,98.772
1.3333333532015483,95.532
1.3466666867335635,92.191
1.360000020265579,88.732
1.3733333537975947,85.14
1.3866666873296103,81.844
1.4000000208616257,78.418
1.4133333543936413,74.913
1.4266666879256569,71.37
1.4400000214576725,67.914
1.4533333549896876,64.533
1.4666666885217032,61.138
1.4800000220537186,57.812
1.493333355585734,54.6
1.5066666891177496,51.571
1.520000022649765,48.643
1.5333333561817806,45.841
1.546666689713796,43.156
1.5600000232458116,40.563
1.573333356777827,38.128
1.5866666903098423,35.832
1.600000023841858,33.648
1.6133333573738735,31.589
1.626666690905889,29.665
1.6400000244379045,27.871
1.65333335796992,26.142
1.6666666915019357,24.492
1.6800000250339509,22.914
1.6933333585659665,21.413
1.7066666920979818,20.0
1.7200000256299972,18.661
1.7333333591620128,17.421
1.7466666926940282,16.265
1.7600000262260438,15.18
1.7733333597580592,14.218
1.7866666932900748,13.317
1.80000002682209,12.497
1.8133333603541055,11.744
1.826666693886121,11.034
1.8400000274181367,10.392
1.853333360950152,9.789
1.866666694482168,9.224
1.880000028014183,8.693
1.8933333615461987,8.174
1.906666695078214,7.715
1.9200000286102292,7.29
1.933333362142245,6.892
1.9466666956742604,6.52
1.960000029206276,6.188
1.9733333627382916,5.879
1.986666696270307,5.591
2.0000000298023224,5.321
2.013333363334338,5.076
2.0266666968663536,4.85
2.0400000303983687,4.641
2.0533333639303843,4.445
2.0666666974624,4.261
2.0800000309944155,4.089
2.0933333645264307,3.934
2.1066666980584463,3.781
2.120000031590462,3.627
2.133333365122477,3.475
2.1466666986544927,3.352
2.1600000321865083,3.226
2.173333365718524,3.096
2.186666699250539,2.974
2.200000032782554,2.869
2.2133333663145702,2.78
2.226666699846586,2.696
2.240000033378601,2.604
2.2533333669106166,2.523
2.266666700442632,2.466
2.280000033974648,2.392
2.293333367506663,2.319
2.3066667010386785,2.236
2.320000034570694,2.156
2.3333333681027097,2.1
2.346666701634725,2.047
2.3600000351667405,2.001
2.373333368698756,1.942
2.3866667022307717,1.882
2.400000035762787,1.844
2.4133333692948025,1.805
2.426666702826818,1.744
2.440000036358833,1.675
2.453333369890849,1.617
2.4666667034228644,1.593
2.48000003695488,1.55
2.493333370486895,1.504
2.506666704018911,1.47
2.5200000375509264,1.444
2.533333371082942,1.411
2.546666704614957,1.374
2.5600000381469727,1.331
2.5733333716789883,1.293
2.5866667052110035,1.26
2.600000038743019,1.22
2.6133333722750347,1.204
2.6266667058070503,1.183
2.640000039339065,1.161
2.653333372871081,1.149
2.6666667064030967,1.138
2.6800000399351123,1.136
2.6933333734671274,1.124
2.706666706999143,1.104
2.720000040531158,1.091
2.7333333740631742,1.085
2.7466667075951894,1.076
2.760000041127205,1.063
2.7733333746592206,1.051
2.786666708191236,1.061
2.800000041723252,1.074
2.813333375255267,1.072
2.8266667087872825,1.063
2.8400000423192977,1.054
2.8533333758513133,1.03
2.866666709383329,1.026
2.8800000429153445,1.018
2.89333337644736,1.015
2.9066667099793757,1.024
2.920000043511391,1.037
2.9333333770434065,1.063
2.9466667105754216,1.072
2.960000044107437,1.066
2.973333377639453,1.063
2.986666711171468,1.061
3.000000044703484,1.051
3.013333378235499,1.042
3.026666711767515,1.032
3.04000004529953,1.016
3.053333378831545,1.015
3.066666712363561,1.01
3.0800000458955767,1.001
3.093333379427592,0.989
3.1066667129596075,0.973
3.120000046491623,0.972
3.1333333800236387,0.97
3.146666713555654,0.965
3.160000047087669,0.956
3.173333380619685,0.935
3.1866667141517007,0.92
3.200000047683716,0.915
3.2133333812157314,0.909
3.226666714747747,0.89
3.240000048279762,0.859
3.253333381811778,0.847
3.2666667153437934,0.844
3.280000048875809,0.835
3.293333382407824,0.806
3.30666671593984,0.785
3.320000049471856,0.775
3.333333383003871,0.77
3.346666716535886,0.76
3.3600000500679017,0.732
3.3733333835999173,0.707
3.386666717131933,0.686
3.400000050663948,0.665
3.413333384195964,0.648
3.4266667177279797,0.638
3.4400000512599944,0.628
3.45333338479201,0.628
3.4666667183240256,0.632
3.480000051856041,0.64
3.4933333853880564,0.662
3.506666718920072,0.671
3.520000052452088,0.682
3.533333385984103,0.691
3.5466667195161183,0.696
3.560000053048134,0.699
3.573333386580149,0.683
3.586666720112165,0.667
3.6000000536441803,0.658
3.613333387176196,0.657
3.626666720708212,0.651
3.640000054240226,0.63
3.653333387772242,0.616
3.666666721304258,0.608
3.6800000548362735,0.599
3.6933333883682886,0.587
3.706666721900304,0.582
3.72000005543232,0.584
3.733333388964336,0.585
3.746666722496351,0.567
3.760000056028366,0.555
3.773333389560382,0.539
3.786666723092397,0.521
3.800000056624413,0.506
3.813333390156428,0.499
3.826666723688444,0.507
3.840000057220459,0.516
3.8533333907524745,0.525
3.86666672428449,0.539
3.8800000578165057,0.559
3.893333391348521,0.571
3.906666724880537,0.592
3.920000058412552,0.618
3.933333391944568,0.645
3.946666725476583,0.678
3.9600000590085984,0.706
3.973333392540614,0.733
3.9866667260726296,0.758
4.000000059604645,0.781
4.01333339313666,0.792
4.026666726668676,0.791
4.040000060200692,0.789
4.053333393732707,0.797
4.066666727264722,0.818
4.0800000607967375,0.809
4.093333394328753,0.804
4.106666727860769,0.795
4.120000061392784,0.78
4.1333333949248,0.759
4.146666728456816,0.714
4.160000061988831,0.673
4.173333395520846,0.645
4.186666729052861,0.625
4.200000062584877,0.612
4.213333396116893,0.595
4.226666729648908,0.584
4.240000063180924,0.582
4.253333396712939,0.587
4.266666730244954,0.579
4.28000006377697,0.602
4.293333397308985,0.619
4.306666730841001,0.631
4.3200000643730165,0.646
4.333333397905032,0.663
4.346666731437048,0.672
4.360000064969063,0.666
4.373333398501078,0.651
4.386666732033094,0.653
4.400000065565109,0.652
4.413333399097125,0.652
4.4266667326291405,0.652
4.440000066161156,0.652
4.453333399693172,0.653
4.466666733225186,0.647
4.480000066757202,0.649
4.493333400289218,0.653
4.506666733821233,0.66
4.520000067353249,0.695
4.533333400885264,0.715
4.54666673441728,0.726
4.560000067949296,0.726
4.57333340148131,0.717
4.586666735013326,0.711
4.6000000685453415,0.684
4.613333402077357,0.666
4.626666735609373,0.662
4.640000069141388,0.669
4.653333402673404,0.691
4.66666673620542,0.697
4.680000069737434,0.704
4.69333340326945,0.709
4.706666736801465,0.702
4.720000070333481,0.712
4.733333403865497,0.716
4.746666737397512,0.72
4.760000070929528,0.729
4.773333404461543,0.734
4.786666737993558,0.745
4.800000071525574,0.749
4.813333405057589,0.738
4.826666738589605,0.714
4.8400000721216205,0.691
4.853333405653636,0.674
4.866666739185652,0.658
4.880000072717666,0.636
4.893333406249682,0.606
4.906666739781698,0.606
4.920000073313713,0.595
4.933333406845729,0.583
4.9466667403777445,0.566
4.96000007390976,0.54
4.973333407441775,0.522
4.98666674097379,0.522
5.000000074505806,0.515
5.013333408037822,0.508
5.026666741569837,0.506
5.040000075101853,0.516
5.053333408633868,0.544
5.066666742165884,0.547
5.080000075697899,0.524
5.093333409229914,0.522
5.10666674276193,0.489
5.1200000762939455,0.449
5.133333409825961,0.409
5.146666743357977,0.371
5.160000076889992,0.356
5.173333410422007,0.353
5.186666743954023,0.358
5.200000077486038,0.371
5.213333411018054,0.387
5.226666744550069,0.397
5.240000078082085,0.412
5.253333411614101,0.415
5.266666745146116,0.418
5.280000078678131,0.434
5.2933334122101465,0.45
5.306666745742162,0.449
5.320000079274178,0.448
5.333333412806193,0.449
5.346666746338209,0.449
5.3600000798702245,0.443
5.373333413402239,0.437
5.386666746934255,0.444
5.4000000804662704,0.46
5.413333413998286,0.462
5.426666747530302,0.462
5.440000081062317,0.458
5.453333414594333,0.46
5.4666667481263485,0.473
5.480000081658363,0.478
5.493333415190379,0.47
5.506666748722394,0.479
5.52000008225441,0.491
5.533333415786426,0.494
5.546666749318441,0.48
5.560000082850457,0.471
5.573333416382472,0.476
5.586666749914487,0.491
5.600000083446503,0.496
5.613333416978518,0.505
5.626666750510534,0.518
5.6400000840425495,0.528
5.653333417574565,0.536
5.666666751106581,0.546
5.680000084638595,0.541
5.693333418170611,0.545
5.706666751702627,0.554
5.720000085234642,0.558
5.733333418766658,0.549
5.746666752298673,0.541
5.760000085830689,0.539
5.773333419362704,0.537
5.786666752894719,0.525
5.800000086426735,0.492
5.813333419958751,0.476
5.826666753490766,0.464
5.840000087022782,0.453
5.853333420554797,0.445
5.866666754086813,0.443
5.880000087618828,0.446
5.893333421150843,0.46
5.906666754682859,0.475
5.920000088214874,0.487
5.93333342174689,0.513
5.946666755278906,0.523
5.960000088810921,0.537
5.973333422342936,0.558
5.986666755874952,0.58
6.000000089406967,0.582
6.013333422938983,0.596
6.026666756470998,0.616
6.040000090003014,0.638
6.05333342353503,0.66
6.066666757067045,0.657
6.08000009059906,0.665
6.093333424131076,0.665
6.106666757663091,0.647
6.120000091195107,0.64
6.133333424727122,0.625
6.146666758259138,0.6
6.1600000917911535,0.582
6.173333425323168,0.578
6.186666758855184,0.578
6.200000092387199,0.552
6.213333425919215,0.557
6.226666759451231,0.567
6.240000092983246,0.561
6.253333426515262,0.566
6.266666760047277,0.557
6.280000093579292,0.556
6.293333427111308,0.57
6.306666760643323,0.574
6.320000094175339,0.62
6.3333334277073545,0.633
6.34666676123937,0.65
6.360000094771386,0.682
6.373333428303401,0.717
6.386666761835416,0.703
6.400000095367432,0.701
6.413333428899447,0.705
6.426666762431463,0.711
6.440000095963478,0.707
6.453333429495494,0.693
6.46666676302751,0.679
6.480000096559524,0.672
6.49333343009154,0.669
6.506666763623556,0.664
6.520000097155571,0.652
6.533333430687587,0.647
6.546666764219602,0.649
6.560000097751618,0.654
6.573333431283634,0.664
6.586666764815648,0.687
6.600000098347664,0.709
6.61333343187968,0.721
6.626666765411695,0.724
6.640000098943711,0.745
6.653333432475726,0.764
6.666666766007742,0.761
6.680000099539757,0.753
6.693333433071772,0.767
6.706666766603788,0.797
6.720000100135803,0.812
6.733333433667819,0.815
6.746666767199835,0.813
6.76000010073185,0.816
6.773333434263866,0.808
6.7866667677958805,0.79
6.800000101327896,0.77
6.813333434859912,0.747
6.826666768391927,0.702
6.840000101923943,0.661
6.853333435455959,0.627
6.866666768987974,0.595
6.880000102519989,0.566
6.893333436052004,0.547
6.90666676958402,0.548
6.920000103116036,0.553
6.933333436648051,0.561
6.946666770180067,0.565
6.960000103712082,0.584
6.973333437244098,0.592
6.986666770776113,0.597
7.000000104308128,0.605
7.013333437840144,0.619
7.02666677137216,0.604
7.040000104904175,0.591
7.053333438436191,0.581
7.066666771968206,0.572
7.080000105500221,0.562
7.093333439032237,0.557
7.106666772564252,0.571
7.120000106096268,0.581
7.133333439628284,0.578
7.146666773160299,0.576
7.160000106692315,0.567
7.17333344022433,0.554
7.186666773756345,0.541
7.200000107288361,0.527
7.213333440820376,0.532
7.226666774352392,0.533
7.240000107884407,0.543
7.253333441416423,0.556
7.266666774948439,0.568
7.280000108480453,0.584
7.293333442012469,0.574
7.306666775544484,0.573
7.3200001090765,0.579
7.333333442608516,0.575
7.346666776140531,0.572
7.360000109672547,0.58
7.373333443204562,0.597
7.386666776736577,0.619
7.400000110268593,0.62
7.413333443800608,0.628
7.426666777332624,0.652
7.44000011086464,0.673
7.453333444396655,0.685
7.466666777928671,0.702
7.480000111460685,0.711
7.493333444992701,0.735
7.506666778524717,0.761
7.520000112056732,0.772
7.533333445588748,0.767
7.546666779120764,0.756
7.560000112652779,0.771
7.573333446184795,0.787
7.5866667797168095,0.777
7.600000113248825,0.747
7.613333446780841,0.742
7.626666780312856,0.75
7.640000113844872,0.753
7.653333447376887,0.732
7.666666780908903,0.732
7.680000114440918,0.729
7.693333447972933,0.728
7.706666781504949,0.729
7.720000115036965,0.734
7.73333344856898,0.732
7.746666782100996,0.719
7.760000115633011,0.714
7.773333449165027,0.722
7.786666782697042,0.715
7.800000116229057,0.702
7.813333449761073,0.708
7.826666783293088,0.721
7.840000116825104,0.732
7.85333345035712,0.752
7.866666783889135,0.758
7.88000011742115,0.762
7.893333450953166,0.753
7.906666784485181,0.726
7.920000118017197,0.721
7.933333451549212,0.716
7.946666785081228,0.71
7.960000118613244,0.705
7.973333452145259,0.693
7.986666785677274,0.686
8.00000011920929,0.669
8.013333452741305,0.656
8.02666678627332,0.648
8.040000119805336,0.644
8.053333453337352,0.642
8.066666786869368,0.637
8.080000120401383,0.647
8.093333453933399,0.663
8.106666787465414,0.643
8.12000012099743,0.643
8.133333454529444,0.631
8.14666678806146,0.631
8.160000121593475,0.648
8.17333345512549,0.635
8.186666788657506,0.621
8.200000122189522,0.616
8.213333455721537,0.619
8.226666789253553,0.633
8.240000122785569,0.637
8.253333456317584,0.64
8.2666667898496,0.648
8.280000123381615,0.654
8.293333456913631,0.642
8.306666790445647,0.642
8.320000123977662,0.638
8.333333457509676,0.638
8.346666791041692,0.643
8.360000124573707,0.647
8.373333458105723,0.654
8.386666791637738,0.667
8.400000125169754,0.674
8.41333345870177,0.671
8.426666792233785,0.672
8.4400001257658,0.663
8.453333459297816,0.656
8.466666792829832,0.649
8.480000126361848,0.638
8.493333459893863,0.644
8.506666793425879,0.633
8.520000126957894,0.64
8.533333460489908,0.656
8.546666794021924,0.668
8.56000012755394,0.675
8.573333461085955,0.675
8.58666679461797,0.677
8.600000128149986,0.681
8.613333461682002,0.679
8.626666795214017,0.683
8.640000128746033,0.683
8.653333462278049,0.677
8.666666795810064,0.672
8.68000012934208,0.68
8.693333462874095,0.668
8.706666796406111,0.662
8.720000129938127,0.658
8.73333346347014,0.656
8.746666797002156,0.667
8.760000130534172,0.673
8.773333464066187,0.678
8.786666797598203,0.685
8.800000131130219,0.691
8.813333464662234,0.699
8.82666679819425,0.697
8.840000131726265,0.693
8.853333465258281,0.683
8.866666798790297,0.673
8.880000132322312,0.663
8.893333465854328,0.668
8.906666799386343,0.661
8.920000132918359,0.645
8.933333466450373,0.63
8.946666799982388,0.638
8.960000133514404,0.638
8.97333346704642,0.634
8.986666800578435,0.626
9.00000013411045,0.625
9.013333467642466,0.631
9.026666801174482,0.643
9.040000134706498,0.659
9.053333468238511,0.677
9.066666801770529,0.693
9.080000135302544,0.728
9.09333346883456,0.743
9.106666802366576,0.754
9.120000135898591,0.764
9.133333469430609,0.758
9.14666680296262,0.74
9.160000136494636,0.723
9.173333470026652,0.721
9.186666803558667,0.738
9.200000137090685,0.723
9.2133334706227,0.74
9.226666804154714,0.765
9.24000013768673,0.777
9.253333471218744,0.769
9.26666680475076,0.757
9.280000138282777,0.775
9.293333471814792,0.78
9.306666805346808,0.776
9.320000138878823,0.786
9.33333347241084,0.836
9.346666805942853,0.872
9.360000139474868,0.892
9.373333473006884,0.899
9.3866668065389,0.913
9.400000140070915,0.938
9.41333347360293,0.932
9.426666807134946,0.931
9.440000140666962,0.944
9.453333474198978,0.939
9.466666807730991,0.954
9.480000141263009,0.947
9.493333474795024,0.935
9.50666680832704,0.937
9.520000141859056,0.905
9.533333475391071,0.899
9.546666808923083,0.892
9.5600001424551,0.879
9.573333475987116,0.87
9.586666809519132,0.866
9.600000143051147,0.858
9.613333476583165,0.854
9.62666681011518,0.843
9.640000143647194,0.816
9.65333347717921,0.803
9.666666810711224,0.804
9.68000014424324,0.811
9.693333477775257,0.816
9.706666811307272,0.804
9.720000144839288,0.806
9.733333478371303,0.817
9.746666811903316,0.813
9.760000145435331,0.785
9.773333478967348,0.759
9.786666812499364,0.753
9.80000014603138,0.752
9.813333479563395,0.747
9.826666813095413,0.734
9.840000146627428,0.764
9.853333480159442,0.777
9.866666813691458,0.802
9.880000147223472,0.822
9.893333480755487,0.819
9.906666814287505,0.806
9.92000014781952,0.795
9.933333481351536,0.788
9.94666681488355,0.777
9.960000148415563,0.734
9.97333348194758,0.731
9.986666815479596,0.726
10.000000149011612,0.709
10.013333482543628,0.681
10.026666816075643,0.675
10.04000014960766,0.673
10.053333483139674,0.675
10.06666681667169,0.673
10.080000150203706,0.671
10.09333348373572,0.671
10.106666817267737,0.676
10.120000150799752,0.672
10.133333484331768,0.674
10.146666817863782,0.688
10.160000151395796,0.712
10.173333484927811,0.754
10.186666818459829,0.775
10.200000151991844,0.794
10.21333348552386,0.836
10.226666819055875,0.831
10.240000152587893,0.824
10.253333486119908,0.808
10.266666819651922,0.79
10.280000153183938,0.798
10.293333486715952,0.804
10.306666820247967,0.804
10.320000153779985,0.815
10.333333487312,0.836
10.346666820844014,0.854
10.36000015437603,0.892
10.373333487908043,0.891
10.38666682144006,0.886
10.400000154972076,0.895
10.413333488504092,0.898
10.426666822036108,0.886
10.440000155568123,0.855
10.45333348910014,0.826
10.466666822632154,0.826
10.48000015616417,0.845
10.493333489696186,0.861
10.5066668232282,0.894
10.520000156760217,0.936
10.533333490292232,0.972
10.546666823824246,1.006
10.560000157356262,1.027
10.573333490888276,1.037
10.586666824420291,1.043
10.600000157952309,1.05
10.613333491484324,1.053
10.62666682501634,1.061
10.640000158548355,1.066
10.653333492080373,1.072
10.666666825612388,1.099
10.680000159144402,1.092
10.693333492676418,1.091
10.706666826208432,1.081
10.720000159740447,1.056
10.733333493272465,1.03
10.746666826804478,0.993
10.760000160336494,0.97
10.77333349386851,0.959
10.786666827400524,0.948
10.80000016093254,0.935
10.813333494464556,0.942
10.826666827996572,0.938
10.840000161528588,0.933
10.853333495060603,0.933
10.86666682859262,0.943
10.880000162124634,0.958
10.89333349565665,0.972
10.906666829188666,0.986
10.92000016272068,1.01
10.933333496252695,1.012
10.94666682978471,1.017
10.960000163316726,1.025
10.973333496848742,1.032
10.986666830380758,1.024
11.000000163912771,1.028
11.013333497444789,1.026
11.026666830976804,1.028
11.04000016450882,1.036
11.053333498040836,1.047
11.066666831572851,1.084
11.080000165104869,1.104
11.093333498636882,1.125
11.106666832168898,1.157
11.120000165700914,1.161
11.13333349923293,1.153
11.146666832764945,1.141
11.16000016629696,1.131
11.173333499828974,1.131
11.18666683336099,1.131
11.200000166893004,1.102
11.21333350042502,1.08
11.226666833957037,1.071
11.240000167489052,1.072
11.253333501021068,1.071
11.266666834553083,1.07
11.2800001680851,1.08
11.293333501617116,1.108
11.30666683514913,1.141
11.320000168681146,1.155
11.33333350221316,1.154
11.346666835745175,1.148
11.36000016927719,1.145
11.373333502809206,1.155
11.386666836341222,1.134
11.400000169873238,1.112
11.413333503405251,1.098
11.426666836937269,1.097
11.440000170469284,1.097
11.4533335040013,1.075
11.466666837533316,1.06
11.480000171065331,1.058
11.493333504597349,1.065
11.506666838129362,1.065
11.520000171661378,1.047
11.533333505193394,1.028
11.546666838725407,1.021
11.560000172257425,1.026
11.57333350578944,0.99
11.586666839321454,0.968
11.60000017285347,0.962
11.613333506385484,0.971
11.6266668399175,0.99
11.640000173449517,0.985
11.653333506981532,1.009
11.666666840513548,1.024
11.680000174045563,1.023
11.69333350757758,1.031
11.706666841109596,1.024
11.72000017464161,1.018
11.733333508173626,1.009
11.74666684170564,0.996
11.760000175237655,0.998
11.77333350876967,1.014
11.786666842301686,1.021
11.800000175833702,1.019
11.813333509365718,1.012
11.826666842897732,1.017
11.840000176429747,1.033
11.853333509961764,1.03
11.86666684349378,1.017
11.880000177025796,1.023
11.893333510557811,1.039
11.906666844089829,1.038
11.920000177621842,1.032
11.933333511153858,1.027
11.946666844685872,1.022
11.960000178217888,1.017
11.973333511749903,1.003
11.98666684528192,0.997
12.000000178813934,1.004
12.01333351234595,1.03
12.026666845877966,1.04
12.04000017940998,1.048
12.053333512941997,1.067
12.066666846474012,1.102
12.080000180006028,1.121
12.093333513538044,1.117
12.10666684707006,1.114
12.120000180602077,1.117
12.13333351413409,1.118
12.146666847666104,1.103
12.16000018119812,1.081
12.173333514730135,1.066
12.186666848262153,1.054
12.200000181794168,1.041
12.213333515326182,1.06
12.226666848858198,1.074
12.240000182390212,1.104
12.253333515922227,1.141
12.266666849454245,1.169
12.28000018298626,1.199
12.293333516518276,1.224
12.306666850050291,1.25
12.320000183582309,1.276
12.333333517114324,1.288
12.346666850646336,1.316
12.360000184178352,1.331
12.373333517710368,1.336
12.386666851242383,1.326
12.4000001847744,1.309
12.413333518306414,1.297
12.42666685183843,1.26
12.440000185370446,1.224
12.45333351890246,1.207
12.466666852434477,1.179
12.480000185966492,1.163
12.493333519498508,1.144
12.506666853030524,1.129
12.52000018656254,1.13
12.533333520094557,1.122
12.546666853626569,1.12
12.560000187158584,1.116
12.5733335206906,1.111
12.586666854222615,1.112
12.600000187754633,1.116
12.613333521286648,1.126
12.626666854818662,1.132
12.640000188350678,1.132
12.653333521882692,1.13
12.666666855414707,1.11
12.680000188946725,1.092
12.69333352247874,1.066
12.706666856010756,1.037
12.720000189542771,1.024
12.733333523074789,1.023
12.746666856606804,1.02
12.760000190138816,1.015
12.773333523670832,1.006
12.786666857202848,1.017
12.800000190734863,1.011
12.81333352426688,1.005
12.826666857798894,1.003
12.84000019133091,1.009
12.853333524862926,1.019
12.86666685839494,1.024
12.880000191926957,1.026
12.893333525458972,1.035
12.906666858990988,1.056
12.920000192523004,1.063
12.93333352605502,1.069
12.946666859587037,1.07
12.960000193119049,1.073
12.973333526651064,1.092
12.98666686018308,1.083
13.000000193715096,1.073
13.013333527247111,1.065
13.026666860779128,1.055
13.040000194311142,1.041
13.053333527843158,1.023
13.066666861375174,1.005
13.08000019490719,0.995
13.093333528439205,0.996
13.10666686197122,1.0
13.120000195503236,1.005
13.133333529035252,1.012
13.146666862567267,1.021
13.16000019609928,1.035
13.173333529631297,1.021
13.186666863163312,1.015
13.200000196695328,1.012
13.213333530227343,1.012
13.22666686375936,1.015
13.240000197291376,1.015
13.25333353082339,1.03
13.266666864355406,1.046
13.28000019788742,1.057
13.293333531419435,1.064
13.306666864951453,1.062
13.320000198483468,1.043
13.333333532015484,1.016
13.3466668655475,0.988
13.360000199079511,0.965
13.373333532611529,0.959
13.386666866143544,0.949
13.40000019967556,0.944
13.413333533207576,0.948
13.426666866739591,0.949
13.440000200271609,0.953
13.453333533803622,0.945
13.466666867335638,0.934
13.480000200867654,0.927
13.49333353439967,0.914
13.506666867931685,0.901
13.5200002014637,0.894
13.533333534995716,0.885
13.546666868527732,0.868
13.560000202059744,0.864
13.57333353559176,0.876
13.586666869123777,0.89
13.600000202655792,0.892
13.613333536187808,0.868
13.626666869719823,0.878
13.64000020325184,0.882
13.653333536783856,0.878
13.66666687031587,0.867
13.680000203847886,0.86
13.6933335373799,0.868
13.706666870911915,0.874
13.720000204443933,0.876
13.733333537975948,0.88
13.746666871507964,0.889
13.760000205039978,0.905
13.773333538571991,0.918
13.786666872104009,0.937
13.800000205636024,0.961
13.81333353916804,0.972
13.826666872700056,0.973
13.840000206232071,0.976
13.853333539764089,0.977
13.866666873296102,0.975
13.880000206828118,0.971
13.893333540360134,0.972
13.90666687389215,0.977
13.920000207424165,0.981
13.93333354095618,0.979
13.946666874488196,0.988
13.96000020802021,0.987
13.973333541552226,0.981
13.98666687508424,0.984
14.000000208616257,1.002
14.013333542148272,1.025
14.026666875680288,1.032
14.040000209212304,1.032
14.05333354274432,1.029
14.066666876276336,1.027
14.08000020980835,1.004
14.093333543340366,0.97
14.106666876872382,0.944
14.120000210404395,0.935
14.133333543936413,0.916
14.146666877468428,0.903
14.160000211000442,0.897
14.173333544532458,0.891
14.186666878064472,0.88
14.200000211596487,0.878
14.213333545128505,0.887
14.22666687866052,0.903
14.240000212192536,0.912
14.253333545724551,0.9
14.266666879256569,0.902
14.280000212788584,0.906
14.293333546320598,0.911
14.306666879852614,0.91
14.32000021338463,0.89
14.333333546916643,0.921
14.34666688044866,0.933
14.360000213980674,0.941
14.37333354751269,0.951
14.386666881044706,0.965
14.40000021457672,1.008
14.413333548108737,1.03
14.426666881640752,1.057
14.440000215172768,1.118
14.453333548704784,1.172
14.4666668822368,1.2
14.480000215768817,1.217
14.49333354930083,1.227
14.506666882832846,1.235
14.520000216364862,1.221
14.533333549896875,1.204
14.546666883428893,1.192
14.560000216960908,1.186
14.573333550492922,1.184
14.586666884024938,1.203
14.600000217556952,1.203
14.613333551088967,1.204
14.626666884620985,1.207
14.640000218153,1.202
14.653333551685016,1.208
14.666666885217031,1.192
14.680000218749049,1.186
14.693333552281064,1.198
14.706666885813078,1.186
14.720000219345094,1.2
14.73333355287711,1.206
14.746666886409123,1.206
14.76000021994114,1.206
14.773333553473154,1.168
14.78666688700517,1.16
14.800000220537186,1.149
14.8133335540692,1.127
14.826666887601217,1.102
14.840000221133232,1.098
14.853333554665248,1.108
14.866666888197264,1.109
14.88000022172928,1.091
14.893333555261297,1.07
14.90666688879331,1.075
14.920000222325326,1.073
14.933333555857342,1.075
14.946666889389356,1.082
14.960000222921373,1.086
14.973333556453388,1.104
14.986666889985402,1.109
15.000000223517418,1.101
15.013333557049434,1.079
15.026666890581447,1.04
15.040000224113465,1.029
15.05333355764548,1.017
15.066666891177496,1.01
15.080000224709512,1.011
15.093333558241527,1.022
15.106666891773544,1.052
15.120000225305558,1.066
15.133333558837574,1.069
15.14666689236959,1.073
15.160000225901603,1.062
15.17333355943362,1.066
15.186666892965636,1.061
15.20000022649765,1.052
15.213333560029666,1.057
15.22666689356168,1.051
15.240000227093695,1.046
15.253333560625713,1.03
15.266666894157728,0.999
15.280000227689744,0.969
15.29333356122176,0.952
15.306666894753777,0.949
15.32000022828579,0.946
15.333333561817806,0.94
15.346666895349822,0.947
15.360000228881836,0.967
15.373333562413851,0.977
15.386666895945869,0.965
15.400000229477882,0.937
15.413333563009898,0.955
15.426666896541914,0.955
15.44000023007393,0.956
15.453333563605945,0.954
15.46666689713796,0.945
15.480000230669976,0.972
15.493333564201992,0.967
15.506666897734007,0.964
15.520000231266025,0.97
15.533333564798038,0.972
15.546666898330054,0.978
15.560000231862068,0.97
15.573333565394083,0.968
15.5866668989261,0.969
15.600000232458116,0.962
15.61333356599013,0.963
15.626666899522146,0.984
15.64000023305416,1.012
15.653333566586175,1.041
15.666666900118193,1.062
15.680000233650208,1.106
15.693333567182224,1.129
15.70666690071424,1.142
15.720000234246257,1.152
15.73333356777827,1.154
15.746666901310286,1.162
15.7600002348423,1.154
15.773333568374316,1.145
15.786666901906331,1.151
15.800000235438349,1.143
15.813333568970362,1.136
15.826666902502378,1.13
15.840000236034394,1.124
15.85333356956641,1.127
15.866666903098425,1.129
