time_min,absorb_mau
0.0,0.0
0.0066666667660077,0.0
0.0133333335320155,0.001
0.0200000002980232,0.001
0.026666667064031,0.0
0.0333333338300387,-0.002
0.0400000005960465,0.0
0.0466666673620542,0.0
0.0533333341280619,0.005
0.0600000008940697,0.013
0.0666666676600774,0.022
0.0733333344260852,0.042
0.0800000011920929,0.063
0.0866666679581006,0.076
0.0933333347241084,0.079
0.100000001490116,0.083
0.106666668256124,0.096
0.113333335022132,0.11
0.120000001788139,0.12
0.126666668554147,0.127
0.133333335320155,0.132
0.140000002086163,0.132
0.14666666885217,0.13
0.153333335618178,0.129
0.160000002384186,0.119
0.166666669150194,0.111
0.173333335916201,0.107
0.180000002682209,0.109
0.186666669448217,0.108
0.193333336214224,0.087
0.200000002980232,0.069
0.20666666974624,0.065
0.213333336512248,0.067
0.220000003278255,0.068
0.226666670044263,0.066
0.233333336810271,0.064
0.240000003576279,0.069
0.246666670342286,0.074
0.253333337108294,0.077
0.260000003874302,0.077
0.26666667064031,0.077
0.273333337406317,0.083
0.280000004172325,0.095
0.286666670938333,0.109
0.293333337704341,0.109
0.300000004470348,0.11
0.306666671236356,0.109
0.313333338002364,0.108
0.320000004768372,0.107
0.326666671534379,0.098
0.333333338300387,0.088
0.340000005066395,0.086
0.346666671832403,0.093
0.35333333859841,0.099
0.360000005364418,0.096
0.366666672130426,0.093
0.373333338896433,0.09
0.380000005662441,0.086
0.386666672428449,0.082
0.393333339194457,0.088
0.400000005960465,0.095
0.406666672726472,0.094
0.41333333949248,0.084
0.420000006258488,0.074
0.426666673024495,0.074
0.433333339790503,0.072
0.440000006556511,0.062
0.446666673322519,0.051
0.453333340088526,0.039
0.460000006854534,0.032
0.466666673620542,0.024
0.47333334038655,0.018
0.480000007152557,0.01
0.486666673918565,0.003
0.493333340684573,0.007
0.500000007450581,0.014
0.506666674216588,0.016
0.513333340982596,0.0
0.520000007748604,-0.014
0.526666674514612,-0.01
0.533333341280619,0.001
0.540000008046627,0.017
0.546666674812635,0.045
0.553333341578643,0.07
0.56000000834465,0.136
0.566666675110658,0.211
0.573333341876666,0.33
0.580000008642674,0.571
0.586666675408681,0.81
0.593333342174689,1.361
0.600000008940697,2.017
0.606666675706705,2.835
0.613333342472712,4.254
0.62000000923872,5.665
0.626666676004728,7.961
0.633333342770735,10.631
0.640000009536743,13.588
0.646666676302751,17.911
0.653333343068759,22.224
0.660000009834766,27.791
0.666666676600774,33.987
0.673333343366782,40.432
0.68000001013279,48.352
0.686666676898797,56.238
0.693333343664805,65.047
0.700000010430813,74.248
0.706666677196821,83.548
0.713333343962828,93.011
0.720000010728836,102.339
0.726666677494844,111.711
0.733333344260852,120.57
0.740000011026859,129.451
0.746666677792867,137.393
0.753333344558875,145.026
0.760000011324882,152.184
0.76666667809089,158.111
0.773333344856898,164.045
0.780000011622906,168.351
0.786666678388913,172.242
0.793333345154921,175.647
0.800000011920929,177.876
0.806666678686937,180.115
0.813333345452944,181.086
0.820000012218952,181.721
0.82666667898496,181.978
0.833333345750968,181.288
0.840000012516975,180.605
0.846666679282983,179.174
0.853333346048991,177.557
0.860000012814999,175.736
0.866666679581006,173.518
0.873333346347014,171.3
0.880000013113022,168.75
0.88666667987903,166.182
0.893333346645037,163.498
0.900000013411045,160.74
0.906666680177053,157.988
0.913333346943061,155.133
0.920000013709068,152.361
0.926666680475076,149.498
0.933333347241084,146.727
0.940000014007092,143.958
0.946666680773099,141.12
0.953333347539107,138.393
0.960000014305115,135.593
0.966666681071123,133.0
0.97333334783713,130.411
0.980000014603138,127.8
0.986666681369146,125.324
0.993333348135153,122.784
1.00000001490116,120.36
1.00666668166717,117.954
1.01333334843318,115.534
1.02000001519918,113.255
1.02666668196519,110.94
1.0333333487312,108.777
1.04000001549721,106.655
1.04666668226322,104.505
1.05333334902922,102.472
1.06000001579523,100.422
1.06666668256124,98.4
1.07333334932725,96.435
1.08000001609325,94.447
1.08666668285926,92.592
1.09333334962527,90.736
1.10000001639128,88.897
1.10666668315729,87.129
1.11333334992329,85.336
1.1200000166893,83.661
1.12666668345531,81.983
1.13333335022132,80.31
1.14000001698732,78.705
1.14666668375333,77.078
1.15333335051934,75.592
1.16000001728535,74.102
1.16666668405135,72.642
1.17333335081736,71.252
1.18000001758337,69.832
1.18666668434938,68.526
1.19333335111539,67.216
1.20000001788139,65.892
1.2066666846474,64.623
1.21333335141341,63.317
1.22000001817942,62.092
1.22666668494542,60.866
1.23333335171143,59.642
1.24000001847744,58.477
1.24666668524345,57.282
1.25333335200946,56.16
1.26000001877546,55.037
1.26666668554147,53.912
1.27333335230748,52.84
1.28000001907349,51.742
1.28666668583949,50.744
1.2933333526055,49.745
1.30000001937151,48.754
1.30666668613752,47.829
1.31333335290353,46.882
1.32000001966953,46.027
1.32666668643554,45.173
1.33333335320155,44.309
1.34000001996756,43.491
1.34666668673356,42.659
1.35333335349957,41.879
1.36000002026558,41.11
1.36666668703159,40.334
1.37333335379759,39.6
1.3800000205636,38.859
1.38666668732961,38.16
1.39333335409562,37.48
1.40000002086163,36.788
1.40666668762763,36.123
1.41333335439364,35.457
1.42000002115965,34.81
1.42666668792566,34.186
1.43333335469166,33.556
1.44000002145767,32.968
1.44666668822368,32.38
1.45333335498969,31.81
1.4600000217557,31.264
1.4666666885217,30.704
1.47333335528771,30.183
1.48000002205372,29.66
1.48666668881973,29.128
1.49333335558573,28.619
1.50000002235174,28.106
1.50666668911775,27.639
1.51333335588376,27.172
1.52000002264977,26.705
1.52666668941577,26.258
1.53333335618178,25.802
1.54000002294779,25.367
1.5466666897138,24.934
1.5533333564798,24.504
1.56000002324581,24.096
1.56666669001182,23.681
1.57333335677783,23.306
1.58000002354383,22.933
1.58666669030984,22.547
1.59333335707585,22.173
1.60000002384186,21.789
1.60666669060787,21.426
1.61333335737387,21.063
1.62000002413988,20.701
1.62666669090589,20.358
1.6333333576719,20.004
1.6400000244379,19.682
1.64666669120391,19.357
1.65333335796992,19.031
1.66000002473593,18.722
1.66666669150194,18.403
1.67333335826794,18.098
1.68000002503395,17.795
1.68666669179996,17.495
1.69333335856597,17.218
1.70000002533197,16.936
1.70666669209798,16.651
1.71333335886399,16.384
1.72000002563,16.12
1.72666669239601,15.853
1.73333335916201,15.585
1.74000002592802,15.323
1.74666669269403,15.081
1.75333335946004,14.838
1.76000002622604,14.616
1.76666669299205,14.406
1.77333335975806,14.178
1.78000002652407,13.97
1.78666669329007,13.746
1.79333336005608,13.528
1.80000002682209,13.308
1.8066666935881,13.112
1.81333336035411,12.915
1.82000002712011,12.705
1.82666669388612,12.516
1.83333336065213,12.325
1.84000002741814,12.153
1.84666669418414,11.982
1.85333336095015,11.796
1.86000002771616,11.629
1.86666669448217,11.46
1.87333336124818,11.319
1.88000002801418,11.185
1.88666669478019,11.039
1.8933333615462,10.882
1.90000002831221,10.732
1.90666669507821,10.59
1.91333336184422,10.447
1.92000002861023,10.301
1.92666669537624,10.154
1.93333336214225,10.016
1.94000002890825,9.878
1.94666669567426,9.747
1.95333336244027,9.612
1.96000002920628,9.492
1.96666669597228,9.369
1.97333336273829,9.251
1.9800000295043,9.146
1.98666669627031,9.039
1.99333336303631,8.929
2.00000002980232,8.821
2.00666669656833,8.712
2.01333336333434,8.609
2.02000003010035,8.501
2.02666669686635,8.389
2.03333336363236,8.277
2.04000003039837,8.158
2.04666669716438,8.039
2.05333336393038,7.918
2.06000003069639,7.813
2.0666666974624,7.71
2.07333336422841,7.606
2.08000003099442,7.509
2.08666669776042,7.409
2.09333336452643,7.313
2.10000003129244,7.217
2.10666669805845,7.123
2.11333336482445,7.042
2.12000003159046,6.961
2.12666669835647,6.886
2.13333336512248,6.813
2.14000003188848,6.738
2.14666669865449,6.665
2.1533333654205,6.592
2.16000003218651,6.505
2.16666669895252,6.42
2.17333336571852,6.329
2.18000003248453,6.24
2.18666669925054,6.15
2.19333336601655,6.065
2.20000003278255,5.984
2.20666669954856,5.9
2.21333336631457,5.819
2.22000003308058,5.737
2.22666669984659,5.649
2.23333336661259,5.562
2.2400000333786,5.477
2.24666670014461,5.402
2.25333336691062,5.329
2.26000003367662,5.261
2.26666670044263,5.198
2.27333336720864,5.135
2.28000003397465,5.084
2.28666670074066,5.031
2.29333336750666,4.961
2.30000003427267,4.886
2.30666670103868,4.816
2.31333336780469,4.756
2.32000003457069,4.698
2.3266667013367,4.642
2.33333336810271,4.589
2.34000003486872,4.536
2.34666670163472,4.487
2.35333336840073,4.438
2.36000003516674,4.378
2.36666670193275,4.312
2.37333336869876,4.247
2.38000003546476,4.217
2.38666670223077,4.189
2.39333336899678,4.156
2.40000003576279,4.122
2.40666670252879,4.085
2.4133333692948,4.048
2.42000003606081,4.011
2.42666670282682,3.966
2.43333336959283,3.915
2.44000003635883,3.864
2.44666670312484,3.82
2.45333336989085,3.778
2.46000003665686,3.732
2.46666670342286,3.68
2.47333337018887,3.629
2.48000003695488,3.571
2.48666670372089,3.516
2.4933333704869,3.461
2.5000000372529,3.41
2.50666670401891,3.36
2.51333337078492,3.312
2.52000003755093,3.268
2.52666670431693,3.22
2.53333337108294,3.163
2.54000003784895,3.108
2.54666670461496,3.057
2.55333337138096,3.007
2.56000003814697,2.959
2.56666670491298,2.917
2.57333337167899,2.875
2.580000038445,2.834
2.586666705211,2.794
2.59333337197701,2.75
2.60000003874302,2.709
2.60666670550903,2.666
2.61333337227503,2.64
2.62000003904104,2.624
2.62666670580705,2.603
2.63333337257306,2.574
2.64000003933907,2.544
2.64666670610507,2.514
2.65333337287108,2.485
2.66000003963709,2.456
2.6666667064031,2.429
2.6733333731691,2.402
2.68000003993511,2.377
2.68666670670112,2.358
2.69333337346713,2.338
2.70000004023314,2.296
2.70666670699914,2.255
2.71333337376515,2.224
2.72000004053116,2.202
2.72666670729717,2.178
2.73333337406317,2.149
2.74000004082918,2.12
2.74666670759519,2.095
2.7533333743612,2.072
2.7600000411272,2.049
2.76666670789321,2.032
2.77333337465922,2.016
2.78000004142523,1.998
2.78666670819124,1.979
2.79333337495724,1.96
2.80000004172325,1.953
2.80666670848926,1.946
2.81333337525527,1.931
2.82000004202127,1.912
2.82666670878728,1.894
2.83333337555329,1.886
2.8400000423193,1.879
2.84666670908531,1.87
2.85333337585131,1.858
2.86000004261732,1.847
2.86666670938333,1.838
2.87333337614934,1.832
2.88000004291534,1.823
2.88666670968135,1.804
2.89333337644736,1.784
2.90000004321337,1.787
2.90666670997938,1.799
2.91333337674538,1.804
2.92000004351139,1.784
2.9266667102774,1.765
2.93333337704341,1.748
2.94000004380941,1.731
2.94666671057542,1.717
2.95333337734143,1.706
2.96000004410744,1.697
2.96666671087344,1.697
2.97333337763945,1.699
2.98000004440546,1.7
2.98666671117147,1.689
2.99333337793748,1.679
3.00000004470348,1.665
3.00666671146949,1.654
3.0133333782355,1.64
3.02000004500151,1.628
3.02666671176751,1.613
3.03333337853352,1.602
3.04000004529953,1.594
3.04666671206554,1.588
3.05333337883155,1.569
3.06000004559755,1.55
3.06666671236356,1.52
3.07333337912957,1.482
3.08000004589558,1.443
3.08666671266158,1.415
3.09333337942759,1.389
3.1000000461936,1.361
3.10666671295961,1.335
3.11333337972562,1.308
3.12000004649162,1.275
3.12666671325763,1.24
3.13333338002364,1.202
3.14000004678965,1.16
3.14666671355565,1.118
3.15333338032166,1.097
3.16000004708767,1.08
3.16666671385368,1.065
3.17333338061968,1.052
3.18000004738569,1.039
3.1866667141517,1.039
3.19333338091771,1.041
3.20000004768372,1.041
3.20666671444972,1.04
3.21333338121573,1.04
3.22000004798174,1.033
3.22666671474775,1.026
3.23333338151375,1.023
3.24000004827976,1.026
3.24666671504577,1.029
3.25333338181178,1.029
3.26000004857779,1.028
3.26666671534379,1.025
3.2733333821098,1.005
3.28000004887581,0.988
3.28666671564182,0.97
3.29333338240782,0.954
3.30000004917383,0.939
3.30666671593984,0.925
3.31333338270585,0.914
3.32000004947186,0.891
3.32666671623786,0.861
3.33333338300387,0.831
3.34000004976988,0.807
3.34666671653589,0.785
3.35333338330189,0.763
3.3600000500679,0.742
3.36666671683391,0.722
3.37333338359992,0.709
3.38000005036592,0.698
3.38666671713193,0.684
3.39333338389794,0.668
3.40000005066395,0.653
3.40666671742996,0.651
3.41333338419596,0.648
3.42000005096197,0.648
3.42666671772798,0.649
3.43333338449399,0.649
3.44000005125999,0.642
3.446666718026,0.637
3.45333338479201,0.636
3.46000005155802,0.636
3.46666671832403,0.637
3.47333338509003,0.629
3.48000005185604,0.623
3.48666671862205,0.614
3.49333338538806,0.598
3.50000005215406,0.583
3.50666671892007,0.58
3.51333338568608,0.575
3.52000005245209,0.571
3.5266667192181,0.571
3.5333333859841,0.571
3.54000005275011,0.556
3.54666671951612,0.537
3.55333338628213,0.521
3.56000005304813,0.511
3.56666671981414,0.504
3.57333338658015,0.502
3.58000005334616,0.501
3.58666672011217,0.497
3.59333338687817,0.478
3.60000005364418,0.46
3.60666672041019,0.452
3.6133333871762,0.448
3.6200000539422,0.446
3.62666672070821,0.44
3.63333338747422,0.437
3.64000005424023,0.441
3.64666672100623,0.447
3.65333338777224,0.454
3.66000005453825,0.449
3.66666672130426,0.446
3.67333338807027,0.437
3.68000005483627,0.427
3.68666672160228,0.417
3.69333338836829,0.414
3.7000000551343,0.408
3.7066667219003,0.403
3.71333338866631,0.399
3.72000005543232,0.395
3.72666672219833,0.376
3.73333338896434,0.358
3.74000005573034,0.354
3.74666672249635,0.36
3.75333338926236,0.364
3.76000005602837,0.367
3.76666672279437,0.37
3.77333338956038,0.366
3.78000005632639,0.351
3.7866667230924,0.338
3.7933333898584,0.338
3.80000005662441,0.34
3.80666672339042,0.351
3.81333339015643,0.372
3.82000005692244,0.393
3.82666672368844,0.383
3.83333339045445,0.37
3.84000005722046,0.366
3.84666672398647,0.376
3.85333339075247,0.387
3.86000005751848,0.394
3.86666672428449,0.402
3.8733333910505,0.408
3.88000005781651,0.399
3.88666672458251,0.391
3.89333339134852,0.381
3.90000005811453,0.369
3.90666672488054,0.36
3.91333339164654,0.371
3.92000005841255,0.381
3.92666672517856,0.383
3.93333339194457,0.38
3.94000005871057,0.374
3.94666672547658,0.366
3.95333339224259,0.358
3.9600000590086,0.358
3.96666672577461,0.361
3.97333339254061,0.362
3.98000005930662,0.363
3.98666672607263,0.362
3.99333339283864,0.359
4.00000005960465,0.354
4.00666672637065,0.347
4.01333339313666,0.339
4.02000005990267,0.33
4.02666672666868,0.329
4.03333339343468,0.335
4.04000006020069,0.342
4.0466667269667,0.343
4.05333339373271,0.345
4.06000006049872,0.336
4.06666672726472,0.321
4.07333339403073,0.307
4.08000006079674,0.294
4.08666672756275,0.281
4.09333339432875,0.273
4.10000006109476,0.269
4.10666672786077,0.266
4.11333339462678,0.255
4.12000006139278,0.245
4.12666672815879,0.235
4.1333333949248,0.224
4.14000006169081,0.214
4.14666672845682,0.216
4.15333339522282,0.222
4.16000006198883,0.229
4.16666672875484,0.235
4.17333339552085,0.241
4.18000006228685,0.242
4.18666672905286,0.242
4.19333339581887,0.239
4.20000006258488,0.228
4.20666672935089,0.219
4.21333339611689,0.218
4.2200000628829,0.219
4.22666672964891,0.22
4.23333339641492,0.221
4.24000006318092,0.222
4.24666672994693,0.214
4.25333339671294,0.203
4.26000006347895,0.19
4.26666673024495,0.18
4.27333339701096,0.169
4.28000006377697,0.166
4.28666673054298,0.167
4.29333339730899,0.168
4.30000006407499,0.159
4.306666730841,0.151
4.31333339760701,0.146
4.32000006437302,0.142
4.32666673113902,0.141
4.33333339790503,0.151
4.34000006467104,0.16
4.34666673143705,0.165
4.35333339820306,0.168
4.36000006496906,0.171
4.36666673173507,0.174
4.37333339850108,0.177
4.38000006526709,0.18
4.38666673203309,0.184
4.3933333987991,0.188
4.40000006556511,0.184
4.40666673233112,0.179
4.41333339909713,0.176
4.42000006586313,0.171
4.42666673262914,0.166
4.43333339939515,0.166
4.44000006616116,0.167
4.44666673292716,0.167
4.45333339969317,0.167
4.46000006645918,0.168
4.46666673322519,0.157
4.47333339999119,0.148
4.4800000667572,0.143
4.48666673352321,0.143
4.49333340028922,0.143
4.50000006705523,0.144
4.50666673382123,0.144
4.51333340058724,0.141
4.52000006735325,0.136
4.52666673411926,0.131
4.53333340088526,0.131
4.54000006765127,0.132
4.54666673441728,0.141
4.55333340118329,0.162
4.5600000679493,0.184
4.5666667347153,0.194
4.57333340148131,0.202
4.58000006824732,0.209
4.58666673501333,0.208
4.59333340177933,0.208
4.60000006854534,0.211
4.60666673531135,0.218
4.61333340207736,0.226
4.62000006884337,0.223
4.62666673560937,0.222
4.63333340237538,0.215
4.64000006914139,0.204
4.6466667359074,0.193
4.6533334026734,0.183
4.66000006943941,0.174
4.66666673620542,0.163
4.67333340297143,0.15
4.68000006973743,0.138
4.68666673650344,0.14
4.69333340326945,0.14
4.70000007003546,0.139
4.70666673680147,0.137
4.71333340356747,0.135
4.72000007033348,0.132
4.72666673709949,0.128
4.7333334038655,0.129
4.7400000706315,0.134
4.74666673739751,0.138
4.75333340416352,0.145
4.76000007092953,0.151
4.76666673769554,0.155
4.77333340446154,0.153
4.78000007122755,0.153
4.78666673799356,0.156
4.79333340475957,0.161
4.80000007152557,0.171
4.80666673829158,0.189
4.81333340505759,0.207
4.8200000718236,0.197
4.82666673858961,0.186
4.83333340535561,0.186
4.84000007212162,0.197
4.84666673888763,0.21
4.85333340565364,0.209
4.86000007241964,0.207
4.86666673918565,0.202
4.87333340595166,0.195
4.88000007271767,0.186
4.88666673948367,0.168
4.89333340624968,0.147
4.90000007301569,0.127
4.9066667397817,0.126
4.91333340654771,0.124
4.92000007331371,0.121
4.92666674007972,0.114
4.93333340684573,0.104
4.94000007361174,0.094
4.94666674037774,0.085
4.95333340714375,0.091
4.96000007390976,0.103
4.96666674067577,0.111
4.97333340744178,0.118
4.98000007420778,0.123
4.98666674097379,0.13
4.9933334077398,0.138
5.00000007450581,0.145
5.00666674127181,0.134
5.01333340803782,0.122
5.02000007480383,0.123
5.02666674156984,0.134
5.03333340833585,0.146
5.04000007510185,0.135
5.04666674186786,0.125
5.05333340863387,0.121
5.06000007539988,0.123
5.06666674216588,0.125
5.07333340893189,0.128
5.0800000756979,0.13
5.08666674246391,0.134
5.09333340922991,0.141
5.10000007599592,0.147
5.10666674276193,0.141
5.11333340952794,0.133
5.12000007629395,0.133
5.12666674305995,0.14
5.13333340982596,0.147
5.14000007659197,0.148
5.14666674335798,0.149
5.15333341012398,0.145
5.16000007688999,0.137
5.166666743656,0.128
5.17333341042201,0.117
5.18000007718802,0.106
5.18666674395402,0.096
5.19333341072003,0.092
5.20000007748604,0.088
5.20666674425205,0.077
5.21333341101805,0.063
5.22000007778406,0.046
5.22666674455007,0.024
5.23333341131608,0.002
5.24000007808209,-0.003
5.24666674484809,-0.006
5.2533334116141,-0.01
5.26000007838011,-0.015
5.26666674514612,-0.02
5.27333341191212,-0.019
5.28000007867813,-0.016
5.28666674544414,-0.014
5.29333341221015,-0.017
5.30000007897615,-0.02
5.30666674574216,-0.015
5.31333341250817,-0.005
5.32000007927418,0.003
5.32666674604019,0.009
5.33333341280619,0.014
5.3400000795722,0.023
5.34666674633821,0.035
5.35333341310422,0.05
5.36000007987022,0.056
5.36666674663623,0.063
5.37333341340224,0.074
5.38000008016825,0.088
5.38666674693426,0.1
5.39333341370026,0.106
5.40000008046627,0.112
5.40666674723228,0.116
5.41333341399829,0.118
5.42000008076429,0.119
5.4266667475303,0.123
5.43333341429631,0.127
5.44000008106232,0.133
5.44666674782833,0.144
5.45333341459433,0.154
5.46000008136034,0.156
5.46666674812635,0.158
5.47333341489236,0.16
5.48000008165836,0.164
5.48666674842437,0.168
5.49333341519038,0.173
5.50000008195639,0.177
5.50666674872239,0.18
5.5133334154884,0.183
5.52000008225441,0.185
5.52666674902042,0.184
5.53333341578643,0.18
5.54000008255243,0.173
5.54666674931844,0.162
5.55333341608445,0.151
5.56000008285046,0.148
5.56666674961646,0.148
5.57333341638247,0.146
5.58000008314848,0.14
5.58666674991449,0.134
5.5933334166805,0.134
5.6000000834465,0.135
5.60666675021251,0.137
5.61333341697852,0.136
5.62000008374453,0.136
5.62666675051053,0.14
5.63333341727654,0.148
5.64000008404255,0.159
5.64666675080856,0.163
5.65333341757457,0.169
5.66000008434057,0.176
5.66666675110658,0.185
5.67333341787259,0.193
5.6800000846386,0.199
5.6866667514046,0.204
5.69333341817061,0.212
5.70000008493662,0.221
5.70666675170263,0.23
5.71333341846863,0.231
5.72000008523464,0.233
5.72666675200065,0.237
5.73333341876666,0.245
5.74000008553267,0.253
5.74666675229867,0.247
5.75333341906468,0.242
5.76000008583069,0.242
5.7666667525967,0.245
5.7733334193627,0.249
5.78000008612871,0.242
5.78666675289472,0.235
5.79333341966073,0.227
5.80000008642674,0.22
5.80666675319274,0.215
5.81333341995875,0.206
5.82000008672476,0.196
5.82666675349077,0.189
5.83333342025677,0.189
5.84000008702278,0.19
5.84666675378879,0.183
5.8533334205548,0.172
5.86000008732081,0.16
5.86666675408681,0.151
5.87333342085282,0.141
5.88000008761883,0.15
5.88666675438484,0.165
5.89333342115084,0.175
5.90000008791685,0.174
5.90666675468286,0.171
5.91333342144887,0.172
5.92000008821487,0.175
5.92666675498088,0.172
5.93333342174689,0.16
5.9400000885129,0.147
5.94666675527891,0.151
5.95333342204491,0.161
5.96000008881092,0.169
5.96666675557693,0.153
5.97333342234294,0.138
5.98000008910894,0.137
5.98666675587495,0.145
5.99333342264096,0.15
6.00000008940697,0.135
6.00666675617298,0.12
6.01333342293898,0.124
6.02000008970499,0.141
6.026666756471,0.158
6.03333342323701,0.165
6.04000009000301,0.171
6.04666675676902,0.176
6.05333342353503,0.184
6.06000009030104,0.192
6.06666675706705,0.187
6.07333342383305,0.182
6.08000009059906,0.187
6.08666675736507,0.205
6.09333342413108,0.224
6.10000009089708,0.231
6.10666675766309,0.236
6.1133334244291,0.235
6.12000009119511,0.225
6.12666675796111,0.216
6.13333342472712,0.215
6.14000009149313,0.214
6.14666675825914,0.217
6.15333342502515,0.223
6.16000009179115,0.229
6.16666675855716,0.224
6.17333342532317,0.217
6.18000009208918,0.21
6.18666675885518,0.205
6.19333342562119,0.198
6.2000000923872,0.199
6.20666675915321,0.202
6.21333342591922,0.205
6.22000009268522,0.206
6.22666675945123,0.207
6.23333342621724,0.204
6.24000009298325,0.2
6.24666675974925,0.198
6.25333342651526,0.208
6.26000009328127,0.218
6.26666676004728,0.214
6.27333342681328,0.205
6.28000009357929,0.195
6.2866667603453,0.181
6.29333342711131,0.167
6.30000009387732,0.147
6.30666676064332,0.124
6.31333342740933,0.103
6.32000009417534,0.103
6.32666676094135,0.102
6.33333342770735,0.088
6.34000009447336,0.067
6.34666676123937,0.044
6.35333342800538,0.037
6.36000009477139,0.029
6.36666676153739,0.03
6.3733334283034,0.039
6.38000009506941,0.045
6.38666676183542,0.048
6.39333342860142,0.05
6.40000009536743,0.041
6.40666676213344,0.016
6.41333342889945,-0.008
6.42000009566546,-0.014
6.42666676243146,-0.018
6.43333342919747,-0.02
6.44000009596348,-0.023
6.44666676272949,-0.025
6.45333342949549,-0.031
6.4600000962615,-0.039
6.46666676302751,-0.044
6.47333342979352,-0.037
6.48000009655952,-0.031
6.48666676332553,-0.021
6.49333343009154,-0.008
6.50000009685755,0.002
6.50666676362356,0.007
6.51333343038956,0.012
6.52000009715557,0.023
6.52666676392158,0.034
6.53333343068759,0.041
6.54000009745359,0.047
6.5466667642196,0.051
6.55333343098561,0.057
6.56000009775162,0.062
6.56666676451763,0.067
6.57333343128363,0.067
6.58000009804964,0.068
6.58666676481565,0.073
6.59333343158166,0.078
6.60000009834766,0.087
6.60666676511367,0.089
6.61333343187968,0.094
6.62000009864569,0.094
6.6266667654117,0.093
6.6333334321777,0.092
6.64000009894371,0.092
6.64666676570972,0.092
6.65333343247573,0.099
6.66000009924173,0.111
6.66666676600774,0.124
6.67333343277375,0.127
6.68000009953976,0.132
6.68666676630576,0.128
6.69333343307177,0.119
6.70000009983778,0.109
6.70666676660379,0.111
6.7133334333698,0.112
6.7200001001358,0.111
6.72666676690181,0.108
6.73333343366782,0.105
6.74000010043383,0.088
6.74666676719983,0.071
6.75333343396584,0.054
6.76000010073185,0.038
6.76666676749786,0.022
6.77333343426387,0.023
6.78000010102987,0.027
6.78666676779588,0.031
6.79333343456189,0.032
6.8000001013279,0.035
6.8066667680939,0.04
6.81333343485991,0.045
6.82000010162592,0.044
6.82666676839193,0.039
6.83333343515794,0.032
6.84000010192394,0.033
6.84666676868995,0.035
6.85333343545596,0.039
6.86000010222197,0.039
6.86666676898797,0.04
6.87333343575398,0.038
6.88000010251999,0.036
6.886666769286,0.03
6.893333436052,0.022
6.90000010281801,0.013
6.90666676958402,0.017
6.91333343635003,0.028
6.92000010311604,0.036
6.92666676988204,0.036
6.93333343664805,0.035
6.94000010341406,0.028
6.94666677018007,0.017
6.95333343694607,0.009
6.96000010371208,0.012
6.96666677047809,0.016
6.9733334372441,0.012
6.98000010401011,0.006
6.98666677077611,0.002
6.99333343754212,-0.008
7.00000010430813,-0.017
