time_min,absorb_mau
0.0,0.001
0.0300000004470348,-0.023
0.0600000008940696,-0.046
0.0900000013411045,-0.082
0.1200000017881393,-0.105
0.1500000022351741,-0.077
0.180000002682209,-0.068
0.2100000031292438,-0.04
0.2400000035762786,-0.034
0.2700000040233135,-0.01
0.3000000044703483,-0.045
0.3300000049173832,-0.07
0.360000005364418,-0.035
0.3900000058114529,0.042
0.4200000062584877,0.09
0.4500000067055225,0.108
0.4800000071525573,0.053
0.5100000075995922,-0.006
0.5400000080466271,-0.04
0.570000008493662,-0.037
0.6000000089406967,-0.049
0.6300000093877316,-0.068
0.6600000098347664,-0.062
0.6900000102818012,-0.036
0.7200000107288361,0.078
0.7500000111758709,0.256
0.7800000116229058,0.551
0.8100000120699405,0.859
0.8400000125169754,1.261
0.8700000129640103,1.744
0.9000000134110451,2.312
0.93000001385808,2.812
0.9600000143051148,3.269
0.9900000147521496,3.674
1.0200000151991844,4.021
1.0500000156462193,4.359
1.080000016093254,4.632
1.110000016540289,4.883
1.140000016987324,5.047
1.1700000174343586,5.202
1.2000000178813934,5.334
1.2300000183284283,5.522
1.2600000187754632,5.717
1.290000019222498,5.902
1.3200000196695327,6.039
1.3500000201165676,6.241
1.3800000205636025,6.368
1.4100000210106374,6.542
1.4400000214576725,6.675
1.470000021904707,6.891
1.5000000223517418,7.061
1.530000022798777,7.237
1.5600000232458116,7.427
1.5900000236928464,7.639
1.620000024139881,7.88
1.650000024586916,8.143
1.6800000250339509,8.402
1.7100000254809855,8.634
1.7400000259280206,8.86
1.7700000263750553,9.133
1.80000002682209,9.444
1.830000027269125,9.786
1.86000002771616,10.117
1.8900000281631948,10.483
1.9200000286102292,10.816
1.9500000290572643,11.186
1.9800000295042992,11.591
2.010000029951334,12.051
2.0400000303983687,12.512
2.070000030845404,12.945
2.1000000312924385,13.373
2.1300000317394736,13.85
2.1600000321865083,14.264
2.190000032633543,14.726
2.220000033080578,15.137
2.2500000335276127,15.582
2.280000033974648,16.01
2.3100000344216824,16.39
2.340000034868717,16.728
2.370000035315752,17.042
2.400000035762787,17.346
2.430000036209822,17.634
2.4600000366568566,17.892
2.4900000371038917,18.102
2.5200000375509264,18.276
2.550000037997961,18.435
2.580000038444996,18.625
2.610000038892031,18.762
2.640000039339065,18.842
2.670000039786101,18.89
2.7000000402331352,18.887
2.7300000406801703,18.901
2.760000041127205,18.872
2.79000004157424,18.951
2.8200000420212747,18.995
2.8500000424683094,19.011
2.8800000429153445,18.969
2.910000043362379,18.939
2.940000043809414,18.918
2.970000044256449,18.868
3.000000044703484,18.779
3.0300000451505187,18.611
3.0600000455975533,18.445
3.090000046044588,18.275
3.120000046491623,18.104
3.1500000469386578,17.884
3.180000047385693,17.647
3.2100000478327275,17.437
3.240000048279762,17.26
3.2700000487267973,17.07
3.300000049173832,16.866
3.330000049620867,16.632
3.3600000500679017,16.465
3.3900000505149364,16.25
3.4200000509619715,16.137
3.450000051409006,16.003
3.480000051856041,15.898
3.510000052303076,15.726
3.5400000527501105,15.598
3.5700000531971456,15.506
3.6000000536441803,15.396
3.630000054091216,15.233
3.66000005453825,15.043
3.6900000549852847,14.846
3.72000005543232,14.663
3.7500000558793545,14.484
3.7800000563263896,14.3
3.810000056773424,14.101
3.840000057220459,13.956
3.870000057667494,13.834
3.9000000581145287,13.74
3.930000058561564,13.59
3.9600000590085984,13.442
3.990000059455633,13.258
4.020000059902668,13.13
4.050000060349703,13.03
4.0800000607967375,12.927
4.110000061243773,12.775
4.140000061690808,12.605
4.170000062137842,12.441
4.200000062584877,12.311
4.230000063031912,12.206
4.260000063478947,12.148
4.290000063925982,12.127
4.3200000643730165,12.119
4.350000064820051,12.075
4.380000065267086,12.04
4.410000065714121,11.981
4.440000066161156,11.914
4.470000066608191,11.847
4.500000067055225,11.729
4.53000006750226,11.638
4.560000067949296,11.506
4.59000006839633,11.455
4.620000068843365,11.413
4.6500000692904,11.388
4.680000069737434,11.343
4.71000007018447,11.256
4.740000070631504,11.187
4.770000071078539,11.077
4.800000071525574,10.983
4.830000071972608,10.893
4.860000072419644,10.832
4.890000072866679,10.79
4.920000073313713,10.754
4.950000073760748,10.763
4.980000074207783,10.787
5.010000074654818,10.796
5.040000075101853,10.769
5.070000075548887,10.746
5.100000075995922,10.744
5.130000076442957,10.784
5.160000076889992,10.767
5.190000077337027,10.714
5.220000077784062,10.582
5.250000078231096,10.498
5.280000078678131,10.458
5.310000079125167,10.442
5.340000079572201,10.41
5.370000080019236,10.351
5.4000000804662704,10.355
5.430000080913305,10.318
5.460000081360341,10.19
5.490000081807375,10.108
5.52000008225441,10.0
5.550000082701445,9.946
5.580000083148479,9.886
5.610000083595515,9.907
5.6400000840425495,9.926
5.670000084489584,9.919
5.700000084936619,9.93
5.7300000853836535,9.935
5.760000085830689,9.947
5.790000086277724,9.959
5.820000086724758,10.013
5.850000087171793,10.061
5.880000087618828,10.114
5.910000088065863,10.12
5.940000088512898,10.145
5.9700000889599325,10.138
6.000000089406967,10.151
6.030000089854002,10.167
6.060000090301037,10.134
6.090000090748072,10.072
6.120000091195107,9.955
6.150000091642141,9.915
6.180000092089176,9.862
6.210000092536212,9.891
6.240000092983246,9.9
6.270000093430281,9.92
6.300000093877316,9.876
6.33000009432435,9.888
6.360000094771386,9.894
6.39000009521842,9.918
6.420000095665455,9.924
6.45000009611249,9.961
6.480000096559524,9.988
6.51000009700656,9.988
6.540000097453595,9.994
6.570000097900629,9.996
6.600000098347664,10.013
6.6300000987946985,10.02
6.660000099241734,9.983
6.690000099688769,9.916
6.720000100135803,9.832
6.750000100582838,9.805
6.780000101029873,9.826
6.810000101476908,9.846
6.840000101923943,9.815
6.870000102370978,9.771
6.900000102818012,9.752
6.930000103265047,9.748
6.960000103712082,9.743
6.990000104159117,9.73
7.020000104606152,9.775
7.050000105053186,9.754
7.080000105500221,9.786
7.110000105947257,9.822
7.140000106394291,9.913
7.170000106841326,9.961
7.200000107288361,9.989
7.230000107735395,10.006
7.260000108182431,9.963
7.2900001086294655,9.924
7.3200001090765,9.884
7.350000109523535,9.873
7.380000109970569,9.803
7.410000110417605,9.786
7.44000011086464,9.73
7.470000111311674,9.705
7.500000111758709,9.665
7.530000112205744,9.634
7.560000112652779,9.642
7.590000113099814,9.621
7.620000113546848,9.639
7.650000113993883,9.583
7.680000114440918,9.548
7.710000114887953,9.463
7.740000115334988,9.46
7.770000115782023,9.452
7.800000116229057,9.436
7.830000116676092,9.403
7.860000117123127,9.384
7.890000117570162,9.388
7.920000118017197,9.38
7.950000118464231,9.312
7.980000118911266,9.251
8.0100001193583,9.22
8.040000119805336,9.203
8.070000120252372,9.142
8.100000120699406,9.069
8.130000121146441,9.018
8.160000121593475,8.953
8.19000012204051,8.867
8.220000122487546,8.765
8.25000012293458,8.688
8.280000123381615,8.601
8.31000012382865,8.497
8.340000124275685,8.408
8.37000012472272,8.327
8.400000125169754,8.237
8.43000012561679,8.157
8.460000126063823,8.113
8.490000126510859,8.089
8.520000126957894,8.015
8.550000127404928,7.905
8.580000127851964,7.82
8.610000128298998,7.728
8.640000128746033,7.644
8.670000129193069,7.556
8.700000129640102,7.492
8.730000130087138,7.461
8.760000130534172,7.401
8.790000130981207,7.339
8.820000131428243,7.209
8.850000131875277,7.114
8.880000132322312,6.98
8.910000132769346,6.884
8.940000133216381,6.747
8.970000133663417,6.631
9.00000013411045,6.519
9.030000134557486,6.404
9.06000013500452,6.313
9.090000135451556,6.185
9.120000135898591,6.107
9.150000136345623,6.053
9.18000013679266,6.017
9.210000137239694,5.919
9.24000013768673,5.775
9.270000138133764,5.652
9.3000001385808,5.542
9.330000139027836,5.436
9.360000139474868,5.37
9.390000139921904,5.308
9.42000014036894,5.236
9.450000140815972,5.147
9.480000141263009,5.053
9.510000141710044,4.96
9.540000142157078,4.875
9.570000142604114,4.808
9.600000143051147,4.72
9.630000143498185,4.648
9.660000143945217,4.54
9.690000144392252,4.411
9.720000144839288,4.272
9.750000145286322,4.161
9.780000145733355,4.109
9.810000146180393,4.029
9.840000146627428,3.932
9.870000147074462,3.86
9.900000147521496,3.797
9.930000147968531,3.753
9.960000148415563,3.695
9.9900001488626,3.649
10.020000149309636,3.577
10.05000014975667,3.512
10.080000150203706,3.451
10.11000015065074,3.376
10.140000151097777,3.263
10.17000015154481,3.116
10.200000151991844,3.057
10.23000015243888,3.0
10.260000152885912,2.944
10.290000153332947,2.835
10.320000153779985,2.715
10.350000154227018,2.606
10.380000154674054,2.481
10.410000155121088,2.385
10.440000155568123,2.336
10.47000015601516,2.275
10.500000156462193,2.212
10.530000156909228,2.086
10.560000157356262,1.968
10.590000157803296,1.88
10.620000158250331,1.877
10.650000158697368,1.843
10.680000159144402,1.779
10.710000159591436,1.691
10.740000160038472,1.66
10.770000160485507,1.649
10.80000016093254,1.619
10.830000161379576,1.557
10.86000016182661,1.533
10.890000162273646,1.462
10.92000016272068,1.405
10.950000163167717,1.301
10.98000016361475,1.275
11.010000164061784,1.219
11.04000016450882,1.176
11.070000164955855,1.112
11.10000016540289,1.054
11.130000165849925,1.003
11.16000016629696,0.98
11.190000166743994,0.942
11.22000016719103,0.909
11.250000167638063,0.897
11.2800001680851,0.856
11.310000168532133,0.761
11.340000168979168,0.674
11.370000169426204,0.656
11.400000169873238,0.675
11.430000170320271,0.638
11.460000170767309,0.576
11.490000171214342,0.584
11.520000171661378,0.615
11.550000172108412,0.651
11.580000172555447,0.604
11.61000017300248,0.512
11.640000173449517,0.456
11.670000173896552,0.409
11.700000174343586,0.367
11.730000174790622,0.348
11.760000175237655,0.346
11.79000017568469,0.391
11.820000176131726,0.385
11.85000017657876,0.371
11.880000177025796,0.367
11.91000017747283,0.318
11.940000177919863,0.262
11.9700001783669,0.228
12.000000178813934,0.268
12.03000017926097,0.275
12.060000179708004,0.208
12.09000018015504,0.135
12.120000180602077,0.133
12.150000181049109,0.174
12.180000181496144,0.173
12.210000181943178,0.177
12.240000182390212,0.152
12.270000182837247,0.152
12.300000183284284,0.12
12.330000183731318,0.134
12.360000184178352,0.113
12.390000184625388,0.134
12.420000185072425,0.12
12.450000185519457,0.112
12.480000185966492,0.04
12.510000186413526,0.01
12.540000186860562,0.014
12.570000187307595,0.074
12.600000187754633,0.151
12.630000188201668,0.175
12.6600001886487,0.216
12.690000189095736,0.183
12.720000189542771,0.145
12.750000189989803,0.106
12.78000019043684,0.078
12.810000190883876,0.044
12.84000019133091,0.031
12.870000191777946,0.025
12.90000019222498,0.024
12.930000192672017,-0.022
12.960000193119049,-0.051
12.990000193566084,-0.072
13.02000019401312,-0.073
13.050000194460154,-0.045
13.08000019490719,0.027
13.110000195354225,0.104
13.140000195801258,0.143
13.170000196248294,0.112
13.200000196695328,0.102
13.230000197142363,0.06
13.260000197589395,0.052
13.290000198036433,0.023
13.320000198483468,0.033
13.350000198930502,0.062
13.380000199377536,0.094
13.410000199824571,0.103
13.440000200271609,0.118
13.470000200718642,0.099
13.500000201165676,0.109
13.530000201612712,0.089
13.560000202059744,0.118
13.59000020250678,0.116
13.620000202953817,0.082
13.65000020340085,0.057
13.680000203847886,0.04
13.71000020429492,0.036
13.740000204741955,-0.056
13.77000020518899,-0.109
13.800000205636024,-0.128
13.83000020608306,-0.106
13.860000206530094,-0.104
13.89000020697713,-0.105
13.920000207424165,-0.131
13.9500002078712,-0.131
13.980000208318234,-0.184
14.010000208765268,-0.217
14.040000209212304,-0.286
14.07000020965934,-0.271
14.100000210106373,-0.283
14.130000210553408,-0.305
14.160000211000442,-0.327
14.190000211447478,-0.306
14.220000211894511,-0.288
14.250000212341549,-0.308
14.280000212788584,-0.346
14.310000213235616,-0.322
14.340000213682652,-0.296
14.370000214129687,-0.302
14.40000021457672,-0.312
14.430000215023757,-0.248
14.46000021547079,-0.187
14.490000215917826,-0.18
14.520000216364862,-0.203
14.550000216811895,-0.199
14.580000217258933,-0.105
14.610000217705965,-0.058
14.640000218153,-0.045
14.670000218600036,-0.107
14.70000021904707,-0.153
14.730000219494103,-0.188
14.76000021994114,-0.185
14.790000220388174,-0.243
14.82000022083521,-0.302
14.850000221282244,-0.36
14.88000022172928,-0.339
14.910000222176311,-0.333
14.940000222623349,-0.312
14.970000223070384,-0.338
15.000000223517418,-0.338
15.030000223964452,-0.377
15.060000224411487,-0.375
15.090000224858525,-0.38
15.120000225305558,-0.357
15.150000225752592,-0.329
15.180000226199628,-0.296
15.21000022664666,-0.258
15.240000227093695,-0.291
15.270000227540732,-0.275
15.300000227987766,-0.289
15.330000228434802,-0.249
15.360000228881836,-0.24
15.390000229328871,-0.215
15.420000229775908,-0.159
15.45000023022294,-0.104
15.480000230669976,-0.068
15.51000023111701,-0.087
15.540000231564044,-0.14
15.57000023201108,-0.165
15.600000232458116,-0.206
15.63000023290515,-0.237
15.660000233352184,-0.246
15.69000023379922,-0.229
15.720000234246257,-0.161
15.750000234693289,-0.119
15.780000235140324,-0.093
15.810000235587358,-0.134
15.840000236034394,-0.145
15.87000023648143,-0.14
15.900000236928465,-0.137
15.9300002373755,-0.194
15.960000237822532,-0.208
15.990000238269568,-0.211
16.0200002387166,-0.244
16.050000239163637,-0.303
16.080000239610673,-0.346
16.11000024005771,-0.358
16.140000240504744,-0.375
16.170000240951776,-0.392
16.20000024139881,-0.396
16.230000241845847,-0.428
16.260000242292882,-0.39
16.290000242739918,-0.358
16.32000024318695,-0.295
16.350000243633986,-0.295
16.38000024408102,-0.282
16.410000244528057,-0.288
16.440000244975092,-0.251
16.470000245422124,-0.191
16.50000024586916,-0.163
16.530000246316195,-0.113
16.56000024676323,-0.065
16.590000247210266,-0.065
16.6200002476573,-0.106
16.650000248104334,-0.123
16.68000024855137,-0.105
16.710000248998405,-0.11
16.74000024944544,-0.121
16.770000249892473,-0.121
16.800000250339508,-0.102
16.830000250786544,-0.072
16.86000025123358,-0.046
16.890000251680615,-0.047
16.920000252127647,-0.099
16.950000252574682,-0.129
16.980000253021718,-0.173
17.010000253468753,-0.191
17.04000025391579,-0.2
17.07000025436282,-0.184
17.100000254809856,-0.181
17.130000255256892,-0.172
17.160000255703928,-0.174
17.190000256150963,-0.118
17.220000256597995,-0.096
17.25000025704503,-0.088
17.280000257492066,-0.122
17.3100002579391,-0.125
17.340000258386137,-0.118
17.37000025883317,-0.125
17.400000259280205,-0.154
17.43000025972724,-0.131
17.460000260174276,-0.121
17.49000026062131,-0.135
17.520000261068343,-0.163
17.55000026151538,-0.139
17.580000261962414,-0.099
17.61000026240945,-0.148
17.640000262856486,-0.19
17.670000263303518,-0.223
17.700000263750553,-0.24
17.73000026419759,-0.235
17.760000264644624,-0.216
17.79000026509166,-0.216
17.82000026553869,-0.237
17.850000265985727,-0.294
17.880000266432763,-0.267
17.9100002668798,-0.243
17.940000267326834,-0.238
17.970000267773866,-0.282
18.0000002682209,-0.281
18.030000268667937,-0.259
18.060000269114973,-0.258
18.090000269562008,-0.259
18.12000027000904,-0.238
18.15000027045608,-0.222
18.18000027090311,-0.194
18.210000271350147,-0.194
18.240000271797182,-0.229
18.27000027224421,-0.29
18.30000027269125,-0.371
18.330000273138285,-0.393
18.36000027358532,-0.373
18.39000027403236,-0.374
18.42000027447939,-0.381
18.450000274926424,-0.418
18.48000027537346,-0.397
18.51000027582049,-0.37
18.54000027626753,-0.315
18.570000276714563,-0.274
18.6000002771616,-0.258
18.630000277608637,-0.273
18.66000027805567,-0.306
18.690000278502705,-0.333
18.720000278949737,-0.355
18.75000027939677,-0.347
18.780000279843808,-0.355
18.810000280290843,-0.365
18.84000028073788,-0.346
18.87000028118491,-0.334
18.900000281631947,-0.336
18.930000282078986,-0.345
18.960000282526018,-0.361
18.990000282973053,-0.353
19.020000283420085,-0.364
19.05000028386712,-0.348
19.08000028431416,-0.322
19.110000284761192,-0.298
19.140000285208227,-0.273
19.17000028565526,-0.258
19.20000028610229,-0.265
19.23000028654933,-0.265
19.26000028699637,-0.276
19.2900002874434,-0.308
19.320000287890437,-0.343
19.35000028833747,-0.35
19.380000288784505,-0.331
19.41000028923154,-0.329
19.440000289678576,-0.356
19.470000290125608,-0.368
19.500000290572643,-0.397
19.53000029101968,-0.377
19.560000291466714,-0.346
19.59000029191375,-0.328
19.620000292360785,-0.332
19.650000292807817,-0.396
19.680000293254853,-0.414
19.71000029370189,-0.475
19.740000294148924,-0.458
19.77000029459596,-0.462
19.80000029504299,-0.455
19.830000295490027,-0.453
19.860000295937063,-0.458
19.8900002963841,-0.455
19.92000029683113,-0.477
19.95000029727817,-0.464
19.9800002977252,-0.44
20.01000029817224,-0.425
20.040000298619272,-0.429
20.070000299066304,-0.452
20.10000029951334,-0.439
20.130000299960376,-0.439
20.16000030040741,-0.424
20.190000300854447,-0.423
20.22000030130148,-0.382
20.250000301748518,-0.355
20.28000030219555,-0.311
20.310000302642585,-0.306
20.34000030308962,-0.29
20.370000303536653,-0.299
20.40000030398369,-0.237
20.430000304430724,-0.179
20.46000030487776,-0.114
20.490000305324795,-0.113
20.520000305771827,-0.165
20.550000306218863,-0.237
20.580000306665895,-0.243
20.610000307112934,-0.188
20.64000030755997,-0.143
20.670000308007,-0.207
20.70000030845404,-0.234
20.730000308901072,-0.241
20.760000309348108,-0.192
20.790000309795143,-0.223
20.820000310242172,-0.293
20.85000031068921,-0.359
20.880000311136246,-0.338
20.91000031158328,-0.279
20.94000031203032,-0.222
20.97000031247735,-0.242
21.000000312924385,-0.234
21.03000031337142,-0.246
21.060000313818456,-0.215
21.09000031426549,-0.225
21.120000314712524,-0.218
21.15000031515956,-0.237
21.180000315606595,-0.293
21.21000031605363,-0.314
21.240000316500662,-0.343
21.270000316947694,-0.347
21.300000317394733,-0.362
21.33000031784177,-0.383
21.360000318288805,-0.332
21.39000031873584,-0.352
21.420000319182872,-0.333
21.450000319629908,-0.35
21.480000320076943,-0.314
21.51000032052398,-0.302
21.54000032097101,-0.299
21.570000321418046,-0.286
21.60000032186508,-0.311
21.63000032231212,-0.325
21.660000322759156,-0.262
21.69000032320619,-0.215
21.72000032365322,-0.206
21.750000324100256,-0.265
21.78000032454729,-0.279
21.810000324994327,-0.303
21.840000325441363,-0.304
21.870000325888395,-0.275
21.90000032633543,-0.239
21.930000326782466,-0.22
21.9600003272295,-0.254
21.990000327676537,-0.279
22.02000032812357,-0.321
22.050000328570604,-0.324
22.08000032901764,-0.302
22.110000329464675,-0.257
22.14000032991171,-0.285
22.170000330358743,-0.341
22.20000033080578,-0.387
22.23000033125281,-0.377
22.26000033169985,-0.319
22.290000332146885,-0.307
22.32000033259392,-0.286
22.350000333040956,-0.276
22.38000033348799,-0.227
22.410000333935024,-0.227
22.44000033438206,-0.217
22.47000033482909,-0.273
22.500000335276127,-0.307
22.53000033572316,-0.372
22.5600003361702,-0.37
22.590000336617237,-0.359
22.620000337064265,-0.328
22.6500003375113,-0.274
22.680000337958337,-0.278
22.71000033840537,-0.3
22.740000338852408,-0.308
22.77000033929944,-0.308
22.800000339746475,-0.288
22.83000034019351,-0.306
22.860000340640543,-0.299
22.890000341087585,-0.348
22.92000034153461,-0.345
22.95000034198165,-0.337
22.980000342428685,-0.282
23.01000034287572,-0.256
23.04000034332276,-0.241
23.070000343769788,-0.214
23.100000344216824,-0.209
23.13000034466386,-0.146
23.16000034511089,-0.106
23.19000034555793,-0.097
23.22000034600496,-0.109
23.250000346452,-0.124
23.280000346899037,-0.146
23.31000034734607,-0.186
23.340000347793104,-0.216
23.370000348240136,-0.193
23.40000034868717,-0.114
23.430000349134207,-0.106
23.460000349581243,-0.124
23.49000035002828,-0.214
23.52000035047531,-0.281
23.550000350922343,-0.299
23.58000035136938,-0.339
23.610000351816417,-0.368
23.640000352263453,-0.438
23.670000352710485,-0.466
23.70000035315752,-0.484
23.73000035360456,-0.485
23.76000035405159,-0.46
23.790000354498627,-0.477
23.82000035494566,-0.45
23.85000035539269,-0.451
23.88000035583973,-0.424
23.91000035628677,-0.444
23.9400003567338,-0.432
23.970000357180837,-0.445
24.00000035762787,-0.479
24.030000358074904,-0.515
24.06000035852194,-0.533
24.09000035896897,-0.508
24.120000359416007,-0.478
24.150000359863043,-0.445
24.18000036031008,-0.43
24.210000360757117,-0.416
24.24000036120415,-0.409
24.27000036165118,-0.404
24.300000362098217,-0.381
24.330000362545253,-0.334
24.360000362992288,-0.325
24.390000363439324,-0.359
24.42000036388636,-0.366
24.45000036433339,-0.39
24.480000364780427,-0.376
24.510000365227462,-0.375
24.540000365674494,-0.33
24.57000036612153,-0.288
24.600000366568565,-0.291
24.6300003670156,-0.316
24.66000036746264,-0.334
24.690000367909672,-0.275
24.720000368356704,-0.223
24.75000036880374,-0.236
24.78000036925077,-0.29
24.81000036969781,-0.346
24.84000037014485,-0.376
24.87000037059188,-0.352
24.900000371038917,-0.353
24.93000037148595,-0.37
24.960000371932985,-0.41
24.99000037238002,-0.406
25.02000037282705,-0.39
25.050000373274088,-0.348
25.080000373721123,-0.319
25.11000037416816,-0.292
25.140000374615195,-0.284
25.170000375062227,-0.332
25.200000375509266,-0.35
25.230000375956298,-0.374
25.260000376403333,-0.394
25.29000037685037,-0.422
25.3200003772974,-0.406
25.35000037774444,-0.364
25.380000378191472,-0.287
25.410000378638507,-0.224
25.440000379085543,-0.201
25.47000037953257,-0.257
25.50000037997961,-0.307
25.53000038042665,-0.296
25.56000038087368,-0.319
25.59000038132072,-0.328
25.62000038176775,-0.387
25.650000382214785,-0.378
25.68000038266182,-0.393
25.710000383108856,-0.337
25.74000038355589,-0.302
25.770000384002923,-0.283
25.80000038444996,-0.331
25.830000384896994,-0.364
25.86000038534403,-0.406
25.890000385791065,-0.434
25.920000386238097,-0.502
25.950000386685133,-0.523
25.98000038713217,-0.554
26.010000387579204,-0.542
26.04000038802624,-0.532
26.07000038847327,-0.5
26.100000388920307,-0.502
26.130000389367343,-0.533
26.16000038981438,-0.543
26.19000039026141,-0.518
26.22000039070845,-0.462
26.25000039115548,-0.453
26.28000039160252,-0.481
26.310000392049552,-0.505
26.340000392496588,-0.514
26.37000039294362,-0.479
26.400000393390656,-0.444
26.43000039383769,-0.466
26.460000394284727,-0.487
26.49000039473176,-0.472
26.520000395178798,-0.444
26.55000039562583,-0.406
26.580000396072865,-0.384
26.6100003965199,-0.321
26.640000396966936,-0.297
26.67000039741397,-0.298
26.700000397861004,-0.311
26.73000039830804,-0.323
26.760000398755075,-0.304
26.79000039920211,-0.239
26.820000399649143,-0.172
26.850000400096175,-0.131
26.880000400543214,-0.163
26.91000040099025,-0.21
26.940000401437285,-0.237
26.97000040188432,-0.234
27.000000402331352,-0.225
27.030000402778388,-0.262
27.060000403225423,-0.301
27.09000040367246,-0.378
27.12000040411949,-0.396
27.150000404566526,-0.396
27.18000040501356,-0.407
27.2100004054606,-0.441
27.240000405907637,-0.416
27.270000406354665,-0.348
27.3000004068017,-0.264
27.330000407248736,-0.26
27.36000040769577,-0.297
27.390000408142807,-0.343
27.42000040858984,-0.343
27.450000409036875,-0.332
27.48000040948391,-0.356
27.510000409930942,-0.357
27.54000041037798,-0.373
27.570000410825013,-0.361
27.60000041127205,-0.39
27.630000411719084,-0.402
27.66000041216612,-0.447
27.69000041261316,-0.45
27.720000413060188,-0.434
27.750000413507223,-0.384
27.78000041395426,-0.362
27.81000041440129,-0.319
27.84000041484833,-0.29
27.87000041529536,-0.294
27.9000004157424,-0.313
27.930000416189436,-0.344
27.96000041663647,-0.332
27.990000417083504,-0.355
28.020000417530536,-0.392
28.05000041797757,-0.447
28.080000418424607,-0.428
28.110000418871643,-0.364
28.14000041931868,-0.304
28.17000041976571,-0.28
28.200000420212746,-0.247
28.23000042065978,-0.254
28.260000421106817,-0.3
28.29000042155385,-0.294
28.320000422000884,-0.306
28.35000042244792,-0.297
28.380000422894955,-0.357
28.41000042334199,-0.359
28.440000423789023,-0.387
28.47000042423606,-0.41
28.50000042468309,-0.487
28.53000042513013,-0.523
28.560000425577165,-0.567
28.5900004260242,-0.534
28.620000426471236,-0.519
28.650000426918268,-0.518
28.680000427365304,-0.525
28.71000042781234,-0.554
28.74000042825937,-0.556
28.770000428706407,-0.587
28.80000042915344,-0.538
28.83000042960048,-0.482
28.860000430047517,-0.379
28.89000043049455,-0.333
28.92000043094158,-0.317
28.950000431388617,-0.351
28.98000043183565,-0.383
29.010000432282688,-0.442
