time_min,absorb_mau
0.0,0.0
0.0100000001490116,0.0
0.0200000002980232,-0.008
0.0300000004470348,-0.021
0.0400000005960465,-0.026
0.0500000007450581,-0.031
0.0600000008940697,-0.038
0.0700000010430813,-0.036
0.0800000011920929,-0.03
0.0900000013411045,-0.03
0.100000001490116,-0.03
0.110000001639128,-0.027
0.120000001788139,-0.024
0.130000001937151,-0.026
0.140000002086163,-0.019
0.150000002235174,-0.011
0.160000002384186,-0.006
0.170000002533197,0.001
0.180000002682209,0.012
0.190000002831221,0.031
0.200000002980232,0.05
0.210000003129244,0.062
0.220000003278255,0.07
0.230000003427267,0.073
0.240000003576279,0.078
0.25000000372529,0.083
0.260000003874302,0.1
0.270000004023314,0.11
0.280000004172325,0.112
0.290000004321337,0.129
0.300000004470348,0.151
0.31000000461936,0.169
0.320000004768372,0.188
0.330000004917383,0.209
0.340000005066395,0.214
0.350000005215406,0.21
0.360000005364418,0.213
0.37000000551343,0.216
0.380000005662441,0.208
0.390000005811453,0.212
0.400000005960465,0.224
0.410000006109476,0.21
0.420000006258488,0.193
0.430000006407499,0.182
0.440000006556511,0.175
0.450000006705523,0.17
0.460000006854534,0.155
0.470000007003546,0.137
0.480000007152557,0.11
0.490000007301569,0.1
0.500000007450581,0.109
0.510000007599592,0.118
0.520000007748604,0.131
0.530000007897615,0.149
0.540000008046627,0.172
0.550000008195639,0.202
0.56000000834465,0.239
0.570000008493662,0.281
0.580000008642674,0.325
0.590000008791685,0.377
0.600000008940697,0.439
0.610000009089708,0.523
0.62000000923872,0.614
0.630000009387732,0.709
0.640000009536743,0.825
0.650000009685755,0.967
0.660000009834766,1.13
0.670000009983778,1.298
0.68000001013279,1.522
0.690000010281801,1.781
0.700000010430813,2.104
0.710000010579824,2.551
0.720000010728836,3.063
0.730000010877848,3.725
0.740000011026859,4.462
0.750000011175871,5.366
0.760000011324882,6.462
0.770000011473894,7.673
0.780000011622906,9.199
0.790000011771917,10.845
0.800000011920929,12.758
0.810000012069941,14.925
0.820000012218952,17.257
0.830000012367964,19.955
0.840000012516975,22.776
0.850000012665987,25.854
0.860000012814999,29.146
0.87000001296401,32.547
0.880000013113022,36.258
0.890000013262033,40.058
0.900000013411045,44.006
0.910000013560057,48.114
0.920000013709068,52.248
0.93000001385808,56.733
0.940000014007092,60.953
0.950000014156103,65.364
0.960000014305115,69.858
0.970000014454126,74.415
0.980000014603138,78.724
0.99000001475215,83.08
1.00000001490116,87.391
1.01000001505017,91.803
1.02000001519918,95.857
1.0300000153482,99.835
1.04000001549721,103.506
1.05000001564622,107.149
1.06000001579523,110.561
1.07000001594424,113.562
1.08000001609325,116.42
1.09000001624227,119.062
1.10000001639128,121.26
1.11000001654029,123.305
1.1200000166893,124.883
1.13000001683831,126.33
1.14000001698732,127.564
1.15000001713634,128.351
1.16000001728535,128.982
1.17000001743436,129.373
1.18000001758337,129.528
1.19000001773238,129.434
1.20000001788139,128.985
1.21000001803041,128.397
1.22000001817942,127.514
1.23000001832843,126.395
1.24000001847744,125.135
1.25000001862645,123.61
1.26000001877546,122.048
1.27000001892447,120.144
1.28000001907349,118.258
1.2900000192225,116.162
1.30000001937151,113.945
1.31000001952052,111.68
1.32000001966953,109.399
1.33000001981854,106.866
1.34000001996756,104.362
1.35000002011657,101.76
1.36000002026558,99.284
1.37000002041459,96.523
1.3800000205636,93.828
1.39000002071261,91.171
1.40000002086163,88.543
1.41000002101064,85.794
1.42000002115965,83.07
1.43000002130866,80.364
1.44000002145767,77.85
1.45000002160668,75.14
1.4600000217557,72.603
1.47000002190471,70.098
1.48000002205372,67.688
1.49000002220273,65.176
1.50000002235174,62.852
1.51000002250075,60.518
1.52000002264977,58.225
1.53000002279878,55.944
1.54000002294779,53.81
1.5500000230968,51.511
1.56000002324581,49.369
1.57000002339482,47.32
1.58000002354383,45.388
1.59000002369285,43.428
1.60000002384186,41.61
1.61000002399087,39.812
1.62000002413988,38.155
1.63000002428889,36.557
1.6400000244379,35.121
1.65000002458692,33.591
1.66000002473593,32.194
1.67000002488494,30.806
1.68000002503395,29.514
1.69000002518296,28.215
1.70000002533197,26.983
1.71000002548099,25.828
1.72000002563,24.694
1.73000002577901,23.618
1.74000002592802,22.575
1.75000002607703,21.56
1.76000002622604,20.682
1.77000002637506,19.746
1.78000002652407,18.88
1.79000002667308,18.036
1.80000002682209,17.217
1.8100000269711,16.5
1.82000002712011,15.79
1.83000002726913,15.119
1.84000002741814,14.452
1.85000002756715,13.8
1.86000002771616,13.214
1.87000002786517,12.633
1.88000002801418,12.088
1.89000002816319,11.554
1.90000002831221,11.03
1.91000002846122,10.563
1.92000002861023,10.111
1.93000002875924,9.707
1.94000002890825,9.304
1.95000002905726,8.906
1.96000002920628,8.55
1.97000002935529,8.192
1.9800000295043,7.852
1.99000002965331,7.515
2.00000002980232,7.188
2.01000002995133,6.875
2.02000003010035,6.575
2.03000003024936,6.312
2.04000003039837,6.06
2.05000003054738,5.823
2.06000003069639,5.608
2.0700000308454,5.405
2.08000003099442,5.224
2.09000003114343,5.048
2.10000003129244,4.88
2.11000003144145,4.716
2.12000003159046,4.556
2.13000003173947,4.411
2.14000003188848,4.272
2.1500000320375,4.144
2.16000003218651,4.005
2.17000003233552,3.872
2.18000003248453,3.759
2.19000003263354,3.654
2.20000003278255,3.558
2.21000003293157,3.45
2.22000003308058,3.347
2.23000003322959,3.261
2.2400000333786,3.175
2.25000003352761,3.095
2.26000003367662,3.021
2.27000003382564,2.946
2.28000003397465,2.855
2.29000003412366,2.774
2.30000003427267,2.716
2.31000003442168,2.646
2.32000003457069,2.573
2.33000003471971,2.534
2.34000003486872,2.492
2.35000003501773,2.444
2.36000003516674,2.399
2.37000003531575,2.361
2.38000003546476,2.304
2.39000003561378,2.25
2.40000003576279,2.2
2.4100000359118,2.15
2.42000003606081,2.102
2.43000003620982,2.033
2.44000003635883,1.974
2.45000003650784,1.944
2.46000003665686,1.905
2.47000003680587,1.863
2.48000003695488,1.824
2.49000003710389,1.786
2.5000000372529,1.744
2.51000003740191,1.707
2.52000003755093,1.678
2.53000003769994,1.628
2.54000003784895,1.578
2.55000003799796,1.563
2.56000003814697,1.539
2.57000003829598,1.512
2.580000038445,1.479
2.59000003859401,1.447
2.60000003874302,1.426
2.61000003889203,1.401
2.62000003904104,1.376
2.63000003919005,1.344
2.64000003933907,1.305
2.65000003948808,1.269
2.66000003963709,1.241
2.6700000397861,1.226
2.68000003993511,1.195
2.69000004008412,1.16
2.70000004023314,1.161
2.71000004038215,1.152
2.72000004053116,1.126
2.73000004068017,1.109
2.74000004082918,1.097
2.75000004097819,1.058
2.7600000411272,1.017
2.77000004127622,0.984
2.78000004142523,0.95
2.79000004157424,0.913
2.80000004172325,0.893
2.81000004187226,0.874
2.82000004202127,0.854
2.83000004217029,0.845
2.8400000423193,0.844
2.85000004246831,0.843
2.86000004261732,0.841
2.87000004276633,0.833
2.88000004291534,0.823
2.89000004306436,0.816
2.90000004321337,0.811
2.91000004336238,0.808
2.92000004351139,0.795
2.9300000436604,0.791
2.94000004380941,0.796
2.95000004395843,0.794
2.96000004410744,0.79
2.97000004425645,0.782
2.98000004440546,0.769
2.99000004455447,0.752
3.00000004470348,0.749
3.0100000448525,0.749
3.02000004500151,0.733
3.03000004515052,0.713
3.04000004529953,0.691
3.05000004544854,0.674
3.06000004559755,0.659
3.07000004574656,0.661
3.08000004589558,0.655
3.09000004604459,0.63
3.1000000461936,0.599
3.11000004634261,0.568
3.12000004649162,0.556
3.13000004664063,0.546
3.14000004678965,0.536
3.15000004693866,0.526
3.16000004708767,0.514
3.17000004723668,0.524
3.18000004738569,0.532
3.1900000475347,0.538
3.20000004768372,0.544
3.21000004783273,0.548
3.22000004798174,0.533
3.23000004813075,0.516
3.24000004827976,0.506
3.25000004842877,0.494
3.26000004857779,0.479
3.2700000487268,0.476
3.28000004887581,0.476
3.29000004902482,0.452
3.30000004917383,0.437
3.31000004932284,0.435
3.32000004947186,0.43
3.33000004962087,0.425
3.34000004976988,0.416
3.35000004991889,0.408
3.3600000500679,0.404
3.37000005021691,0.401
3.38000005036592,0.401
3.39000005051494,0.391
3.40000005066395,0.385
3.41000005081296,0.382
3.42000005096197,0.375
3.43000005111098,0.366
3.44000005125999,0.362
3.45000005140901,0.357
3.46000005155802,0.352
3.47000005170703,0.358
3.48000005185604,0.37
3.49000005200505,0.362
3.50000005215406,0.349
3.51000005230308,0.333
3.52000005245209,0.331
3.5300000526011,0.339
3.54000005275011,0.362
3.55000005289912,0.383
3.56000005304813,0.374
3.57000005319715,0.378
3.58000005334616,0.394
3.59000005349517,0.408
3.60000005364418,0.422
3.61000005379319,0.41
3.6200000539422,0.403
3.63000005409122,0.398
3.64000005424023,0.405
3.65000005438924,0.417
3.66000005453825,0.418
3.67000005468726,0.411
3.68000005483627,0.397
3.69000005498528,0.395
3.7000000551343,0.396
3.71000005528331,0.381
3.72000005543232,0.364
3.73000005558133,0.347
3.74000005573034,0.319
3.75000005587935,0.288
3.76000005602837,0.3
3.77000005617738,0.304
3.78000005632639,0.292
3.7900000564754,0.291
3.80000005662441,0.295
3.81000005677342,0.287
3.82000005692244,0.286
3.83000005707145,0.301
3.84000005722046,0.307
3.85000005736947,0.302
3.86000005751848,0.299
3.87000005766749,0.294
3.88000005781651,0.276
3.89000005796552,0.266
3.90000005811453,0.266
3.91000005826354,0.27
3.92000005841255,0.269
3.93000005856156,0.255
3.94000005871057,0.242
3.95000005885959,0.23
3.9600000590086,0.22
3.97000005915761,0.211
3.98000005930662,0.2
3.99000005945563,0.2
4.00000005960465,0.206
4.01000005975366,0.213
4.02000005990267,0.223
4.03000006005168,0.234
4.04000006020069,0.246
4.0500000603497,0.26
4.06000006049872,0.271
4.07000006064773,0.281
4.08000006079674,0.265
4.09000006094575,0.251
4.10000006109476,0.246
4.11000006124377,0.233
4.12000006139278,0.218
4.1300000615418,0.211
4.14000006169081,0.207
4.15000006183982,0.212
4.16000006198883,0.215
4.17000006213784,0.218
4.18000006228685,0.229
4.19000006243587,0.243
4.20000006258488,0.275
4.21000006273389,0.296
4.2200000628829,0.311
4.23000006303191,0.31
4.24000006318092,0.306
4.25000006332994,0.304
4.26000006347895,0.294
4.27000006362796,0.278
4.28000006377697,0.268
4.29000006392598,0.254
4.30000006407499,0.231
4.31000006422401,0.219
4.32000006437302,0.219
4.33000006452203,0.22
4.34000006467104,0.223
4.35000006482005,0.249
4.36000006496906,0.263
4.37000006511807,0.258
4.38000006526709,0.295
4.3900000654161,0.343
4.40000006556511,0.358
4.41000006571412,0.373
4.42000006586313,0.387
4.43000006601214,0.384
4.44000006616116,0.374
4.45000006631017,0.396
4.46000006645918,0.412
4.47000006660819,0.402
4.4800000667572,0.408
4.49000006690621,0.426
4.50000006705523,0.444
4.51000006720424,0.461
4.52000006735325,0.478
4.53000006750226,0.483
4.54000006765127,0.479
4.55000006780028,0.464
4.5600000679493,0.447
4.57000006809831,0.435
4.58000006824732,0.408
4.59000006839633,0.371
4.60000006854534,0.335
4.61000006869435,0.303
4.62000006884337,0.288
4.63000006899238,0.276
4.64000006914139,0.272
4.6500000692904,0.252
4.66000006943941,0.23
4.67000006958842,0.235
4.68000006973743,0.242
4.69000006988645,0.255
4.70000007003546,0.241
4.71000007018447,0.221
4.72000007033348,0.214
4.73000007048249,0.21
4.7400000706315,0.211
4.75000007078052,0.21
4.76000007092953,0.207
4.77000007107854,0.186
4.78000007122755,0.171
4.79000007137656,0.174
4.80000007152557,0.171
4.81000007167459,0.163
4.8200000718236,0.175
4.83000007197261,0.177
4.84000007212162,0.158
4.85000007227063,0.165
4.86000007241964,0.19
4.87000007256866,0.194
4.88000007271767,0.198
4.89000007286668,0.203
4.90000007301569,0.206
4.9100000731647,0.205
4.92000007331371,0.232
4.93000007346272,0.264
4.94000007361174,0.278
4.95000007376075,0.296
4.96000007390976,0.319
4.97000007405877,0.339
4.98000007420778,0.358
4.9900000743568,0.366
5.00000007450581,0.365
5.01000007465482,0.351
5.02000007480383,0.343
5.03000007495284,0.337
5.04000007510185,0.336
5.05000007525086,0.334
5.06000007539988,0.329
5.07000007554889,0.332
5.0800000756979,0.337
5.09000007584691,0.348
5.10000007599592,0.353
5.11000007614493,0.343
5.12000007629395,0.331
5.13000007644296,0.319
5.14000007659197,0.309
5.15000007674098,0.3
5.16000007688999,0.288
5.170000077039,0.273
5.18000007718802,0.26
5.19000007733703,0.263
5.20000007748604,0.266
5.21000007763505,0.265
5.22000007778406,0.247
5.23000007793307,0.217
5.24000007808209,0.194
5.2500000782311,0.172
5.26000007838011,0.154
5.27000007852912,0.139
5.28000007867813,0.124
5.29000007882714,0.113
5.30000007897615,0.108
5.31000007912517,0.131
5.32000007927418,0.142
5.33000007942319,0.139
5.3400000795722,0.139
5.35000007972121,0.138
5.36000007987022,0.124
5.37000008001924,0.111
5.38000008016825,0.1
5.39000008031726,0.087
5.40000008046627,0.075
5.41000008061528,0.09
5.42000008076429,0.107
5.43000008091331,0.128
5.44000008106232,0.155
5.45000008121133,0.186
5.46000008136034,0.223
5.47000008150935,0.253
5.48000008165836,0.269
5.49000008180738,0.271
5.50000008195639,0.263
5.5100000821054,0.268
5.52000008225441,0.267
5.53000008240342,0.258
5.54000008255243,0.245
5.55000008270144,0.228
5.56000008285046,0.228
5.57000008299947,0.228
5.58000008314848,0.223
5.59000008329749,0.208
5.6000000834465,0.184
5.61000008359552,0.171
5.62000008374453,0.163
5.63000008389354,0.173
5.64000008404255,0.169
5.65000008419156,0.156
5.66000008434057,0.142
5.67000008448958,0.13
5.6800000846386,0.129
5.69000008478761,0.123
5.70000008493662,0.111
5.71000008508563,0.104
5.72000008523464,0.094
5.73000008538365,0.093
5.74000008553267,0.097
5.75000008568168,0.11
5.76000008583069,0.117
5.7700000859797,0.119
5.78000008612871,0.126
5.79000008627772,0.129
5.80000008642674,0.124
5.81000008657575,0.135
5.82000008672476,0.153
5.83000008687377,0.143
5.84000008702278,0.139
5.85000008717179,0.146
5.86000008732081,0.156
5.87000008746982,0.167
5.88000008761883,0.174
5.89000008776784,0.176
5.90000008791685,0.163
5.91000008806586,0.16
5.92000008821487,0.167
5.93000008836389,0.163
5.9400000885129,0.161
5.95000008866191,0.171
5.96000008881092,0.17
5.97000008895993,0.159
5.98000008910894,0.15
5.99000008925796,0.143
6.00000008940697,0.148
6.01000008955598,0.147
6.02000008970499,0.14
6.030000089854,0.136
6.04000009000301,0.129
6.05000009015203,0.135
6.06000009030104,0.139
6.07000009045005,0.142
6.08000009059906,0.153
6.09000009074807,0.165
6.10000009089708,0.183
6.1100000910461,0.197
6.12000009119511,0.199
6.13000009134412,0.192
6.14000009149313,0.183
6.15000009164214,0.176
6.16000009179115,0.167
6.17000009194017,0.147
6.18000009208918,0.139
6.19000009223819,0.139
6.2000000923872,0.131
6.21000009253621,0.119
6.22000009268522,0.108
6.23000009283423,0.115
6.24000009298325,0.134
6.25000009313226,0.144
6.26000009328127,0.153
6.27000009343028,0.157
6.28000009357929,0.16
6.2900000937283,0.165
6.30000009387732,0.187
6.31000009402633,0.211
6.32000009417534,0.214
6.33000009432435,0.214
6.34000009447336,0.212
6.35000009462237,0.209
6.36000009477139,0.207
6.3700000949204,0.218
6.38000009506941,0.223
6.39000009521842,0.22
6.40000009536743,0.23
6.41000009551644,0.242
6.42000009566546,0.251
6.43000009581447,0.253
6.44000009596348,0.246
6.45000009611249,0.243
6.4600000962615,0.241
6.47000009641051,0.235
6.48000009655952,0.227
6.49000009670854,0.205
6.50000009685755,0.201
6.51000009700656,0.205
6.52000009715557,0.209
6.53000009730458,0.209
6.54000009745359,0.197
6.55000009760261,0.19
6.56000009775162,0.187
6.57000009790063,0.192
6.58000009804964,0.192
6.59000009819865,0.177
6.60000009834766,0.163
6.61000009849668,0.149
6.62000009864569,0.136
6.6300000987947,0.123
6.64000009894371,0.116
6.65000009909272,0.095
6.66000009924173,0.064
6.67000009939075,0.046
6.68000009953976,0.032
6.69000009968877,0.022
6.70000009983778,0.014
6.71000009998679,0.009
6.7200001001358,0.003
6.73000010028481,-0.001
6.74000010043383,0.006
6.75000010058284,0.009
6.76000010073185,0.004
6.77000010088086,0.011
6.78000010102987,0.02
6.79000010117889,0.016
6.8000001013279,0.016
6.81000010147691,0.02
6.82000010162592,0.009
6.83000010177493,-0.005
6.84000010192394,0.006
6.85000010207295,0.014
6.86000010222197,0.012
6.87000010237098,0.016
6.88000010251999,0.023
6.890000102669,0.035
6.90000010281801,0.048
6.91000010296702,0.068
6.92000010311604,0.073
6.93000010326505,0.064
6.94000010341406,0.056
6.95000010356307,0.05
6.96000010371208,0.047
6.97000010386109,0.035
6.98000010401011,0.015
6.99000010415912,0.013
7.00000010430813,0.012
7.01000010445714,0.001
7.02000010460615,-0.006
7.03000010475516,-0.012
7.04000010490418,-0.017
7.05000010505319,-0.023
7.0600001052022,-0.02
7.07000010535121,-0.029
7.08000010550022,-0.052
7.09000010564923,-0.047
7.10000010579824,-0.03
7.11000010594726,-0.01
7.12000010609627,0.003
7.13000010624528,0.01
7.14000010639429,0.01
7.1500001065433,0.008
7.16000010669232,0.018
7.17000010684133,0.021
7.18000010699034,0.01
7.19000010713935,-0.009
7.20000010728836,-0.032
7.21000010743737,-0.038
7.22000010758638,-0.05
7.2300001077354,-0.07
7.24000010788441,-0.082
7.25000010803342,-0.09
7.26000010818243,-0.086
7.27000010833144,-0.081
7.28000010848045,-0.076
7.29000010862947,-0.07
7.30000010877848,-0.066
7.31000010892749,-0.049
7.3200001090765,-0.033
7.33000010922551,-0.036
7.34000010937452,-0.041
7.35000010952354,-0.048
7.36000010967255,-0.055
7.37000010982156,-0.06
7.38000010997057,-0.059
7.39000011011958,-0.062
7.40000011026859,-0.067
7.41000011041761,-0.057
7.42000011056662,-0.042
7.43000011071563,-0.033
7.44000011086464,-0.018
7.45000011101365,0.005
7.46000011116266,0.012
7.47000011131167,0.011
7.48000011146069,0.018
7.4900001116097,0.023
7.50000011175871,0.022
7.51000011190772,0.019
7.52000011205673,0.015
7.53000011220574,0.003
7.54000011235476,-0.003
7.55000011250377,0.006
7.56000011265278,0.015
7.57000011280179,0.025
7.5800001129508,0.045
7.59000011309981,0.064
7.60000011324883,0.077
7.61000011339784,0.093
7.62000011354685,0.11
7.63000011369586,0.112
7.64000011384487,0.111
7.65000011399388,0.118
7.6600001141429,0.118
7.67000011429191,0.113
7.68000011444092,0.111
7.69000011458993,0.112
7.70000011473894,0.119
7.71000011488795,0.125
7.72000011503696,0.132
7.73000011518598,0.135
7.74000011533499,0.134
7.750000115484,0.127
7.76000011563301,0.121
7.77000011578202,0.118
7.78000011593103,0.101
7.79000011608005,0.079
7.80000011622906,0.06
7.81000011637807,0.043
7.82000011652708,0.031
7.83000011667609,0.02
7.8400001168251,0.013
7.85000011697412,0.022
7.86000011712313,0.033
7.87000011727214,0.046
7.88000011742115,0.054
7.89000011757016,0.061
7.90000011771917,0.065
7.91000011786819,0.071
7.9200001180172,0.085
7.93000011816621,0.096
7.94000011831522,0.102
7.95000011846423,0.085
7.96000011861324,0.071
7.97000011876226,0.073
7.98000011891127,0.066
7.99000011906028,0.054
8.00000011920929,0.044
8.0100001193583,0.03
8.02000011950731,0.011
8.03000011965633,0.002
8.04000011980534,0.006
8.05000011995435,0.0
8.06000012010336,-0.008
8.07000012025237,-0.003
8.08000012040138,0.004
8.09000012055039,0.015
8.10000012069941,0.018
8.11000012084842,0.019
8.12000012099743,0.017
8.13000012114644,0.016
8.14000012129545,0.017
8.15000012144446,0.014
8.16000012159348,0.009
8.17000012174249,0.002
8.1800001218915,0.0
8.19000012204051,0.004
8.20000012218952,0.002
8.21000012233853,-0.001
8.22000012248755,-0.009
8.23000012263656,-0.013
8.24000012278557,-0.013
8.25000012293458,-0.017
8.26000012308359,-0.024
8.2700001232326,-0.024
8.28000012338162,-0.026
8.29000012353063,-0.025
8.30000012367964,-0.022
8.31000012382865,-0.017
8.32000012397766,-0.016
8.33000012412667,-0.017
8.34000012427569,-0.022
8.3500001244247,-0.033
8.36000012457371,-0.053
8.37000012472272,-0.046
8.38000012487173,-0.038
8.39000012502074,-0.033
8.40000012516975,-0.038
8.41000012531877,-0.049
8.42000012546778,-0.036
8.43000012561679,-0.019
8.4400001257658,-0.015
8.45000012591481,-0.014
8.46000012606382,-0.023
8.47000012621284,-0.039
8.48000012636185,-0.057
8.49000012651086,-0.049
8.50000012665987,-0.041
8.51000012680888,-0.036
8.52000012695789,-0.028
8.53000012710691,-0.017
8.54000012725592,-0.015
8.55000012740493,-0.005
8.56000012755394,0.021
8.57000012770295,0.041
8.58000012785196,0.056
8.59000012800098,0.049
8.60000012814999,0.045
8.610000128299,0.055
8.62000012844801,0.056
8.63000012859702,0.055
8.64000012874603,0.039
8.65000012889504,0.024
8.66000012904406,0.016
8.67000012919307,0.012
8.68000012934208,0.012
8.69000012949109,0.003
8.7000001296401,-0.004
8.71000012978911,0.001
8.72000012993813,0.007
8.73000013008714,0.015
8.74000013023615,0.011
8.75000013038516,0.007
8.76000013053417,0.013
8.77000013068319,0.011
8.7800001308322,0.0
8.79000013098121,-0.003
8.80000013113022,-0.005
8.81000013127923,-0.008
8.82000013142824,-0.009
8.83000013157725,-0.004
8.84000013172627,-0.011
8.85000013187528,-0.024
8.86000013202429,-0.033
8.8700001321733,-0.031
8.88000013232231,-0.022
8.89000013247132,-0.016
8.90000013262033,-0.011
8.91000013276935,-0.024
8.92000013291836,-0.031
8.93000013306737,-0.025
8.94000013321638,-0.027
8.95000013336539,-0.031
8.9600001335144,-0.047
8.97000013366342,-0.068
8.98000013381243,-0.091
8.99000013396144,-0.089
9.00000013411045,-0.068
9.01000013425946,-0.074
9.02000013440848,-0.083
9.03000013455749,-0.081
9.0400001347065,-0.078
9.05000013485551,-0.075
9.06000013500452,-0.075
9.07000013515353,-0.071
9.08000013530254,-0.091
9.09000013545156,-0.101
9.10000013560057,-0.099
9.11000013574958,-0.089
9.12000013589859,-0.078
9.1300001360476,-0.069
9.14000013619661,-0.058
9.15000013634563,-0.039
9.16000013649464,-0.033
9.17000013664365,-0.03
9.18000013679266,-0.022
9.19000013694167,-0.018
9.20000013709068,-0.022
9.21000013723969,-0.023
9.22000013738871,-0.025
9.23000013753772,-0.025
9.24000013768673,-0.024
9.25000013783574,-0.019
9.26000013798475,-0.018
9.27000013813377,-0.021
9.28000013828278,-0.025
9.29000013843179,-0.029
9.3000001385808,-0.034
9.31000013872981,-0.039
9.32000013887882,-0.042
9.33000013902783,-0.041
9.34000013917685,-0.036
9.35000013932586,-0.023
9.36000013947487,-0.015
9.37000013962388,-0.009
9.38000013977289,-0.013
9.3900001399219,-0.017
9.40000014007092,-0.021
9.41000014021993,-0.022
9.42000014036894,-0.021
9.43000014051795,-0.029
9.44000014066696,-0.041
9.45000014081597,-0.042
9.46000014096498,-0.044
9.470000141114,-0.046
9.48000014126301,-0.037
9.49000014141202,-0.031
9.50000014156103,-0.055
9.51000014171004,-0.074
9.52000014185906,-0.09
9.53000014200807,-0.111
9.54000014215708,-0.133
9.55000014230609,-0.153
9.5600001424551,-0.177
9.57000014260411,-0.209
9.58000014275313,-0.217
9.59000014290214,-0.212
9.60000014305115,-0.21
9.61000014320016,-0.211
9.62000014334917,-0.208
9.63000014349818,-0.204
9.64000014364719,-0.197
9.65000014379621,-0.183
9.66000014394522,-0.171
9.67000014409423,-0.169
9.68000014424324,-0.17
9.69000014439225,-0.173
9.70000014454126,-0.166
9.71000014469028,-0.156
9.72000014483929,-0.143
9.7300001449883,-0.13
9.74000014513731,-0.119
9.75000014528632,-0.115
9.76000014543533,-0.109
9.77000014558435,-0.094
9.78000014573336,-0.079
9.79000014588237,-0.066
9.80000014603138,-0.057
9.81000014618039,-0.048
9.8200001463294,-0.048
9.83000014647842,-0.043
9.84000014662743,-0.029
9.85000014677644,-0.017
