time_min,absorb_mau
0.0,0.004
0.0133333335320155,-0.007
0.026666667064031,-0.011
0.0400000005960465,-0.005
0.0533333341280619,0.004
0.0666666676600774,0.013
0.0800000011920929,0.022
0.0933333347241084,0.032
0.106666668256124,0.049
0.120000001788139,0.056
0.133333335320155,0.054
0.14666666885217,0.046
0.160000002384186,0.034
0.173333335916201,0.026
0.186666669448217,0.04
0.200000002980232,0.033
0.213333336512248,0.029
0.226666670044263,0.035
0.240000003576279,0.051
0.253333337108294,0.07
0.26666667064031,0.073
0.280000004172325,0.07
0.293333337704341,0.072
0.306666671236356,0.081
0.320000004768372,0.064
0.333333338300387,0.065
0.346666671832403,0.071
0.360000005364418,0.078
0.373333338896433,0.09
0.386666672428449,0.089
0.400000005960465,0.106
0.41333333949248,0.125
0.426666673024495,0.137
0.440000006556511,0.15
0.453333340088526,0.157
0.466666673620542,0.172
0.480000007152557,0.178
0.493333340684573,0.171
0.506666674216588,0.173
0.520000007748604,0.186
0.533333341280619,0.202
0.546666674812635,0.208
0.56000000834465,0.2
0.573333341876666,0.217
0.586666675408681,0.249
0.600000008940697,0.322
0.613333342472712,0.461
0.626666676004728,0.705
0.640000009536743,1.188
0.653333343068759,2.006
0.666666676600774,3.237
0.68000001013279,4.948
0.693333343664805,7.192
0.706666677196821,10.337
0.720000010728836,14.107
0.733333344260852,18.721
0.746666677792867,23.659
0.760000011324882,29.115
0.773333344856898,35.12
0.786666678388913,41.085
0.800000011920929,46.958
0.813333345452944,52.626
0.82666667898496,57.911
0.840000012516975,62.632
0.853333346048991,67.099
0.866666679581006,70.835
0.880000013113022,74.216
0.893333346645037,76.966
0.906666680177053,79.126
0.920000013709068,81.005
0.933333347241084,82.469
0.946666680773099,83.597
0.960000014305115,84.388
0.97333334783713,84.817
0.986666681369146,84.991
1.00000001490116,84.923
1.01333334843318,84.612
1.02666668196519,84.106
1.04000001549721,83.477
1.05333334902922,82.728
1.06666668256124,81.865
1.08000001609325,80.9
1.09333334962527,79.855
1.10666668315729,78.748
1.1200000166893,77.572
1.13333335022132,76.332
1.14666668375333,75.095
1.16000001728535,73.782
1.17333335081736,72.456
1.18666668434938,71.089
1.20000001788139,69.683
1.21333335141341,68.322
1.22666668494542,66.964
1.24000001847744,65.623
1.25333335200946,64.273
1.26666668554147,62.897
1.28000001907349,61.622
1.2933333526055,60.306
1.30666668613752,58.959
1.32000001966953,57.584
1.33333335320155,56.199
1.34666668673356,54.911
1.36000002026558,53.58
1.37333335379759,52.262
1.38666668732961,50.964
1.40000002086163,49.697
1.41333335439364,48.499
1.42666668792566,47.323
1.44000002145767,46.186
1.45333335498969,45.084
1.4666666885217,44.002
1.48000002205372,42.954
1.49333335558573,41.952
1.50666668911775,40.973
1.52000002264977,39.999
1.53333335618178,39.055
1.5466666897138,38.139
1.56000002324581,37.249
1.57333335677783,36.362
1.58666669030984,35.46
1.60000002384186,34.574
1.61333335737387,33.699
1.62666669090589,32.837
1.6400000244379,31.984
1.65333335796992,31.139
1.66666669150194,30.345
1.68000002503395,29.582
1.69333335856597,28.844
1.70666669209798,28.131
1.72000002563,27.451
1.73333335916201,26.792
1.74666669269403,26.154
1.76000002622604,25.529
1.77333335975806,24.907
1.78666669329007,24.296
1.80000002682209,23.7
1.81333336035411,23.133
1.82666669388612,22.582
1.84000002741814,22.034
1.85333336095015,21.495
1.86666669448217,20.99
1.88000002801418,20.494
1.8933333615462,20.008
1.90666669507821,19.535
1.92000002861023,19.111
1.93333336214225,18.689
1.94666669567426,18.3
1.96000002920628,17.924
1.97333336273829,17.55
1.98666669627031,17.199
2.00000002980232,16.832
2.01333336333434,16.489
2.02666669686635,16.162
2.04000003039837,15.816
2.05333336393038,15.498
2.0666666974624,15.193
2.08000003099442,14.876
2.09333336452643,14.579
2.10666669805845,14.27
2.12000003159046,13.947
2.13333336512248,13.639
2.14666669865449,13.343
2.16000003218651,13.059
2.17333336571852,12.8
2.18666669925054,12.518
2.20000003278255,12.263
2.21333336631457,12.022
2.22666669984659,11.764
2.2400000333786,11.507
2.25333336691062,11.255
2.26666670044263,10.994
2.28000003397465,10.751
2.29333336750666,10.495
2.30666670103868,10.256
2.32000003457069,10.014
2.33333336810271,9.796
2.34666670163472,9.586
2.36000003516674,9.374
2.37333336869876,9.166
2.38666670223077,8.956
2.40000003576279,8.769
2.4133333692948,8.598
2.42666670282682,8.418
2.44000003635883,8.255
2.45333336989085,8.1
2.46666670342286,7.955
2.48000003695488,7.814
2.4933333704869,7.663
2.50666670401891,7.49
2.52000003755093,7.318
2.53333337108294,7.165
2.54666670461496,7.024
2.56000003814697,6.872
2.57333337167899,6.711
2.586666705211,6.554
2.60000003874302,6.407
2.61333337227503,6.268
2.62666670580705,6.111
2.64000003933907,5.986
2.65333337287108,5.874
2.6666667064031,5.765
2.68000003993511,5.654
2.69333337346713,5.54
2.70666670699914,5.427
2.72000004053116,5.312
2.73333337406317,5.191
2.74666670759519,5.066
2.7600000411272,4.979
2.77333337465922,4.899
2.78666670819124,4.82
2.80000004172325,4.741
2.81333337525527,4.663
2.82666670878728,4.602
2.8400000423193,4.528
2.85333337585131,4.442
2.86666670938333,4.354
2.88000004291534,4.278
2.89333337644736,4.211
2.90666670997938,4.136
2.92000004351139,4.049
2.93333337704341,3.957
2.94666671057542,3.902
2.96000004410744,3.839
2.97333337763945,3.771
2.98666671117147,3.705
3.00000004470348,3.649
3.0133333782355,3.598
3.02666671176751,3.526
3.04000004529953,3.442
3.05333337883155,3.356
3.06666671236356,3.272
3.08000004589558,3.197
3.09333337942759,3.137
3.10666671295961,3.087
3.12000004649162,3.047
3.13333338002364,3.024
3.14666671355565,2.986
3.16000004708767,2.946
3.17333338061968,2.899
3.1866667141517,2.852
3.20000004768372,2.815
3.21333338121573,2.768
3.22666671474775,2.72
3.24000004827976,2.671
3.25333338181178,2.616
3.26666671534379,2.562
3.28000004887581,2.475
3.29333338240782,2.405
3.30666671593984,2.349
3.32000004947186,2.298
3.33333338300387,2.241
3.34666671653589,2.189
3.3600000500679,2.159
3.37333338359992,2.134
3.38666671713193,2.094
3.40000005066395,2.067
3.41333338419596,2.014
3.42666671772798,1.956
3.44000005125999,1.892
3.45333338479201,1.818
3.46666671832403,1.754
3.48000005185604,1.675
3.49333338538806,1.613
3.50666671892007,1.579
3.52000005245209,1.552
3.5333333859841,1.522
3.54666671951612,1.502
3.56000005304813,1.481
3.57333338658015,1.461
3.58666672011217,1.455
3.60000005364418,1.425
3.6133333871762,1.408
3.62666672070821,1.395
3.64000005424023,1.38
3.65333338777224,1.381
3.66666672130426,1.358
3.68000005483627,1.341
3.69333338836829,1.338
3.7066667219003,1.344
3.72000005543232,1.356
3.73333338896434,1.366
3.74666672249635,1.375
3.76000005602837,1.389
3.77333338956038,1.411
3.7866667230924,1.404
3.80000005662441,1.391
3.81333339015643,1.375
3.82666672368844,1.356
3.84000005722046,1.332
3.85333339075247,1.294
3.86666672428449,1.251
3.88000005781651,1.21
3.89333339134852,1.167
3.90666672488054,1.124
3.92000005841255,1.094
3.93333339194457,1.067
3.94666672547658,1.049
3.9600000590086,1.037
3.97333339254061,1.01
3.98666672607263,1.019
4.00000005960465,1.018
4.01333339313666,1.01
4.02666672666868,0.998
4.04000006020069,0.97
4.05333339373271,0.966
4.06666672726472,0.95
4.08000006079674,0.923
4.09333339432875,0.909
4.10666672786077,0.912
4.12000006139278,0.91
4.1333333949248,0.899
4.14666672845682,0.881
4.16000006198883,0.859
4.17333339552085,0.858
4.18666672905286,0.838
4.20000006258488,0.827
4.21333339611689,0.83
4.22666672964891,0.834
4.24000006318092,0.829
4.25333339671294,0.815
4.26666673024495,0.804
4.28000006377697,0.803
4.29333339730899,0.8
4.306666730841,0.777
4.32000006437302,0.762
4.33333339790503,0.758
4.34666673143705,0.758
4.36000006496906,0.733
4.37333339850108,0.72
4.38666673203309,0.71
4.40000006556511,0.711
4.41333339909713,0.719
4.42666673262914,0.701
4.44000006616116,0.694
4.45333339969317,0.679
4.46666673322519,0.66
4.4800000667572,0.659
4.49333340028922,0.647
4.50666673382123,0.63
4.52000006735325,0.628
4.53333340088526,0.639
4.54666673441728,0.657
4.5600000679493,0.666
4.57333340148131,0.679
4.58666673501333,0.698
4.60000006854534,0.721
4.61333340207736,0.726
4.62666673560937,0.751
4.64000006914139,0.774
4.6533334026734,0.79
4.66666673620542,0.792
4.68000006973743,0.782
4.69333340326945,0.79
4.70666673680147,0.773
4.72000007033348,0.743
4.7333334038655,0.719
4.74666673739751,0.701
4.76000007092953,0.704
4.77333340446154,0.699
4.78666673799356,0.691
4.80000007152557,0.699
4.81333340505759,0.692
4.82666673858961,0.702
4.84000007212162,0.715
4.85333340565364,0.723
4.86666673918565,0.724
4.88000007271767,0.726
4.89333340624968,0.726
4.9066667397817,0.715
4.92000007331371,0.69
4.93333340684573,0.668
4.94666674037774,0.668
4.96000007390976,0.656
4.97333340744178,0.647
4.98666674097379,0.656
5.00000007450581,0.681
5.01333340803782,0.668
5.02666674156984,0.645
5.04000007510185,0.624
5.05333340863387,0.616
5.06666674216588,0.612
5.0800000756979,0.577
5.09333340922991,0.552
5.10666674276193,0.543
5.12000007629395,0.532
5.13333340982596,0.5
5.14666674335798,0.472
5.16000007688999,0.454
5.17333341042201,0.444
5.18666674395402,0.428
5.20000007748604,0.402
5.21333341101805,0.407
5.22666674455007,0.414
5.24000007808209,0.409
5.2533334116141,0.394
5.26666674514612,0.377
5.28000007867813,0.374
5.29333341221015,0.373
5.30666674574216,0.357
5.32000007927418,0.323
5.33333341280619,0.316
5.34666674633821,0.33
5.36000007987022,0.341
5.37333341340224,0.34
5.38666674693426,0.335
5.40000008046627,0.353
5.41333341399829,0.368
5.4266667475303,0.363
5.44000008106232,0.335
5.45333341459433,0.325
5.46666674812635,0.312
5.48000008165836,0.296
5.49333341519038,0.283
5.50666674872239,0.276
5.52000008225441,0.299
5.53333341578643,0.317
5.54666674931844,0.339
5.56000008285046,0.368
5.57333341638247,0.405
5.58666674991449,0.41
5.6000000834465,0.391
5.61333341697852,0.38
5.62666675051053,0.384
5.64000008404255,0.378
5.65333341757457,0.361
5.66666675110658,0.372
5.6800000846386,0.391
5.69333341817061,0.405
5.70666675170263,0.408
5.72000008523464,0.398
5.73333341876666,0.384
5.74666675229867,0.367
5.76000008583069,0.338
5.7733334193627,0.337
5.78666675289472,0.329
5.80000008642674,0.325
5.81333341995875,0.33
5.82666675349077,0.34
5.84000008702278,0.36
5.8533334205548,0.358
5.86666675408681,0.352
5.88000008761883,0.347
5.89333342115084,0.349
5.90666675468286,0.356
5.92000008821487,0.355
5.93333342174689,0.368
5.94666675527891,0.402
5.96000008881092,0.417
5.97333342234294,0.408
5.98666675587495,0.398
6.00000008940697,0.393
6.01333342293898,0.387
6.026666756471,0.34
6.04000009000301,0.342
6.05333342353503,0.331
6.06666675706705,0.324
6.08000009059906,0.333
6.09333342413108,0.322
6.10666675766309,0.325
6.12000009119511,0.308
6.13333342472712,0.286
6.14666675825914,0.305
6.16000009179115,0.286
6.17333342532317,0.288
6.18666675885518,0.291
6.2000000923872,0.291
6.21333342591922,0.291
6.22666675945123,0.278
6.24000009298325,0.273
6.25333342651526,0.252
6.26666676004728,0.22
6.28000009357929,0.219
6.29333342711131,0.229
6.30666676064332,0.238
6.32000009417534,0.236
6.33333342770735,0.227
6.34666676123937,0.248
6.36000009477139,0.229
6.3733334283034,0.211
6.38666676183542,0.192
6.40000009536743,0.172
6.41333342889945,0.185
6.42666676243146,0.19
6.44000009596348,0.208
6.45333342949549,0.234
6.46666676302751,0.254
6.48000009655952,0.274
6.49333343009154,0.277
6.50666676362356,0.278
6.52000009715557,0.279
6.53333343068759,0.278
6.5466667642196,0.261
6.56000009775162,0.245
6.57333343128363,0.24
6.58666676481565,0.246
6.60000009834766,0.254
6.61333343187968,0.261
6.6266667654117,0.263
6.64000009894371,0.269
6.65333343247573,0.291
6.66666676600774,0.345
6.68000009953976,0.351
6.69333343307177,0.348
6.70666676660379,0.364
6.7200001001358,0.409
6.73333343366782,0.434
6.74666676719983,0.427
6.76000010073185,0.421
6.77333343426387,0.433
6.78666676779588,0.456
6.8000001013279,0.451
6.81333343485991,0.435
6.82666676839193,0.425
6.84000010192394,0.42
6.85333343545596,0.421
6.86666676898797,0.391
6.88000010251999,0.363
6.893333436052,0.35
6.90666676958402,0.353
6.92000010311604,0.345
6.93333343664805,0.354
6.94666677018007,0.345
6.96000010371208,0.338
6.9733334372441,0.339
6.98666677077611,0.347
7.00000010430813,0.34
7.01333343784014,0.302
7.02666677137216,0.27
7.04000010490418,0.264
7.05333343843619,0.256
7.06666677196821,0.229
7.08000010550022,0.217
7.09333343903224,0.22
7.10666677256425,0.239
7.12000010609627,0.268
7.13333343962828,0.27
7.1466667731603,0.266
7.16000010669232,0.26
7.17333344022433,0.255
7.18666677375635,0.285
7.20000010728836,0.29
7.21333344082038,0.304
7.22666677435239,0.334
7.24000010788441,0.368
7.25333344141642,0.393
7.26666677494844,0.397
7.28000010848045,0.393
7.29333344201247,0.392
7.30666677554448,0.387
7.3200001090765,0.402
7.33333344260852,0.401
7.34666677614053,0.4
7.36000010967255,0.405
7.37333344320456,0.416
7.38666677673658,0.414
7.40000011026859,0.414
7.41333344380061,0.413
7.42666677733262,0.407
7.44000011086464,0.388
7.45333344439666,0.391
7.46666677792867,0.415
7.48000011146069,0.436
7.4933334449927,0.429
7.50666677852472,0.426
7.52000011205673,0.455
7.53333344558875,0.471
7.54666677912076,0.467
7.56000011265278,0.455
7.5733334461848,0.461
7.58666677971681,0.458
7.60000011324883,0.442
7.61333344678084,0.409
7.62666678031286,0.38
7.64000011384487,0.371
7.65333344737689,0.355
7.6666667809089,0.345
7.68000011444092,0.339
7.69333344797293,0.319
7.70666678150495,0.314
7.72000011503696,0.291
7.73333344856898,0.268
7.746666782101,0.257
7.76000011563301,0.238
7.77333344916503,0.235
7.78666678269704,0.238
7.80000011622906,0.237
7.81333344976107,0.229
7.82666678329309,0.216
7.8400001168251,0.215
7.85333345035712,0.221
7.86666678388914,0.227
7.88000011742115,0.228
7.89333345095317,0.234
7.90666678448518,0.228
7.9200001180172,0.221
7.93333345154921,0.22
7.94666678508123,0.227
7.96000011861324,0.218
7.97333345214526,0.201
7.98666678567727,0.201
8.00000011920929,0.22
8.01333345274131,0.22
8.02666678627332,0.211
8.04000011980534,0.216
8.05333345333735,0.232
8.06666678686937,0.256
8.08000012040138,0.245
8.0933334539334,0.258
8.10666678746541,0.266
8.12000012099743,0.265
8.13333345452944,0.253
8.14666678806146,0.26
8.16000012159348,0.26
8.17333345512549,0.255
8.18666678865751,0.243
8.20000012218952,0.23
8.21333345572154,0.256
8.22666678925355,0.261
8.24000012278557,0.266
8.25333345631758,0.281
8.2666667898496,0.302
8.28000012338162,0.346
8.29333345691363,0.357
8.30666679044565,0.363
8.32000012397766,0.376
8.33333345750968,0.387
8.34666679104169,0.369
8.36000012457371,0.347
8.37333345810572,0.327
8.38666679163774,0.317
8.40000012516975,0.318
8.41333345870177,0.301
8.42666679223379,0.297
8.4400001257658,0.299
8.45333345929782,0.299
8.46666679282983,0.296
8.48000012636185,0.279
8.49333345989386,0.28
8.50666679342588,0.284
8.52000012695789,0.273
8.53333346048991,0.28
8.54666679402192,0.287
8.56000012755394,0.303
8.57333346108596,0.315
8.58666679461797,0.301
8.60000012814999,0.313
8.613333461682,0.324
8.62666679521402,0.325
8.64000012874603,0.323
8.65333346227805,0.33
8.66666679581006,0.32
8.68000012934208,0.323
8.6933334628741,0.323
8.70666679640611,0.318
8.72000012993813,0.326
8.73333346347014,0.329
8.74666679700216,0.351
8.76000013053417,0.379
8.77333346406619,0.397
8.7866667975982,0.4
8.80000013113022,0.404
8.81333346466223,0.382
8.82666679819425,0.36
8.84000013172627,0.357
8.85333346525828,0.343
8.8666667987903,0.324
8.88000013232231,0.31
8.89333346585433,0.311
8.90666679938634,0.344
8.92000013291836,0.321
8.93333346645037,0.312
8.94666679998239,0.313
8.9600001335144,0.324
8.97333346704642,0.339
8.98666680057844,0.313
9.00000013411045,0.311
9.01333346764247,0.31
9.02666680117448,0.299
9.0400001347065,0.292
9.05333346823851,0.289
9.06666680177053,0.294
9.08000013530254,0.299
9.09333346883456,0.303
9.10666680236658,0.32
9.12000013589859,0.324
9.13333346943061,0.329
9.14666680296262,0.326
9.16000013649464,0.316
9.17333347002665,0.31
9.18666680355867,0.311
9.20000013709068,0.315
9.2133334706227,0.313
9.22666680415471,0.287
9.24000013768673,0.283
9.25333347121875,0.278
9.26666680475076,0.263
9.28000013828278,0.249
9.29333347181479,0.261
9.30666680534681,0.276
9.32000013887882,0.286
9.33333347241084,0.294
9.34666680594285,0.302
9.36000013947487,0.312
9.37333347300688,0.302
9.3866668065389,0.312
9.40000014007092,0.321
9.41333347360293,0.315
9.42666680713495,0.301
9.44000014066696,0.296
9.45333347419898,0.288
9.46666680773099,0.274
9.48000014126301,0.254
9.49333347479502,0.252
9.50666680832704,0.272
9.52000014185906,0.279
9.53333347539107,0.283
9.54666680892309,0.301
9.5600001424551,0.31
9.57333347598712,0.323
9.58666680951913,0.332
9.60000014305115,0.337
9.61333347658316,0.355
9.62666681011518,0.353
9.64000014364719,0.348
9.65333347717921,0.35
9.66666681071123,0.362
9.68000014424324,0.375
9.69333347777526,0.358
9.70666681130727,0.354
9.72000014483929,0.359
9.7333334783713,0.37
9.74666681190332,0.374
9.76000014543533,0.36
9.77333347896735,0.378
9.78666681249936,0.406
9.80000014603138,0.422
9.8133334795634,0.438
9.82666681309541,0.45
9.84000014662743,0.462
9.85333348015944,0.463
9.86666681369146,0.442
9.88000014722347,0.44
9.89333348075549,0.428
9.9066668142875,0.415
9.92000014781952,0.404
9.93333348135154,0.395
9.94666681488355,0.405
9.96000014841557,0.391
9.97333348194758,0.373
9.9866668154796,0.367
10.0000001490116,0.382
10.0133334825436,0.376
10.0266668160756,0.368
10.0400001496077,0.367
10.0533334831397,0.374
10.0666668166717,0.369
10.0800001502037,0.362
10.0933334837357,0.356
10.1066668172677,0.343
10.1200001507998,0.329
10.1333334843318,0.339
10.1466668178638,0.364
10.1600001513958,0.371
10.1733334849278,0.37
10.1866668184598,0.382
10.2000001519918,0.422
10.2133334855239,0.433
10.2266668190559,0.444
10.2400001525879,0.46
10.2533334861199,0.478
10.2666668196519,0.487
10.2800001531839,0.486
10.293333486716,0.486
10.306666820248,0.487
10.32000015378,0.483
10.333333487312,0.494
10.346666820844,0.5
10.360000154376,0.51
10.373333487908,0.517
10.3866668214401,0.508
10.4000001549721,0.504
10.4133334885041,0.477
10.4266668220361,0.45
10.4400001555681,0.433
10.4533334891001,0.409
10.4666668226322,0.397
10.4800001561642,0.382
10.4933334896962,0.376
10.5066668232282,0.386
10.5200001567602,0.383
10.5333334902922,0.406
10.5466668238242,0.426
10.5600001573563,0.444
10.5733334908883,0.462
10.5866668244203,0.471
10.6000001579523,0.481
10.6133334914843,0.491
10.6266668250163,0.492
10.6400001585484,0.491
10.6533334920804,0.481
10.6666668256124,0.47
10.6800001591444,0.463
10.6933334926764,0.457
10.7066668262084,0.436
10.7200001597404,0.44
10.7333334932725,0.443
10.7466668268045,0.44
10.7600001603365,0.436
10.7733334938685,0.432
10.7866668274005,0.436
10.8000001609325,0.441
10.8133334944646,0.438
10.8266668279966,0.431
10.8400001615286,0.444
10.8533334950606,0.444
10.8666668285926,0.436
10.8800001621246,0.42
10.8933334956567,0.401
10.9066668291887,0.39
10.9200001627207,0.377
10.9333334962527,0.361
10.9466668297847,0.344
10.9600001633167,0.328
10.9733334968487,0.314
10.9866668303808,0.299
11.0000001639128,0.283
11.0133334974448,0.267
11.0266668309768,0.263
11.0400001645088,0.269
11.0533334980408,0.274
11.0666668315729,0.292
11.0800001651049,0.319
11.0933334986369,0.34
