time_min,absorb_mau
0.0,0.0
0.0233333336810271,-0.108
0.0466666673620542,-0.389
0.0700000010430813,-0.64
0.0933333347241084,-0.906
0.116666668405135,-1.046
0.140000002086163,-1.058
0.16333333576719,-0.913
0.186666669448217,-0.734
0.210000003129244,-0.543
0.233333336810271,-0.503
0.256666670491298,-0.645
0.280000004172325,-0.762
0.303333337853352,-0.835
0.326666671534379,-0.892
0.350000005215406,-0.927
0.373333338896433,-0.932
0.396666672577461,-0.918
0.420000006258488,-0.869
0.443333339939515,-0.802
0.466666673620542,-0.745
0.490000007301569,-0.708
0.513333340982596,-0.676
0.536666674663623,-0.643
0.56000000834465,-0.561
0.583333342025677,-0.4
0.606666675706705,-0.142
0.630000009387732,0.269
0.653333343068759,0.79
0.676666676749786,1.399
0.700000010430813,1.99
0.72333334411184,2.465
0.746666677792867,2.812
0.770000011473894,2.981
0.793333345154921,3.017
0.816666678835948,2.982
0.840000012516975,2.91
0.863333346198002,2.839
0.88666667987903,2.787
0.910000013560057,2.741
0.933333347241084,2.717
0.956666680922111,2.756
0.980000014603138,2.875
1.00333334828417,3.076
1.02666668196519,3.375
1.05000001564622,3.66
1.07333334932725,3.904
1.09666668300827,4.103
1.1200000166893,4.18
1.14333335037033,4.179
1.16666668405135,4.107
1.19000001773238,3.991
1.21333335141341,3.901
1.23666668509444,3.821
1.26000001877546,3.701
1.28333335245649,3.584
1.30666668613752,3.498
1.33000001981854,3.395
1.35333335349957,3.341
1.3766666871806,3.289
1.40000002086163,3.196
1.42333335454265,3.12
1.44666668822368,2.998
1.47000002190471,2.928
1.49333335558573,2.842
1.51666668926676,2.824
1.54000002294779,2.76
1.56333335662882,2.702
1.58666669030984,2.641
1.61000002399087,2.576
1.6333333576719,2.563
1.65666669135292,2.525
1.68000002503395,2.493
1.70333335871498,2.463
1.72666669239601,2.418
1.75000002607703,2.419
1.77333335975806,2.44
1.79666669343909,2.457
1.82000002712011,2.535
1.84333336080114,2.601
1.86666669448217,2.692
1.89000002816319,2.795
1.91333336184422,2.907
1.93666669552525,3.015
1.96000002920628,3.144
1.9833333628873,3.25
2.00666669656833,3.354
2.03000003024936,3.442
2.05333336393038,3.554
2.07666669761141,3.674
2.10000003129244,3.799
2.12333336497347,3.939
2.14666669865449,4.052
2.17000003233552,4.147
2.19333336601655,4.274
2.21666669969757,4.408
2.2400000333786,4.549
2.26333336705963,4.656
2.28666670074066,4.767
2.31000003442168,4.818
2.33333336810271,4.912
2.35666670178374,4.994
2.38000003546476,5.035
2.40333336914579,5.083
2.42666670282682,5.146
2.45000003650784,5.212
2.47333337018887,5.356
2.4966667038699,5.503
2.52000003755093,5.648
2.54333337123195,5.785
2.56666670491298,5.908
2.59000003859401,6.022
2.61333337227503,6.156
2.63666670595606,6.317
2.66000003963709,6.422
2.68333337331812,6.575
2.70666670699914,6.717
2.73000004068017,6.854
2.7533333743612,6.987
2.77666670804222,7.143
2.80000004172325,7.298
2.82333337540428,7.451
2.84666670908531,7.631
2.87000004276633,7.77
2.89333337644736,7.924
2.91666671012839,8.081
2.94000004380941,8.212
2.96333337749044,8.354
2.98666671117147,8.502
3.0100000448525,8.669
3.03333337853352,8.825
3.05666671221455,8.973
3.08000004589558,9.116
3.1033333795766,9.221
3.12666671325763,9.34
3.15000004693866,9.479
3.17333338061968,9.634
3.19666671430071,9.819
3.22000004798174,9.973
3.24333338166277,10.141
3.26666671534379,10.31
3.29000004902482,10.486
3.31333338270585,10.687
3.33666671638687,10.881
3.3600000500679,11.07
3.38333338374893,11.283
3.40666671742996,11.463
3.43000005111098,11.622
3.45333338479201,11.776
3.47666671847304,11.956
3.50000005215406,12.158
3.52333338583509,12.381
3.54666671951612,12.586
3.57000005319715,12.814
3.59333338687817,12.991
3.6166667205592,13.207
3.64000005424023,13.358
3.66333338792125,13.504
3.68666672160228,13.679
3.71000005528331,13.824
3.73333338896434,14.005
3.75666672264536,14.159
3.78000005632639,14.307
3.80333339000742,14.471
3.82666672368844,14.605
3.85000005736947,14.739
3.8733333910505,14.884
3.89666672473152,15.031
3.92000005841255,15.208
3.94333339209358,15.406
3.96666672577461,15.567
3.99000005945563,15.778
4.01333339313666,15.945
4.03666672681769,16.125
4.06000006049872,16.323
4.08333339417974,16.51
4.10666672786077,16.715
4.1300000615418,16.903
4.15333339522282,17.1
4.17666672890385,17.285
4.20000006258488,17.42
4.2233333962659,17.584
4.24666672994693,17.723
4.27000006362796,17.891
4.29333339730899,18.05
4.31666673099001,18.202
4.34000006467104,18.365
4.36333339835207,18.547
4.38666673203309,18.716
4.41000006571412,18.851
4.43333339939515,18.968
4.45666673307618,19.082
4.4800000667572,19.231
4.50333340043823,19.382
4.52666673411926,19.527
4.55000006780028,19.674
4.57333340148131,19.813
4.59666673516234,19.965
4.62000006884337,20.126
4.64333340252439,20.25
4.66666673620542,20.393
4.69000006988645,20.512
4.71333340356747,20.617
4.7366667372485,20.766
4.76000007092953,20.928
4.78333340461056,21.096
4.80666673829158,21.249
4.83000007197261,21.392
4.85333340565364,21.476
4.87666673933466,21.548
4.90000007301569,21.642
4.92333340669672,21.759
4.94666674037774,21.87
4.97000007405877,21.997
4.9933334077398,22.117
5.01666674142083,22.182
5.04000007510185,22.235
5.06333340878288,22.267
5.08666674246391,22.302
5.11000007614493,22.362
5.13333340982596,22.406
5.15666674350699,22.416
5.18000007718802,22.397
5.20333341086904,22.384
5.22666674455007,22.398
5.2500000782311,22.457
5.27333341191212,22.451
5.29666674559315,22.464
5.32000007927418,22.46
5.3433334129552,22.434
5.36666674663623,22.448
5.39000008031726,22.445
5.41333341399829,22.444
5.43666674767931,22.459
5.46000008136034,22.484
5.48333341504137,22.469
5.50666674872239,22.481
5.53000008240342,22.51
5.55333341608445,22.568
5.57666674976548,22.641
5.6000000834465,22.679
5.62333341712753,22.687
5.64666675080856,22.674
5.67000008448958,22.691
5.69333341817061,22.665
5.71666675185164,22.696
5.74000008553267,22.671
5.76333341921369,22.641
5.78666675289472,22.613
5.81000008657575,22.528
5.83333342025677,22.468
5.8566667539378,22.391
5.88000008761883,22.363
5.90333342129986,22.292
5.92666675498088,22.223
5.95000008866191,22.134
5.97333342234294,22.07
5.99666675602396,22.003
6.02000008970499,21.994
6.04333342338602,21.971
6.06666675706705,21.944
6.09000009074807,21.966
6.1133334244291,21.884
6.13666675811013,21.831
6.16000009179115,21.767
6.18333342547218,21.73
6.20666675915321,21.736
6.23000009283423,21.729
6.25333342651526,21.702
6.27666676019629,21.689
6.30000009387732,21.66
6.32333342755834,21.593
6.34666676123937,21.586
6.3700000949204,21.549
6.39333342860142,21.539
6.41666676228245,21.514
6.44000009596348,21.474
6.46333342964451,21.429
6.48666676332553,21.384
6.51000009700656,21.335
6.53333343068759,21.269
6.55666676436861,21.224
6.58000009804964,21.118
6.60333343173067,21.031
6.6266667654117,20.896
6.65000009909272,20.772
6.67333343277375,20.682
6.69666676645478,20.576
6.7200001001358,20.528
6.74333343381683,20.445
6.76666676749786,20.38
6.79000010117889,20.341
6.81333343485991,20.279
6.83666676854094,20.26
6.86000010222197,20.215
6.88333343590299,20.195
6.90666676958402,20.142
6.93000010326505,20.14
6.95333343694607,20.12
6.9766667706271,20.12
7.00000010430813,20.169
7.02333343798916,20.157
7.04666677167018,20.143
7.07000010535121,20.15
7.09333343903224,20.146
7.11666677271326,20.191
7.14000010639429,20.217
7.16333344007532,20.243
7.18666677375635,20.273
7.21000010743737,20.277
7.2333334411184,20.287
7.25666677479943,20.247
7.28000010848045,20.216
7.30333344216148,20.193
7.32666677584251,20.13
7.35000010952354,20.065
7.37333344320456,19.919
7.39666677688559,19.801
7.42000011056662,19.703
7.44333344424764,19.625
7.46666677792867,19.57
7.4900001116097,19.511
7.51333344529072,19.425
7.53666677897175,19.416
7.56000011265278,19.39
7.58333344633381,19.352
7.60666678001483,19.32
7.63000011369586,19.222
7.65333344737689,19.158
7.67666678105791,19.091
7.70000011473894,18.997
7.72333344841997,18.931
7.746666782101,18.869
7.77000011578202,18.823
7.79333344946305,18.805
7.81666678314408,18.742
7.8400001168251,18.714
7.86333345050613,18.679
7.88666678418716,18.618
7.91000011786819,18.581
7.93333345154921,18.518
7.95666678523024,18.466
7.98000011891127,18.422
8.00333345259229,18.34
8.02666678627332,18.238
8.05000011995435,18.132
8.07333345363537,18.064
8.0966667873164,18.015
8.12000012099743,17.972
8.14333345467846,17.926
8.16666678835948,17.845
8.19000012204051,17.767
8.21333345572154,17.672
8.23666678940256,17.556
8.26000012308359,17.468
8.28333345676462,17.392
8.30666679044565,17.344
8.33000012412667,17.314
8.3533334578077,17.264
8.37666679148873,17.212
8.40000012516975,17.149
8.42333345885078,17.047
8.44666679253181,17.0
8.47000012621284,16.935
8.49333345989386,16.899
8.51666679357489,16.867
8.54000012725592,16.803
8.56333346093694,16.749
8.58666679461797,16.709
8.610000128299,16.675
8.63333346198002,16.627
8.65666679566105,16.578
8.68000012934208,16.499
8.70333346302311,16.426
8.72666679670413,16.393
8.75000013038516,16.369
8.77333346406619,16.385
8.79666679774721,16.376
8.82000013142824,16.349
8.84333346510927,16.321
8.8666667987903,16.289
8.89000013247132,16.265
8.91333346615235,16.247
8.93666679983338,16.196
8.9600001335144,16.138
8.98333346719543,16.096
9.00666680087646,16.079
9.03000013455749,16.079
9.05333346823851,16.048
9.07666680191954,15.998
9.10000013560057,15.917
9.12333346928159,15.867
9.14666680296262,15.831
9.17000013664365,15.779
9.19333347032468,15.758
9.2166668040057,15.707
9.24000013768673,15.718
9.26333347136776,15.722
9.28666680504878,15.698
9.31000013872981,15.72
9.33333347241084,15.74
9.35666680609187,15.745
9.38000013977289,15.789
9.40333347345392,15.813
9.42666680713495,15.771
9.45000014081597,15.762
9.473333474497,15.707
9.49666680817803,15.667
9.52000014185906,15.659
9.54333347554008,15.603
9.56666680922111,15.6
9.59000014290214,15.591
9.61333347658316,15.564
9.63666681026419,15.515
9.66000014394522,15.466
9.68333347762625,15.446
9.70666681130727,15.412
9.7300001449883,15.381
9.75333347866933,15.349
9.77666681235035,15.312
9.80000014603138,15.299
9.82333347971241,15.307
9.84666681339343,15.322
9.87000014707446,15.348
9.89333348075549,15.364
9.91666681443652,15.365
9.94000014811754,15.344
9.96333348179857,15.316
9.9866668154796,15.32
10.0100001491606,15.356
10.0333334828417,15.393
10.0566668165227,15.462
10.0800001502037,15.474
10.1033334838847,15.486
10.1266668175658,15.494
10.1500001512468,15.506
10.1733334849278,15.543
10.1966668186088,15.553
10.2200001522899,15.517
10.2433334859709,15.452
10.2666668196519,15.406
10.290000153333,15.385
10.313333487014,15.346
10.336666820695,15.36
10.360000154376,15.346
10.3833334880571,15.384
10.4066668217381,15.395
10.4300001554191,15.363
10.4533334891001,15.356
10.4766668227812,15.326
10.5000001564622,15.311
10.5233334901432,15.305
10.5466668238242,15.265
10.5700001575053,15.261
10.5933334911863,15.28
10.6166668248673,15.284
10.6400001585484,15.302
10.6633334922294,15.307
10.6866668259104,15.273
10.7100001595914,15.266
10.7333334932725,15.252
10.7566668269535,15.234
10.7800001606345,15.203
10.8033334943155,15.174
10.8266668279966,15.12
10.8500001616776,15.06
10.8733334953586,15.069
10.8966668290397,15.041
10.9200001627207,15.003
10.9433334964017,14.941
10.9666668300827,14.909
10.9900001637638,14.903
11.0133334974448,14.903
11.0366668311258,14.857
11.0600001648068,14.777
11.0833334984879,14.688
11.1066668321689,14.644
11.1300001658499,14.625
11.153333499531,14.635
11.176666833212,14.648
11.200000166893,14.616
11.223333500574,14.597
11.2466668342551,14.533
11.2700001679361,14.506
11.2933335016171,14.445
11.3166668352981,14.392
11.3400001689792,14.335
11.3633335026602,14.265
11.3866668363412,14.23
11.4100001700223,14.179
11.4333335037033,14.179
11.4566668373843,14.178
11.4800001710653,14.211
11.5033335047464,14.283
11.5266668384274,14.289
11.5500001721084,14.271
11.5733335057894,14.238
11.5966668394705,14.211
11.6200001731515,14.223
11.6433335068325,14.236
11.6666668405135,14.22
11.6900001741946,14.201
11.7133335078756,14.171
11.7366668415566,14.15
11.7600001752377,14.124
11.7833335089187,14.056
11.8066668425997,14.016
11.8300001762807,13.951
11.8533335099618,13.911
11.8766668436428,13.88
11.9000001773238,13.863
11.9233335110048,13.852
11.9466668446859,13.853
11.9700001783669,13.845
11.9933335120479,13.838
12.016666845729,13.842
12.04000017941,13.863
12.063333513091,13.911
12.086666846772,13.952
12.1100001804531,13.992
12.1333335141341,13.934
12.1566668478151,13.919
12.1800001814961,13.884
12.2033335151772,13.855
12.2266668488582,13.883
12.2500001825392,13.893
12.2733335162203,13.829
12.2966668499013,13.82
12.3200001835823,13.753
12.3433335172633,13.699
12.3666668509444,13.661
12.3900001846254,13.573
12.4133335183064,13.511
12.4366668519874,13.48
12.4600001856685,13.425
12.4833335193495,13.404
12.5066668530305,13.38
12.5300001867116,13.378
12.5533335203926,13.355
12.5766668540736,13.322
12.6000001877546,13.24
12.6233335214357,13.154
12.6466668551167,13.123
12.6700001887977,13.109
12.6933335224787,13.108
12.7166668561598,13.111
12.7400001898408,13.078
12.7633335235218,13.074
12.7866668572028,13.087
12.8100001908839,13.076
12.8333335245649,13.061
12.8566668582459,13.001
12.880000191927,13.005
12.903333525608,12.973
12.926666859289,12.977
12.95000019297,12.961
12.9733335266511,12.937
12.9966668603321,12.925
13.0200001940131,12.901
13.0433335276941,12.87
13.0666668613752,12.843
13.0900001950562,12.825
13.1133335287372,12.801
13.1366668624183,12.773
13.1600001960993,12.685
13.1833335297803,12.601
13.2066668634613,12.515
13.2300001971424,12.427
13.2533335308234,12.37
13.2766668645044,12.276
13.3000001981854,12.211
13.3233335318665,12.171
13.3466668655475,12.106
13.3700001992285,12.068
13.3933335329096,12.005
13.4166668665906,11.927
13.4400002002716,11.879
13.4633335339526,11.82
13.4866668676337,11.759
13.5100002013147,11.697
13.5333335349957,11.582
13.5566668686767,11.473
13.5800002023578,11.391
13.6033335360388,11.345
13.6266668697198,11.31
13.6500002034009,11.26
13.6733335370819,11.203
13.6966668707629,11.151
13.7200002044439,11.096
13.743333538125,11.038
13.766666871806,10.989
13.790000205487,10.936
13.813333539168,10.877
13.8366668728491,10.799
13.8600002065301,10.716
13.8833335402111,10.658
13.9066668738921,10.584
13.9300002075732,10.5
13.9533335412542,10.433
13.9766668749352,10.378
14.0000002086163,10.298
14.0233335422973,10.266
14.0466668759783,10.168
14.0700002096593,10.094
14.0933335433404,10.005
14.1166668770214,9.921
14.1400002107024,9.815
14.1633335443834,9.678
14.1866668780645,9.571
14.2100002117455,9.49
14.2333335454265,9.441
14.2566668791076,9.374
14.2800002127886,9.317
14.3033335464696,9.206
14.3266668801506,9.137
14.3500002138317,9.11
14.3733335475127,9.055
14.3966668811937,9.026
14.4200002148747,8.961
14.4433335485558,8.87
14.4666668822368,8.767
14.4900002159178,8.696
14.5133335495989,8.633
14.5366668832799,8.564
14.5600002169609,8.505
14.5833335506419,8.452
14.606666884323,8.374
14.630000218004,8.299
14.653333551685,8.208
14.676666885366,8.126
14.7000002190471,8.021
14.7233335527281,7.98
14.7466668864091,7.89
14.7700002200902,7.845
14.7933335537712,7.782
14.8166668874522,7.696
14.8400002211332,7.605
14.8633335548143,7.521
14.8866668884953,7.449
14.9100002221763,7.361
14.9333335558573,7.33
14.9566668895384,7.228
14.9800002232194,7.161
15.0033335569004,7.076
15.0266668905814,6.983
15.0500002242625,6.882
15.0733335579435,6.796
15.0966668916245,6.701
15.1200002253056,6.62
15.1433335589866,6.552
15.1666668926676,6.51
15.1900002263486,6.507
15.2133335600297,6.464
15.2366668937107,6.379
15.2600002273917,6.284
15.2833335610727,6.165
15.3066668947538,6.102
15.3300002284348,6.06
15.3533335621158,6.021
15.3766668957969,6.011
15.4000002294779,5.938
15.4233335631589,5.83
15.4466668968399,5.725
15.470000230521,5.565
15.493333564202,5.48
15.516666897883,5.409
15.540000231564,5.326
15.5633335652451,5.252
15.5866668989261,5.149
15.6100002326071,5.039
15.6333335662882,4.983
15.6566668999692,4.892
15.6800002336502,4.788
15.7033335673312,4.712
15.7266669010123,4.628
15.7500002346933,4.561
15.7733335683743,4.475
15.7966669020553,4.385
15.8200002357364,4.334
15.8433335694174,4.29
15.8666669030984,4.26
15.8900002367795,4.202
15.9133335704605,4.143
15.9366669041415,4.089
15.9600002378225,4.019
15.9833335715036,3.949
16.0066669051846,3.842
16.0300002388656,3.729
16.0533335725466,3.635
16.0766669062277,3.58
16.1000002399087,3.49
16.1233335735897,3.408
16.1466669072707,3.28
16.1700002409518,3.155
16.1933335746328,3.1
16.2166669083138,3.017
16.2400002419949,2.942
16.2633335756759,2.917
16.2866669093569,2.837
16.3100002430379,2.768
16.333333576719,2.657
16.3566669104,2.543
16.380000244081,2.468
16.403333577762,2.375
16.4266669114431,2.321
16.4500002451241,2.256
16.4733335788051,2.204
16.4966669124862,2.138
16.5200002461672,2.061
16.5433335798482,1.999
16.5666669135292,1.951
16.5900002472103,1.906
16.6133335808913,1.838
16.6366669145723,1.763
16.6600002482533,1.72
16.6833335819344,1.679
16.7066669156154,1.618
16.7300002492964,1.576
16.7533335829775,1.502
16.7766669166585,1.418
16.8000002503395,1.372
16.8233335840205,1.288
16.8466669177016,1.248
16.8700002513826,1.196
16.8933335850636,1.178
16.9166669187446,1.129
16.9400002524257,1.053
16.9633335861067,0.954
16.9866669197877,0.855
17.0100002534688,0.807
17.0333335871498,0.783
17.0566669208308,0.792
17.0800002545118,0.808
17.1033335881929,0.785
17.1266669218739,0.754
17.1500002555549,0.7
17.1733335892359,0.645
17.196666922917,0.559
17.220000256598,0.502
17.243333590279,0.433
17.26666692396,0.372
17.2900002576411,0.352
17.3133335913221,0.288
17.3366669250031,0.221
17.3600002586842,0.148
17.3833335923652,0.094
17.4066669260462,0.069
17.4300002597272,0.024
17.4533335934083,-0.024
17.4766669270893,-0.073
17.5000002607703,-0.104
17.5233335944513,-0.106
17.5466669281324,-0.091
17.5700002618134,-0.144
17.5933335954944,-0.188
17.6166669291755,-0.236
17.6400002628565,-0.263
17.6633335965375,-0.278
17.6866669302185,-0.28
17.7100002638996,-0.335
17.7333335975806,-0.354
17.7566669312616,-0.375
17.7800002649426,-0.392
17.8033335986237,-0.4
17.8266669323047,-0.437
17.8500002659857,-0.491
17.8733335996668,-0.549
17.8966669333478,-0.587
17.9200002670288,-0.627
17.9433336007098,-0.637
17.9666669343909,-0.656
17.9900002680719,-0.703
18.0133336017529,-0.734
18.0366669354339,-0.77
18.060000269115,-0.79
18.083333602796,-0.814
18.106666936477,-0.85
18.1300002701581,-0.876
18.1533336038391,-0.897
18.1766669375201,-0.929
18.2000002712011,-0.953
18.2233336048822,-0.993
18.2466669385632,-1.012
18.2700002722442,-1.023
18.2933336059252,-1.045
18.3166669396063,-1.06
18.3400002732873,-1.097
18.3633336069683,-1.091
18.3866669406494,-1.099
18.4100002743304,-1.095
18.4333336080114,-1.095
18.4566669416924,-1.104
18.4800002753735,-1.119
18.5033336090545,-1.133
18.5266669427355,-1.159
18.5500002764165,-1.173
18.5733336100976,-1.17
18.5966669437786,-1.144
18.6200002774596,-1.111
18.6433336111406,-1.081
18.6666669448217,-1.063
18.6900002785027,-1.038
18.7133336121837,-1.051
18.7366669458648,-1.045
18.7600002795458,-1.041
18.7833336132268,-1.045
18.8066669469078,-1.022
18.8300002805889,-1.037
18.8533336142699,-1.04
18.8766669479509,-1.042
18.9000002816319,-1.108
18.923333615313,-1.149
18.946666948994,-1.193
18.970000282675,-1.227
18.9933336163561,-1.231
19.0166669500371,-1.28
19.0400002837181,-1.304
19.0633336173991,-1.323
19.0866669510802,-1.336
19.1100002847612,-1.326
19.1333336184422,-1.326
19.1566669521232,-1.324
19.1800002858043,-1.33
19.2033336194853,-1.35
19.2266669531663,-1.379
19.2500002868474,-1.407
19.2733336205284,-1.419
19.2966669542094,-1.433
19.3200002878904,-1.468
19.3433336215715,-1.493
19.3666669552525,-1.552
19.3900002889335,-1.587
19.4133336226145,-1.621
19.4366669562956,-1.637
19.4600002899766,-1.634
19.4833336236576,-1.622
19.5066669573387,-1.624
19.5300002910197,-1.603
19.5533336247007,-1.598
19.5766669583817,-1.628
19.6000002920628,-1.676
19.6233336257438,-1.706
19.6466669594248,-1.728
19.6700002931058,-1.712
19.6933336267869,-1.706
19.7166669604679,-1.722
19.7400002941489,-1.715
19.76333362783,-1.731
19.786666961511,-1.748
19.810000295192,-1.761
19.833333628873,-1.793
19.8566669625541,-1.852
19.8800002962351,-1.854
19.9033336299161,-1.842
19.9266669635971,-1.813
19.9500002972782,-1.772
19.9733336309592,-1.775
19.9966669646402,-1.794
20.0200002983212,-1.821
20.0433336320023,-1.816
20.0666669656833,-1.82
20.0900002993643,-1.813
20.1133336330454,-1.766
20.1366669667264,-1.723
20.1600003004074,-1.678
20.1833336340884,-1.687
20.2066669677695,-1.676
20.2300003014505,-1.686
20.2533336351315,-1.658
20.2766669688125,-1.696
20.3000003024936,-1.696
20.3233336361746,-1.728
20.3466669698556,-1.744
20.3700003035367,-1.731
20.3933336372177,-1.767
20.4166669708987,-1.724
20.4400003045797,-1.729
20.4633336382608,-1.722
20.4866669719418,-1.764
20.5100003056228,-1.79
20.5333336393038,-1.798
20.5566669729849,-1.83
20.5800003066659,-1.858
20.6033336403469,-1.879
20.626666974028,-1.899
20.650000307709,-1.881
20.67333364139,-1.846
20.696666975071,-1.877
20.7200003087521,-1.863
20.7433336424331,-1.88
20.7666669761141,-1.922
20.7900003097951,-1.911
20.8133336434762,-1.915
20.8366669771572,-1.903
20.8600003108382,-1.897
20.8833336445192,-1.891
20.9066669782003,-1.894
20.9300003118813,-1.879
20.9533336455623,-1.847
20.9766669792434,-1.843
21.0000003129244,-1.816
21.0233336466054,-1.853
21.0466669802864,-1.876
21.0700003139675,-1.929
21.0933336476485,-1.957
21.1166669813295,-1.968
21.1400003150105,-1.972
21.1633336486916,-2.008
21.1866669823726,-2.068
21.2100003160536,-2.095
21.2333336497347,-2.083
21.2566669834157,-2.037
21.2800003170967,-2.004
21.3033336507777,-1.989
21.3266669844588,-2.015
21.3500003181398,-2.042
21.3733336518208,-2.057
