time_min,absorb_mau
0.0,-0.002
0.0083333334575096,-0.007
0.0166666669150194,-0.013
0.025000000372529,-0.012
0.0333333338300387,-0.007
0.0416666672875484,-0.005
0.0500000007450581,-0.003
0.0583333342025677,0.006
0.0666666676600774,0.023
0.0750000011175871,0.047
0.0833333345750968,0.079
0.0916666680326065,0.115
0.100000001490116,0.156
0.108333334947626,0.186
0.116666668405135,0.207
0.125000001862645,0.231
0.133333335320155,0.254
0.141666668777665,0.266
0.150000002235174,0.263
0.158333335692684,0.256
0.166666669150194,0.242
0.175000002607703,0.239
0.183333336065213,0.244
0.191666669522723,0.252
0.200000002980232,0.264
0.208333336437742,0.274
0.216666669895252,0.281
0.225000003352761,0.29
0.233333336810271,0.304
0.241666670267781,0.315
0.25000000372529,0.324
0.2583333371828,0.334
0.26666667064031,0.339
0.275000004097819,0.343
0.283333337555329,0.345
0.291666671012839,0.351
0.300000004470348,0.367
0.308333337927858,0.377
0.316666671385368,0.377
0.325000004842877,0.376
0.333333338300387,0.38
0.341666671757897,0.383
0.350000005215406,0.368
0.358333338672916,0.351
0.366666672130426,0.325
0.375000005587935,0.302
0.383333339045445,0.276
0.391666672502955,0.264
0.400000005960465,0.284
0.408333339417974,0.301
0.416666672875484,0.321
0.425000006332994,0.333
0.433333339790503,0.334
0.441666673248013,0.334
0.450000006705523,0.349
0.458333340163032,0.366
0.466666673620542,0.383
0.475000007078052,0.399
0.483333340535561,0.382
0.491666673993071,0.366
0.500000007450581,0.354
0.50833334090809,0.344
0.5166666743656,0.357
0.52500000782311,0.373
0.533333341280619,0.39
0.541666674738129,0.408
0.550000008195639,0.425
0.558333341653148,0.442
0.566666675110658,0.488
0.575000008568168,0.532
0.583333342025677,0.607
0.591666675483187,0.681
0.600000008940697,0.797
0.608333342398206,0.91
0.616666675855716,1.137
0.625000009313226,1.364
0.633333342770735,1.782
0.641666676228245,2.203
0.650000009685755,2.871
0.658333343143265,3.547
0.666666676600774,4.596
0.675000010058284,5.665
0.683333343515794,7.205
0.691666676973303,8.777
0.700000010430813,10.989
0.708333343888323,13.254
0.716666677345832,16.114
0.725000010803342,19.022
0.733333344260852,22.782
0.741666677718361,26.635
0.750000011175871,31.452
0.758333344633381,36.384
0.76666667809089,42.291
0.7750000115484,48.317
0.78333334500591,55.227
0.791666678463419,62.217
0.800000011920929,70.06
0.808333345378439,77.991
0.816666678835948,86.518
0.825000012293458,95.008
0.833333345750968,103.851
0.841666679208477,112.534
0.850000012665987,121.375
0.858333346123497,129.956
0.866666679581006,138.544
0.875000013038516,146.781
0.883333346496026,154.834
0.891666679953535,162.434
0.900000013411045,169.768
0.908333346868555,176.587
0.916666680326065,182.994
0.925000013783574,188.799
0.933333347241084,194.104
0.941666680698594,198.752
0.950000014156103,202.851
0.958333347613613,206.25
0.966666681071123,209.112
0.975000014528632,211.306
0.983333347986142,212.912
0.991666681443652,213.806
1.00000001490116,214.191
1.00833334835867,213.965
1.01666668181618,213.252
1.02500001527369,211.982
1.0333333487312,210.273
1.04166668218871,208.074
1.05000001564622,205.475
1.05833334910373,202.46
1.06666668256124,199.125
1.07500001601875,195.506
1.08333334947626,191.573
1.09166668293377,187.385
1.10000001639128,182.962
1.10833334984879,178.44
1.1166666833063,173.692
1.12500001676381,168.881
1.13333335022132,163.892
1.14166668367883,158.957
1.15000001713634,153.847
1.15833335059385,148.797
1.16666668405135,143.667
1.17500001750886,138.818
1.18333335096637,133.83
1.19166668442388,129.006
1.20000001788139,124.053
1.2083333513389,119.314
1.21666668479641,114.442
1.22500001825392,109.761
1.23333335171143,104.98
1.24166668516894,100.485
1.25000001862645,95.917
1.25833335208396,91.603
1.26666668554147,87.218
1.27500001899898,83.049
1.28333335245649,79.133
1.291666685914,75.307
1.30000001937151,71.721
1.30833335282902,68.327
1.31666668628653,65.134
1.32500001974404,62.072
1.33333335320155,59.186
1.34166668665906,56.303
1.35000002011657,53.594
1.35833335357408,50.931
1.36666668703159,48.453
1.3750000204891,46.03
1.38333335394661,43.791
1.39166668740412,41.547
1.40000002086163,39.486
1.40833335431914,37.414
1.41666668777665,35.528
1.42500002123415,33.612
1.43333335469166,31.881
1.44166668814917,30.183
1.45000002160668,28.664
1.45833335506419,27.127
1.4666666885217,25.757
1.47500002197921,24.343
1.48333335543672,23.033
1.49166668889423,21.824
1.50000002235174,20.662
1.50833335580925,19.601
1.51666668926676,18.586
1.52500002272427,17.6
1.53333335618178,16.647
1.54166668963929,15.748
1.5500000230968,14.885
1.55833335655431,14.083
1.56666669001182,13.322
1.57500002346933,12.599
1.58333335692684,11.909
1.59166669038435,11.258
1.60000002384186,10.636
1.60833335729937,10.051
1.61666669075688,9.497
1.62500002421439,9.004
1.6333333576719,8.545
1.64166669112941,8.104
1.65000002458692,7.69
1.65833335804443,7.288
1.66666669150194,6.908
1.67500002495945,6.543
1.68333335841695,6.198
1.69166669187446,5.866
1.70000002533197,5.556
1.70833335878948,5.245
1.71666669224699,4.942
1.7250000257045,4.656
1.73333335916201,4.394
1.74166669261952,4.146
1.75000002607703,3.92
1.75833335953454,3.714
1.76666669299205,3.528
1.77500002644956,3.353
1.78333335990707,3.195
1.79166669336458,3.038
1.80000002682209,2.889
1.8083333602796,2.743
1.81666669373711,2.608
1.82500002719462,2.484
1.83333336065213,2.383
1.84166669410964,2.279
1.85000002756715,2.189
1.85833336102466,2.091
1.86666669448217,1.999
1.87500002793968,1.899
1.88333336139719,1.811
1.8916666948547,1.73
1.90000002831221,1.666
1.90833336176972,1.592
1.91666669522723,1.52
1.92500002868474,1.448
1.93333336214225,1.38
1.94166669559975,1.313
1.95000002905726,1.268
1.95833336251477,1.228
1.96666669597228,1.198
1.97500002942979,1.163
1.9833333628873,1.126
1.99166669634481,1.091
2.00000002980232,1.063
2.00833336325983,1.034
2.01666669671734,1.001
2.02500003017485,0.976
2.03333336363236,0.965
2.04166669708987,0.952
2.05000003054738,0.924
2.05833336400489,0.9
2.0666666974624,0.893
2.07500003091991,0.883
2.08333336437742,0.886
2.09166669783493,0.886
2.10000003129244,0.877
2.10833336474995,0.871
2.11666669820746,0.862
2.12500003166497,0.857
2.13333336512248,0.861
2.14166669857999,0.865
2.1500000320375,0.864
2.15833336549501,0.86
2.16666669895252,0.855
2.17500003241003,0.852
2.18333336586754,0.868
2.19166669932504,0.885
2.20000003278255,0.887
2.20833336624006,0.886
2.21666669969757,0.863
2.22500003315508,0.841
2.23333336661259,0.823
2.2416667000701,0.803
2.25000003352761,0.783
2.25833336698512,0.76
2.26666670044263,0.725
2.27500003390014,0.688
2.28333336735765,0.661
2.29166670081516,0.633
2.30000003427267,0.618
2.30833336773018,0.605
2.31666670118769,0.598
2.3250000346452,0.592
2.33333336810271,0.594
2.34166670156022,0.597
2.35000003501773,0.596
2.35833336847524,0.596
2.36666670193275,0.601
2.37500003539026,0.605
2.38333336884777,0.62
2.39166670230528,0.637
2.40000003576279,0.646
2.4083333692203,0.654
2.41666670267781,0.644
2.42500003613532,0.631
2.43333336959283,0.617
2.44166670305034,0.603
2.45000003650784,0.609
2.45833336996535,0.618
2.46666670342286,0.608
2.47500003688037,0.593
2.48333337033788,0.579
2.49166670379539,0.566
2.5000000372529,0.555
2.50833337071041,0.548
2.51666670416792,0.548
2.52500003762543,0.551
2.53333337108294,0.528
2.54166670454045,0.49
2.55000003799796,0.458
2.55833337145547,0.433
2.56666670491298,0.419
2.57500003837049,0.41
2.583333371828,0.398
2.59166670528551,0.388
2.60000003874302,0.377
2.60833337220053,0.364
2.61666670565804,0.355
2.62500003911555,0.348
2.63333337257306,0.35
2.64166670603057,0.359
2.65000003948808,0.359
2.65833337294559,0.351
2.6666667064031,0.34
2.67500003986061,0.331
2.68333337331812,0.328
2.69166670677563,0.329
2.70000004023314,0.338
2.70833337369065,0.355
2.71666670714815,0.368
2.72500004060566,0.375
2.73333337406317,0.388
2.74166670752068,0.407
2.75000004097819,0.434
2.7583333744357,0.474
2.76666670789321,0.508
2.77500004135072,0.531
2.78333337480823,0.549
2.79166670826574,0.552
2.80000004172325,0.554
2.80833337518076,0.554
2.81666670863827,0.547
2.82500004209578,0.529
2.83333337555329,0.511
2.8416667090108,0.492
2.85000004246831,0.471
2.85833337592582,0.45
2.86666670938333,0.435
2.87500004284084,0.432
2.88333337629835,0.428
2.89166670975586,0.416
2.90000004321337,0.407
2.90833337667088,0.408
2.91666671012839,0.413
2.9250000435859,0.421
2.93333337704341,0.429
2.94166671050092,0.437
2.95000004395843,0.447
2.95833337741594,0.442
2.96666671087344,0.443
2.97500004433095,0.462
2.98333337778846,0.479
2.99166671124597,0.49
3.00000004470348,0.502
3.00833337816099,0.507
3.0166667116185,0.508
3.02500004507601,0.515
3.03333337853352,0.517
3.04166671199103,0.513
3.05000004544854,0.509
3.05833337890605,0.507
3.06666671236356,0.502
3.07500004582107,0.514
3.08333337927858,0.523
3.09166671273609,0.521
3.1000000461936,0.517
3.10833337965111,0.516
3.11666671310862,0.514
3.12500004656613,0.507
3.13333338002364,0.5
3.14166671348115,0.5
3.15000004693866,0.497
3.15833338039617,0.466
3.16666671385368,0.434
3.17500004731119,0.401
3.1833333807687,0.368
3.19166671422621,0.337
3.20000004768372,0.307
3.20833338114123,0.285
3.21666671459874,0.265
3.22500004805624,0.241
3.23333338151375,0.215
3.24166671497126,0.191
3.25000004842877,0.17
3.25833338188628,0.163
3.26666671534379,0.158
3.2750000488013,0.168
3.28333338225881,0.181
3.29166671571632,0.182
3.30000004917383,0.181
3.30833338263134,0.177
3.31666671608885,0.171
3.32500004954636,0.179
3.33333338300387,0.193
3.34166671646138,0.193
3.35000004991889,0.188
3.3583333833764,0.171
3.36666671683391,0.15
3.37500005029142,0.14
3.38333338374893,0.134
3.39166671720644,0.136
3.40000005066395,0.14
3.40833338412146,0.125
3.41666671757897,0.103
3.42500005103648,0.105
3.43333338449399,0.117
3.4416667179515,0.141
3.45000005140901,0.171
3.45833338486652,0.196
3.46666671832403,0.217
3.47500005178154,0.219
3.48333338523905,0.208
3.49166671869655,0.213
3.50000005215406,0.232
3.50833338561157,0.246
3.51666671906908,0.252
3.52500005252659,0.248
3.5333333859841,0.236
3.54166671944161,0.22
3.55000005289912,0.205
3.55833338635663,0.202
3.56666671981414,0.214
3.57500005327165,0.212
3.58333338672916,0.197
3.59166672018667,0.172
3.60000005364418,0.135
3.60833338710169,0.114
3.6166667205592,0.108
3.62500005401671,0.095
3.63333338747422,0.078
3.64166672093173,0.06
3.65000005438924,0.039
3.65833338784675,0.024
3.66666672130426,0.023
3.67500005476177,0.029
3.68333338821928,0.053
3.69166672167679,0.064
3.7000000551343,0.051
3.70833338859181,0.048
3.71666672204932,0.073
3.72500005550683,0.092
3.73333338896434,0.099
3.74166672242184,0.104
3.75000005587935,0.117
3.75833338933686,0.121
3.76666672279437,0.1
3.77500005625188,0.085
3.78333338970939,0.089
3.7916667231669,0.087
3.80000005662441,0.059
3.80833339008192,0.035
3.81666672353943,0.042
3.82500005699694,0.043
3.83333339045445,0.026
3.84166672391196,0.011
3.85000005736947,0.017
3.85833339082698,0.025
3.86666672428449,0.04
3.875000057742,0.053
3.88333339119951,0.078
3.89166672465702,0.105
3.90000005811453,0.119
3.90833339157204,0.131
3.91666672502955,0.158
3.92500005848706,0.185
3.93333339194457,0.195
3.94166672540208,0.205
3.95000005885959,0.196
3.9583333923171,0.184
3.96666672577461,0.178
3.97500005923212,0.171
3.98333339268963,0.153
3.99166672614714,0.135
4.00000005960465,0.12
4.00833339306216,0.108
4.01666672651966,0.112
4.02500005997717,0.118
4.03333339343468,0.122
4.04166672689219,0.127
4.0500000603497,0.135
4.05833339380721,0.143
4.06666672726472,0.149
4.07500006072223,0.155
4.08333339417974,0.158
4.09166672763725,0.16
4.10000006109476,0.157
4.10833339455227,0.152
4.11666672800978,0.146
4.12500006146729,0.139
4.1333333949248,0.125
4.14166672838231,0.108
4.15000006183982,0.098
4.15833339529733,0.089
4.16666672875484,0.077
4.17500006221235,0.067
4.18333339566986,0.06
4.19166672912737,0.054
4.20000006258488,0.056
4.20833339604239,0.061
4.2166667294999,0.059
4.22500006295741,0.058
4.23333339641492,0.055
4.24166672987243,0.05
4.25000006332994,0.054
4.25833339678745,0.063
4.26666673024495,0.065
4.27500006370246,0.062
4.28333339715997,0.059
4.29166673061748,0.054
4.30000006407499,0.061
4.3083333975325,0.075
4.31666673099001,0.079
4.32500006444752,0.08
4.33333339790503,0.082
4.34166673136254,0.083
4.35000006482005,0.092
4.35833339827756,0.108
4.36666673173507,0.122
4.37500006519258,0.132
4.38333339865009,0.138
4.3916667321076,0.138
4.40000006556511,0.146
4.40833339902262,0.163
4.41666673248013,0.17
4.42500006593764,0.166
4.43333339939515,0.163
4.44166673285266,0.157
4.45000006631017,0.149
4.45833339976768,0.138
4.46666673322519,0.119
4.4750000666827,0.093
4.48333340014021,0.071
4.49166673359772,0.051
4.50000006705523,0.037
4.50833340051274,0.032
4.51666673397024,0.023
4.52500006742775,0.007
4.53333340088526,-0.006
4.54166673434277,-0.023
4.55000006780028,-0.029
4.55833340125779,-0.017
4.5666667347153,-0.008
4.57500006817281,-0.01
4.58333340163032,-0.015
4.59166673508783,-0.023
4.60000006854534,-0.028
4.60833340200285,-0.023
4.61666673546036,-0.018
4.62500006891787,-0.011
4.63333340237538,0.0
4.64166673583289,0.014
4.6500000692904,0.023
4.65833340274791,0.026
4.66666673620542,0.028
4.67500006966293,0.039
4.68333340312044,0.048
4.69166673657795,0.055
4.70000007003546,0.06
4.70833340349297,0.076
4.71666673695048,0.088
4.72500007040799,0.084
4.7333334038655,0.082
4.74166673732301,0.103
4.75000007078052,0.125
4.75833340423803,0.158
4.76666673769554,0.187
4.77500007115305,0.202
4.78333340461056,0.216
4.79166673806806,0.228
4.80000007152557,0.238
4.80833340498308,0.242
4.81666673844059,0.247
4.8250000718981,0.256
4.83333340535561,0.265
4.84166673881312,0.269
4.85000007227063,0.27
4.85833340572814,0.261
4.86666673918565,0.255
4.87500007264316,0.257
4.88333340610067,0.257
4.89166673955818,0.25
4.90000007301569,0.243
4.9083334064732,0.222
4.91666673993071,0.199
4.92500007338822,0.194
4.93333340684573,0.19
4.94166674030324,0.198
4.95000007376075,0.209
4.95833340721826,0.218
4.96666674067577,0.225
4.97500007413328,0.227
4.98333340759079,0.23
4.9916667410483,0.238
5.00000007450581,0.247
5.00833340796332,0.242
5.01666674142083,0.231
5.02500007487834,0.22
5.03333340833585,0.209
5.04166674179336,0.188
5.05000007525086,0.163
5.05833340870837,0.16
5.06666674216588,0.167
5.07500007562339,0.164
5.0833334090809,0.158
5.09166674253841,0.144
5.10000007599592,0.128
5.10833340945343,0.119
5.11666674291094,0.114
5.12500007636845,0.117
5.13333340982596,0.125
5.14166674328347,0.139
5.15000007674098,0.153
5.15833341019849,0.16
5.166666743656,0.167
5.17500007711351,0.175
5.18333341057102,0.185
5.19166674402853,0.186
5.20000007748604,0.18
5.20833341094355,0.179
5.21666674440106,0.18
5.22500007785857,0.171
5.23333341131608,0.152
5.24166674477359,0.148
5.2500000782311,0.158
5.25833341168861,0.173
5.26666674514612,0.19
5.27500007860363,0.207
5.28333341206114,0.226
5.29166674551865,0.24
5.30000007897615,0.246
5.30833341243366,0.259
5.31666674589117,0.277
5.32500007934868,0.292
5.33333341280619,0.299
5.3416667462637,0.299
5.35000007972121,0.291
5.35833341317872,0.288
5.36666674663623,0.295
5.37500008009374,0.297
5.38333341355125,0.289
5.39166674700876,0.28
5.40000008046627,0.267
5.40833341392378,0.262
5.41666674738129,0.268
5.4250000808388,0.27
5.43333341429631,0.268
5.44166674775382,0.267
5.45000008121133,0.264
5.45833341466884,0.261
5.46666674812635,0.263
5.47500008158386,0.266
5.48333341504137,0.272
5.49166674849888,0.275
5.50000008195639,0.258
5.5083334154139,0.242
5.51666674887141,0.235
5.52500008232892,0.233
5.53333341578643,0.231
5.54166674924394,0.233
5.55000008270144,0.248
5.55833341615895,0.261
5.56666674961646,0.261
5.57500008307397,0.26
5.58333341653148,0.262
5.59166674998899,0.262
5.6000000834465,0.264
5.60833341690401,0.266
5.61666675036152,0.261
5.62500008381903,0.257
5.63333341727654,0.242
5.64166675073405,0.228
5.65000008419156,0.216
5.65833341764907,0.205
5.66666675110658,0.198
5.67500008456409,0.189
5.6833334180216,0.185
5.69166675147911,0.183
5.70000008493662,0.194
5.70833341839413,0.204
5.71666675185164,0.212
5.72500008530915,0.22
5.73333341876666,0.239
5.74166675222417,0.259
5.75000008568168,0.272
5.75833341913919,0.285
5.7666667525967,0.3
5.77500008605421,0.316
5.78333341951172,0.303
5.79166675296923,0.287
5.80000008642674,0.285
5.80833341988425,0.284
5.81666675334176,0.289
5.82500008679926,0.294
5.83333342025677,0.28
5.84166675371428,0.265
5.85000008717179,0.257
5.8583334206293,0.249
5.86666675408681,0.252
5.87500008754432,0.258
5.88333342100183,0.258
5.89166675445934,0.256
5.90000008791685,0.239
5.90833342137436,0.216
5.91666675483187,0.214
5.92500008828938,0.22
5.93333342174689,0.227
5.9416667552044,0.233
5.95000008866191,0.226
5.95833342211942,0.215
5.96666675557693,0.205
5.97500008903444,0.195
5.98333342249195,0.187
5.99166675594946,0.181
6.00000008940697,0.181
6.00833342286448,0.183
6.01666675632199,0.173
6.0250000897795,0.157
6.03333342323701,0.153
6.04166675669452,0.159
6.05000009015203,0.165
6.05833342360954,0.17
6.06666675706705,0.171
6.07500009052455,0.172
6.08333342398206,0.178
6.09166675743957,0.184
6.10000009089708,0.182
6.10833342435459,0.177
6.1166667578121,0.174
6.12500009126961,0.17
6.13333342472712,0.16
6.14166675818463,0.145
6.15000009164214,0.138
6.15833342509965,0.14
6.16666675855716,0.119
6.17500009201467,0.069
6.18333342547218,0.038
6.19166675892969,0.036
6.2000000923872,0.036
6.20833342584471,0.037
6.21666675930222,0.04
6.22500009275973,0.045
6.23333342621724,0.045
6.24166675967475,0.026
6.25000009313226,0.017
6.25833342658977,0.035
6.26666676004728,0.046
6.27500009350479,0.042
6.2833334269623,0.033
6.29166676041981,0.013
6.30000009387732,0.001
6.30833342733483,0.005
6.31666676079234,0.006
6.32500009424984,0.01
6.33333342770735,0.012
6.34166676116486,0.01
6.35000009462237,0.009
6.35833342807988,0.01
6.36666676153739,0.016
6.3750000949949,0.027
6.38333342845241,0.037
6.39166676190992,0.025
6.40000009536743,0.018
6.40833342882494,0.034
6.41666676228245,0.051
6.42500009573996,0.066
6.43333342919747,0.079
6.44166676265498,0.084
6.45000009611249,0.088
6.45833342957,0.093
6.46666676302751,0.1
6.47500009648502,0.118
6.48333342994253,0.132
6.49166676340004,0.118
6.50000009685755,0.102
6.50833343031506,0.091
6.51666676377257,0.078
6.52500009723008,0.073
6.53333343068759,0.068
6.5416667641451,0.058
6.55000009760261,0.048
6.55833343106012,0.046
6.56666676451763,0.042
6.57500009797514,0.054
6.58333343143265,0.068
6.59166676489016,0.071
6.60000009834766,0.075
6.60833343180517,0.087
6.61666676526268,0.1
6.62500009872019,0.101
6.6333334321777,0.101
6.64166676563521,0.113
6.65000009909272,0.124
6.65833343255023,0.12
6.66666676600774,0.115
6.67500009946525,0.126
6.68333343292276,0.139
6.69166676638027,0.135
6.70000009983778,0.127
6.70833343329529,0.133
6.7166667667528,0.142
6.72500010021031,0.136
6.73333343366782,0.123
6.74166676712533,0.103
6.75000010058284,0.085
6.75833343404035,0.069
6.76666676749786,0.051
6.77500010095537,0.056
6.78333343441288,0.069
6.79166676787039,0.072
6.8000001013279,0.071
6.80833343478541,0.069
6.81666676824292,0.067
6.82500010170043,0.064
6.83333343515794,0.064
6.84166676861545,0.07
6.85000010207295,0.076
6.85833343553046,0.065
6.86666676898797,0.042
6.87500010244548,0.034
6.88333343590299,0.033
6.8916667693605,0.031
6.90000010281801,0.028
6.90833343627552,0.033
6.91666676973303,0.046
6.92500010319054,0.061
6.93333343664805,0.077
6.94166677010556,0.087
6.95000010356307,0.099
6.95833343702058,0.12
6.96666677047809,0.142
6.9750001039356,0.157
6.98333343739311,0.164
6.99166677085062,0.17
7.00000010430813,0.175
