time_min,absorb_mau
0.0,0.0
0.0333333338300387,-0.024
0.0666666676600774,-0.052
0.100000001490116,-0.068
0.133333335320155,-0.04
0.166666669150194,-0.033
0.200000002980232,-0.036
0.233333336810271,-0.009
0.26666667064031,0.035
0.300000004470348,0.042
0.333333338300387,0.001
0.366666672130426,-0.038
0.400000005960465,-0.059
0.433333339790503,-0.065
0.466666673620542,-0.072
0.500000007450581,-0.109
0.533333341280619,-0.156
0.566666675110658,-0.137
0.600000008940697,-0.053
0.633333342770735,0.098
0.666666676600774,0.403
0.700000010430813,1.034
0.733333344260852,1.812
0.76666667809089,2.516
0.800000011920929,3.007
0.833333345750968,3.292
0.866666679581006,3.504
0.900000013411045,3.72
0.933333347241084,3.941
0.966666681071123,4.281
1.00000001490116,4.683
1.0333333487312,5.127
1.06666668256124,5.576
1.10000001639128,5.967
1.13333335022132,6.17
1.16666668405135,6.276
1.20000001788139,6.277
1.23333335171143,6.29
1.26666668554147,6.24
1.30000001937151,6.261
1.33333335320155,6.346
1.36666668703159,6.447
1.40000002086163,6.615
1.43333335469166,6.799
1.4666666885217,6.983
1.50000002235174,7.106
1.53333335618178,7.163
1.56666669001182,7.246
1.60000002384186,7.381
1.6333333576719,7.514
1.66666669150194,7.612
1.70000002533197,7.746
1.73333335916201,7.903
1.76666669299205,8.099
1.80000002682209,8.291
1.83333336065213,8.502
1.86666669448217,8.69
1.90000002831221,8.903
1.93333336214225,9.088
1.96666669597228,9.26
2.00000002980232,9.446
2.03333336363236,9.648
2.0666666974624,9.824
2.10000003129244,10.009
2.13333336512248,10.173
2.16666669895252,10.311
2.20000003278255,10.447
2.23333336661259,10.633
2.26666670044263,10.862
2.30000003427267,11.021
2.33333336810271,11.171
2.36666670193275,11.359
2.40000003576279,11.55
2.43333336959283,11.716
2.46666670342286,11.899
2.5000000372529,12.079
2.53333337108294,12.28
2.56666670491298,12.47
2.60000003874302,12.734
2.63333337257306,12.974
2.6666667064031,13.218
2.70000004023314,13.446
2.73333337406317,13.704
2.76666670789321,13.93
2.80000004172325,14.152
2.83333337555329,14.314
2.86666670938333,14.475
2.90000004321337,14.62
2.93333337704341,14.734
2.96666671087344,14.894
3.00000004470348,15.014
3.03333337853352,15.158
3.06666671236356,15.279
3.1000000461936,15.427
3.13333338002364,15.592
3.16666671385368,15.734
3.20000004768372,15.887
3.23333338151375,16.065
3.26666671534379,16.242
3.30000004917383,16.405
3.33333338300387,16.565
3.36666671683391,16.726
3.40000005066395,16.913
3.43333338449399,17.102
3.46666671832403,17.292
3.50000005215406,17.466
3.5333333859841,17.661
3.56666671981414,17.871
3.60000005364418,18.087
3.63333338747422,18.277
3.66666672130426,18.394
3.7000000551343,18.541
3.73333338896434,18.656
3.76666672279437,18.788
3.80000005662441,18.899
3.83333339045445,19.007
3.86666672428449,19.123
3.90000005811453,19.284
3.93333339194457,19.435
3.96666672577461,19.541
4.00000005960465,19.651
4.03333339343468,19.735
4.06666672726472,19.839
4.10000006109476,19.959
4.1333333949248,20.125
4.16666672875484,20.293
4.20000006258488,20.445
4.23333339641492,20.562
4.26666673024495,20.641
4.30000006407499,20.706
4.33333339790503,20.72
4.36666673173507,20.751
4.40000006556511,20.793
4.43333339939515,20.74
4.46666673322519,20.776
4.50000006705523,20.843
4.53333340088526,20.827
4.5666667347153,20.836
4.60000006854534,20.872
4.63333340237538,20.898
4.66666673620542,20.943
4.70000007003546,20.931
4.7333334038655,20.903
4.76666673769554,20.955
4.80000007152557,21.07
4.83333340535561,21.193
4.86666673918565,21.297
4.90000007301569,21.393
4.93333340684573,21.464
4.96666674067577,21.529
5.00000007450581,21.539
5.03333340833585,21.524
5.06666674216588,21.476
5.10000007599592,21.429
5.13333340982596,21.337
5.166666743656,21.285
5.20000007748604,21.208
5.23333341131608,21.171
5.26666674514612,21.156
5.30000007897615,21.162
5.33333341280619,21.107
5.36666674663623,21.066
5.40000008046627,20.971
5.43333341429631,20.922
5.46666674812635,20.892
5.50000008195639,20.934
5.53333341578643,21.022
5.56666674961646,21.067
5.6000000834465,21.066
5.63333341727654,21.086
5.66666675110658,21.097
5.70000008493662,21.09
5.73333341876666,21.101
5.7666667525967,21.107
5.80000008642674,21.148
5.83333342025677,21.094
5.86666675408681,21.023
5.90000008791685,20.948
5.93333342174689,20.916
5.96666675557693,20.899
6.00000008940697,20.906
6.03333342323701,20.913
6.06666675706705,20.833
6.10000009089708,20.779
6.13333342472712,20.743
6.16666675855716,20.764
6.2000000923872,20.814
6.23333342621724,20.94
6.26666676004728,21.007
6.30000009387732,21.134
6.33333342770735,21.243
6.36666676153739,21.423
6.40000009536743,21.576
6.43333342919747,21.637
6.46666676302751,21.64
6.50000009685755,21.631
6.53333343068759,21.605
6.56666676451763,21.579
6.60000009834766,21.579
6.6333334321777,21.64
6.66666676600774,21.65
6.70000009983778,21.616
6.73333343366782,21.554
6.76666676749786,21.554
6.8000001013279,21.562
6.83333343515794,21.597
6.86666676898797,21.545
6.90000010281801,21.517
6.93333343664805,21.5
6.96666677047809,21.479
7.00000010430813,21.456
7.03333343813817,21.406
7.06666677196821,21.406
7.10000010579824,21.378
7.13333343962828,21.326
7.16666677345832,21.254
7.20000010728836,21.214
7.2333334411184,21.193
7.26666677494844,21.144
7.30000010877848,21.048
7.33333344260852,20.942
7.36666677643856,20.879
7.40000011026859,20.813
7.43333344409863,20.764
7.46666677792867,20.705
7.50000011175871,20.655
7.53333344558875,20.628
7.56666677941879,20.66
7.60000011324883,20.615
7.63333344707886,20.576
7.6666667809089,20.54
7.70000011473894,20.52
7.73333344856898,20.531
7.76666678239902,20.583
7.80000011622906,20.56
7.8333334500591,20.489
7.86666678388914,20.363
7.90000011771917,20.247
7.93333345154921,20.183
7.96666678537925,20.124
8.00000011920929,20.052
8.03333345303933,19.965
8.06666678686937,19.864
8.10000012069941,19.779
8.13333345452944,19.626
8.16666678835948,19.496
8.20000012218952,19.425
8.23333345601956,19.383
8.2666667898496,19.312
8.30000012367964,19.246
8.33333345750968,19.243
8.36666679133972,19.224
8.40000012516975,19.192
8.43333345899979,19.182
8.46666679282983,19.214
8.50000012665987,19.232
8.53333346048991,19.216
8.56666679431995,19.177
8.60000012814999,19.103
8.63333346198002,19.04
8.66666679581006,18.956
8.7000001296401,18.901
8.73333346347014,18.802
8.76666679730018,18.695
8.80000013113022,18.602
8.83333346496026,18.547
8.8666667987903,18.493
8.90000013262033,18.397
8.93333346645037,18.311
8.96666680028041,18.285
9.00000013411045,18.276
9.03333346794049,18.259
9.06666680177053,18.255
9.10000013560057,18.236
9.13333346943061,18.224
9.16666680326065,18.237
9.20000013709068,18.265
9.23333347092072,18.265
9.26666680475076,18.23
9.3000001385808,18.164
9.33333347241084,18.106
9.36666680624088,18.057
9.40000014007092,18.039
9.43333347390096,18.028
9.46666680773099,18.017
9.50000014156103,17.941
9.53333347539107,17.929
9.56666680922111,17.94
9.60000014305115,17.968
9.63333347688119,17.916
9.66666681071123,17.858
9.70000014454126,17.83
9.7333334783713,17.752
9.76666681220134,17.727
9.80000014603138,17.675
9.83333347986142,17.665
9.86666681369146,17.578
9.9000001475215,17.518
9.93333348135154,17.464
9.96666681518157,17.415
10.0000001490116,17.273
10.0333334828417,17.159
10.0666668166717,17.077
10.1000001505017,17.068
10.1333334843318,17.035
10.1666668181618,16.918
10.2000001519918,16.759
10.2333334858219,16.658
10.2666668196519,16.587
10.300000153482,16.472
10.333333487312,16.384
10.366666821142,16.31
10.4000001549721,16.299
10.4333334888021,16.24
10.4666668226322,16.146
10.5000001564622,16.062
10.5333334902922,15.943
10.5666668241223,15.917
10.6000001579523,15.894
10.6333334917823,15.898
10.6666668256124,15.916
10.7000001594424,15.919
10.7333334932725,15.882
10.7666668271025,15.829
10.8000001609325,15.719
10.8333334947626,15.591
10.8666668285926,15.468
10.9000001624227,15.378
10.9333334962527,15.249
10.9666668300827,15.114
11.0000001639128,14.995
11.0333334977428,14.884
11.0666668315729,14.785
11.1000001654029,14.722
11.1333334992329,14.667
11.166666833063,14.644
11.200000166893,14.632
11.233333500723,14.598
11.2666668345531,14.484
11.3000001683831,14.413
11.3333335022132,14.359
11.3666668360432,14.278
11.4000001698732,14.205
11.4333335037033,14.13
11.4666668375333,14.068
11.5000001713634,13.948
11.5333335051934,13.79
11.5666668390234,13.712
11.6000001728535,13.643
11.6333335066835,13.607
11.6666668405135,13.51
11.7000001743436,13.431
11.7333335081736,13.299
11.7666668420037,13.237
11.8000001758337,13.173
11.8333335096637,13.169
11.8666668434938,13.147
11.9000001773238,13.099
11.9333335111539,13.012
11.9666668449839,13.002
12.0000001788139,12.991
12.033333512644,12.989
12.066666846474,12.892
12.1000001803041,12.791
12.1333335141341,12.737
12.1666668479641,12.725
12.2000001817942,12.696
12.2333335156242,12.649
12.2666668494542,12.591
12.3000001832843,12.473
12.3333335171143,12.345
12.3666668509444,12.22
12.4000001847744,12.148
12.4333335186044,12.114
12.4666668524345,12.095
12.5000001862645,11.997
12.5333335200946,11.921
12.5666668539246,11.881
12.6000001877546,11.843
12.6333335215847,11.835
12.6666668554147,11.791
12.7000001892447,11.703
12.7333335230748,11.633
12.7666668569048,11.563
12.8000001907349,11.538
12.8333335245649,11.539
12.8666668583949,11.475
12.900000192225,11.334
12.933333526055,11.247
12.9666668598851,11.13
13.0000001937151,11.034
13.0333335275451,10.975
13.0666668613752,10.935
13.1000001952052,10.86
13.1333335290353,10.752
13.1666668628653,10.635
13.2000001966953,10.553
13.2333335305254,10.437
13.2666668643554,10.32
13.3000001981854,10.196
13.3333335320155,10.194
13.3666668658455,10.194
13.4000001996756,10.113
13.4333335335056,10.0
13.4666668673356,9.919
13.5000002011657,9.817
13.5333335349957,9.715
13.5666668688258,9.646
13.6000002026558,9.602
13.6333335364858,9.508
13.6666668703159,9.42
13.7000002041459,9.358
13.733333537976,9.279
13.766666871806,9.176
13.800000205636,9.067
13.8333335394661,8.968
13.8666668732961,8.878
13.9000002071261,8.814
13.9333335409562,8.728
13.9666668747862,8.644
14.0000002086163,8.64
14.0333335424463,8.673
14.0666668762763,8.618
14.1000002101064,8.512
14.1333335439364,8.392
14.1666668777665,8.326
14.2000002115965,8.287
14.2333335454265,8.243
14.2666668792566,8.173
14.3000002130866,8.102
14.3333335469166,7.989
14.3666668807467,7.874
14.4000002145767,7.775
14.4333335484068,7.731
14.4666668822368,7.675
14.5000002160668,7.574
14.5333335498969,7.484
14.5666668837269,7.378
14.600000217557,7.332
14.633333551387,7.324
14.666666885217,7.309
14.7000002190471,7.232
14.7333335528771,7.166
14.7666668867071,7.121
14.8000002205372,7.036
14.8333335543672,6.978
14.8666668881973,6.926
14.9000002220273,6.913
14.9333335558573,6.858
14.9666668896874,6.789
15.0000002235174,6.752
15.0333335573475,6.679
15.0666668911775,6.6
15.1000002250075,6.546
15.1333335588376,6.548
15.1666668926676,6.491
15.2000002264977,6.437
15.2333335603277,6.375
15.2666668941577,6.347
15.3000002279878,6.314
15.3333335618178,6.261
15.3666668956478,6.23
15.4000002294779,6.18
15.4333335633079,6.177
15.466666897138,6.13
15.500000230968,6.086
15.533333564798,6.048
15.5666668986281,6.022
15.6000002324581,6.024
15.6333335662882,6.016
15.6666669001182,5.957
15.7000002339482,5.865
15.7333335677783,5.757
15.7666669016083,5.689
15.8000002354383,5.638
15.8333335692684,5.602
15.8666669030984,5.536
15.9000002369285,5.468
15.9333335707585,5.411
15.9666669045885,5.298
16.0000002384186,5.199
16.0333335722486,5.139
16.0666669060787,5.139
16.1000002399087,5.106
16.1333335737387,5.029
16.1666669075688,4.897
16.2000002413988,4.818
16.2333335752289,4.745
16.2666669090589,4.664
16.3000002428889,4.59
16.333333576719,4.526
16.366666910549,4.468
16.400000244379,4.406
16.4333335782091,4.38
16.4666669120391,4.334
16.5000002458692,4.249
16.5333335796992,4.157
16.5666669135292,4.1
16.6000002473593,4.031
16.6333335811893,3.976
16.6666669150194,3.911
16.7000002488494,3.901
16.7333335826794,3.878
16.7666669165095,3.928
16.8000002503395,3.946
16.8333335841695,3.968
16.8666669179996,3.979
16.9000002518296,3.958
16.9333335856597,3.935
16.9666669194897,3.914
17.0000002533197,3.885
17.0333335871498,3.831
17.0666669209798,3.802
17.1000002548099,3.734
17.1333335886399,3.634
17.1666669224699,3.574
17.2000002563,3.568
17.23333359013,3.57
17.26666692396,3.559
17.3000002577901,3.544
17.3333335916201,3.463
17.3666669254502,3.382
17.4000002592802,3.242
17.4333335931102,3.155
17.4666669269403,3.067
17.5000002607703,3.024
17.5333335946004,2.987
17.5666669284304,2.932
17.6000002622604,2.872
17.6333335960905,2.853
17.6666669299205,2.847
17.7000002637506,2.809
17.7333335975806,2.723
17.7666669314106,2.642
17.8000002652407,2.583
17.8333335990707,2.557
17.8666669329007,2.552
17.9000002667308,2.529
17.9333336005608,2.479
17.9666669343909,2.473
18.0000002682209,2.466
18.0333336020509,2.427
18.066666935881,2.388
18.100000269711,2.331
18.1333336035411,2.326
18.1666669373711,2.31
18.2000002712011,2.315
18.2333336050312,2.265
18.2666669388612,2.186
18.3000002726913,2.182
18.3333336065213,2.138
18.3666669403513,2.132
18.4000002741814,2.043
18.4333336080114,1.959
18.4666669418414,1.946
18.5000002756715,1.943
18.5333336095015,2.028
18.5666669433316,2.134
18.6000002771616,2.207
18.6333336109916,2.198
18.6666669448217,2.196
18.7000002786517,2.221
18.7333336124818,2.25
18.7666669463118,2.228
18.8000002801418,2.189
18.8333336139719,2.19
18.8666669478019,2.185
18.9000002816319,2.15
18.933333615462,2.091
18.966666949292,2.048
19.0000002831221,1.98
19.0333336169521,1.902
19.0666669507821,1.827
19.1000002846122,1.769
19.1333336184422,1.681
19.1666669522723,1.633
19.2000002861023,1.546
19.2333336199323,1.549
19.2666669537624,1.496
19.3000002875924,1.463
19.3333336214225,1.407
19.3666669552525,1.377
19.4000002890825,1.37
19.4333336229126,1.329
19.4666669567426,1.256
19.5000002905726,1.191
19.5333336244027,1.165
19.5666669582327,1.124
19.6000002920628,1.076
19.6333336258928,1.056
19.6666669597228,1.028
19.7000002935529,1.002
19.7333336273829,0.964
19.766666961213,0.966
19.800000295043,0.919
19.833333628873,0.879
19.8666669627031,0.882
19.9000002965331,0.934
19.9333336303631,0.984
19.9666669641932,0.981
20.0000002980232,0.906
20.0333336318533,0.919
20.0666669656833,0.938
20.1000002995133,0.999
20.1333336333434,1.024
20.1666669671734,1.024
20.2000003010035,1.012
20.2333336348335,1.03
20.2666669686635,1.063
20.3000003024936,1.091
20.3333336363236,1.144
20.3666669701537,1.189
20.4000003039837,1.208
20.4333336378137,1.199
20.4666669716438,1.149
20.5000003054738,1.152
20.5333336393038,1.141
20.5666669731339,1.14
20.6000003069639,1.097
20.633333640794,1.101
20.666666974624,1.077
20.700000308454,1.039
20.7333336422841,0.994
20.7666669761141,1.021
20.8000003099441,1.068
20.8333336437742,1.1
20.8666669776042,1.142
20.9000003114343,1.18
20.9333336452643,1.175
20.9666669790943,1.152
21.0000003129244,1.112
21.0333336467544,1.078
21.0666669805845,1.05
21.1000003144145,1.044
21.1333336482445,1.002
21.1666669820746,1.012
21.2000003159046,1.01
21.2333336497347,0.966
21.2666669835647,0.947
21.3000003173947,0.933
21.3333336512248,0.927
21.3666669850548,0.855
21.4000003188848,0.772
21.4333336527149,0.715
21.4666669865449,0.693
21.500000320375,0.688
21.533333654205,0.666
21.566666988035,0.658
21.6000003218651,0.642
21.6333336556951,0.639
21.6666669895252,0.682
21.7000003233552,0.749
21.7333336571852,0.778
21.7666669910153,0.783
21.8000003248453,0.828
21.8333336586754,0.832
21.8666669925054,0.747
21.9000003263354,0.667
21.9333336601655,0.632
21.9666669939955,0.683
22.0000003278255,0.686
22.0333336616556,0.656
22.0666669954856,0.655
22.1000003293157,0.672
22.1333336631457,0.63
22.1666669969757,0.577
22.2000003308058,0.56
22.2333336646358,0.544
22.2666669984659,0.579
22.3000003322959,0.613
22.3333336661259,0.644
22.366666999956,0.646
22.400000333786,0.608
22.433333667616,0.643
22.4666670014461,0.649
22.5000003352761,0.615
22.5333336691062,0.594
22.5666670029362,0.615
22.6000003367662,0.64
22.6333336705963,0.661
22.6666670044263,0.723
22.7000003382564,0.779
22.7333336720864,0.807
22.7666670059164,0.803
22.8000003397465,0.789
22.8333336735765,0.717
22.8666670074066,0.65
22.9000003412366,0.579
22.9333336750666,0.627
22.9666670088967,0.643
23.0000003427267,0.633
23.0333336765567,0.584
23.0666670103868,0.551
23.1000003442168,0.534
23.1333336780469,0.571
23.1666670118769,0.596
23.2000003457069,0.592
23.233333679537,0.635
23.266667013367,0.65
23.3000003471971,0.661
23.3333336810271,0.64
23.3666670148571,0.684
23.4000003486872,0.723
23.4333336825172,0.781
23.4666670163473,0.822
23.5000003501773,0.853
23.5333336840073,0.829
23.5666670178374,0.772
23.6000003516674,0.694
23.6333336854974,0.642
23.6666670193275,0.66
23.7000003531575,0.652
23.7333336869876,0.62
23.7666670208176,0.593
23.8000003546476,0.576
23.8333336884777,0.565
23.8666670223077,0.529
23.9000003561378,0.512
23.9333336899678,0.537
23.9666670237978,0.536
24.0000003576279,0.555
24.0333336914579,0.538
24.0666670252879,0.56
24.100000359118,0.533
24.133333692948,0.557
24.1666670267781,0.57
24.2000003606081,0.609
24.2333336944381,0.648
24.2666670282682,0.652
24.3000003620982,0.662
24.3333336959283,0.686
24.3666670297583,0.698
24.4000003635883,0.629
24.4333336974184,0.551
24.4666670312484,0.524
24.5000003650784,0.51
24.5333336989085,0.532
24.5666670327385,0.562
24.6000003665686,0.567
24.6333337003986,0.542
24.6666670342286,0.506
24.7000003680587,0.517
24.7333337018887,0.533
24.7666670357188,0.516
24.8000003695488,0.471
24.8333337033788,0.415
24.8666670372089,0.399
24.9000003710389,0.395
24.933333704869,0.413
24.966667038699,0.467
25.000000372529,0.486
25.0333337063591,0.488
25.0666670401891,0.411
25.1000003740191,0.416
25.1333337078492,0.433
25.1666670416792,0.44
25.2000003755093,0.416
25.2333337093393,0.444
25.2666670431693,0.449
25.3000003769994,0.452
25.3333337108294,0.367
25.3666670446595,0.366
25.4000003784895,0.392
25.4333337123195,0.486
25.4666670461496,0.479
25.5000003799796,0.499
25.5333337138096,0.508
25.5666670476397,0.497
25.6000003814697,0.464
25.6333337152998,0.438
25.6666670491298,0.438
25.7000003829598,0.497
25.7333337167899,0.518
25.7666670506199,0.541
25.80000038445,0.606
25.83333371828,0.673
25.86666705211,0.694
25.9000003859401,0.656
25.9333337197701,0.644
25.9666670536002,0.623
26.0000003874302,0.588
26.0333337212602,0.626
26.0666670550903,0.662
26.1000003889203,0.696
26.1333337227503,0.728
26.1666670565804,0.776
26.2000003904104,0.869
26.2333337242405,0.955
26.2666670580705,0.956
26.3000003919005,0.885
26.3333337257306,0.857
26.3666670595606,0.835
26.4000003933907,0.862
26.4333337272207,0.836
26.4666670610507,0.804
26.5000003948808,0.791
26.5333337287108,0.787
26.5666670625408,0.812
26.6000003963709,0.814
26.6333337302009,0.763
26.666667064031,0.743
26.700000397861,0.702
26.733333731691,0.72
26.7666670655211,0.735
26.8000003993511,0.718
26.8333337331812,0.714
26.8666670670112,0.68
26.9000004008412,0.6
26.9333337346713,0.567
26.9666670685013,0.6
27.0000004023314,0.654
27.0333337361614,0.663
27.0666670699914,0.603
27.1000004038215,0.562
27.1333337376515,0.591
27.1666670714815,0.619
27.2000004053116,0.652
27.2333337391416,0.658
27.2666670729717,0.626
27.3000004068017,0.578
27.3333337406317,0.514
27.3666670744618,0.526
27.4000004082918,0.551
27.4333337421219,0.563
27.4666670759519,0.553
27.5000004097819,0.55
27.533333743612,0.566
27.566667077442,0.571
27.600000411272,0.525
27.6333337451021,0.505
27.6666670789321,0.573
27.7000004127622,0.582
27.7333337465922,0.586
27.7666670804222,0.574
27.8000004142523,0.608
27.8333337480823,0.619
27.8666670819124,0.647
27.9000004157424,0.646
27.9333337495724,0.571
27.9666670834025,0.536
28.0000004172325,0.493
28.0333337510626,0.471
28.0666670848926,0.465
28.1000004187226,0.457
28.1333337525527,0.428
28.1666670863827,0.461
28.2000004202127,0.453
28.2333337540428,0.442
28.2666670878728,0.411
28.3000004217029,0.336
28.3333337555329,0.307
28.3666670893629,0.327
28.400000423193,0.369
28.433333757023,0.307
28.4666670908531,0.288
28.5000004246831,0.255
28.5333337585131,0.344
28.5666670923432,0.415
28.6000004261732,0.418
28.6333337600032,0.463
28.6666670938333,0.473
28.7000004276633,0.426
28.7333337614934,0.406
28.7666670953234,0.374
28.8000004291534,0.366
28.8333337629835,0.354
28.8666670968135,0.418
28.9000004306436,0.512
28.9333337644736,0.555
28.9666670983036,0.538
29.0000004321337,0.49
29.0333337659637,0.47
29.0666670997938,0.475
29.1000004336238,0.523
29.1333337674538,0.576
29.1666671012839,0.636
29.2000004351139,0.669
29.2333337689439,0.666
29.266667102774,0.652
29.300000436604,0.649
29.3333337704341,0.667
29.3666671042641,0.689
29.4000004380941,0.712
29.4333337719242,0.686
29.4666671057542,0.613
29.5000004395843,0.548
29.5333337734143,0.521
29.5666671072443,0.513
29.6000004410744,0.542
29.6333337749044,0.595
29.6666671087344,0.654
29.7000004425645,0.696
29.7333337763945,0.694
29.7666671102246,0.695
29.8000004440546,0.689
29.8333337778846,0.691
29.8666671117147,0.717
29.9000004455447,0.769
29.9333337793748,0.838
29.9666671132048,0.867
30.0000004470348,0.825
30.0333337808649,0.765
30.0666671146949,0.738
30.100000448525,0.741
30.133333782355,0.716
30.166667116185,0.685
30.2000004500151,0.648
