time_min,absorb_mau
0.0,0.001
0.0133333335320155,0.013
0.026666667064031,0.063
0.0400000005960465,0.138
0.0533333341280619,0.204
0.0666666676600774,0.269
0.0800000011920929,0.344
0.0933333347241084,0.427
0.106666668256124,0.382
0.120000001788139,0.347
0.133333335320155,0.369
0.14666666885217,0.475
0.160000002384186,0.605
0.173333335916201,0.71
0.186666669448217,0.818
0.200000002980232,0.929
0.213333336512248,0.984
0.226666670044263,0.947
0.240000003576279,0.869
0.253333337108294,0.743
0.26666667064031,0.148
0.280000004172325,0.159
0.293333337704341,0.159
0.306666671236356,0.144
0.320000004768372,0.134
0.333333338300387,0.152
0.346666671832403,0.225
0.360000005364418,0.204
0.373333338896433,0.224
0.386666672428449,0.235
0.400000005960465,0.248
0.41333333949248,0.391
0.426666673024495,0.474
0.440000006556511,0.327
0.453333340088526,0.318
0.466666673620542,0.293
0.480000007152557,0.336
0.493333340684573,0.574
0.506666674216588,1.086
0.520000007748604,1.558
0.533333341280619,1.888
0.546666674812635,1.96
0.56000000834465,1.926
0.573333341876666,1.917
0.586666675408681,1.945
0.600000008940697,1.965
0.613333342472712,2.031
0.626666676004728,2.119
0.640000009536743,1.86
0.653333343068759,1.865
0.666666676600774,1.868
0.68000001013279,1.858
0.693333343664805,1.866
0.706666677196821,1.879
0.720000010728836,1.897
0.733333344260852,1.963
0.746666677792867,1.987
0.760000011324882,2.025
0.773333344856898,2.04
0.786666678388913,2.003
0.800000011920929,1.956
0.813333345452944,1.913
0.82666667898496,1.921
0.840000012516975,1.978
0.853333346048991,2.062
0.866666679581006,2.219
0.880000013113022,2.442
0.893333346645037,2.733
0.906666680177053,3.085
0.920000013709068,3.479
0.933333347241084,3.93
0.946666680773099,4.458
0.960000014305115,4.983
0.97333334783713,5.48
0.986666681369146,5.941
1.00000001490116,6.34
1.01333334843318,6.723
1.02666668196519,7.095
1.04000001549721,7.461
1.05333334902922,7.848
1.06666668256124,8.227
1.08000001609325,8.664
1.09333334962527,9.149
1.10666668315729,9.668
1.1200000166893,10.21
1.13333335022132,10.819
1.14666668375333,11.487
1.16000001728535,12.195
1.17333335081736,12.922
1.18666668434938,13.687
1.20000001788139,14.492
1.21333335141341,15.335
1.22666668494542,16.22
1.24000001847744,17.14
1.25333335200946,18.121
1.26666668554147,19.195
1.28000001907349,20.342
1.2933333526055,21.576
1.30666668613752,22.907
1.32000001966953,24.41
1.33333335320155,26.001
1.34666668673356,27.659
1.36000002026558,29.355
1.37333335379759,31.053
1.38666668732961,32.758
1.40000002086163,34.55
1.41333335439364,36.256
1.42666668792566,38.046
1.44000002145767,39.764
1.45333335498969,41.478
1.4666666885217,43.269
1.48000002205372,44.959
1.49333335558573,46.683
1.50666668911775,48.39
1.52000002264977,50.009
1.53333335618178,51.698
1.5466666897138,53.345
1.56000002324581,54.993
1.57333335677783,56.64
1.58666669030984,58.32
1.60000002384186,60.026
1.61333335737387,61.757
1.62666669090589,63.492
1.6400000244379,65.261
1.65333335796992,67.055
1.66666669150194,68.85
1.68000002503395,70.655
1.69333335856597,72.453
1.70666669209798,74.264
1.72000002563,76.058
1.73333335916201,77.824
1.74666669269403,79.555
1.76000002622604,81.199
1.77333335975806,82.819
1.78666669329007,84.366
1.80000002682209,85.837
1.81333336035411,87.22
1.82666669388612,88.477
1.84000002741814,89.647
1.85333336095015,90.704
1.86666669448217,91.654
1.88000002801418,92.518
1.8933333615462,93.225
1.90666669507821,93.824
1.92000002861023,94.313
1.93333336214225,94.691
1.94666669567426,94.946
1.96000002920628,95.094
1.97333336273829,95.152
1.98666669627031,95.109
2.00000002980232,94.967
2.01333336333434,94.746
2.02666669686635,94.474
2.04000003039837,94.099
2.05333336393038,93.642
2.0666666974624,93.133
2.08000003099442,92.608
2.09333336452643,92.057
2.10666669805845,91.448
2.12000003159046,90.802
2.13333336512248,90.155
2.14666669865449,89.54
2.16000003218651,88.857
2.17333336571852,88.121
2.18666669925054,87.36
2.20000003278255,86.601
2.21333336631457,85.864
2.22666669984659,85.073
2.2400000333786,84.275
2.25333336691062,83.474
2.26666670044263,82.669
2.28000003397465,81.865
2.29333336750666,81.049
2.30666670103868,80.225
2.32000003457069,79.398
2.33333336810271,78.58
2.34666670163472,77.803
2.36000003516674,77.033
2.37333336869876,76.26
2.38666670223077,75.476
2.40000003576279,74.7
2.4133333692948,73.967
2.42666670282682,73.239
2.44000003635883,72.512
2.45333336989085,71.788
2.46666670342286,71.107
2.48000003695488,70.484
2.4933333704869,69.839
2.50666670401891,69.194
2.52000003755093,68.58
2.53333337108294,67.991
2.54666670461496,67.366
2.56000003814697,66.74
2.57333337167899,66.134
2.586666705211,65.574
2.60000003874302,64.994
2.61333337227503,64.414
2.62666670580705,63.837
2.64000003933907,63.265
2.65333337287108,62.69
2.6666667064031,62.097
2.68000003993511,61.519
2.69333337346713,60.965
2.70666670699914,60.425
2.72000004053116,59.901
2.73333337406317,59.363
2.74666670759519,58.825
2.7600000411272,58.294
2.77333337465922,57.765
2.78666670819124,57.22
2.80000004172325,56.679
2.81333337525527,56.161
2.82666670878728,55.686
2.8400000423193,55.207
2.85333337585131,54.723
2.86666670938333,54.274
2.88000004291534,53.824
2.89333337644736,53.401
2.90666670997938,52.943
2.92000004351139,52.492
2.93333337704341,52.048
2.94666671057542,51.574
2.96000004410744,51.121
2.97333337763945,50.661
2.98666671117147,50.166
3.00000004470348,49.66
3.0133333782355,49.132
3.02666671176751,48.63
3.04000004529953,48.157
3.05333337883155,47.608
3.06666671236356,47.085
3.08000004589558,46.593
3.09333337942759,46.109
3.10666671295961,45.573
3.12000004649162,45.038
3.13333338002364,44.488
3.14666671355565,43.977
3.16000004708767,43.449
3.17333338061968,42.862
3.1866667141517,42.358
3.20000004768372,41.831
3.21333338121573,41.329
3.22666671474775,40.816
3.24000004827976,40.255
3.25333338181178,39.731
3.26666671534379,39.198
3.28000004887581,38.703
3.29333338240782,38.217
3.30666671593984,37.762
3.32000004947186,37.36
3.33333338300387,36.944
3.34666671653589,36.543
3.3600000500679,36.127
3.37333338359992,35.687
3.38666671713193,35.236
3.40000005066395,34.784
3.41333338419596,34.336
3.42666671772798,33.91
3.44000005125999,33.46
3.45333338479201,33.01
3.46666671832403,32.562
3.48000005185604,32.118
3.49333338538806,31.675
3.50666671892007,31.218
3.52000005245209,30.766
3.5333333859841,30.322
3.54666671951612,29.888
3.56000005304813,29.47
3.57333338658015,29.035
3.58666672011217,28.613
3.60000005364418,28.212
3.6133333871762,27.822
3.62666672070821,27.416
3.64000005424023,27.031
3.65333338777224,26.648
3.66666672130426,26.262
3.68000005483627,25.874
3.69333338836829,25.496
3.7066667219003,25.128
3.72000005543232,24.748
3.73333338896434,24.349
3.74666672249635,23.967
3.76000005602837,23.592
3.77333338956038,23.215
3.7866667230924,22.846
3.80000005662441,22.489
3.81333339015643,22.144
3.82666672368844,21.788
3.84000005722046,21.448
3.85333339075247,21.117
3.86666672428449,20.78
3.88000005781651,20.418
3.89333339134852,20.077
3.90666672488054,19.74
3.92000005841255,19.405
3.93333339194457,19.063
3.94666672547658,18.706
3.9600000590086,18.379
3.97333339254061,18.066
3.98666672607263,17.757
4.00000005960465,17.463
4.01333339313666,17.172
4.02666672666868,16.896
4.04000006020069,16.622
4.05333339373271,16.359
4.06666672726472,16.078
4.08000006079674,15.796
4.09333339432875,15.521
4.10666672786077,15.244
4.12000006139278,14.965
4.1333333949248,14.691
4.14666672845682,14.418
4.16000006198883,14.152
4.17333339552085,13.909
4.18666672905286,13.654
4.20000006258488,13.418
4.21333339611689,13.195
4.22666672964891,12.989
4.24000006318092,12.784
4.25333339671294,12.538
4.26666673024495,12.296
4.28000006377697,12.068
4.29333339730899,11.845
4.306666730841,11.601
4.32000006437302,11.317
4.33333339790503,11.093
4.34666673143705,10.87
4.36000006496906,10.65
4.37333339850108,10.43
4.38666673203309,10.207
4.40000006556511,10.034
4.41333339909713,9.841
4.42666673262914,9.639
4.44000006616116,9.446
4.45333339969317,9.29
4.46666673322519,9.121
4.4800000667572,8.936
4.49333340028922,8.758
4.50666673382123,8.597
4.52000006735325,8.449
4.53333340088526,8.273
4.54666673441728,8.11
4.5600000679493,7.961
4.57333340148131,7.819
4.58666673501333,7.662
4.60000006854534,7.541
4.61333340207736,7.404
4.62666673560937,7.265
4.64000006914139,7.141
4.6533334026734,7.036
4.66666673620542,6.939
4.68000006973743,6.821
4.69333340326945,6.688
4.70666673680147,6.574
4.72000007033348,6.442
4.7333334038655,6.321
4.74666673739751,6.206
4.76000007092953,6.093
4.77333340446154,5.985
4.78666673799356,5.902
4.80000007152557,5.812
4.81333340505759,5.707
4.82666673858961,5.591
4.84000007212162,5.494
4.85333340565364,5.406
4.86666673918565,5.307
4.88000007271767,5.203
4.89333340624968,5.101
4.9066667397817,5.009
4.92000007331371,4.935
4.93333340684573,4.875
4.94666674037774,4.824
4.96000007390976,4.777
4.97333340744178,4.742
4.98666674097379,4.735
5.00000007450581,4.721
5.01333340803782,4.68
5.02666674156984,4.61
5.04000007510185,4.565
5.05333340863387,4.508
5.06666674216588,4.448
5.0800000756979,4.375
5.09333340922991,4.284
5.10666674276193,4.253
5.12000007629395,4.193
5.13333340982596,4.145
5.14666674335798,4.11
5.16000007688999,4.038
5.17333341042201,4.013
5.18666674395402,3.95
5.20000007748604,3.882
5.21333341101805,3.834
5.22666674455007,3.753
5.24000007808209,3.705
5.2533334116141,3.636
5.26666674514612,3.565
5.28000007867813,3.525
5.29333341221015,3.493
5.30666674574216,3.458
5.32000007927418,3.435
5.33333341280619,3.422
5.34666674633821,3.417
5.36000007987022,3.397
5.37333341340224,3.358
5.38666674693426,3.324
5.40000008046627,3.298
5.41333341399829,3.261
5.4266667475303,3.251
5.44000008106232,3.243
5.45333341459433,3.231
5.46666674812635,3.212
5.48000008165836,3.178
5.49333341519038,3.128
5.50666674872239,3.069
5.52000008225441,3.013
5.53333341578643,2.962
5.54666674931844,2.924
5.56000008285046,2.903
5.57333341638247,2.877
5.58666674991449,2.866
5.6000000834465,2.872
5.61333341697852,2.876
5.62666675051053,2.885
5.64000008404255,2.877
5.65333341757457,2.863
5.66666675110658,2.858
5.6800000846386,2.82
5.69333341817061,2.771
5.70666675170263,2.72
5.72000008523464,2.679
5.73333341876666,2.663
5.74666675229867,2.664
5.76000008583069,2.655
5.7733334193627,2.654
5.78666675289472,2.664
5.80000008642674,2.675
5.81333341995875,2.682
5.82666675349077,2.658
5.84000008702278,2.623
5.8533334205548,2.589
5.86666675408681,2.552
5.88000008761883,2.514
5.89333342115084,2.466
5.90666675468286,2.431
5.92000008821487,2.42
5.93333342174689,2.406
5.94666675527891,2.401
5.96000008881092,2.39
5.97333342234294,2.38
5.98666675587495,2.373
6.00000008940697,2.352
6.01333342293898,2.362
6.026666756471,2.361
6.04000009000301,2.345
6.05333342353503,2.327
6.06666675706705,2.312
6.08000009059906,2.293
6.09333342413108,2.258
6.10666675766309,2.216
6.12000009119511,2.195
6.13333342472712,2.179
6.14666675825914,2.158
6.16000009179115,2.14
6.17333342532317,2.135
6.18666675885518,2.162
6.2000000923872,2.157
6.21333342591922,2.158
6.22666675945123,2.158
6.24000009298325,2.156
6.25333342651526,2.156
6.26666676004728,2.13
6.28000009357929,2.114
6.29333342711131,2.103
6.30666676064332,2.087
6.32000009417534,2.077
6.33333342770735,2.076
6.34666676123937,2.084
6.36000009477139,2.096
6.3733334283034,2.097
6.38666676183542,2.097
6.40000009536743,2.1
6.41333342889945,2.108
6.42666676243146,2.105
6.44000009596348,2.072
6.45333342949549,2.029
6.46666676302751,2.01
6.48000009655952,2.0
6.49333343009154,1.987
6.50666676362356,1.961
6.52000009715557,1.978
6.53333343068759,1.993
6.5466667642196,1.999
6.56000009775162,1.993
6.57333343128363,1.989
6.58666676481565,1.967
6.60000009834766,1.955
6.61333343187968,1.941
6.6266667654117,1.924
6.64000009894371,1.921
6.65333343247573,1.908
6.66666676600774,1.909
6.68000009953976,1.914
6.69333343307177,1.901
6.70666676660379,1.913
6.7200001001358,1.933
6.73333343366782,1.966
6.74666676719983,1.994
6.76000010073185,1.995
6.77333343426387,1.974
6.78666676779588,1.989
6.8000001013279,1.999
6.81333343485991,1.987
6.82666676839193,1.955
6.84000010192394,1.984
6.85333343545596,2.008
6.86666676898797,2.015
6.88000010251999,2.002
6.893333436052,2.001
6.90666676958402,1.996
6.92000010311604,1.982
6.93333343664805,1.972
6.94666677018007,1.981
6.96000010371208,1.996
6.9733334372441,1.998
6.98666677077611,1.991
7.00000010430813,1.98
7.01333343784014,1.97
7.02666677137216,1.977
7.04000010490418,1.974
7.05333343843619,1.958
7.06666677196821,1.947
7.08000010550022,1.957
7.09333343903224,1.93
7.10666677256425,1.915
7.12000010609627,1.894
7.13333343962828,1.869
7.1466667731603,1.85
7.16000010669232,1.847
7.17333344022433,1.849
7.18666677375635,1.828
7.20000010728836,1.782
7.21333344082038,1.757
7.22666677435239,1.769
7.24000010788441,1.78
7.25333344141642,1.785
7.26666677494844,1.795
7.28000010848045,1.842
7.29333344201247,1.879
7.30666677554448,1.893
7.3200001090765,1.887
7.33333344260852,1.87
7.34666677614053,1.872
7.36000010967255,1.872
7.37333344320456,1.867
7.38666677673658,1.862
7.40000011026859,1.857
7.41333344380061,1.839
7.42666677733262,1.846
7.44000011086464,1.83
7.45333344439666,1.794
7.46666677792867,1.76
7.48000011146069,1.771
7.4933334449927,1.78
7.50666677852472,1.773
7.52000011205673,1.754
7.53333344558875,1.766
7.54666677912076,1.768
7.56000011265278,1.726
7.5733334461848,1.68
7.58666677971681,1.655
7.60000011324883,1.627
7.61333344678084,1.605
7.62666678031286,1.599
7.64000011384487,1.608
7.65333344737689,1.632
7.6666667809089,1.632
7.68000011444092,1.656
7.69333344797293,1.673
7.70666678150495,1.673
7.72000011503696,1.652
7.73333344856898,1.625
7.746666782101,1.624
7.76000011563301,1.609
7.77333344916503,1.584
7.78666678269704,1.566
7.80000011622906,1.578
7.81333344976107,1.612
7.82666678329309,1.634
7.8400001168251,1.642
7.85333345035712,1.663
7.86666678388914,1.697
7.88000011742115,1.724
7.89333345095317,1.724
7.90666678448518,1.705
7.9200001180172,1.719
7.93333345154921,1.72
7.94666678508123,1.708
7.96000011861324,1.681
7.97333345214526,1.649
7.98666678567727,1.651
8.00000011920929,1.649
8.01333345274131,1.644
8.02666678627332,1.639
8.04000011980534,1.63
8.05333345333735,1.627
8.06666678686937,1.621
8.08000012040138,1.603
8.0933334539334,1.582
8.10666678746541,1.577
8.12000012099743,1.572
8.13333345452944,1.59
8.14666678806146,1.603
8.16000012159348,1.614
8.17333345512549,1.645
8.18666678865751,1.647
8.20000012218952,1.686
8.21333345572154,1.726
8.22666678925355,1.749
8.24000012278557,1.766
8.25333345631758,1.764
8.2666667898496,1.766
8.28000012338162,1.764
8.29333345691363,1.749
8.30666679044565,1.745
8.32000012397766,1.742
8.33333345750968,1.749
8.34666679104169,1.762
8.36000012457371,1.773
8.37333345810572,1.76
8.38666679163774,1.733
8.40000012516975,1.713
8.41333345870177,1.707
8.42666679223379,1.702
8.4400001257658,1.665
8.45333345929782,1.664
8.46666679282983,1.653
8.48000012636185,1.635
8.49333345989386,1.622
8.50666679342588,1.594
8.52000012695789,1.596
8.53333346048991,1.587
8.54666679402192,1.56
8.56000012755394,1.567
8.57333346108596,1.58
8.58666679461797,1.595
8.60000012814999,1.593
8.613333461682,1.574
8.62666679521402,1.579
8.64000012874603,1.574
8.65333346227805,1.55
8.66666679581006,1.521
8.68000012934208,1.488
8.6933334628741,1.467
8.70666679640611,1.452
8.72000012993813,1.441
8.73333346347014,1.443
8.74666679700216,1.464
8.76000013053417,1.47
8.77333346406619,1.478
8.7866667975982,1.474
8.80000013113022,1.461
8.81333346466223,1.452
8.82666679819425,1.409
8.84000013172627,1.388
8.85333346525828,1.379
8.8666667987903,1.376
8.88000013232231,1.37
8.89333346585433,1.375
8.90666679938634,1.399
8.92000013291836,1.41
8.93333346645037,1.405
8.94666679998239,1.431
8.9600001335144,1.421
8.97333346704642,1.414
8.98666680057844,1.407
9.00000013411045,1.399
9.01333346764247,1.406
9.02666680117448,1.376
9.0400001347065,1.369
9.05333346823851,1.385
9.06666680177053,1.4
9.08000013530254,1.411
9.09333346883456,1.405
9.10666680236658,1.415
9.12000013589859,1.438
9.13333346943061,1.464
9.14666680296262,1.475
9.16000013649464,1.473
9.17333347002665,1.47
9.18666680355867,1.472
9.20000013709068,1.465
9.2133334706227,1.466
9.22666680415471,1.446
9.24000013768673,1.419
9.25333347121875,1.397
9.26666680475076,1.397
9.28000013828278,1.376
9.29333347181479,1.345
9.30666680534681,1.325
9.32000013887882,1.328
9.33333347241084,1.328
9.34666680594285,1.331
9.36000013947487,1.353
9.37333347300688,1.373
9.3866668065389,1.371
9.40000014007092,1.364
9.41333347360293,1.376
9.42666680713495,1.393
9.44000014066696,1.404
9.45333347419898,1.395
9.46666680773099,1.415
9.48000014126301,1.433
9.49333347479502,1.435
9.50666680832704,1.424
9.52000014185906,1.412
9.53333347539107,1.391
9.54666680892309,1.371
9.5600001424551,1.349
9.57333347598712,1.329
9.58666680951913,1.328
9.60000014305115,1.35
9.61333347658316,1.372
9.62666681011518,1.389
9.64000014364719,1.402
9.65333347717921,1.41
9.66666681071123,1.43
9.68000014424324,1.437
9.69333347777526,1.433
9.70666681130727,1.433
9.72000014483929,1.453
9.7333334783713,1.455
9.74666681190332,1.456
9.76000014543533,1.453
9.77333347896735,1.445
9.78666681249936,1.448
9.80000014603138,1.451
9.8133334795634,1.475
9.82666681309541,1.509
9.84000014662743,1.523
9.85333348015944,1.545
9.86666681369146,1.559
9.88000014722347,1.573
9.89333348075549,1.58
9.9066668142875,1.556
9.92000014781952,1.547
9.93333348135154,1.543
9.94666681488355,1.541
9.96000014841557,1.538
9.97333348194758,1.517
9.9866668154796,1.507
10.0000001490116,1.507
10.0133334825436,1.497
10.0266668160756,1.475
10.0400001496077,1.468
10.0533334831397,1.454
10.0666668166717,1.453
10.0800001502037,1.453
10.0933334837357,1.441
10.1066668172677,1.448
10.1200001507998,1.456
10.1333334843318,1.481
10.1466668178638,1.503
10.1600001513958,1.494
10.1733334849278,1.507
10.1866668184598,1.506
10.2000001519918,1.494
10.2133334855239,1.474
10.2266668190559,1.453
10.2400001525879,1.465
10.2533334861199,1.456
10.2666668196519,1.449
10.2800001531839,1.451
10.293333486716,1.446
10.306666820248,1.455
10.32000015378,1.45
10.333333487312,1.462
10.346666820844,1.49
10.360000154376,1.471
10.373333487908,1.478
10.3866668214401,1.475
10.4000001549721,1.464
10.4133334885041,1.461
10.4266668220361,1.439
10.4400001555681,1.459
10.4533334891001,1.483
10.4666668226322,1.496
10.4800001561642,1.502
10.4933334896962,1.513
10.5066668232282,1.523
10.5200001567602,1.518
10.5333334902922,1.499
10.5466668238242,1.473
10.5600001573563,1.449
10.5733334908883,1.429
10.5866668244203,1.41
10.6000001579523,1.394
10.6133334914843,1.391
10.6266668250163,1.389
10.6400001585484,1.405
10.6533334920804,1.422
10.6666668256124,1.435
10.6800001591444,1.441
10.6933334926764,1.448
10.7066668262084,1.477
10.7200001597404,1.502
10.7333334932725,1.508
10.7466668268045,1.519
10.7600001603365,1.543
10.7733334938685,1.58
10.7866668274005,1.602
10.8000001609325,1.585
10.8133334944646,1.62
10.8266668279966,1.612
10.8400001615286,1.592
10.8533334950606,1.564
10.8666668285926,1.526
10.8800001621246,1.512
10.8933334956567,1.461
10.9066668291887,1.437
10.9200001627207,1.45
10.9333334962527,1.447
10.9466668297847,1.44
10.9600001633167,1.464
10.9733334968487,1.485
10.9866668303808,1.493
11.0000001639128,1.485
11.0133334974448,1.464
11.0266668309768,1.447
11.0400001645088,1.425
11.0533334980408,1.389
11.0666668315729,1.394
11.0800001651049,1.415
11.0933334986369,1.434
11.1066668321689,1.458
11.1200001657009,1.487
11.1333334992329,1.512
11.1466668327649,1.533
11.160000166297,1.521
11.173333499829,1.501
11.186666833361,1.517
11.200000166893,1.501
11.213333500425,1.48
11.226666833957,1.469
11.2400001674891,1.465
11.2533335010211,1.463
11.2666668345531,1.438
11.2800001680851,1.444
11.2933335016171,1.456
11.3066668351491,1.459
11.3200001686811,1.44
11.3333335022132,1.44
11.3466668357452,1.45
11.3600001692772,1.452
11.3733335028092,1.439
11.3866668363412,1.431
11.4000001698732,1.429
11.4133335034053,1.42
11.4266668369373,1.405
11.4400001704693,1.384
11.4533335040013,1.363
11.4666668375333,1.33
11.4800001710653,1.303
11.4933335045973,1.288
11.5066668381294,1.284
11.5200001716614,1.29
11.5333335051934,1.281
11.5466668387254,1.275
11.5600001722574,1.273
11.5733335057894,1.266
11.5866668393215,1.261
11.6000001728535,1.262
11.6133335063855,1.255
11.6266668399175,1.247
11.6400001734495,1.253
11.6533335069815,1.248
11.6666668405135,1.236
11.6800001740456,1.22
11.6933335075776,1.208
11.7066668411096,1.234
11.7200001746416,1.266
11.7333335081736,1.283
11.7466668417056,1.296
11.7600001752377,1.31
11.7733335087697,1.309
11.7866668423017,1.314
11.8000001758337,1.308
11.8133335093657,1.299
11.8266668428977,1.31
11.8400001764297,1.315
11.8533335099618,1.304
11.8666668434938,1.308
11.8800001770258,1.316
11.8933335105578,1.314
11.9066668440898,1.321
11.9200001776218,1.323
11.9333335111539,1.323
11.9466668446859,1.321
11.9600001782179,1.29
11.9733335117499,1.281
11.9866668452819,1.281
12.0000001788139,1.282
12.013333512346,1.29
12.026666845878,1.326
12.04000017941,1.358
12.053333512942,1.38
12.066666846474,1.392
12.080000180006,1.389
12.093333513538,1.379
12.1066668470701,1.386
12.1200001806021,1.39
12.1333335141341,1.389
12.1466668476661,1.384
12.1600001811981,1.367
12.1733335147301,1.381
12.1866668482622,1.381
12.2000001817942,1.355
12.2133335153262,1.319
12.2266668488582,1.308
12.2400001823902,1.306
12.2533335159222,1.305
12.2666668494542,1.293
12.2800001829863,1.268
12.2933335165183,1.288
12.3066668500503,1.285
12.3200001835823,1.283
12.3333335171143,1.289
12.3466668506463,1.289
12.3600001841784,1.308
12.3733335177104,1.317
12.3866668512424,1.318
12.4000001847744,1.325
12.4133335183064,1.339
12.4266668518384,1.304
12.4400001853704,1.29
12.4533335189025,1.283
12.4666668524345,1.267
12.4800001859665,1.247
12.4933335194985,1.238
12.5066668530305,1.243
12.5200001865625,1.253
12.5333335200946,1.239
12.5466668536266,1.239
12.5600001871586,1.266
12.5733335206906,1.277
12.5866668542226,1.267
12.6000001877546,1.265
12.6133335212866,1.251
12.6266668548187,1.248
12.6400001883507,1.247
12.6533335218827,1.241
12.6666668554147,1.24
12.6800001889467,1.249
12.6933335224787,1.268
12.7066668560108,1.295
12.7200001895428,1.321
12.7333335230748,1.332
12.7466668566068,1.324
12.7600001901388,1.327
12.7733335236708,1.334
12.7866668572028,1.336
12.8000001907349,1.308
12.8133335242669,1.276
12.8266668577989,1.285
12.8400001913309,1.301
12.8533335248629,1.289
12.8666668583949,1.307
12.880000191927,1.318
12.893333525459,1.316
12.906666858991,1.296
12.920000192523,1.244
12.933333526055,1.241
12.946666859587,1.228
12.960000193119,1.212
12.9733335266511,1.212
12.9866668601831,1.244
13.0000001937151,1.291
13.0133335272471,1.305
13.0266668607791,1.305
13.0400001943111,1.302
13.0533335278432,1.295
13.0666668613752,1.281
13.0800001949072,1.259
13.0933335284392,1.246
13.1066668619712,1.252
13.1200001955032,1.236
13.1333335290353,1.23
13.1466668625673,1.218
13.1600001960993,1.203
13.1733335296313,1.188
13.1866668631633,1.173
13.2000001966953,1.164
13.2133335302273,1.167
13.2266668637594,1.179
13.2400001972914,1.193
13.2533335308234,1.169
13.2666668643554,1.15
13.2800001978874,1.137
13.2933335314194,1.122
13.3066668649515,1.095
13.3200001984835,1.055
13.3333335320155,1.041
13.3466668655475,1.027
13.3600001990795,1.002
13.3733335326115,0.982
13.3866668661435,0.97
13.4000001996756,0.975
