time_min,absorb_mau
0.0,0.0
0.0166666669150194,0.0
0.0333333338300387,0.009
0.0500000007450581,0.023
0.0666666676600774,0.042
0.0833333345750968,0.035
0.100000001490116,0.051
0.116666668405135,0.053
0.133333335320155,0.068
0.150000002235174,0.05
0.166666669150194,0.082
0.183333336065213,0.1
0.200000002980232,0.12
0.216666669895252,0.109
0.233333336810271,0.154
0.25000000372529,0.155
0.26666667064031,0.142
0.283333337555329,0.153
0.300000004470348,0.13
0.316666671385368,0.125
0.333333338300387,0.11
0.350000005215406,0.116
0.366666672130426,0.114
0.383333339045445,0.147
0.400000005960465,0.131
0.416666672875484,0.154
0.433333339790503,0.157
0.450000006705523,0.133
0.466666673620542,0.125
0.483333340535561,0.159
0.500000007450581,0.135
0.5166666743656,0.155
0.533333341280619,0.178
0.550000008195639,0.193
0.566666675110658,0.153
0.583333342025677,0.149
0.600000008940697,0.13
0.616666675855716,0.124
0.633333342770735,0.132
0.650000009685755,0.2
0.666666676600774,0.293
0.683333343515794,0.418
0.700000010430813,0.58
0.716666677345832,0.828
0.733333344260852,1.162
0.750000011175871,1.614
0.76666667809089,2.203
0.78333334500591,2.933
0.800000011920929,3.789
0.816666678835948,4.793
0.833333345750968,5.959
0.850000012665987,7.255
0.866666679581006,8.696
0.883333346496026,10.278
0.900000013411045,11.831
0.916666680326065,13.444
0.933333347241084,14.968
0.950000014156103,16.472
0.966666681071123,17.823
0.983333347986142,19.13
1.00000001490116,20.278
1.01666668181618,21.353
1.0333333487312,22.352
1.05000001564622,23.32
1.06666668256124,24.222
1.08333334947626,25.075
1.10000001639128,25.927
1.1166666833063,26.787
1.13333335022132,27.658
1.15000001713634,28.596
1.16666668405135,29.61
1.18333335096637,30.69
1.20000001788139,31.833
1.21666668479641,33.039
1.23333335171143,34.332
1.25000001862645,35.711
1.26666668554147,37.161
1.28333335245649,38.67
1.30000001937151,40.261
1.31666668628653,41.898
1.33333335320155,43.579
1.35000002011657,45.326
1.36666668703159,47.112
1.38333335394661,48.899
1.40000002086163,50.661
1.41666668777665,52.426
1.43333335469166,54.172
1.45000002160668,55.884
1.4666666885217,57.562
1.48333335543672,59.26
1.50000002235174,60.931
1.51666668926676,62.54
1.53333335618178,64.093
1.5500000230968,65.614
1.56666669001182,67.045
1.58333335692684,68.397
1.60000002384186,69.725
1.61666669075688,71.001
1.6333333576719,72.179
1.65000002458692,73.281
1.66666669150194,74.319
1.68333335841695,75.27
1.70000002533197,76.182
1.71666669224699,77.067
1.73333335916201,77.862
1.75000002607703,78.589
1.76666669299205,79.235
1.78333335990707,79.779
1.80000002682209,80.221
1.81666669373711,80.622
1.83333336065213,80.959
1.85000002756715,81.228
1.86666669448217,81.419
1.88333336139719,81.584
1.90000002831221,81.664
1.91666669522723,81.707
1.93333336214225,81.642
1.95000002905726,81.552
1.96666669597228,81.418
1.9833333628873,81.248
2.00000002980232,81.053
2.01666669671734,80.908
2.03333336363236,80.738
2.05000003054738,80.535
2.0666666974624,80.271
2.08333336437742,80.012
2.10000003129244,79.727
2.11666669820746,79.391
2.13333336512248,79.055
2.1500000320375,78.695
2.16666669895252,78.276
2.18333336586754,77.8
2.20000003278255,77.32
2.21666669969757,76.778
2.23333336661259,76.233
2.25000003352761,75.678
2.26666670044263,75.156
2.28333336735765,74.601
2.30000003427267,73.995
2.31666670118769,73.401
2.33333336810271,72.817
2.35000003501773,72.18
2.36666670193275,71.559
2.38333336884777,70.988
2.40000003576279,70.403
2.41666670267781,69.807
2.43333336959283,69.247
2.45000003650784,68.686
2.46666670342286,68.128
2.48333337033788,67.636
2.5000000372529,67.121
2.51666670416792,66.572
2.53333337108294,66.019
2.55000003799796,65.49
2.56666670491298,64.917
2.583333371828,64.398
2.60000003874302,63.911
2.61666670565804,63.432
2.63333337257306,62.955
2.65000003948808,62.507
2.6666667064031,62.064
2.68333337331812,61.644
2.70000004023314,61.278
2.71666670714815,60.922
2.73333337406317,60.593
2.75000004097819,60.273
2.76666670789321,59.971
2.78333337480823,59.678
2.80000004172325,59.386
2.81666670863827,59.1
2.83333337555329,58.845
2.85000004246831,58.614
2.86666670938333,58.371
2.88333337629835,58.126
2.90000004321337,57.875
2.91666671012839,57.582
2.93333337704341,57.246
2.95000004395843,56.921
2.96666671087344,56.592
2.98333337778846,56.223
3.00000004470348,55.859
3.0166667116185,55.515
3.03333337853352,55.149
3.05000004544854,54.753
3.06666671236356,54.378
3.08333337927858,53.998
3.1000000461936,53.597
3.11666671310862,53.209
3.13333338002364,52.816
3.15000004693866,52.451
3.16666671385368,52.09
3.1833333807687,51.76
3.20000004768372,51.439
3.21666671459874,51.155
3.23333338151375,50.869
3.25000004842877,50.568
3.26666671534379,50.262
3.28333338225881,49.967
3.30000004917383,49.651
3.31666671608885,49.342
3.33333338300387,49.088
3.35000004991889,48.852
3.36666671683391,48.564
3.38333338374893,48.274
3.40000005066395,47.991
3.41666671757897,47.734
3.43333338449399,47.473
3.45000005140901,47.234
3.46666671832403,47.033
3.48333338523905,46.862
3.50000005215406,46.657
3.51666671906908,46.485
3.5333333859841,46.313
3.55000005289912,46.139
3.56666671981414,45.973
3.58333338672916,45.799
3.60000005364418,45.587
3.6166667205592,45.391
3.63333338747422,45.191
3.65000005438924,45.006
3.66666672130426,44.837
3.68333338821928,44.65
3.7000000551343,44.481
3.71666672204932,44.294
3.73333338896434,44.061
3.75000005587935,43.77
3.76666672279437,43.478
3.78333338970939,43.159
3.80000005662441,42.803
3.81666672353943,42.46
3.83333339045445,42.131
3.85000005736947,41.83
3.86666672428449,41.519
3.88333339119951,41.209
3.90000005811453,40.883
3.91666672502955,40.601
3.93333339194457,40.299
3.95000005885959,40.035
3.96666672577461,39.811
3.98333339268963,39.615
4.00000005960465,39.399
4.01666672651966,39.191
4.03333339343468,38.975
4.0500000603497,38.738
4.06666672726472,38.51
4.08333339417974,38.288
4.10000006109476,38.053
4.11666672800978,37.821
4.1333333949248,37.577
4.15000006183982,37.312
4.16666672875484,37.031
4.18333339566986,36.734
4.20000006258488,36.449
4.2166667294999,36.198
4.23333339641492,35.923
4.25000006332994,35.685
4.26666673024495,35.434
4.28333339715997,35.179
4.30000006407499,34.913
4.31666673099001,34.661
4.33333339790503,34.389
4.35000006482005,34.134
4.36666673173507,33.885
4.38333339865009,33.609
4.40000006556511,33.311
4.41666673248013,33.011
4.43333339939515,32.697
4.45000006631017,32.373
4.46666673322519,32.035
4.48333340014021,31.689
4.50000006705523,31.345
4.51666673397024,31.004
4.53333340088526,30.641
4.55000006780028,30.266
4.5666667347153,29.903
4.58333340163032,29.531
4.60000006854534,29.162
4.61666673546036,28.819
4.63333340237538,28.485
4.6500000692904,28.158
4.66666673620542,27.835
4.68333340312044,27.507
4.70000007003546,27.177
4.71666673695048,26.849
4.7333334038655,26.505
4.75000007078052,26.168
4.76666673769554,25.832
4.78333340461056,25.461
4.80000007152557,25.098
4.81666673844059,24.79
4.83333340535561,24.494
4.85000007227063,24.199
4.86666673918565,23.931
4.88333340610067,23.652
4.90000007301569,23.329
4.91666673993071,22.981
4.93333340684573,22.646
4.95000007376075,22.311
4.96666674067577,21.994
4.98333340759079,21.706
5.00000007450581,21.414
5.01666674142083,21.113
5.03333340833585,20.798
5.05000007525086,20.485
5.06666674216588,20.179
5.0833334090809,19.896
5.10000007599592,19.61
5.11666674291094,19.341
5.13333340982596,19.076
5.15000007674098,18.784
5.166666743656,18.49
5.18333341057102,18.228
5.20000007748604,17.954
5.21666674440106,17.664
5.23333341131608,17.363
5.2500000782311,17.06
5.26666674514612,16.747
5.28333341206114,16.483
5.30000007897615,16.177
5.31666674589117,15.883
5.33333341280619,15.61
5.35000007972121,15.342
5.36666674663623,14.988
5.38333341355125,14.683
5.40000008046627,14.422
5.41666674738129,14.126
5.43333341429631,13.85
5.45000008121133,13.595
5.46666674812635,13.33
5.48333341504137,13.046
5.50000008195639,12.805
5.51666674887141,12.541
5.53333341578643,12.277
5.55000008270144,12.038
5.56666674961646,11.772
5.58333341653148,11.542
5.6000000834465,11.272
5.61666675036152,11.045
5.63333341727654,10.799
5.65000008419156,10.573
5.66666675110658,10.331
5.6833334180216,10.094
5.70000008493662,9.87
5.71666675185164,9.672
5.73333341876666,9.475
5.75000008568168,9.282
5.7666667525967,9.064
5.78333341951172,8.85
5.80000008642674,8.641
5.81666675334176,8.442
5.83333342025677,8.251
5.85000008717179,8.097
5.86666675408681,7.933
5.88333342100183,7.783
5.90000008791685,7.656
5.91666675483187,7.488
5.93333342174689,7.345
5.95000008866191,7.204
5.96666675557693,7.053
5.98333342249195,6.888
6.00000008940697,6.727
6.01666675632199,6.567
6.03333342323701,6.406
6.05000009015203,6.246
6.06666675706705,6.078
6.08333342398206,5.925
6.10000009089708,5.763
6.1166667578121,5.635
6.13333342472712,5.529
6.15000009164214,5.402
6.16666675855716,5.284
6.18333342547218,5.182
6.2000000923872,5.067
6.21666675930222,4.919
6.23333342621724,4.803
6.25000009313226,4.68
6.26666676004728,4.546
6.2833334269623,4.405
6.30000009387732,4.276
6.31666676079234,4.159
6.33333342770735,4.074
6.35000009462237,4.015
6.36666676153739,3.954
6.38333342845241,3.891
6.40000009536743,3.829
6.41666676228245,3.743
6.43333342919747,3.654
6.45000009611249,3.584
6.46666676302751,3.523
6.48333342994253,3.479
6.50000009685755,3.443
6.51666676377257,3.398
6.53333343068759,3.312
6.55000009760261,3.236
6.56666676451763,3.165
6.58333343143265,3.099
6.60000009834766,3.043
6.61666676526268,3.008
6.6333334321777,2.966
6.65000009909272,2.875
6.66666676600774,2.806
6.68333343292276,2.766
6.70000009983778,2.729
6.7166667667528,2.678
6.73333343366782,2.641
6.75000010058284,2.576
6.76666676749786,2.48
6.78333343441288,2.377
6.8000001013279,2.322
6.81666676824292,2.29
6.83333343515794,2.252
6.85000010207295,2.215
6.86666676898797,2.196
6.88333343590299,2.157
6.90000010281801,2.098
6.91666676973303,2.08
6.93333343664805,2.048
6.95000010356307,2.034
6.96666677047809,1.973
6.98333343739311,1.933
7.00000010430813,1.879
7.01666677122315,1.824
7.03333343813817,1.764
7.05000010505319,1.769
7.06666677196821,1.782
7.08333343888323,1.807
7.10000010579824,1.836
7.11666677271326,1.857
7.13333343962828,1.862
7.1500001065433,1.859
7.16666677345832,1.826
7.18333344037334,1.799
7.20000010728836,1.767
7.21666677420338,1.74
7.2333334411184,1.716
7.25000010803342,1.687
7.26666677494844,1.669
7.28333344186346,1.649
7.30000010877848,1.615
7.3166667756935,1.601
7.33333344260852,1.608
7.35000010952354,1.624
7.36666677643856,1.633
7.38333344335357,1.658
7.40000011026859,1.629
7.41666677718361,1.609
7.43333344409863,1.591
7.45000011101365,1.572
7.46666677792867,1.547
7.48333344484369,1.532
7.50000011175871,1.509
7.51666677867373,1.457
7.53333344558875,1.407
7.55000011250377,1.35
7.56666677941879,1.308
7.58333344633381,1.277
7.60000011324883,1.248
7.61666678016385,1.219
7.63333344707886,1.212
7.65000011399388,1.171
7.6666667809089,1.135
7.68333344782392,1.13
7.70000011473894,1.136
7.71666678165396,1.114
7.73333344856898,1.112
7.750000115484,1.082
7.76666678239902,1.051
7.78333344931404,1.024
7.80000011622906,1.005
7.81666678314408,1.024
7.8333334500591,1.058
7.85000011697412,1.109
7.86666678388914,1.126
7.88333345080415,1.134
7.90000011771917,1.133
7.91666678463419,1.121
7.93333345154921,1.084
7.95000011846423,1.056
7.96666678537925,1.051
7.98333345229427,1.052
8.00000011920929,1.055
8.01666678612431,1.072
8.03333345303933,1.067
8.05000011995435,1.04
8.06666678686937,1.001
8.08333345378439,0.961
8.10000012069941,0.926
8.11666678761443,0.9
8.13333345452944,0.902
8.15000012144446,0.892
8.16666678835948,0.873
8.1833334552745,0.86
8.20000012218952,0.856
8.21666678910454,0.857
8.23333345601956,0.842
8.25000012293458,0.829
8.2666667898496,0.825
8.28333345676462,0.821
8.30000012367964,0.796
8.31666679059466,0.776
8.33333345750968,0.776
8.3500001244247,0.753
8.36666679133972,0.728
8.38333345825473,0.706
8.40000012516975,0.686
8.41666679208477,0.657
8.43333345899979,0.637
8.45000012591481,0.608
8.46666679282983,0.567
8.48333345974485,0.556
8.50000012665987,0.562
8.51666679357489,0.539
8.53333346048991,0.525
8.55000012740493,0.525
8.56666679431995,0.535
8.58333346123497,0.534
8.60000012814999,0.549
8.61666679506501,0.532
8.63333346198002,0.53
8.65000012889504,0.523
8.66666679581006,0.508
8.68333346272508,0.516
8.7000001296401,0.529
8.71666679655512,0.554
8.73333346347014,0.571
8.75000013038516,0.592
8.76666679730018,0.61
8.7833334642152,0.651
8.80000013113022,0.664
8.81666679804524,0.691
8.83333346496026,0.712
8.85000013187528,0.724
8.8666667987903,0.736
8.88333346570532,0.769
8.90000013262033,0.801
8.91666679953535,0.831
8.93333346645037,0.84
8.95000013336539,0.846
8.96666680028041,0.842
8.98333346719543,0.846
9.00000013411045,0.825
9.01666680102547,0.804
9.03333346794049,0.784
9.05000013485551,0.733
9.06666680177053,0.663
9.08333346868555,0.613
9.10000013560057,0.563
9.11666680251559,0.532
9.13333346943061,0.53
9.15000013634563,0.547
9.16666680326065,0.552
9.18333347017567,0.573
9.20000013709068,0.587
9.2166668040057,0.605
9.23333347092072,0.61
9.25000013783574,0.614
9.26666680475076,0.62
9.28333347166578,0.606
9.3000001385808,0.593
9.31666680549582,0.614
9.33333347241084,0.622
9.35000013932586,0.632
9.36666680624088,0.662
9.3833334731559,0.682
9.40000014007092,0.679
9.41666680698594,0.691
9.43333347390096,0.704
9.45000014081597,0.704
9.46666680773099,0.697
9.48333347464601,0.684
9.50000014156103,0.661
9.51666680847605,0.622
9.53333347539107,0.576
9.55000014230609,0.564
9.56666680922111,0.55
9.58333347613613,0.521
9.60000014305115,0.515
9.61666680996617,0.51
9.63333347688119,0.474
9.65000014379621,0.44
9.66666681071123,0.421
9.68333347762625,0.376
9.70000014454126,0.348
9.71666681145628,0.347
9.7333334783713,0.359
9.75000014528632,0.366
9.76666681220134,0.389
9.78333347911636,0.418
9.80000014603138,0.43
9.8166668129464,0.425
9.83333347986142,0.428
9.85000014677644,0.432
9.86666681369146,0.416
9.88333348060648,0.415
9.9000001475215,0.422
9.91666681443652,0.415
9.93333348135154,0.394
9.95000014826655,0.39
9.96666681518157,0.389
9.98333348209659,0.399
10.0000001490116,0.41
10.0166668159266,0.426
10.0333334828417,0.441
10.0500001497567,0.447
10.0666668166717,0.457
10.0833334835867,0.456
10.1000001505017,0.467
10.1166668174167,0.486
10.1333334843318,0.499
10.1500001512468,0.505
10.1666668181618,0.531
10.1833334850768,0.534
10.2000001519918,0.518
10.2166668189069,0.521
10.2333334858219,0.514
10.2500001527369,0.49
10.2666668196519,0.506
10.2833334865669,0.533
10.300000153482,0.536
10.316666820397,0.495
10.333333487312,0.455
10.350000154227,0.419
10.366666821142,0.408
10.3833334880571,0.404
10.4000001549721,0.45
10.4166668218871,0.46
10.4333334888021,0.491
10.4500001557171,0.479
10.4666668226322,0.474
10.4833334895472,0.443
10.5000001564622,0.466
10.5166668233772,0.47
10.5333334902922,0.472
10.5500001572073,0.489
10.5666668241223,0.516
10.5833334910373,0.521
10.6000001579523,0.54
10.6166668248673,0.57
10.6333334917823,0.557
10.6500001586974,0.554
10.6666668256124,0.536
10.6833334925274,0.52
10.7000001594424,0.508
10.7166668263574,0.511
10.7333334932725,0.476
10.7500001601875,0.49
10.7666668271025,0.508
10.7833334940175,0.482
10.8000001609325,0.461
10.8166668278476,0.483
10.8333334947626,0.515
10.8500001616776,0.507
10.8666668285926,0.517
10.8833334955076,0.527
10.9000001624227,0.537
10.9166668293377,0.536
10.9333334962527,0.545
10.9500001631677,0.612
10.9666668300827,0.666
10.9833334969978,0.711
11.0000001639128,0.748
11.0166668308278,0.774
11.0333334977428,0.754
11.0500001646578,0.744
11.0666668315729,0.729
11.0833334984879,0.703
11.1000001654029,0.671
11.1166668323179,0.647
11.1333334992329,0.63
11.1500001661479,0.596
11.166666833063,0.576
11.183333499978,0.569
11.200000166893,0.544
11.216666833808,0.52
11.233333500723,0.514
11.2500001676381,0.5
11.2666668345531,0.488
11.2833335014681,0.513
11.3000001683831,0.512
11.3166668352981,0.503
11.3333335022132,0.489
11.3500001691282,0.476
11.3666668360432,0.44
11.3833335029582,0.407
11.4000001698732,0.39
11.4166668367883,0.396
11.4333335037033,0.422
11.4500001706183,0.445
11.4666668375333,0.465
11.4833335044483,0.481
11.5000001713634,0.484
11.5166668382784,0.465
11.5333335051934,0.454
11.5500001721084,0.451
11.5666668390234,0.454
11.5833335059385,0.458
11.6000001728535,0.455
11.6166668397685,0.455
11.6333335066835,0.458
11.6500001735985,0.448
11.6666668405135,0.438
11.6833335074286,0.455
11.7000001743436,0.451
11.7166668412586,0.45
11.7333335081736,0.467
11.7500001750886,0.481
11.7666668420037,0.457
11.7833335089187,0.442
11.8000001758337,0.441
11.8166668427487,0.452
11.8333335096637,0.457
11.8500001765788,0.48
11.8666668434938,0.503
11.8833335104088,0.498
11.9000001773238,0.453
11.9166668442388,0.419
11.9333335111539,0.383
11.9500001780689,0.377
11.9666668449839,0.372
11.9833335118989,0.38
12.0000001788139,0.387
12.016666845729,0.404
12.033333512644,0.409
12.050000179559,0.422
12.066666846474,0.453
12.083333513389,0.479
12.1000001803041,0.489
12.1166668472191,0.504
12.1333335141341,0.496
12.1500001810491,0.466
12.1666668479641,0.469
12.1833335148791,0.453
12.2000001817942,0.412
12.2166668487092,0.402
12.2333335156242,0.405
12.2500001825392,0.392
12.2666668494542,0.386
12.2833335163693,0.406
12.3000001832843,0.407
12.3166668501993,0.417
12.3333335171143,0.456
12.3500001840293,0.46
12.3666668509444,0.47
12.3833335178594,0.454
12.4000001847744,0.465
12.4166668516894,0.412
12.4333335186044,0.375
12.4500001855195,0.384
12.4666668524345,0.384
12.4833335193495,0.375
12.5000001862645,0.396
12.5166668531795,0.427
12.5333335200946,0.437
12.5500001870096,0.463
12.5666668539246,0.51
12.5833335208396,0.508
12.6000001877546,0.541
12.6166668546697,0.555
12.6333335215847,0.553
12.6500001884997,0.519
12.6666668554147,0.532
12.6833335223297,0.505
12.7000001892447,0.481
12.7166668561598,0.467
12.7333335230748,0.455
12.7500001899898,0.427
12.7666668569048,0.424
12.7833335238198,0.407
12.8000001907349,0.396
12.8166668576499,0.398
12.8333335245649,0.397
12.8500001914799,0.39
12.8666668583949,0.405
12.88333352531,0.413
12.900000192225,0.437
12.91666685914,0.456
12.933333526055,0.465
12.95000019297,0.472
12.9666668598851,0.501
12.9833335268001,0.496
13.0000001937151,0.497
13.0166668606301,0.51
13.0333335275451,0.521
13.0500001944602,0.507
13.0666668613752,0.512
13.0833335282902,0.528
13.1000001952052,0.531
13.1166668621202,0.524
13.1333335290353,0.51
13.1500001959503,0.497
13.1666668628653,0.473
13.1833335297803,0.463
13.2000001966953,0.466
13.2166668636103,0.481
13.2333335305254,0.513
13.2500001974404,0.538
13.2666668643554,0.574
13.2833335312704,0.597
13.3000001981854,0.593
13.3166668651005,0.552
13.3333335320155,0.509
13.3500001989305,0.487
13.3666668658455,0.449
13.3833335327605,0.431
13.4000001996756,0.421
13.4166668665906,0.433
13.4333335335056,0.409
13.4500002004206,0.373
13.4666668673356,0.375
13.4833335342507,0.392
13.5000002011657,0.401
13.5166668680807,0.423
13.5333335349957,0.462
13.5500002019107,0.466
13.5666668688258,0.457
13.5833335357408,0.455
13.6000002026558,0.438
13.6166668695708,0.425
13.6333335364858,0.423
13.6500002034009,0.413
13.6666668703159,0.413
13.6833335372309,0.417
13.7000002041459,0.426
13.7166668710609,0.442
13.733333537976,0.465
13.750000204891,0.466
13.766666871806,0.458
13.783333538721,0.458
13.800000205636,0.474
13.816666872551,0.474
13.8333335394661,0.483
13.8500002063811,0.517
13.8666668732961,0.556
13.8833335402111,0.517
13.9000002071261,0.511
13.9166668740412,0.494
13.9333335409562,0.474
13.9500002078712,0.437
13.9666668747862,0.437
13.9833335417012,0.455
14.0000002086163,0.45
14.0166668755313,0.442
14.0333335424463,0.433
14.0500002093613,0.437
14.0666668762763,0.385
14.0833335431914,0.394
14.1000002101064,0.374
14.1166668770214,0.354
14.1333335439364,0.333
14.1500002108514,0.351
14.1666668777665,0.337
14.1833335446815,0.332
14.2000002115965,0.328
14.2166668785115,0.32
14.2333335454265,0.296
14.2500002123415,0.268
14.2666668792566,0.261
14.2833335461716,0.259
14.3000002130866,0.254
14.3166668800016,0.249
14.3333335469166,0.265
14.3500002138317,0.276
14.3666668807467,0.303
14.3833335476617,0.304
14.4000002145767,0.331
14.4166668814917,0.35
14.4333335484068,0.351
14.4500002153218,0.345
14.4666668822368,0.35
14.4833335491518,0.33
14.5000002160668,0.316
14.5166668829819,0.305
14.5333335498969,0.277
14.5500002168119,0.248
14.5666668837269,0.238
14.5833335506419,0.255
14.600000217557,0.286
14.616666884472,0.327
14.633333551387,0.378
14.650000218302,0.414
14.666666885217,0.432
14.6833335521321,0.428
14.7000002190471,0.435
14.7166668859621,0.457
14.7333335528771,0.486
14.7500002197921,0.497
14.7666668867071,0.502
14.7833335536222,0.513
14.8000002205372,0.516
14.8166668874522,0.523
14.8333335543672,0.541
14.8500002212822,0.577
14.8666668881973,0.61
14.8833335551123,0.64
14.9000002220273,0.66
14.9166668889423,0.667
14.9333335558573,0.66
14.9500002227724,0.646
14.9666668896874,0.621
14.9833335566024,0.58
15.0000002235174,0.543
15.0166668904324,0.531
15.0333335573475,0.531
15.0500002242625,0.526
15.0666668911775,0.532
15.0833335580925,0.525
15.1000002250075,0.503
15.1166668919226,0.468
15.1333335588376,0.447
15.1500002257526,0.418
15.1666668926676,0.43
15.1833335595826,0.455
15.2000002264977,0.459
15.2166668934127,0.438
15.2333335603277,0.435
15.2500002272427,0.41
15.2666668941577,0.367
15.2833335610727,0.368
15.3000002279878,0.38
15.3166668949028,0.393
15.3333335618178,0.44
15.3500002287328,0.481
15.3666668956478,0.476
15.3833335625629,0.461
15.4000002294779,0.412
15.4166668963929,0.323
15.4333335633079,0.252
15.4500002302229,0.223
15.466666897138,0.214
15.483333564053,0.228
15.500000230968,0.272
15.516666897883,0.302
15.533333564798,0.3
15.5500002317131,0.304
15.5666668986281,0.294
15.5833335655431,0.285
15.6000002324581,0.27
15.6166668993731,0.266
15.6333335662882,0.232
15.6500002332032,0.224
15.6666669001182,0.19
15.6833335670332,0.175
15.7000002339482,0.141
15.7166669008633,0.131
15.7333335677783,0.151
15.7500002346933,0.147
15.7666669016083,0.175
15.7833335685233,0.214
15.8000002354383,0.255
15.8166669023534,0.246
15.8333335692684,0.308
15.8500002361834,0.314
15.8666669030984,0.306
15.8833335700134,0.285
15.9000002369285,0.318
15.9166669038435,0.308
15.9333335707585,0.289
15.9500002376735,0.324
15.9666669045885,0.369
15.9833335715036,0.398
16.0000002384186,0.428
16.0166669053336,0.438
16.0333335722486,0.426
16.0500002391636,0.421
16.0666669060787,0.401
16.0833335729937,0.383
16.1000002399087,0.408
16.1166669068237,0.459
16.1333335737387,0.476
