time_min,absorb_mau
0.0,0.0
0.0100000001490116,-0.002
0.0200000002980232,0.002
0.0300000004470348,0.009
0.0400000005960464,0.022
0.050000000745058,0.025
0.0600000008940696,0.013
0.0700000010430812,0.021
0.0800000011920929,0.039
0.0900000013411045,0.061
0.1000000014901161,0.069
0.1100000016391277,0.037
0.1200000017881393,0.01
0.1300000019371509,-0.015
0.1400000020861625,0.159
0.1500000022351741,0.36
0.1600000023841858,0.58
0.1700000025331974,0.782
0.180000002682209,0.97
0.1900000028312206,1.16
0.2000000029802322,1.347
0.2100000031292438,1.493
0.2200000032782554,1.539
0.2300000034272671,1.454
0.2400000035762786,1.315
0.2500000037252903,1.159
0.2600000038743019,1.03
0.2700000040233135,0.914
0.2800000041723251,0.82
0.2900000043213367,0.739
0.3000000044703483,0.665
0.31000000461936,0.622
0.3200000047683716,0.58
0.3300000049173832,0.54
0.3400000050663948,0.493
0.3500000052154064,0.444
0.360000005364418,0.413
0.3700000055134296,0.397
0.3800000056624412,0.414
0.3900000058114529,0.423
0.4000000059604645,0.429
0.4100000061094761,0.457
0.4200000062584877,0.489
0.4300000064074993,0.536
0.4400000065565109,0.602
0.4500000067055225,0.683
0.4600000068545342,0.787
0.4700000070035457,0.927
0.4800000071525573,1.164
0.490000007301569,1.558
0.5000000074505806,2.073
0.5100000075995922,3.002
0.5200000077486039,4.069
0.5300000078976155,5.666
0.5400000080466271,7.714
0.5500000081956387,10.229
0.5600000083446502,13.584
0.570000008493662,17.116
0.5800000086426735,21.564
0.5900000087916851,26.661
0.6000000089406967,32.534
0.6100000090897083,39.138
0.62000000923872,45.861
0.6300000093877316,54.229
0.6400000095367432,63.126
0.6500000096857548,72.662
0.6600000098347664,83.552
0.6700000099837781,94.868
0.6800000101327897,106.754
0.6900000102818012,118.953
0.7000000104308128,131.169
0.7100000105798244,143.037
0.7200000107288361,154.46
0.7300000108778477,164.36
0.7400000110268593,173.486
0.7500000111758709,180.682
0.7600000113248825,186.355
0.7700000114738942,190.897
0.7800000116229058,192.974
0.7900000117719174,194.251
0.800000011920929,193.769
0.8100000120699405,192.138
0.8200000122189522,189.666
0.8300000123679638,185.921
0.8400000125169754,181.784
0.850000012665987,176.941
0.8600000128149986,171.721
0.8700000129640103,166.364
0.8800000131130219,160.628
0.8900000132620335,154.839
0.9000000134110451,149.17
0.9100000135600568,143.4
0.9200000137090684,137.787
0.93000001385808,132.21
0.9400000140070917,126.715
0.9500000141561032,121.605
0.9600000143051148,116.505
0.9700000144541264,111.7
0.980000014603138,107.019
0.9900000147521496,102.441
1.0000000149011612,98.268
1.010000015050173,94.121
1.0200000151991844,90.268
1.030000015348196,86.486
1.0400000154972078,82.819
1.0500000156462193,79.369
1.060000015795231,75.969
1.0700000159442424,72.802
1.080000016093254,69.689
1.0900000162422658,66.712
1.100000016391277,63.832
1.110000016540289,60.99
1.1200000166893005,58.315
1.1300000168383122,55.661
1.140000016987324,53.134
1.1500000171363354,50.567
1.160000017285347,48.027
1.1700000174343586,45.643
1.1800000175833705,43.281
1.190000017732382,41.034
1.2000000178813934,38.862
1.2100000180304051,36.746
1.2200000181794166,34.847
1.2300000183284283,32.978
1.24000001847744,31.237
1.2500000186264515,29.576
1.2600000187754632,27.968
1.270000018924475,26.524
1.2800000190734864,25.097
1.290000019222498,23.767
1.3000000193715096,22.48
1.3100000195205213,21.229
1.3200000196695327,20.156
1.3300000198185444,19.091
1.340000019967556,18.101
1.3500000201165676,17.128
1.360000020265579,16.185
1.3700000204145908,15.381
1.3800000205636025,14.584
1.3900000207126142,13.845
1.4000000208616257,13.117
1.4100000210106374,12.419
1.4200000211596489,11.811
1.4300000213086606,11.22
1.4400000214576725,10.687
1.4500000216066835,10.145
1.4600000217556954,9.614
1.470000021904707,9.15
1.4800000220537186,8.704
1.4900000222027303,8.296
1.5000000223517418,7.896
1.5100000225007535,7.514
1.520000022649765,7.156
1.530000022798777,6.811
1.5400000229477884,6.511
1.5500000230968,6.204
1.5600000232458116,5.904
1.570000023394823,5.625
1.5800000235438347,5.358
1.5900000236928464,5.119
1.600000023841858,4.893
1.6100000239908696,4.692
1.620000024139881,4.471
1.6300000242888928,4.249
1.6400000244379045,4.06
1.650000024586916,3.876
1.6600000247359277,3.708
1.6700000248849391,3.542
1.6800000250339509,3.378
1.6900000251829626,3.213
1.700000025331974,3.064
1.7100000254809855,2.953
1.7200000256299972,2.843
1.730000025779009,2.737
1.7400000259280206,2.64
1.750000026077032,2.546
1.7600000262260438,2.464
1.7700000263750553,2.384
1.780000026524067,2.31
1.790000026673079,2.231
1.80000002682209,2.149
1.8100000269711016,2.081
1.820000027120113,2.006
1.830000027269125,1.933
1.8400000274181367,1.859
1.850000027567148,1.789
1.86000002771616,1.718
1.8700000278651716,1.654
1.880000028014183,1.595
1.8900000281631948,1.535
1.9000000283122065,1.479
1.910000028461218,1.431
1.9200000286102292,1.392
1.9300000287592407,1.361
1.9400000289082528,1.327
1.9500000290572643,1.294
1.960000029206276,1.255
1.9700000293552875,1.225
1.9800000295042992,1.209
1.990000029653311,1.184
2.0000000298023224,1.152
2.010000029951334,1.097
2.020000030100346,1.048
2.030000030249357,1.02
2.0400000303983687,1.004
2.0500000305473804,0.992
2.060000030696392,0.964
2.070000030845404,0.947
2.0800000309944155,0.95
2.090000031143427,0.948
2.1000000312924385,0.947
2.11000003144145,0.928
2.120000031590462,0.901
2.1300000317394736,0.861
2.140000031888485,0.824
2.150000032037497,0.792
2.1600000321865083,0.753
2.17000003233552,0.71
2.180000032484532,0.672
2.190000032633543,0.645
2.200000032782554,0.626
2.2100000329315663,0.59
2.220000033080578,0.554
2.2300000332295897,0.526
2.240000033378601,0.494
2.2500000335276127,0.463
2.2600000336766244,0.444
2.270000033825636,0.428
2.280000033974648,0.404
2.290000034123659,0.4
2.3000000342726707,0.423
2.3100000344216824,0.435
2.320000034570694,0.444
2.330000034719706,0.448
2.340000034868717,0.455
2.350000035017729,0.465
2.3600000351667405,0.477
2.370000035315752,0.488
2.380000035464764,0.467
2.390000035613775,0.454
2.400000035762787,0.456
2.4100000359117986,0.463
2.4200000360608103,0.471
2.430000036209822,0.487
2.440000036358833,0.5
2.450000036507845,0.509
2.4600000366568566,0.518
2.4700000368058683,0.53
2.48000003695488,0.529
2.4900000371038917,0.525
2.500000037252903,0.516
2.5100000374019147,0.503
2.5200000375509264,0.483
2.530000037699938,0.472
2.5400000378489493,0.464
2.550000037997961,0.46
2.5600000381469727,0.454
2.5700000382959844,0.447
2.580000038444996,0.461
2.5900000385940074,0.477
2.600000038743019,0.487
2.610000038892031,0.493
2.6200000390410425,0.494
2.630000039190054,0.485
2.640000039339065,0.478
2.650000039488077,0.495
2.660000039637089,0.499
2.670000039786101,0.481
2.6800000399351123,0.458
2.6900000400841235,0.435
2.7000000402331352,0.427
2.710000040382147,0.431
2.720000040531158,0.454
2.7300000406801703,0.453
2.7400000408291816,0.437
2.7500000409781933,0.431
2.760000041127205,0.429
2.7700000412762167,0.44
2.7800000414252284,0.447
2.79000004157424,0.451
2.800000041723252,0.442
2.810000041872263,0.432
2.8200000420212747,0.434
2.8300000421702864,0.441
2.8400000423192977,0.452
2.8500000424683094,0.455
2.860000042617321,0.454
2.870000042766333,0.439
2.8800000429153445,0.436
2.890000043064356,0.441
2.9000000432133675,0.44
2.910000043362379,0.441
2.920000043511391,0.458
2.9300000436604026,0.471
2.940000043809414,0.485
2.950000043958425,0.494
2.960000044107437,0.503
2.970000044256449,0.505
2.9800000444054606,0.505
2.990000044554472,0.507
3.000000044703484,0.504
3.0100000448524957,0.497
3.020000045001507,0.506
3.0300000451505187,0.518
3.04000004529953,0.536
3.0500000454485416,0.545
3.0600000455975533,0.548
3.070000045746565,0.556
3.0800000458955767,0.561
3.090000046044588,0.555
3.1000000461936,0.549
3.1100000463426114,0.541
3.120000046491623,0.534
3.130000046640635,0.521
3.140000046789646,0.499
3.1500000469386578,0.473
3.160000047087669,0.446
3.170000047236681,0.428
3.180000047385693,0.406
3.190000047534704,0.374
3.200000047683716,0.342
3.2100000478327275,0.312
3.220000047981739,0.307
3.230000048130751,0.305
3.240000048279762,0.304
3.250000048428774,0.299
3.2600000485777856,0.289
3.2700000487267973,0.287
3.280000048875809,0.291
3.29000004902482,0.31
3.300000049173832,0.314
3.310000049322844,0.299
3.320000049471856,0.302
3.330000049620867,0.31
3.3400000497698783,0.328
3.35000004991889,0.343
3.3600000500679017,0.356
3.3700000502169134,0.357
3.380000050365925,0.355
3.3900000505149364,0.389
3.400000050663948,0.409
3.41000005081296,0.4
3.4200000509619715,0.384
3.430000051110983,0.364
3.4400000512599944,0.349
3.450000051409006,0.34
3.460000051558018,0.345
3.470000051707029,0.355
3.480000051856041,0.366
3.4900000520050525,0.392
3.500000052154064,0.418
3.510000052303076,0.437
3.520000052452088,0.456
3.5300000526010997,0.475
3.5400000527501105,0.5
3.5500000528991222,0.515
3.560000053048134,0.493
3.5700000531971456,0.472
3.5800000533461573,0.454
3.5900000534951686,0.46
3.6000000536441803,0.47
3.610000053793192,0.475
3.620000053942204,0.465
3.630000054091216,0.436
3.640000054240226,0.418
3.6500000543892384,0.407
3.66000005453825,0.398
3.6700000546872618,0.389
3.6800000548362735,0.377
3.6900000549852847,0.366
3.700000055134296,0.356
3.710000055283308,0.351
3.72000005543232,0.35
3.730000055581332,0.356
3.740000055730343,0.352
3.7500000558793545,0.344
3.760000056028366,0.332
3.770000056177378,0.32
3.7800000563263896,0.308
3.790000056475401,0.305
3.800000056624413,0.305
3.810000056773424,0.295
3.820000056922436,0.284
3.830000057071448,0.284
3.840000057220459,0.276
3.850000057369471,0.263
3.8600000575184814,0.274
3.870000057667494,0.287
3.8800000578165057,0.284
3.890000057965517,0.286
3.9000000581145287,0.293
3.910000058263541,0.319
3.920000058412552,0.352
3.930000058561564,0.393
3.940000058710575,0.424
3.9500000588595863,0.438
3.9600000590085984,0.448
3.97000005915761,0.459
3.980000059306622,0.472
3.990000059455633,0.477
4.000000059604645,0.465
4.010000059753657,0.446
4.020000059902668,0.423
4.030000060051679,0.392
4.040000060200692,0.365
4.050000060349703,0.349
4.060000060498715,0.332
4.070000060647726,0.313
4.0800000607967375,0.304
4.09000006094575,0.293
4.100000061094761,0.279
4.110000061243773,0.282
4.120000061392784,0.297
4.130000061541796,0.291
4.140000061690808,0.286
4.150000061839819,0.286
4.160000061988831,0.281
4.170000062137842,0.275
4.180000062286854,0.276
4.190000062435866,0.274
4.200000062584877,0.254
4.210000062733889,0.245
4.2200000628829,0.249
4.230000063031912,0.236
4.240000063180924,0.221
4.250000063329935,0.219
4.260000063478947,0.213
4.270000063627959,0.202
4.28000006377697,0.208
4.290000063925982,0.219
4.300000064074993,0.223
4.310000064224005,0.236
4.3200000643730165,0.264
4.330000064522028,0.27
4.34000006467104,0.27
4.350000064820051,0.283
4.360000064969063,0.295
4.370000065118075,0.299
4.380000065267086,0.304
4.390000065416098,0.312
4.400000065565109,0.322
4.410000065714121,0.33
4.420000065863133,0.341
4.430000066012144,0.36
4.440000066161156,0.382
4.450000066310167,0.423
4.46000006645918,0.462
4.470000066608191,0.492
4.480000066757202,0.513
4.490000066906214,0.526
4.500000067055225,0.542
4.5100000672042375,0.552
4.520000067353249,0.542
4.53000006750226,0.526
4.540000067651272,0.501
4.550000067800283,0.479
4.560000067949296,0.461
4.570000068098307,0.446
4.580000068247318,0.434
4.59000006839633,0.427
4.6000000685453415,0.429
4.610000068694354,0.434
4.620000068843365,0.434
4.630000068992376,0.432
4.640000069141388,0.429
4.6500000692904,0.431
4.660000069439412,0.432
4.670000069588423,0.432
4.680000069737434,0.435
4.690000069886446,0.445
4.700000070035458,0.451
4.71000007018447,0.455
4.720000070333481,0.455
4.730000070482492,0.459
4.740000070631504,0.464
4.750000070780516,0.474
4.760000070929528,0.486
4.770000071078539,0.493
4.78000007122755,0.496
4.7900000713765625,0.501
4.800000071525574,0.499
4.810000071674586,0.496
4.820000071823597,0.49
4.830000071972608,0.48
4.8400000721216205,0.468
4.850000072270632,0.44
4.860000072419644,0.404
4.870000072568655,0.372
4.880000072717666,0.348
4.890000072866679,0.358
4.90000007301569,0.353
4.910000073164702,0.335
4.920000073313713,0.319
4.9300000734627245,0.312
4.940000073611737,0.34
4.950000073760748,0.36
4.96000007390976,0.368
4.970000074058771,0.37
4.980000074207783,0.368
4.990000074356795,0.394
5.000000074505806,0.409
5.010000074654818,0.414
5.020000074803829,0.389
5.030000074952841,0.354
5.040000075101853,0.359
5.050000075250864,0.354
5.060000075399876,0.329
5.070000075548887,0.297
5.080000075697899,0.263
5.090000075846911,0.243
5.100000075995922,0.232
5.110000076144934,0.234
5.1200000762939455,0.225
5.130000076442957,0.209
5.140000076591969,0.23
5.15000007674098,0.249
5.160000076889992,0.255
5.170000077039004,0.276
5.180000077188015,0.306
5.190000077337027,0.324
5.200000077486038,0.344
5.21000007763505,0.369
5.220000077784062,0.378
5.230000077933073,0.37
5.240000078082085,0.375
5.250000078231096,0.384
5.260000078380108,0.383
5.27000007852912,0.379
5.280000078678131,0.375
5.290000078827143,0.364
5.300000078976154,0.35
5.310000079125167,0.364
5.320000079274178,0.369
5.330000079423189,0.368
5.340000079572201,0.363
5.350000079721212,0.357
5.3600000798702245,0.359
5.370000080019236,0.368
5.380000080168247,0.385
5.390000080317259,0.378
5.4000000804662704,0.362
5.410000080615283,0.357
5.420000080764294,0.356
5.430000080913305,0.355
5.440000081062317,0.34
5.4500000812113285,0.319
5.460000081360341,0.315
5.470000081509352,0.314
5.480000081658363,0.325
5.490000081807375,0.326
5.500000081956387,0.318
5.510000082105399,0.309
5.52000008225441,0.307
5.530000082403421,0.336
5.540000082552433,0.345
5.550000082701445,0.334
5.560000082850457,0.316
5.570000082999468,0.303
5.580000083148479,0.307
5.590000083297491,0.309
5.600000083446503,0.308
5.610000083595515,0.296
5.620000083744526,0.28
5.630000083893537,0.279
5.6400000840425495,0.272
5.650000084191561,0.261
5.660000084340573,0.257
5.670000084489584,0.254
5.680000084638595,0.262
5.690000084787608,0.273
5.700000084936619,0.289
5.710000085085631,0.308
5.720000085234642,0.327
5.7300000853836535,0.373
5.740000085532666,0.413
5.750000085681677,0.438
5.760000085830689,0.443
5.7700000859797,0.439
5.780000086128712,0.441
5.790000086277724,0.443
5.800000086426735,0.442
5.810000086575747,0.424
5.820000086724758,0.393
5.83000008687377,0.377
5.840000087022782,0.371
5.850000087171793,0.394
5.860000087320805,0.407
5.870000087469816,0.411
5.880000087618828,0.412
5.89000008776784,0.413
5.900000087916851,0.427
5.910000088065863,0.445
5.920000088214874,0.461
5.930000088363886,0.453
5.940000088512898,0.44
5.950000088661909,0.441
5.960000088810921,0.455
5.9700000889599325,0.487
5.980000089108944,0.502
5.990000089257956,0.513
6.000000089406967,0.508
6.010000089555979,0.506
6.020000089704991,0.511
6.030000089854002,0.511
6.040000090003014,0.507
6.050000090152025,0.482
6.060000090301037,0.452
6.070000090450049,0.428
6.08000009059906,0.41
6.090000090748072,0.396
6.100000090897083,0.384
6.110000091046095,0.376
6.120000091195107,0.374
6.130000091344118,0.364
6.14000009149313,0.348
6.150000091642141,0.343
6.1600000917911535,0.341
6.170000091940165,0.333
6.180000092089176,0.327
6.190000092238188,0.322
6.200000092387199,0.308
6.210000092536212,0.292
6.220000092685223,0.283
6.230000092834234,0.272
6.240000092983246,0.261
6.2500000931322575,0.25
6.26000009328127,0.242
6.270000093430281,0.235
6.280000093579292,0.226
6.290000093728304,0.213
6.300000093877316,0.201
6.310000094026328,0.192
6.320000094175339,0.198
6.33000009432435,0.2
6.340000094473362,0.196
6.350000094622374,0.191
6.360000094771386,0.185
6.370000094920397,0.19
6.380000095069408,0.202
6.39000009521842,0.224
6.400000095367432,0.235
6.410000095516444,0.239
6.420000095665455,0.233
6.430000095814466,0.231
6.440000095963478,0.233
6.45000009611249,0.257
6.460000096261502,0.293
6.470000096410513,0.296
6.480000096559524,0.301
6.4900000967085365,0.323
6.500000096857548,0.35
6.51000009700656,0.386
6.520000097155571,0.418
6.530000097304582,0.444
6.540000097453595,0.439
6.550000097602606,0.448
6.560000097751618,0.471
6.570000097900629,0.454
6.5800000980496405,0.437
6.590000098198653,0.437
6.600000098347664,0.431
6.610000098496676,0.417
6.620000098645687,0.407
6.6300000987946985,0.399
6.640000098943711,0.377
6.650000099092722,0.365
6.660000099241734,0.375
6.670000099390745,0.369
6.680000099539757,0.355
6.690000099688769,0.357
6.70000009983778,0.358
6.710000099986792,0.358
6.720000100135803,0.357
6.730000100284815,0.355
6.740000100433827,0.362
6.750000100582838,0.363
6.76000010073185,0.356
6.7700001008808615,0.358
6.780000101029873,0.365
6.790000101178885,0.359
6.800000101327896,0.353
6.810000101476908,0.348
6.82000010162592,0.345
6.830000101774931,0.341
6.840000101923943,0.339
6.850000102072954,0.336
6.860000102221966,0.328
6.870000102370978,0.323
6.880000102519989,0.324
6.890000102669001,0.326
6.900000102818012,0.328
6.910000102967024,0.327
6.920000103116036,0.327
6.930000103265047,0.331
6.940000103414059,0.33
6.95000010356307,0.329
6.960000103712082,0.336
6.970000103861094,0.341
6.980000104010105,0.342
6.990000104159117,0.335
7.000000104308128,0.325
7.0100001044571405,0.324
7.020000104606152,0.321
7.030000104755163,0.313
7.040000104904175,0.295
7.050000105053186,0.273
7.060000105202199,0.275
7.07000010535121,0.282
7.080000105500221,0.305
7.090000105649233,0.316
7.1000001057982445,0.32
7.110000105947257,0.315
7.120000106096268,0.318
7.130000106245279,0.337
7.140000106394291,0.334
7.150000106543303,0.315
7.160000106692315,0.312
7.170000106841326,0.309
7.180000106990337,0.312
7.190000107139349,0.309
7.200000107288361,0.304
7.210000107437373,0.301
7.220000107586384,0.302
7.230000107735395,0.327
7.240000107884407,0.339
7.250000108033419,0.331
7.260000108182431,0.335
7.270000108331442,0.338
7.280000108480453,0.351
7.2900001086294655,0.367
7.300000108778477,0.383
7.310000108927489,0.382
7.3200001090765,0.378
7.330000109225511,0.397
7.3400001093745235,0.41
7.350000109523535,0.415
7.360000109672547,0.435
7.370000109821558,0.464
7.380000109970569,0.46
7.390000110119582,0.46
7.400000110268593,0.469
7.410000110417605,0.475
7.420000110566616,0.475
7.4300001107156275,0.485
7.44000011086464,0.492
7.450000111013651,0.486
7.460000111162663,0.482
7.470000111311674,0.482
7.480000111460685,0.493
7.490000111609698,0.498
7.500000111758709,0.486
7.510000111907721,0.485
7.520000112056732,0.492
7.530000112205744,0.503
7.540000112354756,0.513
7.550000112503767,0.523
7.560000112652779,0.533
7.57000011280179,0.541
7.580000112950802,0.548
7.590000113099814,0.558
7.600000113248825,0.557
7.610000113397837,0.556
7.620000113546848,0.555
7.63000011369586,0.56
7.640000113844872,0.567
7.650000113993883,0.563
7.660000114142895,0.56
7.670000114291906,0.563
7.680000114440918,0.55
7.69000011458993,0.533
7.700000114738941,0.551
7.710000114887953,0.566
7.720000115036965,0.575
7.730000115185976,0.573
7.740000115334988,0.566
7.750000115483999,0.58
7.760000115633011,0.596
7.770000115782023,0.624
7.780000115931034,0.629
7.790000116080046,0.616
7.800000116229057,0.62
7.810000116378069,0.627
7.820000116527081,0.647
7.830000116676092,0.656
7.840000116825104,0.655
7.850000116974115,0.651
7.860000117123127,0.647
7.870000117272139,0.646
7.88000011742115,0.639
7.890000117570162,0.627
7.900000117719173,0.611
7.910000117868186,0.598
7.920000118017197,0.592
7.930000118166208,0.58
7.94000011831522,0.562
7.950000118464231,0.554
7.960000118613244,0.549
7.970000118762255,0.553
7.980000118911266,0.555
7.990000119060278,0.554
8.00000011920929,0.557
