time_min,absorb_mau
0.0,0.036
0.0100000001490116,0.063
0.0200000002980232,0.087
0.0300000004470348,0.11
0.0400000005960464,0.123
0.050000000745058,0.131
0.0600000008940696,0.146
0.0700000010430812,0.157
0.0800000011920929,0.149
0.0900000013411045,0.141
0.1000000014901161,0.129
0.1100000016391277,0.084
0.1200000017881393,-0.377
0.1300000019371509,-0.419
0.1400000020861625,-0.453
0.1500000022351741,-0.454
0.1600000023841858,-0.44
0.1700000025331974,-0.366
0.180000002682209,-0.318
0.1900000028312206,-0.361
0.2000000029802322,-0.37
0.2100000031292438,-0.371
0.2200000032782554,-0.338
0.2300000034272671,-0.295
0.2400000035762786,-0.212
0.2500000037252903,-0.129
0.2600000038743019,-0.036
0.2700000040233135,0.053
0.2800000041723251,0.145
0.2900000043213367,0.243
0.3000000044703483,0.317
0.31000000461936,0.352
0.3200000047683716,0.362
0.3300000049173832,0.361
0.3400000050663948,0.34
0.3500000052154064,0.325
0.360000005364418,0.317
0.3700000055134296,0.294
0.3800000056624412,0.267
0.3900000058114529,0.259
0.4000000059604645,0.244
0.4100000061094761,0.219
0.4200000062584877,0.185
0.4300000064074993,0.151
0.4400000065565109,0.105
0.4500000067055225,0.068
0.4600000068545342,0.049
0.4700000070035457,0.036
0.4800000071525573,0.026
0.490000007301569,0.022
0.5000000074505806,0.016
0.5100000075995922,0.01
0.5200000077486039,0.016
0.5300000078976155,0.032
0.5400000080466271,0.031
0.5500000081956387,0.026
0.5600000083446502,0.021
0.570000008493662,0.02
0.5800000086426735,0.023
0.5900000087916851,0.036
0.6000000089406967,0.058
0.6100000090897083,0.08
0.62000000923872,0.172
0.6300000093877316,0.328
0.6400000095367432,0.969
0.6500000096857548,1.972
0.6600000098347664,4.606
0.6700000099837781,9.278
0.6800000101327897,16.3
0.6900000102818012,29.41
0.7000000104308128,45.216
0.7100000105798244,70.628
0.7200000107288361,101.068
0.7300000108778477,138.464
0.7400000110268593,184.771
0.7500000111758709,234.533
0.7600000113248825,290.445
0.7700000114738942,346.378
0.7800000116229058,400.36
0.7900000117719174,449.392
0.800000011920929,494.297
0.8100000120699405,523.457
0.8200000122189522,545.917
0.8300000123679638,551.831
0.8400000125169754,546.419
0.850000012665987,532.441
0.8600000128149986,504.569
0.8700000129640103,472.923
0.8800000131130219,434.343
0.8900000132620335,394.43
0.9000000134110451,354.489
0.9100000135600568,316.569
0.9200000137090684,279.997
0.93000001385808,248.919
0.9400000140070917,220.161
0.9500000141561032,195.479
0.9600000143051148,174.57
0.9700000144541264,155.384
0.980000014603138,140.479
0.9900000147521496,126.674
1.0000000149011612,115.189
1.010000015050173,105.429
1.0200000151991844,96.532
1.030000015348196,89.611
1.0400000154972078,83.032
1.0500000156462193,77.473
1.060000015795231,72.586
1.0700000159442424,68.147
1.080000016093254,64.383
1.0900000162422658,60.761
1.100000016391277,57.445
1.110000016540289,54.493
1.1200000166893005,51.86
1.1300000168383122,49.514
1.140000016987324,47.323
1.1500000171363354,45.308
1.160000017285347,43.468
1.1700000174343586,41.807
1.1800000175833705,40.338
1.190000017732382,38.909
1.2000000178813934,37.634
1.2100000180304051,36.27
1.2200000181794166,34.88
1.2300000183284283,33.589
1.24000001847744,32.368
1.2500000186264515,31.163
1.2600000187754632,29.953
1.270000018924475,28.749
1.2800000190734864,27.65
1.290000019222498,26.623
1.3000000193715096,25.682
1.3100000195205213,24.793
1.3200000196695327,23.976
1.3300000198185444,23.169
1.340000019967556,22.382
1.3500000201165676,21.691
1.360000020265579,21.0
1.3700000204145908,20.351
1.3800000205636025,19.67
1.3900000207126142,18.993
1.4000000208616257,18.383
1.4100000210106374,17.771
1.4200000211596489,17.19
1.4300000213086606,16.585
1.4400000214576725,15.983
1.4500000216066835,15.418
1.4600000217556954,14.881
1.470000021904707,14.423
1.4800000220537186,13.951
1.4900000222027303,13.485
1.5000000223517418,13.046
1.5100000225007535,12.616
1.520000022649765,12.227
1.530000022798777,11.845
1.5400000229477884,11.485
1.5500000230968,11.112
1.5600000232458116,10.748
1.570000023394823,10.423
1.5800000235438347,10.105
1.5900000236928464,9.805
1.600000023841858,9.513
1.6100000239908696,9.219
1.620000024139881,8.918
1.6300000242888928,8.614
1.6400000244379045,8.321
1.650000024586916,8.023
1.6600000247359277,7.727
1.6700000248849391,7.445
1.6800000250339509,7.168
1.6900000251829626,6.911
1.700000025331974,6.693
1.7100000254809855,6.491
1.7200000256299972,6.304
1.730000025779009,6.122
1.7400000259280206,5.958
1.750000026077032,5.789
1.7600000262260438,5.622
1.7700000263750553,5.454
1.780000026524067,5.287
1.790000026673079,5.126
1.80000002682209,4.97
1.8100000269711016,4.824
1.820000027120113,4.674
1.830000027269125,4.53
1.8400000274181367,4.407
1.850000027567148,4.284
1.86000002771616,4.167
1.8700000278651716,4.059
1.880000028014183,3.953
1.8900000281631948,3.856
1.9000000283122065,3.764
1.910000028461218,3.68
1.9200000286102292,3.594
1.9300000287592407,3.506
1.9400000289082528,3.426
1.9500000290572643,3.346
1.960000029206276,3.27
1.9700000293552875,3.192
1.9800000295042992,3.114
1.990000029653311,3.038
2.0000000298023224,2.968
2.010000029951334,2.906
2.020000030100346,2.84
2.030000030249357,2.78
2.0400000303983687,2.73
2.0500000305473804,2.679
2.060000030696392,2.631
2.070000030845404,2.59
2.0800000309944155,2.55
2.090000031143427,2.495
2.1000000312924385,2.441
2.11000003144145,2.397
2.120000031590462,2.347
2.1300000317394736,2.293
2.140000031888485,2.242
2.150000032037497,2.19
2.1600000321865083,2.135
2.17000003233552,2.095
2.180000032484532,2.067
2.190000032633543,2.032
2.200000032782554,2.002
2.2100000329315663,1.979
2.220000033080578,1.952
2.2300000332295897,1.924
2.240000033378601,1.903
2.2500000335276127,1.881
2.2600000336766244,1.848
2.270000033825636,1.824
2.280000033974648,1.81
2.290000034123659,1.793
2.3000000342726707,1.779
2.3100000344216824,1.806
2.320000034570694,1.83
2.330000034719706,1.852
2.340000034868717,1.861
2.350000035017729,1.871
2.3600000351667405,1.885
2.370000035315752,1.893
2.380000035464764,1.892
2.390000035613775,1.862
2.400000035762787,1.823
2.4100000359117986,1.793
2.4200000360608103,1.769
2.430000036209822,1.757
2.440000036358833,1.732
2.450000036507845,1.702
2.4600000366568566,1.683
2.4700000368058683,1.663
2.48000003695488,1.646
2.4900000371038917,1.632
2.500000037252903,1.618
2.5100000374019147,1.596
2.5200000375509264,1.579
2.530000037699938,1.569
2.5400000378489493,1.55
2.550000037997961,1.524
2.5600000381469727,1.512
2.5700000382959844,1.495
2.580000038444996,1.465
2.5900000385940074,1.45
2.600000038743019,1.446
2.610000038892031,1.423
2.6200000390410425,1.399
2.630000039190054,1.38
2.640000039339065,1.367
2.650000039488077,1.357
2.660000039637089,1.354
2.670000039786101,1.353
2.6800000399351123,1.329
2.6900000400841235,1.313
2.7000000402331352,1.307
2.710000040382147,1.295
2.720000040531158,1.281
2.7300000406801703,1.257
2.7400000408291816,1.236
2.7500000409781933,1.217
2.760000041127205,1.204
2.7700000412762167,1.19
2.7800000414252284,1.168
2.79000004157424,1.151
2.800000041723252,1.149
2.810000041872263,1.14
2.8200000420212747,1.131
2.8300000421702864,1.122
2.8400000423192977,1.111
2.8500000424683094,1.095
2.860000042617321,1.092
2.870000042766333,1.095
2.8800000429153445,1.088
2.890000043064356,1.084
2.9000000432133675,1.088
2.910000043362379,1.085
2.920000043511391,1.077
2.9300000436604026,1.085
2.940000043809414,1.091
2.950000043958425,1.083
2.960000044107437,1.087
2.970000044256449,1.103
2.9800000444054606,1.104
2.990000044554472,1.098
3.000000044703484,1.088
3.0100000448524957,1.085
3.020000045001507,1.086
3.0300000451505187,1.077
3.04000004529953,1.067
3.0500000454485416,1.038
3.0600000455975533,1.018
3.070000045746565,1.006
3.0800000458955767,1.0
3.090000046044588,1.0
3.1000000461936,0.98
3.1100000463426114,0.966
3.120000046491623,0.97
3.130000046640635,0.968
3.140000046789646,0.965
3.1500000469386578,0.968
3.160000047087669,0.971
3.170000047236681,0.976
3.180000047385693,0.977
3.190000047534704,0.977
3.200000047683716,0.984
3.2100000478327275,0.989
3.220000047981739,0.992
3.230000048130751,0.998
3.240000048279762,1.003
3.250000048428774,0.995
3.2600000485777856,0.987
3.2700000487267973,0.982
3.280000048875809,0.969
3.29000004902482,0.95
3.300000049173832,0.935
3.310000049322844,0.921
3.320000049471856,0.9
3.330000049620867,0.887
3.3400000497698783,0.883
3.35000004991889,0.866
3.3600000500679017,0.849
3.3700000502169134,0.844
3.380000050365925,0.838
3.3900000505149364,0.833
3.400000050663948,0.821
3.41000005081296,0.807
3.4200000509619715,0.801
3.430000051110983,0.791
3.4400000512599944,0.782
3.450000051409006,0.781
3.460000051558018,0.78
3.470000051707029,0.787
3.480000051856041,0.795
3.4900000520050525,0.808
3.500000052154064,0.814
3.510000052303076,0.818
3.520000052452088,0.829
3.5300000526010997,0.839
3.5400000527501105,0.843
3.5500000528991222,0.826
3.560000053048134,0.798
3.5700000531971456,0.776
3.5800000533461573,0.762
3.5900000534951686,0.77
3.6000000536441803,0.768
3.610000053793192,0.761
3.620000053942204,0.739
3.630000054091216,0.722
3.640000054240226,0.733
3.6500000543892384,0.753
3.66000005453825,0.776
3.6700000546872618,0.767
3.6800000548362735,0.754
3.6900000549852847,0.765
3.700000055134296,0.772
3.710000055283308,0.779
3.72000005543232,0.77
3.730000055581332,0.758
3.740000055730343,0.737
3.7500000558793545,0.717
3.760000056028366,0.704
3.770000056177378,0.694
3.7800000563263896,0.681
3.790000056475401,0.662
3.800000056624413,0.646
3.810000056773424,0.638
3.820000056922436,0.626
3.830000057071448,0.613
3.840000057220459,0.612
3.850000057369471,0.607
3.8600000575184814,0.591
3.870000057667494,0.593
3.8800000578165057,0.606
3.890000057965517,0.621
3.9000000581145287,0.633
3.910000058263541,0.639
3.920000058412552,0.649
3.930000058561564,0.662
3.940000058710575,0.654
3.9500000588595863,0.648
3.9600000590085984,0.643
3.97000005915761,0.633
3.980000059306622,0.62
3.990000059455633,0.622
4.000000059604645,0.622
4.010000059753657,0.602
4.020000059902668,0.592
4.030000060051679,0.595
4.040000060200692,0.589
4.050000060349703,0.578
4.060000060498715,0.572
4.070000060647726,0.572
4.0800000607967375,0.575
4.09000006094575,0.583
4.100000061094761,0.595
4.110000061243773,0.608
4.120000061392784,0.616
4.130000061541796,0.617
4.140000061690808,0.627
4.150000061839819,0.639
4.160000061988831,0.63
4.170000062137842,0.62
4.180000062286854,0.609
4.190000062435866,0.59
4.200000062584877,0.566
4.210000062733889,0.566
4.2200000628829,0.564
4.230000063031912,0.549
4.240000063180924,0.535
4.250000063329935,0.521
4.260000063478947,0.51
4.270000063627959,0.505
4.28000006377697,0.514
4.290000063925982,0.515
4.300000064074993,0.509
4.310000064224005,0.512
4.3200000643730165,0.517
4.330000064522028,0.522
4.34000006467104,0.531
4.350000064820051,0.545
4.360000064969063,0.557
4.370000065118075,0.567
4.380000065267086,0.576
4.390000065416098,0.587
4.400000065565109,0.599
4.410000065714121,0.616
4.420000065863133,0.631
4.430000066012144,0.639
4.440000066161156,0.646
4.450000066310167,0.655
4.46000006645918,0.68
4.470000066608191,0.711
4.480000066757202,0.71
4.490000066906214,0.709
4.500000067055225,0.705
4.5100000672042375,0.713
4.520000067353249,0.726
4.53000006750226,0.739
4.540000067651272,0.745
4.550000067800283,0.736
4.560000067949296,0.75
4.570000068098307,0.78
4.580000068247318,0.817
4.59000006839633,0.851
4.6000000685453415,0.873
4.610000068694354,0.888
4.620000068843365,0.896
4.630000068992376,0.913
4.640000069141388,0.927
4.6500000692904,0.929
4.660000069439412,0.914
4.670000069588423,0.884
4.680000069737434,0.859
4.690000069886446,0.837
4.700000070035458,0.834
4.71000007018447,0.819
4.720000070333481,0.792
4.730000070482492,0.767
4.740000070631504,0.743
4.750000070780516,0.743
4.760000070929528,0.745
4.770000071078539,0.751
4.78000007122755,0.757
4.7900000713765625,0.759
4.800000071525574,0.767
4.810000071674586,0.772
4.820000071823597,0.773
4.830000071972608,0.771
4.8400000721216205,0.767
4.850000072270632,0.762
4.860000072419644,0.751
4.870000072568655,0.729
4.880000072717666,0.709
4.890000072866679,0.693
4.90000007301569,0.694
4.910000073164702,0.692
4.920000073313713,0.686
4.9300000734627245,0.681
4.940000073611737,0.677
4.950000073760748,0.665
4.96000007390976,0.66
4.970000074058771,0.67
4.980000074207783,0.667
4.990000074356795,0.652
5.000000074505806,0.638
5.010000074654818,0.625
5.020000074803829,0.612
5.030000074952841,0.6
5.040000075101853,0.595
5.050000075250864,0.58
5.060000075399876,0.558
5.070000075548887,0.539
5.080000075697899,0.528
5.090000075846911,0.528
5.100000075995922,0.523
5.110000076144934,0.515
5.1200000762939455,0.498
5.130000076442957,0.49
5.140000076591969,0.494
5.15000007674098,0.499
5.160000076889992,0.507
5.170000077039004,0.517
5.180000077188015,0.527
5.190000077337027,0.539
5.200000077486038,0.559
5.21000007763505,0.585
5.220000077784062,0.596
5.230000077933073,0.603
5.240000078082085,0.61
5.250000078231096,0.622
5.260000078380108,0.635
5.27000007852912,0.635
5.280000078678131,0.636
5.290000078827143,0.635
5.300000078976154,0.632
5.310000079125167,0.624
5.320000079274178,0.62
5.330000079423189,0.615
5.340000079572201,0.595
5.350000079721212,0.584
5.3600000798702245,0.582
5.370000080019236,0.573
5.380000080168247,0.562
5.390000080317259,0.554
5.4000000804662704,0.555
5.410000080615283,0.569
5.420000080764294,0.594
5.430000080913305,0.618
5.440000081062317,0.618
5.4500000812113285,0.611
5.460000081360341,0.599
5.470000081509352,0.594
5.480000081658363,0.591
5.490000081807375,0.566
5.500000081956387,0.54
5.510000082105399,0.505
5.52000008225441,0.485
5.530000082403421,0.473
5.540000082552433,0.477
5.550000082701445,0.479
5.560000082850457,0.475
5.570000082999468,0.471
5.580000083148479,0.467
5.590000083297491,0.475
5.600000083446503,0.482
5.610000083595515,0.48
5.620000083744526,0.471
5.630000083893537,0.458
5.6400000840425495,0.449
5.650000084191561,0.444
5.660000084340573,0.448
5.670000084489584,0.447
5.680000084638595,0.439
5.690000084787608,0.439
5.700000084936619,0.445
5.710000085085631,0.467
5.720000085234642,0.488
5.7300000853836535,0.504
5.740000085532666,0.52
5.750000085681677,0.534
5.760000085830689,0.547
5.7700000859797,0.554
5.780000086128712,0.553
5.790000086277724,0.549
5.800000086426735,0.545
5.810000086575747,0.538
5.820000086724758,0.535
5.83000008687377,0.534
5.840000087022782,0.526
5.850000087171793,0.515
5.860000087320805,0.509
5.870000087469816,0.499
5.880000087618828,0.478
5.89000008776784,0.468
5.900000087916851,0.462
5.910000088065863,0.455
5.920000088214874,0.449
5.930000088363886,0.459
5.940000088512898,0.474
5.950000088661909,0.495
5.960000088810921,0.509
5.9700000889599325,0.529
5.980000089108944,0.553
5.990000089257956,0.563
6.000000089406967,0.559
6.010000089555979,0.549
6.020000089704991,0.537
6.030000089854002,0.519
6.040000090003014,0.503
6.050000090152025,0.494
6.060000090301037,0.473
6.070000090450049,0.448
6.08000009059906,0.424
6.090000090748072,0.405
6.100000090897083,0.388
6.110000091046095,0.369
6.120000091195107,0.348
6.130000091344118,0.336
6.14000009149313,0.322
6.150000091642141,0.305
6.1600000917911535,0.311
6.170000091940165,0.326
6.180000092089176,0.317
6.190000092238188,0.311
6.200000092387199,0.31
6.210000092536212,0.306
6.220000092685223,0.3
6.230000092834234,0.29
6.240000092983246,0.275
6.2500000931322575,0.248
6.26000009328127,0.235
6.270000093430281,0.232
6.280000093579292,0.227
6.290000093728304,0.229
6.300000093877316,0.248
6.310000094026328,0.26
6.320000094175339,0.27
6.33000009432435,0.287
6.340000094473362,0.303
6.350000094622374,0.312
6.360000094771386,0.327
6.370000094920397,0.347
6.380000095069408,0.341
6.39000009521842,0.334
6.400000095367432,0.36
6.410000095516444,0.373
6.420000095665455,0.372
6.430000095814466,0.38
6.440000095963478,0.389
6.45000009611249,0.373
6.460000096261502,0.368
6.470000096410513,0.378
6.480000096559524,0.38
6.4900000967085365,0.375
6.500000096857548,0.393
6.51000009700656,0.405
6.520000097155571,0.405
6.530000097304582,0.404
6.540000097453595,0.405
6.550000097602606,0.395
6.560000097751618,0.38
6.570000097900629,0.357
6.5800000980496405,0.334
6.590000098198653,0.31
6.600000098347664,0.321
6.610000098496676,0.331
6.620000098645687,0.342
6.6300000987946985,0.353
6.640000098943711,0.364
6.650000099092722,0.379
6.660000099241734,0.398
6.670000099390745,0.42
6.680000099539757,0.421
6.690000099688769,0.402
6.70000009983778,0.388
6.710000099986792,0.377
6.720000100135803,0.368
6.730000100284815,0.359
6.740000100433827,0.352
6.750000100582838,0.334
6.76000010073185,0.316
6.7700001008808615,0.32
6.780000101029873,0.325
6.790000101178885,0.333
6.800000101327896,0.328
6.810000101476908,0.317
6.82000010162592,0.299
6.830000101774931,0.283
6.840000101923943,0.27
6.850000102072954,0.251
6.860000102221966,0.228
6.870000102370978,0.204
6.880000102519989,0.189
6.890000102669001,0.19
6.900000102818012,0.197
6.910000102967024,0.207
6.920000103116036,0.203
6.930000103265047,0.197
6.940000103414059,0.188
6.95000010356307,0.189
6.960000103712082,0.196
6.970000103861094,0.188
6.980000104010105,0.182
6.990000104159117,0.185
7.000000104308128,0.203
7.0100001044571405,0.232
7.020000104606152,0.263
7.030000104755163,0.294
7.040000104904175,0.311
7.050000105053186,0.339
7.060000105202199,0.375
7.07000010535121,0.409
7.080000105500221,0.437
7.090000105649233,0.444
7.1000001057982445,0.46
7.110000105947257,0.487
7.120000106096268,0.507
7.130000106245279,0.523
7.140000106394291,0.519
7.150000106543303,0.517
7.160000106692315,0.514
7.170000106841326,0.513
7.180000106990337,0.515
7.190000107139349,0.503
7.200000107288361,0.496
7.210000107437373,0.499
7.220000107586384,0.52
7.230000107735395,0.548
7.240000107884407,0.573
7.250000108033419,0.598
7.260000108182431,0.629
7.270000108331442,0.652
7.280000108480453,0.67
7.2900001086294655,0.688
7.300000108778477,0.705
7.310000108927489,0.712
7.3200001090765,0.72
7.330000109225511,0.728
7.3400001093745235,0.721
7.350000109523535,0.714
7.360000109672547,0.707
7.370000109821558,0.706
7.380000109970569,0.709
7.390000110119582,0.701
7.400000110268593,0.691
7.410000110417605,0.669
7.420000110566616,0.649
7.4300001107156275,0.631
7.44000011086464,0.623
7.450000111013651,0.618
7.460000111162663,0.6
7.470000111311674,0.586
7.480000111460685,0.576
7.490000111609698,0.569
7.500000111758709,0.564
7.510000111907721,0.57
7.520000112056732,0.573
7.530000112205744,0.57
7.540000112354756,0.57
7.550000112503767,0.571
7.560000112652779,0.558
7.57000011280179,0.542
7.580000112950802,0.524
7.590000113099814,0.508
7.600000113248825,0.492
7.610000113397837,0.486
7.620000113546848,0.481
7.63000011369586,0.477
7.640000113844872,0.467
7.650000113993883,0.455
7.660000114142895,0.454
7.670000114291906,0.455
7.680000114440918,0.455
7.69000011458993,0.445
7.700000114738941,0.425
7.710000114887953,0.413
7.720000115036965,0.405
7.730000115185976,0.425
7.740000115334988,0.44
7.750000115483999,0.448
7.760000115633011,0.433
7.770000115782023,0.411
7.780000115931034,0.398
7.790000116080046,0.389
7.800000116229057,0.382
7.810000116378069,0.356
7.820000116527081,0.324
7.830000116676092,0.3
7.840000116825104,0.282
7.850000116974115,0.283
7.860000117123127,0.297
7.870000117272139,0.314
7.88000011742115,0.302
7.890000117570162,0.299
7.900000117719173,0.315
7.910000117868186,0.336
7.920000118017197,0.359
7.930000118166208,0.38
7.94000011831522,0.4
7.950000118464231,0.408
7.960000118613244,0.416
7.970000118762255,0.425
7.980000118911266,0.426
7.990000119060278,0.421
8.00000011920929,0.406
8.0100001193583,0.395
8.020000119507314,0.389
8.030000119656325,0.379
8.040000119805336,0.369
8.050000119954348,0.368
8.060000120103359,0.369
8.070000120252372,0.371
8.080000120401383,0.37
8.090000120550394,0.368
8.100000120699406,0.352
8.110000120848417,0.336
8.12000012099743,0.322
8.130000121146441,0.327
8.140000121295452,0.337
8.150000121444464,0.338
8.160000121593475,0.34
8.170000121742488,0.342
8.1800001218915,0.352
8.19000012204051,0.365
8.200000122189522,0.385
8.210000122338533,0.404
8.220000122487546,0.416
8.230000122636557,0.424
8.240000122785569,0.429
8.25000012293458,0.432
8.260000123083591,0.433
8.270000123232604,0.433
8.280000123381615,0.428
8.290000123530627,0.421
8.300000123679638,0.405
8.31000012382865,0.389
8.320000123977662,0.379
8.330000124126673,0.364
8.340000124275685,0.35
8.350000124424696,0.343
8.360000124573707,0.334
8.37000012472272,0.322
8.380000124871732,0.305
8.390000125020743,0.284
8.400000125169754,0.267
8.410000125318765,0.248
8.420000125467778,0.241
8.43000012561679,0.241
8.4400001257658,0.245
8.450000125914812,0.25
8.460000126063823,0.254
8.470000126212836,0.261
8.480000126361848,0.262
8.490000126510859,0.255
8.50000012665987,0.247
8.510000126808881,0.238
8.520000126957894,0.203
8.530000127106906,0.176
8.540000127255917,0.162
8.550000127404928,0.159
8.56000012755394,0.162
8.570000127702952,0.154
8.580000127851964,0.15
8.590000128000975,0.15
8.600000128149986,0.16
8.610000128298998,0.174
8.62000012844801,0.17
8.630000128597022,0.161
8.640000128746033,0.144
8.650000128895044,0.141
8.660000129044056,0.15
8.670000129193069,0.16
8.68000012934208,0.167
8.690000129491091,0.166
8.700000129640102,0.16
8.710000129789114,0.154
8.720000129938127,0.149
8.730000130087138,0.146
8.74000013023615,0.143
8.75000013038516,0.142
8.760000130534172,0.141
8.770000130683185,0.145
8.780000130832196,0.149
8.790000130981207,0.161
8.800000131130219,0.175
8.81000013127923,0.192
8.820000131428243,0.197
8.830000131577254,0.198
8.840000131726265,0.179
8.850000131875277,0.165
8.860000132024288,0.159
8.8700001321733,0.155
8.880000132322312,0.15
8.890000132471323,0.137
8.900000132620335,0.117
8.910000132769346,0.09
8.920000132918359,0.083
8.93000013306737,0.087
8.940000133216381,0.08
8.950000133365393,0.078
8.960000133514404,0.085
8.970000133663417,0.095
8.980000133812428,0.107
8.99000013396144,0.109
9.00000013411045,0.111
9.010000134259462,0.104
9.020000134408477,0.092
9.030000134557486,0.077
9.040000134706498,0.067
9.050000134855509,0.054
9.06000013500452,0.031
9.070000135153531,0.023
9.080000135302544,0.031
9.090000135451556,0.034
9.100000135600569,0.036
9.110000135749578,0.051
9.120000135898591,0.053
9.130000136047602,0.038
9.140000136196614,0.027
9.150000136345623,0.019
9.160000136494636,0.012
9.17000013664365,0.009
9.18000013679266,0.009
9.190000136941672,0.002
9.200000137090685,-0.006
9.210000137239694,0.001
9.220000137388707,0.014
9.23000013753772,0.035
9.24000013768673,0.041
9.25000013783574,0.04
9.260000137984752,0.048
9.270000138133764,0.053
9.280000138282777,0.059
9.290000138431788,0.062
9.3000001385808,0.062
9.31000013872981,0.06
9.320000138878823,0.057
9.330000139027836,0.058
9.340000139176846,0.061
9.350000139325855,0.062
9.360000139474868,0.08
9.37000013962388,0.1
9.380000139772893,0.118
9.390000139921904,0.135
9.400000140070915,0.15
9.410000140219926,0.169
9.42000014036894,0.188
9.43000014051795,0.18
9.440000140666962,0.183
9.450000140815972,0.191
