time_min,absorb_mau
0.0,-0.001
0.0400000005960464,-0.121
0.0800000011920929,-0.258
0.1200000017881393,-0.33
0.1600000023841858,-0.207
0.2000000029802322,0.04
0.2400000035762786,-0.001
0.2800000041723251,-0.174
0.3200000047683716,-0.176
0.360000005364418,-0.243
0.4000000059604645,-0.279
0.4400000065565109,-0.136
0.4800000071525573,-0.172
0.5200000077486039,-0.31
0.5600000083446502,-0.163
0.6000000089406967,-0.031
0.6400000095367432,0.073
0.6800000101327897,0.744
0.7200000107288361,2.225
0.7600000113248825,4.6
0.800000011920929,7.625
0.8400000125169754,10.505
0.8800000131130219,13.567
0.9200000137090684,16.771
0.9600000143051148,19.755
1.0000000149011612,22.671
1.0400000154972078,25.066
1.080000016093254,26.585
1.1200000166893005,27.338
1.160000017285347,27.608
1.2000000178813934,27.89
1.24000001847744,27.966
1.2800000190734864,27.638
1.3200000196695327,27.547
1.360000020265579,27.752
1.4000000208616257,27.978
1.4400000214576725,28.237
1.4800000220537186,28.215
1.520000022649765,27.951
1.5600000232458116,27.893
1.600000023841858,28.024
1.6400000244379045,28.07
1.6800000250339509,28.252
1.7200000256299972,28.207
1.7600000262260438,27.784
1.80000002682209,27.255
1.8400000274181367,26.532
1.880000028014183,25.895
1.9200000286102292,25.305
1.960000029206276,24.32
2.0000000298023224,23.573
2.0400000303983687,22.852
2.0800000309944155,22.102
2.120000031590462,21.505
2.1600000321865083,21.033
2.200000032782554,20.398
2.240000033378601,19.823
2.280000033974648,19.578
2.320000034570694,19.084
2.3600000351667405,18.564
2.400000035762787,18.109
2.440000036358833,17.51
2.48000003695488,16.972
2.5200000375509264,16.618
2.5600000381469727,16.352
2.600000038743019,16.055
2.640000039339065,15.572
2.6800000399351123,15.151
2.720000040531158,14.843
2.760000041127205,14.552
2.800000041723252,14.073
2.8400000423192977,13.833
2.8800000429153445,13.414
2.920000043511391,12.815
2.960000044107437,12.363
3.000000044703484,12.029
3.04000004529953,11.737
3.0800000458955767,11.46
3.120000046491623,11.313
3.160000047087669,11.186
3.200000047683716,11.0
3.240000048279762,10.76
3.280000048875809,10.494
3.320000049471856,10.277
3.3600000500679017,10.182
3.400000050663948,10.04
3.4400000512599944,9.647
3.480000051856041,9.399
3.520000052452088,9.256
3.560000053048134,8.981
3.6000000536441803,8.884
3.640000054240226,8.82
3.6800000548362735,8.531
3.72000005543232,8.212
3.760000056028366,8.239
3.800000056624413,8.153
3.840000057220459,8.052
3.8800000578165057,7.955
3.920000058412552,7.841
3.9600000590085984,7.782
4.000000059604645,7.638
4.040000060200692,7.44
4.0800000607967375,7.288
4.120000061392784,7.195
4.160000061988831,6.974
4.200000062584877,6.799
4.240000063180924,6.676
4.28000006377697,6.509
4.3200000643730165,6.484
4.360000064969063,6.351
4.400000065565109,6.298
4.440000066161156,6.411
4.480000066757202,6.318
4.520000067353249,6.112
4.560000067949296,5.932
4.6000000685453415,5.895
4.640000069141388,5.802
4.680000069737434,5.774
4.720000070333481,5.591
4.760000070929528,5.504
4.800000071525574,5.494
4.8400000721216205,5.369
4.880000072717666,5.238
4.920000073313713,5.181
4.96000007390976,5.262
5.000000074505806,5.255
5.040000075101853,5.081
5.080000075697899,4.8
5.1200000762939455,4.824
5.160000076889992,4.777
5.200000077486038,4.504
5.240000078082085,4.444
5.280000078678131,4.463
5.320000079274178,4.414
5.3600000798702245,4.389
5.4000000804662704,4.367
5.440000081062317,4.203
5.480000081658363,4.05
5.52000008225441,4.074
5.560000082850457,4.016
5.600000083446503,3.884
5.6400000840425495,3.724
5.680000084638595,3.557
5.720000085234642,3.496
5.760000085830689,3.656
5.800000086426735,3.67
5.840000087022782,3.546
5.880000087618828,3.457
5.920000088214874,3.331
5.960000088810921,3.255
6.000000089406967,3.098
6.040000090003014,2.969
6.08000009059906,2.895
6.120000091195107,3.055
6.1600000917911535,3.26
6.200000092387199,3.167
6.240000092983246,2.986
6.280000093579292,3.002
6.320000094175339,3.053
6.360000094771386,2.863
6.400000095367432,2.782
6.440000095963478,2.931
6.480000096559524,2.999
6.520000097155571,2.908
6.560000097751618,2.83
6.600000098347664,2.747
6.640000098943711,2.602
6.680000099539757,2.388
6.720000100135803,2.428
6.76000010073185,2.514
6.800000101327896,2.443
6.840000101923943,2.538
6.880000102519989,2.579
6.920000103116036,2.606
6.960000103712082,2.361
7.000000104308128,2.346
7.040000104904175,2.544
7.080000105500221,2.58
7.120000106096268,2.492
7.160000106692315,2.328
7.200000107288361,2.349
7.240000107884407,2.213
7.280000108480453,2.255
7.3200001090765,2.429
7.360000109672547,2.269
7.400000110268593,2.016
7.44000011086464,2.135
7.480000111460685,2.198
7.520000112056732,2.079
7.560000112652779,2.044
7.600000113248825,1.992
7.640000113844872,1.874
7.680000114440918,1.783
7.720000115036965,1.86
7.760000115633011,1.839
7.800000116229057,1.959
7.840000116825104,2.005
7.88000011742115,1.805
7.920000118017197,1.711
7.960000118613244,1.871
8.00000011920929,1.842
8.040000119805336,1.606
8.080000120401383,1.528
8.12000012099743,1.54
8.160000121593475,1.689
8.200000122189522,1.687
8.240000122785569,1.625
8.280000123381615,1.569
8.320000123977662,1.511
8.360000124573707,1.669
8.400000125169754,1.566
8.4400001257658,1.398
8.480000126361848,1.408
8.520000126957894,1.391
8.56000012755394,1.2
8.600000128149986,1.195
8.640000128746033,1.277
8.68000012934208,1.254
8.720000129938127,0.999
8.760000130534172,1.015
8.800000131130219,1.109
8.840000131726265,1.026
8.880000132322312,1.016
8.920000132918359,1.082
8.960000133514404,1.107
9.00000013411045,1.069
9.040000134706498,0.944
9.080000135302544,0.733
9.120000135898591,0.71
9.160000136494636,0.724
9.200000137090685,0.78
9.24000013768673,0.778
9.280000138282777,0.812
9.320000138878823,0.778
9.360000139474868,0.56
9.400000140070915,0.591
9.440000140666962,0.815
9.480000141263009,0.85
9.520000141859056,0.808
9.5600001424551,0.8
9.600000143051147,0.642
9.640000143647194,0.583
9.68000014424324,0.494
9.720000144839288,0.36
9.760000145435331,0.593
9.80000014603138,0.735
9.840000146627428,0.54
9.880000147223472,0.541
9.92000014781952,0.703
9.960000148415563,0.772
10.000000149011612,0.648
10.04000014960766,0.547
10.080000150203706,0.631
10.120000150799752,0.671
10.160000151395796,0.681
10.200000151991844,0.514
10.240000152587893,0.431
10.280000153183938,0.458
10.320000153779985,0.67
10.36000015437603,0.664
10.400000154972076,0.517
10.440000155568123,0.649
10.48000015616417,0.621
10.520000156760217,0.429
10.560000157356262,0.384
10.600000157952309,0.343
10.640000158548355,0.223
10.680000159144402,0.241
10.720000159740447,0.346
10.760000160336494,0.276
10.80000016093254,0.302
10.840000161528588,0.38
10.880000162124634,0.352
10.92000016272068,0.181
10.960000163316726,0.212
11.000000163912771,0.385
11.04000016450882,0.287
11.080000165104869,0.338
11.120000165700914,0.539
11.16000016629696,0.323
11.200000166893004,0.343
11.240000167489052,0.417
11.2800001680851,0.356
11.320000168681146,0.438
11.36000016927719,0.529
11.400000169873238,0.602
11.440000170469284,0.466
11.480000171065331,0.345
11.520000171661378,0.302
11.560000172257425,0.164
11.60000017285347,0.089
11.640000173449517,0.173
11.680000174045563,0.152
11.72000017464161,0.059
11.760000175237655,0.098
11.800000175833702,0.39
11.840000176429747,0.434
11.880000177025796,0.395
11.920000177621842,0.419
11.960000178217888,0.28
12.000000178813934,0.175
12.04000017940998,0.304
12.080000180006028,0.304
12.120000180602077,0.152
12.16000018119812,0.204
12.200000181794168,0.33
12.240000182390212,0.2
12.28000018298626,0.299
12.320000183582309,0.439
12.360000184178352,0.235
12.4000001847744,0.048
12.440000185370446,0.285
12.480000185966492,0.322
12.52000018656254,0.249
12.560000187158584,0.267
12.600000187754633,0.228
12.640000188350678,0.31
12.680000188946725,0.349
12.720000189542771,0.298
12.760000190138816,0.135
12.800000190734863,-0.023
12.84000019133091,0.036
12.880000191926957,-0.049
12.920000192523004,0.067
12.960000193119049,0.188
13.000000193715096,0.026
13.040000194311142,-0.003
13.08000019490719,-0.043
13.120000195503236,0.016
13.16000019609928,0.201
13.200000196695328,0.222
13.240000197291376,0.157
13.28000019788742,0.097
13.320000198483468,0.053
13.360000199079511,0.145
13.40000019967556,0.039
13.440000200271609,-0.041
13.480000200867654,-0.017
13.5200002014637,-0.02
13.560000202059744,0.124
13.600000202655792,0.065
13.64000020325184,-0.141
13.680000203847886,-0.184
13.720000204443933,-0.094
13.760000205039978,-0.167
13.800000205636024,-0.104
13.840000206232071,-0.133
13.880000206828118,-0.173
13.920000207424165,-0.182
13.96000020802021,-0.219
14.000000208616257,-0.247
14.040000209212304,-0.292
14.08000020980835,-0.144
14.120000210404395,-0.095
14.160000211000442,-0.065
14.200000211596487,0.056
14.240000212192536,-0.151
14.280000212788584,-0.242
14.32000021338463,-0.286
14.360000213980674,-0.213
14.40000021457672,-0.073
14.440000215172768,-0.254
14.480000215768817,-0.19
14.520000216364862,-0.025
14.560000216960908,-0.173
14.600000217556952,-0.271
14.640000218153,-0.083
14.680000218749049,-0.027
14.720000219345094,0.0
14.76000021994114,-0.026
14.800000220537186,-0.029
14.840000221133232,0.017
14.88000022172928,-0.129
14.920000222325326,-0.333
14.960000222921373,-0.377
15.000000223517418,-0.181
15.040000224113465,-0.047
15.080000224709512,-0.122
15.120000225305558,-0.365
15.160000225901603,-0.318
15.20000022649765,-0.16
15.240000227093695,-0.075
15.280000227689744,-0.085
15.32000022828579,-0.129
15.360000228881836,-0.131
15.400000229477882,-0.185
15.44000023007393,-0.296
15.480000230669976,-0.298
15.520000231266025,-0.156
15.560000231862068,-0.137
15.600000232458116,-0.402
15.64000023305416,-0.383
15.680000233650208,-0.345
15.720000234246257,-0.421
15.7600002348423,-0.446
15.800000235438349,-0.554
15.840000236034394,-0.389
15.88000023663044,-0.263
15.920000237226487,-0.425
15.960000237822532,-0.43
16.00000023841858,-0.326
16.040000239014628,-0.426
16.080000239610673,-0.477
16.120000240206718,-0.346
16.160000240802766,-0.246
16.20000024139881,-0.358
16.24000024199486,-0.383
16.280000242590905,-0.236
16.32000024318695,-0.194
16.360000243783,-0.143
16.400000244379044,-0.183
16.440000244975092,-0.428
16.480000245571137,-0.346
16.520000246167182,-0.131
16.56000024676323,-0.192
16.600000247359276,-0.376
16.640000247955324,-0.473
16.68000024855137,-0.423
16.720000249147414,-0.38
16.760000249743463,-0.503
16.800000250339508,-0.478
16.840000250935557,-0.39
16.8800002515316,-0.272
16.920000252127647,-0.316
16.960000252723695,-0.206
17.00000025331974,-0.206
17.04000025391579,-0.326
17.080000254511834,-0.329
17.12000025510788,-0.399
17.160000255703928,-0.233
17.200000256299973,-0.027
17.24000025689602,-0.218
17.280000257492066,-0.32
17.32000025808811,-0.261
17.36000025868416,-0.409
17.400000259280205,-0.494
17.440000259876253,-0.475
17.4800002604723,-0.27
17.520000261068343,-0.336
17.560000261664392,-0.335
17.600000262260437,-0.375
17.640000262856486,-0.477
17.68000026345253,-0.546
17.720000264048576,-0.501
17.760000264644624,-0.596
17.80000026524067,-0.582
17.840000265836718,-0.426
17.880000266432763,-0.467
17.920000267028808,-0.634
17.960000267624856,-0.371
18.0000002682209,-0.303
18.04000026881695,-0.597
18.080000269412995,-0.737
18.12000027000904,-0.57
18.16000027060509,-0.494
18.200000271201134,-0.365
18.240000271797182,-0.312
18.280000272393227,-0.351
18.320000272989272,-0.462
18.36000027358532,-0.426
18.40000027418137,-0.448
18.44000027477741,-0.517
18.48000027537346,-0.57
18.520000275969505,-0.547
18.560000276565557,-0.31
18.6000002771616,-0.282
18.640000277757647,-0.186
18.68000027835369,-0.195
18.720000278949737,-0.228
18.760000279545785,-0.362
18.80000028014183,-0.523
18.84000028073788,-0.484
18.880000281333924,-0.539
18.92000028192997,-0.639
18.960000282526018,-0.549
19.000000283122063,-0.618
19.04000028371811,-0.623
19.08000028431416,-0.621
19.1200002849102,-0.729
19.16000028550625,-0.64
19.20000028610229,-0.408
19.240000286698344,-0.424
19.28000028729439,-0.426
19.320000287890437,-0.378
19.36000028848648,-0.592
19.400000289082527,-0.712
19.440000289678576,-0.53
19.48000029027462,-0.387
19.520000290870662,-0.454
19.560000291466714,-0.48
19.60000029206276,-0.67
19.640000292658808,-0.757
19.680000293254853,-0.618
19.720000293850894,-0.772
19.760000294446947,-0.719
19.80000029504299,-0.682
19.84000029563904,-0.74
19.880000296235085,-0.741
19.92000029683113,-0.772
19.96000029742718,-0.722
20.000000298023224,-0.736
20.040000298619272,-0.692
20.08000029921532,-0.558
20.120000299811363,-0.573
20.16000030040741,-0.801
20.200000301003456,-0.874
20.240000301599505,-0.748
20.28000030219555,-0.863
20.320000302791595,-0.851
20.360000303387643,-0.754
20.40000030398369,-0.721
20.440000304579737,-0.607
20.480000305175786,-0.709
20.520000305771827,-0.639
20.56000030636788,-0.523
20.60000030696392,-0.671
20.64000030755997,-0.738
20.68000030815601,-0.58
20.72000030875206,-0.713
20.760000309348108,-0.806
20.800000309944156,-0.675
20.8400003105402,-0.569
20.880000311136246,-0.553
20.92000031173229,-0.731
20.96000031232834,-0.9
21.000000312924385,-0.807
21.040000313520437,-0.817
21.08000031411648,-0.782
21.120000314712524,-0.647
21.16000031530857,-0.641
21.200000315904617,-0.649
21.240000316500662,-0.559
21.28000031709671,-0.457
21.32000031769276,-0.51
21.360000318288805,-0.555
21.40000031888485,-0.693
21.440000319480895,-0.713
21.480000320076943,-0.769
21.520000320672988,-0.645
21.56000032126904,-0.635
21.60000032186508,-0.786
21.64000032246113,-0.734
21.680000323057172,-0.812
21.72000032365322,-0.843
21.76000032424927,-0.702
21.800000324845318,-0.863
21.840000325441363,-0.87
21.880000326037408,-0.668
21.920000326633453,-0.813
21.9600003272295,-0.963
22.000000327825543,-0.851
22.040000328421595,-0.813
22.08000032901764,-0.864
22.120000329613685,-0.781
22.160000330209733,-0.865
22.20000033080578,-0.88
22.240000331401827,-0.756
22.280000331997872,-0.786
22.32000033259392,-0.773
22.36000033318997,-0.744
22.40000033378601,-0.723
22.44000033438206,-0.705
22.480000334978104,-0.829
22.52000033557415,-0.871
22.5600003361702,-0.681
22.600000336766243,-0.495
22.64000033736229,-0.55
22.680000337958337,-0.628
22.72000033855438,-0.71
22.76000033915043,-0.767
22.800000339746475,-0.661
22.840000340342524,-0.623
22.88000034093857,-0.674
22.92000034153461,-0.602
22.960000342130662,-0.702
23.000000342726707,-0.653
23.04000034332276,-0.599
23.0800003439188,-0.568
23.12000034451485,-0.718
23.16000034511089,-0.891
23.20000034570694,-0.783
23.24000034630299,-0.706
23.280000346899037,-0.585
23.32000034749508,-0.497
23.360000348091127,-0.639
23.40000034868717,-0.761
23.44000034928322,-0.73
23.480000349879266,-0.605
23.52000035047531,-0.768
23.56000035107136,-0.875
23.600000351667404,-0.882
23.640000352263453,-1.026
23.680000352859494,-0.998
23.720000353455543,-0.739
23.76000035405159,-0.615
23.80000035464764,-0.713
23.840000355243685,-0.837
23.88000035583973,-0.837
23.92000035643577,-0.818
23.960000357031824,-0.797
24.00000035762787,-0.829
24.04000035822392,-1.001
24.08000035881996,-0.901
24.120000359416007,-0.752
24.160000360012056,-0.618
24.2000003606081,-0.619
24.24000036120415,-0.711
24.280000361800194,-0.804
24.32000036239624,-0.75
24.360000362992288,-0.562
24.400000363588333,-0.512
24.44000036418438,-0.673
24.480000364780427,-0.745
24.52000036537647,-0.797
24.56000036597252,-0.908
24.600000366568565,-0.806
24.64000036716461,-0.721
24.68000036776066,-0.764
24.720000368356704,-0.719
24.760000368952756,-0.841
24.8000003695488,-0.737
24.84000037014485,-0.446
24.88000037074089,-0.41
24.920000371336936,-0.519
24.960000371932985,-0.484
25.00000037252903,-0.674
25.04000037312508,-0.688
25.080000373721123,-0.763
25.12000037431717,-0.804
25.160000374913217,-0.679
25.200000375509266,-0.751
25.24000037610531,-0.822
25.28000037670136,-0.832
25.3200003772974,-0.779
25.36000037789345,-0.796
25.40000037848949,-0.872
25.440000379085543,-0.807
25.480000379681588,-0.662
25.520000380277637,-0.743
25.56000038087368,-1.012
25.600000381469727,-0.941
25.64000038206577,-0.83
25.68000038266182,-0.832
25.720000383257865,-0.961
25.760000383853917,-0.912
25.80000038444996,-0.783
25.840000385046007,-0.811
25.88000038564205,-0.957
25.920000386238097,-0.871
25.960000386834142,-0.957
26.00000038743019,-1.202
26.04000038802624,-1.119
26.080000388622285,-0.979
26.12000038921833,-1.016
26.16000038981438,-1.005
26.200000390410423,-0.942
26.240000391006472,-0.926
26.28000039160252,-1.139
26.32000039219856,-1.147
26.36000039279461,-1.025
26.400000393390656,-1.097
26.440000393986704,-1.135
26.48000039458275,-1.03
26.520000395178798,-1.046
26.560000395774843,-1.056
26.600000396370888,-0.937
26.640000396966936,-0.805
26.68000039756298,-1.028
26.720000398159023,-1.132
26.760000398755075,-1.03
26.80000039935112,-0.877
26.84000039994717,-0.977
26.880000400543214,-1.067
26.92000040113926,-0.944
26.960000401735307,-0.998
27.000000402331352,-1.033
27.0400004029274,-1.021
27.08000040352345,-1.039
27.12000040411949,-0.982
27.16000040471554,-1.017
27.200000405311584,-1.005
27.240000405907637,-0.848
27.28000040650368,-1.022
27.320000407099723,-1.04
27.36000040769577,-0.873
27.400000408291817,-0.875
27.440000408887865,-0.84
27.48000040948391,-0.832
27.520000410079955,-0.844
27.560000410676004,-0.692
27.60000041127205,-0.661
27.640000411868098,-0.974
27.680000412464143,-1.026
27.720000413060188,-0.999
27.76000041365624,-0.929
27.80000041425228,-0.671
27.84000041484833,-0.83
27.88000041544437,-0.853
27.92000041604042,-0.682
27.96000041663647,-0.906
28.000000417232517,-1.204
28.04000041782856,-1.017
28.080000418424607,-0.779
28.12000041902065,-0.667
28.1600004196167,-0.621
28.200000420212746,-0.654
28.240000420808794,-0.871
28.28000042140484,-0.877
28.320000422000884,-0.814
28.360000422596933,-0.682
28.400000423192974,-0.694
28.440000423789023,-0.688
28.48000042438507,-0.731
28.52000042498112,-0.986
28.560000425577165,-1.016
28.60000042617321,-0.937
28.64000042676926,-0.887
28.680000427365304,-0.912
28.72000042796135,-0.785
28.7600004285574,-0.686
28.80000042915344,-0.741
28.84000042974949,-0.728
28.880000430345536,-0.685
28.92000043094158,-0.834
28.96000043153763,-0.837
29.000000432133675,-0.692
29.040000432729723,-0.815
29.08000043332577,-0.807
29.120000433921813,-0.628
29.160000434517865,-0.714
29.200000435113907,-0.804
29.240000435709955,-0.741
29.280000436306,-0.724
29.320000436902045,-0.777
29.36000043749809,-0.663
29.40000043809414,-0.625
29.440000438690188,-0.815
29.480000439286236,-0.81
29.52000043988228,-0.769
29.560000440478326,-0.829
29.60000044107437,-0.889
29.64000044167042,-0.867
29.680000442266465,-0.851
29.72000044286251,-0.637
29.76000044345856,-0.571
29.800000444054604,-0.852
29.84000044465065,-1.044
29.880000445246697,-0.894
29.920000445842746,-0.742
29.96000044643879,-0.703
30.00000044703484,-0.492
30.040000447630884,-0.51
30.08000044822693,-0.631
30.12000044882297,-0.7
30.160000449419023,-0.878
30.200000450015068,-0.924
30.24000045061112,-0.797
30.28000045120716,-0.793
30.320000451803207,-0.881
30.36000045239925,-0.89
30.4000004529953,-0.726
30.44000045359135,-0.702
30.480000454187397,-1.003
30.52000045478344,-0.974
30.560000455379488,-0.849
30.600000455975533,-0.979
30.64000045657158,-0.932
30.680000457167623,-0.765
30.72000045776367,-0.732
30.76000045835972,-0.813
30.800000458955765,-0.626
30.840000459551813,-0.6
30.88000046014786,-0.654
30.920000460743903,-0.819
30.960000461339952,-1.091
31.000000461936,-0.946
31.04000046253205,-0.817
31.08000046312809,-0.942
31.120000463724136,-0.993
31.160000464320184,-0.954
31.20000046491623,-0.849
31.24000046551228,-0.913
31.280000466108323,-1.036
31.320000466704368,-0.77
31.360000467300416,-0.683
31.40000046789646,-0.722
31.44000046849251,-0.778
31.480000469088555,-0.786
31.5200004696846,-0.696
31.56000047028065,-0.771
31.600000470876694,-0.762
31.640000471472742,-0.77
31.680000472068787,-0.705
31.720000472664832,-0.739
31.76000047326088,-0.844
31.80000047385693,-0.784
31.84000047445297,-0.846
31.88000047504902,-0.844
31.920000475645065,-0.776
31.960000476241117,-0.734
32.00000047683716,-0.768
32.0400004774332,-1.079
32.080000478029255,-0.982
32.1200004786253,-0.77
32.160000479221345,-0.842
32.20000047981739,-1.067
32.240000480413435,-0.895
32.28000048100949,-0.737
32.32000048160553,-0.783
32.36000048220158,-0.901
32.40000048279762,-0.994
32.44000048339367,-0.91
32.48000048398972,-0.874
32.520000484585765,-0.87
32.56000048518181,-0.774
32.600000485777855,-0.731
32.6400004863739,-0.878
32.68000048696995,-0.998
32.720000487566,-0.933
32.76000048816204,-0.789
32.80000048875809,-0.739
32.84000048935413,-0.731
32.880000489950184,-0.738
32.92000049054623,-0.952
32.960000491142274,-0.922
33.00000049173832,-0.89
33.040000492334364,-0.885
33.08000049293042,-0.882
33.12000049352646,-0.956
33.16000049412251,-0.934
33.20000049471855,-0.909
33.2400004953146,-0.927
33.28000049591065,-0.903
33.320000496506694,-0.786
33.36000049710274,-0.662
33.400000497698784,-0.71
33.44000049829483,-0.804
33.48000049889088,-0.806
33.520000499486926,-0.895
33.56000050008297,-0.829
33.600000500679016,-0.785
33.64000050127506,-0.839
33.68000050187111,-0.884
33.72000050246716,-0.911
33.7600005030632,-0.911
33.80000050365925,-0.974
33.84000050425529,-1.063
33.880000504851346,-0.94
33.92000050544739,-0.951
33.96000050604344,-0.976
34.00000050663948,-0.907
34.040000507235526,-0.965
34.08000050783158,-0.849
34.12000050842762,-0.9
34.16000050902367,-0.994
34.20000050961971,-0.849
34.24000051021576,-0.728
34.28000051081181,-0.742
34.320000511407855,-0.858
34.3600005120039,-0.954
34.400000512599945,-1.001
34.44000051319599,-0.972
34.48000051379204,-1.013
34.52000051438809,-0.935
34.56000051498413,-0.981
34.60000051558018,-1.146
34.64000051617622,-0.96
34.680000516772274,-0.973
34.72000051736832,-1.205
34.760000517964365,-1.088
34.80000051856041,-0.982
34.840000519156455,-0.834
34.88000051975251,-0.914
34.92000052034855,-0.923
34.9600005209446,-0.824
35.00000052154064,-0.722
35.04000052213669,-0.777
35.08000052273274,-0.979
35.120000523328784,-1.035
35.16000052392483,-1.144
35.200000524520874,-1.186
35.24000052511692,-1.264
35.28000052571297,-1.136
35.320000526309016,-0.941
35.36000052690506,-1.001
35.400000527501106,-0.996
35.44000052809715,-1.004
35.4800005286932,-1.033
35.52000052928925,-0.997
35.56000052988529,-0.982
35.60000053048134,-0.937
35.64000053107738,-1.005
35.68000053167344,-1.022
35.72000053226948,-0.914
35.760000532865526,-0.907
35.80000053346157,-0.974
35.840000534057616,-1.071
35.88000053465367,-0.945
35.92000053524971,-0.906
35.96000053584576,-0.912
36.0000005364418,-1.025
36.04000053703785,-1.019
36.0800005376339,-0.996
36.120000538229945,-1.138
36.16000053882599,-1.266
36.20000053942204,-1.336
36.24000054001808,-1.198
36.28000054061413,-1.03
36.32000054121018,-1.159
36.36000054180622,-1.264
36.40000054240227,-1.05
36.44000054299831,-0.955
36.480000543594365,-1.12
36.52000054419041,-1.09
36.560000544786455,-1.082
36.6000005453825,-1.094
36.64000054597855,-1.14
36.6800005465746,-1.098
36.72000054717064,-1.135
36.76000054776669,-1.244
36.80000054836273,-1.295
36.84000054895878,-1.124
36.88000054955483,-0.898
36.92000055015088,-0.966
36.96000055074692,-0.913
37.00000055134296,-0.885
37.04000055193901,-1.025
37.08000055253506,-0.943
37.12000055313111,-0.907
37.16000055372715,-0.972
37.2000005543232,-0.968
37.24000055491924,-0.908
37.280000555515294,-0.786
37.32000055611134,-0.863
37.36000055670738,-0.952
37.40000055730343,-0.919
37.440000557899474,-0.821
37.480000558495526,-0.828
37.52000055909157,-0.835
37.560000559687616,-0.725
37.60000056028366,-0.699
37.640000560879706,-0.779
37.68000056147576,-0.926
37.7200005620718,-1.054
37.76000056266785,-1.132
37.80000056326389,-0.936
37.84000056385994,-0.942
37.88000056445599,-1.057
37.92000056505204,-1.103
37.96000056564808,-1.189
38.000000566244125,-1.029
38.04000056684017,-0.846
38.08000056743622,-0.851
38.12000056803227,-0.999
38.16000056862831,-1.026
38.20000056922436,-0.905
38.2400005698204,-1.022
38.280000570416455,-1.061
38.3200005710125,-1.015
38.36000057160855,-1.009
38.40000057220459,-0.839
38.44000057280064,-0.977
38.48000057339669,-1.176
38.52000057399273,-1.099
38.56000057458878,-1.047
38.60000057518482,-1.051
38.64000057578087,-0.986
38.68000057637692,-1.046
38.72000057697296,-0.903
38.76000057756901,-0.919
38.800000578165054,-0.887
38.8400005787611,-1.123
38.88000057935715,-1.305
38.9200005799532,-1.205
38.96000058054924,-1.133
39.00000058114529,-1.12
39.04000058174133,-1.203
39.08000058233738,-1.173
39.12000058293343,-1.097
39.160000583529474,-0.981
39.20000058412552,-1.031
39.24000058472157,-0.964
39.280000585317616,-0.793
39.32000058591366,-0.869
39.360000586509706,-1.122
39.40000058710575,-1.313
39.4400005877018,-1.164
39.48000058829785,-1.038
39.52000058889389,-1.039
39.56000058948994,-1.12
39.60000059008598,-1.164
39.64000059068203,-1.07
39.68000059127808,-1.118
39.720000591874125,-1.231
39.76000059247017,-1.2
39.800000593066216,-1.05
39.84000059366226,-1.239
39.88000059425831,-1.264
39.92000059485436,-1.151
39.9600005954504,-1.044
40.00000059604645,-1.139
40.04000059664249,-1.194
40.08000059723855,-1.103
40.12000059783459,-0.92
40.16000059843064,-0.946
40.20000059902668,-1.062
40.240000599622725,-0.971
40.28000060021878,-0.864
40.32000060081482,-0.908
40.36000060141087,-0.96
40.40000060200691,-0.957
40.44000060260296,-0.971
40.48000060319901,-1.148
40.520000603795054,-0.936
40.5600006043911,-0.731
40.60000060498714,-0.851
40.64000060558319,-0.961
40.68000060617924,-1.014
40.72000060677529,-1.056
40.76000060737133,-1.079
40.80000060796738,-1.235
40.84000060856342,-1.293
40.880000609159474,-1.016
40.92000060975552,-1.065
40.96000061035157,-1.145
41.00000061094761,-1.102
41.04000061154365,-1.136
41.080000612139706,-1.109
41.12000061273575,-1.133
41.1600006133318,-1.207
41.20000061392784,-1.095
41.240000614523886,-1.035
41.28000061511994,-1.153
41.32000061571598,-1.08
41.36000061631203,-0.932
