time_min,absorb_mau
0.0,-0.007
0.0114502676459604,0.0
0.0229005352919208,-0.005
0.0343508029378812,-0.005
0.0458010705838416,0.002
0.057251338229802,0.008
0.0687016058757624,-0.006
0.0801518735217229,-0.026
0.0916021411676833,-0.042
0.1030524088136437,-0.046
0.1145026764596041,-0.049
0.1259529441055645,-0.054
0.1374032117515249,-0.049
0.1488534793974854,-0.044
0.1603037470434458,-0.04
0.1717540146894062,-0.04
0.1832042823353666,-0.029
0.194654549981327,-0.014
0.2061048176272874,0.001
0.2175550852732478,0.024
0.2290053529192083,0.046
0.2404556205651687,0.062
0.2519058882111291,0.101
0.2633561558570895,0.128
0.2748064235030499,0.123
0.2862566911490103,0.12
0.2977069587949708,0.115
0.3091572264409312,0.107
0.3206074940868916,0.104
0.332057761732852,0.088
0.3435080293788124,0.073
0.3549582970247728,0.087
0.3664085646707332,0.123
0.3778588323166936,0.154
0.389309099962654,0.166
0.4007593676086145,0.186
0.4122096352545749,0.213
0.4236599029005353,0.237
0.4351101705464957,0.24
0.4465604381924561,0.23
0.4580107058384166,0.23
0.469460973484377,0.255
0.4809112411303374,0.27
0.4923615087762978,0.283
0.5038117764222583,0.306
0.5152620440682186,0.33
0.5267123117141791,0.367
0.5381625793601394,0.445
0.5496128470060999,0.666
0.5610631146520603,1.487
0.5725133822980207,3.254
0.5839636499439811,7.514
0.5954139175899416,15.253
0.6068641852359019,29.561
0.6183144528818624,53.465
0.6297647205278227,90.02
0.6412149881737832,134.586
0.6526652558197437,192.045
0.664115523465704,258.706
0.6755657911116645,332.387
0.6870160587576248,410.2
0.6984663264035853,492.165
0.7099165940495457,557.416
0.7213668616955061,610.597
0.7328171293414665,640.527
0.7442673969874269,656.998
0.7557176646333873,653.712
0.7671679322793478,636.575
0.7786181999253081,599.067
0.7900684675712686,556.318
0.801518735217229,509.645
0.8129690028631894,461.251
0.8244192705091499,413.547
0.8358695381551102,367.978
0.8473198058010707,324.448
0.858770073447031,281.694
0.8702203410929915,247.299
0.8816706087389519,218.941
0.8931208763849123,192.81
0.9045711440308728,170.164
0.9160214116768332,151.523
0.9274716793227936,136.204
0.938921946968754,121.389
0.9503722146147144,110.175
0.9618224822606748,100.657
0.9732727499066351,92.468
0.9847230175525956,85.837
0.996173285198556,79.822
1.0076235528445163,74.745
1.0190738204904768,69.819
1.0305240881364373,65.651
1.0419743557823975,62.052
1.0534246234283582,58.763
1.0648748910743184,55.851
1.076325158720279,53.108
1.0877754263662394,50.555
1.0992256940121998,48.142
1.11067596165816,45.533
1.1221262293041203,43.388
1.133576496950081,41.285
1.1450267645960417,39.347
1.156477032242002,37.592
1.1679272998879622,35.906
1.1793775675339226,34.325
1.190827835179883,32.662
1.2022781028258436,31.305
1.2137283704718038,30.064
1.2251786381177645,28.858
1.2366289057637248,27.708
1.2480791734096852,26.592
1.2595294410556457,25.557
1.270979708701606,24.418
1.2824299763475664,23.482
1.2938802439935269,22.583
1.305330511639487,21.725
1.3167807792854476,20.89
1.328231046931408,20.089
1.3396813145773685,19.315
1.351131582223329,18.461
1.3625818498692892,17.777
1.3740321175152497,17.12
1.38548238516121,16.497
1.3969326528071706,15.897
1.4083829204531308,15.313
1.419833188099091,14.746
1.4312834557450518,14.115
1.4427337233910122,13.585
1.4541839910369727,13.031
1.465634258682933,12.51
1.4770845263288934,12.014
1.488534793974854,11.546
1.4999850616208144,11.106
1.5114353292667746,10.604
1.522885596912735,10.216
1.5343358645586955,9.857
1.545786132204656,9.521
1.5572363998506162,9.183
1.5686866674965767,8.857
1.5801369351425372,8.533
1.5915872027884976,8.221
1.603037470434458,7.89
1.6144877380804183,7.607
1.6259380057263788,7.321
1.6373882733723393,7.06
1.6488385410182995,6.81
1.66028880866426,6.542
1.6717390763102205,6.32
1.683189343956181,6.065
1.6946396116021414,5.831
1.7060898792481016,5.611
1.717540146894062,5.406
1.7289904145400226,5.215
1.740440682185983,5.053
1.7518909498319435,4.888
1.7633412174779035,4.705
1.7747914851238642,4.553
1.7862417527698249,4.404
1.7976920204157851,4.27
1.8091422880617452,4.149
1.8205925557077056,4.041
1.8320428233536663,3.919
1.8434930909996268,3.788
1.854943358645587,3.702
1.8663936262915477,3.621
1.877843893937508,3.534
1.8892941615834684,3.433
1.9007444292294289,3.322
1.912194696875389,3.213
1.9236449645213496,3.119
1.93509523216731,3.05
1.9465454998132703,2.975
1.9579957674592308,2.895
1.9694460351051912,2.828
1.980896302751152,2.773
1.992346570397112,2.723
2.0037968380430726,2.666
2.015247105689033,2.593
2.026697373334993,2.519
2.0381476409809536,2.463
2.049597908626914,2.416
2.0610481762728745,2.365
2.072498443918835,2.307
2.0839487115647954,2.246
2.095398979210756,2.192
2.1068492468567164,2.159
2.118299514502677,2.136
2.129749782148637,2.094
2.1412000497945973,2.05
2.152650317440558,2.025
2.1641005850865183,1.981
2.1755508527324787,1.936
2.187001120378439,1.912
2.1984513880244,1.863
2.20990165567036,1.819
2.22135192331632,1.795
2.2328021909622806,1.743
2.244252458608241,1.71
2.255702726254201,1.704
2.267152993900162,1.682
2.2786032615461225,1.648
2.290053529192083,1.619
2.3015037968380434,1.601
2.312954064484004,1.594
2.324404332129964,1.585
2.3358545997759244,1.564
2.347304867421885,1.545
2.3587551350678453,1.537
2.3702054027138058,1.541
2.381655670359766,1.529
2.3931059380057267,1.522
2.404556205651687,1.522
2.416006473297648,1.52
2.427456740943608,1.519
2.438907008589568,1.516
2.450357276235529,1.515
2.461807543881489,1.514
2.473257811527449,1.505
2.48470807917341,1.477
2.4961583468193704,1.448
2.507608614465331,1.421
2.519058882111291,1.39
2.5305091497572514,1.354
2.541959417403212,1.314
2.5534096850491723,1.278
2.564859952695133,1.258
2.576310220341093,1.236
2.5877604879870537,1.209
2.599210755633014,1.179
2.610661023278974,1.164
2.6221112909249347,1.158
2.633561558570895,1.152
2.645011826216856,1.134
2.656462093862816,1.117
2.6679123615087765,1.112
2.679362629154737,1.119
2.690812896800697,1.129
2.702263164446658,1.133
2.7137134320926184,1.112
2.7251636997385784,1.102
2.736613967384539,1.097
2.7480642350305,1.091
2.75951450267646,1.091
2.7709647703224203,1.097
2.7824150379683807,1.11
2.793865305614341,1.126
2.8053155732603017,1.136
2.8167658409062617,1.148
2.828216108552222,1.179
2.839666376198182,1.177
2.851116643844143,1.163
2.862566911490104,1.147
2.874017179136064,1.147
2.8854674467820245,1.157
2.896917714427985,1.169
2.908367982073945,1.158
2.919818249719905,1.145
2.931268517365866,1.143
2.9427187850118264,1.159
2.954169052657787,1.156
2.9656193203037478,1.137
2.977069587949708,1.122
2.988519855595668,1.107
2.9999701232416287,1.1
3.0114203908875887,1.106
3.022870658533549,1.104
3.0343209261795097,1.111
3.04577119382547,1.14
3.0572214614714306,1.159
3.068671729117391,1.179
3.0801219967633515,1.198
3.091572264409312,1.204
3.1030225320552725,1.213
3.1144727997012325,1.214
3.125923067347193,1.198
3.1373733349931534,1.189
3.148823602639114,1.185
3.1602738702850743,1.178
3.171724137931035,1.179
3.1831744055769957,1.175
3.194624673222956,1.159
3.206074940868916,1.145
3.217525208514876,1.136
3.2289754761608367,1.129
3.240425743806797,1.125
3.2518760114527576,1.121
3.263326279098718,1.119
3.2747765467446786,1.126
3.286226814390639,1.129
3.2976770820365995,1.137
3.3091273496825595,1.151
3.32057761732852,1.168
3.3320278849744804,1.184
3.343478152620441,1.195
3.3549284202664014,1.199
3.366378687912362,1.207
3.3778289555583223,1.216
3.3892792232042828,1.206
3.4007294908502432,1.195
3.4121797584962037,1.193
3.423630026142164,1.211
3.435080293788124,1.229
3.4465305614340846,1.24
3.457980829080045,1.244
3.4694310967260056,1.253
3.480881364371966,1.253
3.4923316320179265,1.243
3.503781899663887,1.211
3.515232167309847,1.178
3.5266824349558075,1.15
3.538132702601768,1.126
3.5495829702477284,1.105
3.561033237893689,1.085
3.5724835055396493,1.08
3.58393377318561,1.069
3.5953840408315703,1.06
3.6068343084775294,1.051
3.6182845761234903,1.037
3.629734843769451,1.027
3.641185111415412,1.02
3.652635379061372,0.994
3.6640856467073326,0.967
3.675535914353293,0.943
3.6869861819992535,0.921
3.698436449645214,0.906
3.709886717291174,0.897
3.7213369849371354,0.891
3.732787252583095,0.898
3.744237520229056,0.918
3.755687787875016,0.947
3.767138055520976,0.963
3.778588323166937,0.976
3.790038590812897,0.989
3.801488858458857,0.972
3.8129391261048178,0.969
3.824389393750778,0.968
3.8358396613967383,0.959
3.847289929042699,0.946
3.85874019668866,0.934
3.87019046433462,0.924
3.881640731980581,0.941
3.893090999626541,0.944
3.904541267272501,0.928
3.9159915349184615,0.908
3.927441802564422,0.901
3.9388920702103833,0.9
3.950342337856343,0.893
3.961792605502304,0.871
3.973242873148264,0.849
3.984693140794224,0.84
3.996143408440185,0.844
4.007593676086145,0.852
4.019043943732106,0.856
4.030494211378066,0.872
4.041944479024027,0.897
4.053394746669986,0.927
4.064845014315947,0.946
4.076295281961907,0.956
4.087745549607868,0.957
4.099195817253828,0.961
4.1106460848997886,0.965
4.122096352545749,0.965
4.1335466201917095,0.95
4.14499688783767,0.948
4.15644715548363,0.945
4.167897423129591,0.936
4.179347690775551,0.932
4.190797958421512,0.922
4.202248226067472,0.906
4.213698493713433,0.891
4.225148761359393,0.89
4.236599029005354,0.894
4.248049296651313,0.894
4.259499564297274,0.891
4.270949831943234,0.888
4.282400099589195,0.893
4.293850367235155,0.884
4.305300634881116,0.87
4.316750902527076,0.853
4.3282011701730365,0.845
4.339651437818997,0.844
4.351101705464957,0.839
4.362551973110918,0.81
4.374002240756878,0.791
4.385452508402839,0.79
4.396902776048799,0.794
4.40835304369476,0.779
4.41980331134072,0.765
4.431253578986681,0.756
4.44270384663264,0.762
4.454154114278601,0.782
4.465604381924561,0.798
4.477054649570522,0.793
4.488504917216482,0.799
4.499955184862443,0.814
4.511405452508403,0.82
4.522855720154364,0.821
4.534305987800324,0.815
4.5457562554462845,0.798
4.557206523092245,0.788
4.568656790738205,0.794
4.580107058384166,0.809
4.591557326030126,0.807
4.603007593676087,0.807
4.614457861322047,0.819
4.625908128968008,0.841
4.637358396613968,0.86
4.648808664259928,0.879
4.660258931905888,0.896
4.671709199551849,0.898
4.683159467197809,0.902
4.69460973484377,0.91
4.70606000248973,0.906
4.717510270135691,0.913
4.728960537781651,0.925
4.740410805427612,0.908
4.751861073073572,0.893
4.763311340719532,0.894
4.774761608365493,0.915
4.786211876011453,0.931
4.797662143657414,0.93
4.809112411303374,0.918
4.820562678949335,0.905
4.832012946595295,0.897
4.843463214241255,0.89
4.854913481887215,0.862
4.866363749533176,0.841
4.877814017179136,0.84
4.889264284825097,0.841
4.900714552471057,0.852
4.912164820117018,0.869
4.923615087762978,0.875
4.9350653554089385,0.881
4.946515623054899,0.882
4.95796589070086,0.879
4.96941615834682,0.881
4.98086642599278,0.882
4.992316693638741,0.88
5.003766961284701,0.889
5.015217228930662,0.9
5.026667496576622,0.912
5.038117764222582,0.924
5.049568031868542,0.907
5.061018299514503,0.882
5.072468567160463,0.869
5.083918834806424,0.857
5.095369102452384,0.846
5.106819370098345,0.831
5.118269637744305,0.812
5.129719905390266,0.814
5.141170173036226,0.838
5.1526204406821865,0.83
5.164070708328147,0.82
5.175520975974107,0.806
5.186971243620068,0.795
5.198421511266028,0.794
5.209871778911989,0.794
5.221322046557949,0.786
5.232772314203909,0.788
5.244222581849869,0.792
5.25567284949583,0.794
5.26712311714179,0.799
5.278573384787751,0.808
5.290023652433711,0.819
5.301473920079672,0.836
5.312924187725632,0.845
5.324374455371593,0.853
5.335824723017553,0.862
5.3472749906635135,0.87
5.358725258309474,0.871
5.3701755259554345,0.869
5.381625793601395,0.862
5.393076061247355,0.854
5.404526328893316,0.85
5.415976596539276,0.843
5.427426864185237,0.846
5.438877131831196,0.851
5.450327399477157,0.84
5.461777667123117,0.823
5.473227934769078,0.809
5.484678202415038,0.816
5.496128470060999,0.824
5.507578737706959,0.826
5.51902900535292,0.816
5.53047927299888,0.818
5.541929540644841,0.817
5.553379808290801,0.811
5.5648300759367615,0.8
5.576280343582722,0.787
5.587730611228682,0.778
5.599180878874643,0.774
5.610631146520603,0.767
5.622081414166564,0.765
5.633531681812523,0.775
5.644981949458484,0.783
5.656432217104444,0.781
5.667882484750405,0.776
5.679332752396365,0.777
5.690783020042326,0.776
5.702233287688286,0.778
5.713683555334247,0.788
5.725133822980207,0.798
5.736584090626168,0.812
5.748034358272128,0.833
5.7594846259180885,0.844
5.770934893564049,0.854
5.7823851612100094,0.876
5.79383542885597,0.878
5.80528569650193,0.875
5.816735964147891,0.873
5.82818623179385,0.871
5.839636499439811,0.864
5.851086767085771,0.856
5.862537034731732,0.86
5.873987302377692,0.853
5.885437570023653,0.841
5.896887837669613,0.837
5.908338105315574,0.847
5.919788372961534,0.865
5.931238640607495,0.882
5.942688908253455,0.88
5.954139175899416,0.883
5.965589443545376,0.902
5.9770397111913365,0.911
5.988489978837297,0.904
5.999940246483257,0.887
6.011390514129218,0.865
6.0228407817751775,0.852
6.034291049421138,0.848
6.045741317067098,0.845
6.057191584713059,0.818
6.068641852359019,0.787
6.08009212000498,0.768
6.09154238765094,0.762
6.102992655296901,0.758
6.114442922942861,0.746
6.125893190588822,0.72
6.137343458234782,0.718
6.148793725880743,0.739
6.160243993526703,0.762
6.171694261172664,0.782
6.183144528818624,0.792
6.194594796464584,0.797
6.206045064110545,0.819
6.217495331756505,0.844
6.228945599402465,0.862
6.240395867048425,0.864
6.251846134694386,0.873
6.263296402340346,0.883
6.274746669986307,0.889
6.286196937632267,0.884
6.297647205278228,0.868
6.309097472924188,0.849
6.320547740570149,0.845
6.331998008216109,0.835
6.34344827586207,0.812
6.35489854350803,0.8
6.366348811153991,0.79
6.377799078799951,0.778
6.389249346445912,0.78
6.400699614091872,0.792
6.412149881737832,0.811
6.423600149383792,0.83
6.435050417029752,0.855
6.446500684675713,0.885
6.457950952321673,0.915
6.469401219967634,0.941
6.480851487613594,0.962
6.492301755259555,0.968
6.503752022905515,0.971
6.515202290551476,0.972
6.526652558197436,0.969
6.538102825843397,0.971
6.549553093489357,0.965
6.561003361135318,0.951
6.572453628781278,0.929
6.583903896427239,0.914
6.595354164073199,0.907
6.606804431719159,0.894
6.618254699365119,0.874
6.62970496701108,0.864
6.64115523465704,0.875
6.652605502303,0.883
6.664055769948961,0.889
6.675506037594921,0.886
6.686956305240882,0.872
6.698406572886842,0.866
6.709856840532803,0.864
6.721307108178763,0.847
6.732757375824724,0.82
6.744207643470684,0.788
6.755657911116645,0.765
6.767108178762605,0.763
6.7785584464085655,0.759
6.790008714054526,0.74
6.801458981700487,0.727
6.812909249346446,0.715
6.824359516992407,0.704
6.835809784638367,0.696
6.847260052284327,0.695
6.858710319930288,0.694
6.870160587576248,0.687
6.881610855222209,0.696
6.893061122868169,0.706
6.90451139051413,0.713
6.91596165816009,0.722
6.927411925806051,0.723
6.938862193452011,0.718
6.950312461097972,0.729
6.961762728743932,0.735
6.973212996389893,0.73
6.984663264035853,0.733
6.9961135316818135,0.744
7.007563799327774,0.753
7.0190140669737335,0.757
7.030464334619694,0.768
7.041914602265655,0.777
7.053364869911615,0.776
7.064815137557575,0.781
7.076265405203536,0.788
7.087715672849496,0.783
7.099165940495457,0.766
7.110616208141417,0.759
7.122066475787378,0.757
7.133516743433338,0.761
7.144967011079299,0.776
7.156417278725259,0.787
7.16786754637122,0.785
7.17931781401718,0.804
7.1907680816631405,0.811
7.202218349309101,0.791
7.213668616955061,0.784
7.225118884601021,0.773
7.236569152246981,0.756
7.248019419892942,0.747
7.259469687538902,0.752
7.270919955184863,0.762
7.282370222830823,0.783
7.293820490476784,0.784
7.305270758122744,0.772
7.316721025768705,0.759
7.328171293414665,0.758
7.339621561060626,0.753
7.351071828706586,0.734
7.362522096352547,0.708
7.373972363998507,0.694
7.3854226316444676,0.693
7.396872899290428,0.69
7.408323166936388,0.684
7.419773434582348,0.676
7.431223702228308,0.671
7.442673969874269,0.682
7.454124237520229,0.702
7.46557450516619,0.724
7.47702477281215,0.742
7.488475040458111,0.759
7.499925308104071,0.776
7.511375575750032,0.78
7.522825843395992,0.78
7.534276111041953,0.77
7.545726378687913,0.755
7.557176646333874,0.734
7.568626913979834,0.714
7.580077181625795,0.694
7.591527449271755,0.678
7.602977716917715,0.663
7.614427984563675,0.653
7.6258782522096356,0.645
7.637328519855596,0.641
7.648778787501556,0.638
7.660229055147517,0.619
7.671679322793477,0.608
7.683129590439438,0.602
7.694579858085398,0.594
7.706030125731359,0.593
7.717480393377319,0.594
7.72893066102328,0.592
7.74038092866924,0.591
7.751831196315201,0.591
7.763281463961161,0.594
7.774731731607122,0.603
7.786181999253082,0.602
7.797632266899042,0.591
7.809082534545002,0.585
7.820532802190963,0.593
7.831983069836923,0.611
7.8434333374828835,0.64
7.854883605128844,0.655
7.866333872774804,0.662
7.877784140420765,0.672
7.889234408066725,0.683
7.900684675712686,0.704
7.912134943358646,0.729
7.923585211004607,0.738
7.935035478650567,0.754
7.946485746296528,0.784
7.957936013942488,0.815
7.969386281588449,0.846
7.980836549234409,0.869
7.99228681688037,0.875
8.00373708452633,0.872
8.01518735217229,0.861
8.026637619818251,0.847
8.038087887464211,0.837
8.049538155110172,0.829
8.060988422756132,0.822
8.072438690402093,0.812
8.083888958048053,0.806
8.095339225694012,0.808
8.106789493339972,0.81
8.118239760985933,0.802
8.129690028631893,0.796
8.141140296277854,0.809
8.152590563923814,0.812
8.164040831569775,0.812
8.175491099215735,0.805
8.186941366861696,0.792
8.198391634507656,0.798
8.209841902153617,0.817
8.221292169799577,0.806
8.232742437445538,0.798
8.244192705091498,0.796
8.255642972737459,0.798
8.267093240383419,0.805
8.27854350802938,0.807
8.28999377567534,0.788
8.3014440433213,0.787
8.31289431096726,0.783
8.324344578613221,0.775
8.335794846259182,0.77
8.347245113905142,0.763
8.358695381551103,0.754
8.370145649197063,0.741
8.381595916843024,0.737
8.393046184488984,0.734
8.404496452134945,0.733
8.415946719780905,0.73
8.427396987426865,0.729
8.438847255072826,0.73
8.450297522718786,0.721
8.461747790364747,0.718
8.473198058010707,0.719
8.484648325656668,0.71
8.496098593302627,0.697
8.507548860948587,0.681
8.518999128594547,0.669
8.530449396240508,0.665
8.541899663886468,0.663
8.553349931532429,0.653
8.56480019917839,0.653
8.57625046682435,0.653
8.58770073447031,0.648
8.59915100211627,0.644
8.610601269762231,0.642
8.622051537408192,0.638
8.633501805054152,0.611
8.644952072700113,0.593
8.656402340346073,0.589
8.667852607992033,0.595
8.679302875637994,0.603
8.690753143283954,0.612
8.702203410929915,0.628
8.713653678575875,0.659
8.725103946221836,0.687
8.736554213867796,0.705
8.748004481513757,0.721
8.759454749159717,0.733
8.770905016805678,0.743
8.782355284451638,0.748
8.793805552097599,0.753
8.805255819743559,0.761
8.81670608738952,0.776
8.82815635503548,0.788
8.83960662268144,0.804
8.851056890327401,0.826
8.862507157973361,0.84
8.873957425619322,0.851
8.88540769326528,0.857
8.896857960911241,0.853
8.908308228557202,0.845
8.919758496203162,0.837
8.931208763849122,0.828
8.942659031495083,0.828
8.954109299141043,0.827
8.965559566787004,0.809
8.977009834432964,0.801
8.988460102078925,0.79
8.999910369724885,0.77
9.011360637370846,0.77
9.022810905016806,0.761
9.034261172662768,0.742
9.045711440308729,0.737
9.057161707954688,0.723
9.068611975600648,0.718
9.080062243246608,0.75
9.091512510892567,0.748
9.10296277853853,0.734
9.11441304618449,0.733
9.12586331383045,0.728
9.13731358147641,0.729
9.148763849122371,0.739
9.160214116768332,0.724
9.171664384414292,0.715
9.183114652060253,0.713
9.194564919706211,0.699
9.206015187352174,0.694
9.217465454998134,0.695
9.228915722644096,0.692
9.240365990290057,0.683
9.251816257936015,0.676
9.263266525581976,0.679
9.274716793227936,0.691
9.286167060873897,0.692
9.297617328519856,0.686
9.309067596165816,0.692
9.320517863811776,0.695
9.331968131457735,0.695
9.343418399103696,0.702
9.354868666749658,0.711
9.366318934395618,0.724
9.37776920204158,0.744
9.38921946968754,0.751
9.4006697373335,0.754
9.41212000497946,0.762
9.42357027262542,0.761
9.43502054027138,0.753
9.446470807917342,0.739
9.457921075563302,0.72
9.469371343209264,0.695
9.480821610855225,0.673
9.492271878501183,0.666
9.503722146147144,0.654
9.515172413793104,0.645
9.526622681439065,0.651
9.538072949085024,0.669
9.549523216730986,0.7
9.560973484376946,0.738
9.572423752022909,0.754
9.583874019668867,0.767
9.595324287314828,0.785
9.606774554960788,0.799
9.618224822606749,0.796
9.629675090252707,0.78
9.64112535789867,0.753
9.65257562554463,0.744
9.66402589319059,0.742
9.67547616083655,0.74
9.68692642848251,0.737
9.69837669612847,0.733
9.70982696377443,0.733
9.721277231420393,0.755
9.732727499066351,0.769
9.744177766712312,0.768
9.755628034358272,0.761
9.767078302004233,0.751
9.778528569650192,0.745
9.789978837296154,0.749
9.801429104942114,0.752
9.812879372588077,0.757
9.824329640234035,0.765
9.835779907879996,0.779
9.847230175525956,0.801
9.858680443171917,0.821
9.870130710817875,0.832
9.881580978463838,0.843
9.893031246109798,0.852
9.904481513755758,0.847
9.91593178140172,0.845
9.92738204904768,0.847
9.93883231669364,0.846
9.9502825843396,0.837
9.96173285198556,0.827
9.97318311963152,0.819
9.984633387277482,0.818
9.996083654923442,0.819
10.007533922569404,0.82
10.018984190215363,0.821
