time_min,absorb_mau
0.0,0.0
0.0200000002980232,0.0
0.0400000005960464,0.039
0.0600000008940696,0.036
0.0800000011920929,0.044
0.1000000014901161,0.078
0.1200000017881393,0.069
0.1400000020861625,0.108
0.1600000023841858,0.173
0.180000002682209,0.191
0.2000000029802322,0.239
0.2200000032782554,0.266
0.2400000035762786,0.246
0.2600000038743019,0.254
0.2800000041723251,0.228
0.3000000044703483,0.195
0.3200000047683716,0.196
0.3400000050663948,0.214
0.360000005364418,0.212
0.3800000056624412,0.219
0.4000000059604645,0.221
0.4200000062584877,0.227
0.4400000065565109,0.254
0.4600000068545342,0.309
0.4800000071525573,0.362
0.5000000074505806,0.417
0.5200000077486039,0.469
0.5400000080466271,0.514
0.5600000083446502,0.564
0.5800000086426735,0.904
0.6000000089406967,2.519
0.62000000923872,7.81
0.6400000095367432,20.719
0.6600000098347664,45.12
0.6800000101327897,83.991
0.7000000104308128,135.382
0.7200000107288361,190.623
0.7400000110268593,239.655
0.7600000113248825,272.453
0.7800000116229058,281.775
0.800000011920929,265.359
0.8200000122189522,231.897
0.8400000125169754,190.725
0.8600000128149986,150.38
0.8800000131130219,116.12
0.9000000134110451,90.013
0.9200000137090684,71.83
0.9400000140070917,58.603
0.9600000143051148,48.771
0.980000014603138,41.34
1.0000000149011612,35.422
1.0200000151991844,30.935
1.0400000154972078,27.513
1.060000015795231,24.786
1.080000016093254,22.569
1.100000016391277,20.748
1.1200000166893005,19.257
1.140000016987324,18.029
1.160000017285347,17.007
1.1800000175833705,16.121
1.2000000178813934,15.337
1.2200000181794166,14.627
1.24000001847744,14.008
1.2600000187754632,13.381
1.2800000190734864,12.832
1.3000000193715096,12.308
1.3200000196695327,11.743
1.340000019967556,11.22
1.360000020265579,10.676
1.3800000205636025,10.161
1.4000000208616257,9.697
1.4200000211596489,9.256
1.4400000214576725,8.875
1.4600000217556954,8.493
1.4800000220537186,8.134
1.5000000223517418,7.806
1.520000022649765,7.495
1.5400000229477884,7.192
1.5600000232458116,6.921
1.5800000235438347,6.659
1.600000023841858,6.4
1.620000024139881,6.143
1.6400000244379045,5.937
1.6600000247359277,5.725
1.6800000250339509,5.55
1.700000025331974,5.407
1.7200000256299972,5.246
1.7400000259280206,5.102
1.7600000262260438,4.956
1.780000026524067,4.818
1.80000002682209,4.688
1.820000027120113,4.582
1.8400000274181367,4.468
1.86000002771616,4.37
1.880000028014183,4.295
1.9000000283122065,4.245
1.9200000286102292,4.202
1.9400000289082528,4.133
1.960000029206276,4.069
1.9800000295042992,3.978
2.0000000298023224,3.889
2.020000030100346,3.818
2.0400000303983687,3.75
2.060000030696392,3.7
2.0800000309944155,3.61
2.1000000312924385,3.52
2.120000031590462,3.454
2.140000031888485,3.381
2.1600000321865083,3.306
2.180000032484532,3.253
2.200000032782554,3.192
2.220000033080578,3.149
2.240000033378601,3.108
2.2600000336766244,3.069
2.280000033974648,3.027
2.3000000342726707,2.948
2.320000034570694,2.889
2.340000034868717,2.831
2.3600000351667405,2.805
2.380000035464764,2.775
2.400000035762787,2.725
2.4200000360608103,2.692
2.440000036358833,2.63
2.4600000366568566,2.592
2.48000003695488,2.568
2.500000037252903,2.581
2.5200000375509264,2.591
2.5400000378489493,2.584
2.5600000381469727,2.568
2.580000038444996,2.504
2.600000038743019,2.475
2.6200000390410425,2.423
2.640000039339065,2.372
2.660000039637089,2.346
2.6800000399351123,2.342
2.7000000402331352,2.327
2.720000040531158,2.352
2.7400000408291816,2.353
2.760000041127205,2.325
2.7800000414252284,2.329
2.800000041723252,2.307
2.8200000420212747,2.289
2.8400000423192977,2.266
2.860000042617321,2.22
2.8800000429153445,2.165
2.9000000432133675,2.113
2.920000043511391,2.092
2.940000043809414,2.07
2.960000044107437,2.041
2.9800000444054606,2.006
3.000000044703484,1.979
3.020000045001507,1.986
3.04000004529953,1.989
3.0600000455975533,1.996
3.0800000458955767,1.991
3.1000000461936,1.977
3.120000046491623,1.961
3.140000046789646,1.94
3.160000047087669,1.931
3.180000047385693,1.881
3.200000047683716,1.82
3.220000047981739,1.782
3.240000048279762,1.734
3.2600000485777856,1.715
3.280000048875809,1.71
3.300000049173832,1.671
3.320000049471856,1.654
3.3400000497698783,1.645
3.3600000500679017,1.623
3.380000050365925,1.64
3.400000050663948,1.645
3.4200000509619715,1.643
3.4400000512599944,1.602
3.460000051558018,1.584
3.480000051856041,1.546
3.500000052154064,1.509
3.520000052452088,1.501
3.5400000527501105,1.5
3.560000053048134,1.519
3.5800000533461573,1.538
3.6000000536441803,1.552
3.620000053942204,1.546
3.640000054240226,1.522
3.66000005453825,1.521
3.6800000548362735,1.513
3.700000055134296,1.498
3.72000005543232,1.493
3.740000055730343,1.486
3.760000056028366,1.491
3.7800000563263896,1.459
3.800000056624413,1.462
3.820000056922436,1.451
3.840000057220459,1.442
3.8600000575184814,1.461
3.8800000578165057,1.467
3.9000000581145287,1.446
3.920000058412552,1.424
3.940000058710575,1.407
3.9600000590085984,1.398
3.980000059306622,1.406
4.000000059604645,1.426
4.020000059902668,1.423
4.040000060200692,1.435
4.060000060498715,1.416
4.0800000607967375,1.401
4.100000061094761,1.404
4.120000061392784,1.396
4.140000061690808,1.417
4.160000061988831,1.439
4.180000062286854,1.461
4.200000062584877,1.478
4.2200000628829,1.489
4.240000063180924,1.505
4.260000063478947,1.53
4.28000006377697,1.541
4.300000064074993,1.539
4.3200000643730165,1.523
4.34000006467104,1.513
4.360000064969063,1.473
4.380000065267086,1.428
4.400000065565109,1.417
4.420000065863133,1.377
4.440000066161156,1.373
4.46000006645918,1.395
4.480000066757202,1.371
4.500000067055225,1.345
4.520000067353249,1.324
4.540000067651272,1.299
4.560000067949296,1.313
4.580000068247318,1.329
4.6000000685453415,1.327
4.620000068843365,1.321
4.640000069141388,1.303
4.660000069439412,1.28
4.680000069737434,1.272
4.700000070035458,1.279
4.720000070333481,1.257
4.740000070631504,1.238
4.760000070929528,1.23
4.78000007122755,1.206
4.800000071525574,1.202
4.820000071823597,1.229
4.8400000721216205,1.229
4.860000072419644,1.24
4.880000072717666,1.263
4.90000007301569,1.255
4.920000073313713,1.277
4.940000073611737,1.286
4.96000007390976,1.298
4.980000074207783,1.33
5.000000074505806,1.358
5.020000074803829,1.362
5.040000075101853,1.36
5.060000075399876,1.353
5.080000075697899,1.325
5.100000075995922,1.32
5.1200000762939455,1.338
5.140000076591969,1.341
5.160000076889992,1.354
5.180000077188015,1.367
5.200000077486038,1.359
5.220000077784062,1.368
5.240000078082085,1.354
5.260000078380108,1.368
5.280000078678131,1.37
5.300000078976154,1.362
5.320000079274178,1.349
5.340000079572201,1.315
5.3600000798702245,1.341
5.380000080168247,1.334
5.4000000804662704,1.346
5.420000080764294,1.367
5.440000081062317,1.343
5.460000081360341,1.306
5.480000081658363,1.316
5.500000081956387,1.309
5.52000008225441,1.321
5.540000082552433,1.33
5.560000082850457,1.314
5.580000083148479,1.3
5.600000083446503,1.276
5.620000083744526,1.28
5.6400000840425495,1.282
5.660000084340573,1.294
5.680000084638595,1.324
5.700000084936619,1.319
5.720000085234642,1.297
5.740000085532666,1.278
5.760000085830689,1.252
5.780000086128712,1.248
5.800000086426735,1.25
5.820000086724758,1.273
5.840000087022782,1.257
5.860000087320805,1.262
5.880000087618828,1.289
5.900000087916851,1.271
5.920000088214874,1.28
5.940000088512898,1.289
5.960000088810921,1.274
5.980000089108944,1.303
6.000000089406967,1.287
6.020000089704991,1.28
6.040000090003014,1.28
6.060000090301037,1.261
6.08000009059906,1.264
6.100000090897083,1.278
6.120000091195107,1.265
6.14000009149313,1.264
6.1600000917911535,1.282
6.180000092089176,1.292
6.200000092387199,1.321
6.220000092685223,1.357
6.240000092983246,1.369
6.26000009328127,1.368
6.280000093579292,1.343
6.300000093877316,1.32
6.320000094175339,1.314
6.340000094473362,1.306
6.360000094771386,1.329
6.380000095069408,1.35
6.400000095367432,1.362
6.420000095665455,1.372
6.440000095963478,1.41
6.460000096261502,1.374
6.480000096559524,1.347
6.500000096857548,1.314
6.520000097155571,1.254
6.540000097453595,1.262
6.560000097751618,1.278
6.5800000980496405,1.3
6.600000098347664,1.3
6.620000098645687,1.296
6.640000098943711,1.289
6.660000099241734,1.258
6.680000099539757,1.237
6.70000009983778,1.233
6.720000100135803,1.213
6.740000100433827,1.216
6.76000010073185,1.24
6.780000101029873,1.251
6.800000101327896,1.24
6.82000010162592,1.205
6.840000101923943,1.179
6.860000102221966,1.179
6.880000102519989,1.216
6.900000102818012,1.257
6.920000103116036,1.286
6.940000103414059,1.295
6.960000103712082,1.257
6.980000104010105,1.241
7.000000104308128,1.249
7.020000104606152,1.256
7.040000104904175,1.248
7.060000105202199,1.253
7.080000105500221,1.23
7.1000001057982445,1.183
7.120000106096268,1.134
7.140000106394291,1.129
7.160000106692315,1.117
7.180000106990337,1.129
7.200000107288361,1.157
7.220000107586384,1.174
7.240000107884407,1.19
7.260000108182431,1.23
7.280000108480453,1.243
7.300000108778477,1.26
7.3200001090765,1.259
7.3400001093745235,1.255
7.360000109672547,1.245
7.380000109970569,1.225
7.400000110268593,1.216
7.420000110566616,1.205
7.44000011086464,1.196
7.460000111162663,1.216
7.480000111460685,1.224
7.500000111758709,1.194
7.520000112056732,1.211
7.540000112354756,1.182
7.560000112652779,1.155
7.580000112950802,1.188
7.600000113248825,1.18
7.620000113546848,1.209
7.640000113844872,1.233
7.660000114142895,1.245
7.680000114440918,1.248
7.700000114738941,1.235
7.720000115036965,1.268
7.740000115334988,1.257
7.760000115633011,1.248
7.780000115931034,1.23
7.800000116229057,1.181
7.820000116527081,1.16
7.840000116825104,1.155
7.860000117123127,1.173
7.88000011742115,1.199
7.900000117719173,1.252
7.920000118017197,1.254
7.94000011831522,1.254
7.960000118613244,1.24
7.980000118911266,1.229
8.00000011920929,1.26
8.020000119507314,1.279
8.040000119805336,1.274
8.060000120103359,1.271
8.080000120401383,1.244
8.100000120699406,1.208
8.12000012099743,1.177
8.140000121295452,1.202
8.160000121593475,1.203
8.1800001218915,1.235
8.200000122189522,1.314
8.220000122487546,1.353
8.240000122785569,1.389
8.260000123083591,1.411
8.280000123381615,1.415
8.300000123679638,1.413
8.320000123977662,1.447
8.340000124275685,1.493
8.360000124573707,1.502
8.380000124871732,1.509
8.400000125169754,1.49
8.420000125467778,1.478
8.4400001257658,1.457
8.460000126063823,1.445
8.480000126361848,1.429
8.50000012665987,1.403
8.520000126957894,1.419
8.540000127255917,1.405
8.56000012755394,1.408
8.580000127851964,1.408
8.600000128149986,1.379
8.62000012844801,1.36
8.640000128746033,1.301
8.660000129044056,1.282
8.68000012934208,1.278
8.700000129640102,1.254
8.720000129938127,1.262
8.74000013023615,1.268
8.760000130534172,1.253
8.780000130832196,1.254
8.800000131130219,1.249
8.820000131428243,1.255
8.840000131726265,1.252
8.860000132024288,1.257
8.880000132322312,1.288
8.900000132620335,1.283
8.920000132918359,1.258
8.940000133216381,1.221
8.960000133514404,1.204
8.980000133812428,1.171
9.00000013411045,1.177
9.020000134408477,1.191
9.040000134706498,1.195
9.06000013500452,1.229
9.080000135302544,1.238
9.100000135600569,1.232
9.120000135898591,1.224
9.140000136196614,1.196
9.160000136494636,1.19
9.18000013679266,1.189
9.200000137090685,1.209
9.220000137388707,1.228
9.24000013768673,1.243
9.260000137984752,1.276
9.280000138282777,1.319
9.3000001385808,1.364
9.320000138878823,1.42
9.340000139176846,1.454
9.360000139474868,1.45
9.380000139772893,1.463
9.400000140070915,1.436
9.42000014036894,1.39
9.440000140666962,1.367
9.460000140964985,1.338
9.480000141263009,1.334
9.500000141561031,1.331
9.520000141859056,1.317
9.540000142157078,1.327
9.5600001424551,1.325
9.580000142753123,1.323
9.600000143051147,1.343
9.620000143349172,1.335
9.640000143647194,1.337
9.660000143945217,1.356
9.68000014424324,1.384
9.700000144541264,1.389
9.720000144839288,1.426
9.74000014513731,1.456
9.760000145435331,1.467
9.780000145733355,1.493
9.80000014603138,1.498
9.820000146329404,1.478
9.840000146627428,1.436
9.860000146925447,1.426
9.880000147223472,1.408
9.900000147521496,1.388
9.92000014781952,1.425
9.940000148117544,1.43
9.960000148415563,1.455
9.98000014871359,1.48
10.000000149011612,1.505
10.020000149309636,1.533
10.04000014960766,1.494
10.06000014990568,1.47
10.080000150203706,1.425
10.100000150501728,1.372
10.120000150799752,1.368
10.140000151097777,1.375
10.160000151395796,1.322
10.180000151693822,1.342
10.200000151991844,1.336
10.220000152289868,1.323
10.240000152587893,1.363
10.260000152885912,1.333
10.280000153183938,1.306
10.30000015348196,1.299
10.320000153779985,1.302
10.340000154078009,1.31
10.36000015437603,1.347
10.380000154674054,1.42
10.400000154972076,1.469
10.4200001552701,1.491
10.440000155568123,1.489
10.460000155866146,1.436
10.48000015616417,1.423
10.500000156462193,1.429
10.520000156760217,1.47
10.54000015705824,1.483
10.560000157356262,1.475
10.580000157654286,1.441
10.600000157952309,1.406
10.620000158250331,1.361
10.640000158548355,1.329
10.660000158846378,1.314
10.680000159144402,1.299
10.700000159442425,1.312
10.720000159740447,1.334
10.740000160038472,1.338
10.760000160336494,1.34
10.780000160634518,1.356
10.80000016093254,1.359
10.820000161230563,1.366
10.840000161528588,1.39
10.86000016182661,1.374
10.880000162124634,1.366
10.900000162422655,1.354
10.92000016272068,1.352
10.940000163018704,1.362
10.960000163316726,1.38
10.98000016361475,1.408
11.000000163912771,1.409
11.020000164210796,1.42
11.04000016450882,1.437
11.060000164806842,1.463
11.080000165104869,1.496
11.10000016540289,1.526
11.120000165700914,1.557
11.140000165998936,1.553
11.16000016629696,1.564
11.180000166594985,1.55
11.200000166893004,1.524
11.22000016719103,1.496
11.240000167489052,1.468
11.260000167787076,1.464
11.2800001680851,1.444
11.30000016838312,1.459
11.320000168681146,1.503
11.340000168979168,1.509
11.36000016927719,1.526
11.380000169575217,1.534
11.400000169873238,1.529
11.420000170171262,1.542
11.440000170469284,1.577
11.460000170767309,1.588
11.480000171065331,1.59
11.500000171363354,1.58
11.520000171661378,1.55
11.5400001719594,1.562
11.560000172257425,1.577
11.580000172555447,1.574
11.60000017285347,1.593
11.620000173151494,1.554
11.640000173449517,1.495
11.66000017374754,1.476
11.680000174045563,1.457
11.700000174343586,1.467
11.72000017464161,1.532
11.740000174939633,1.559
11.760000175237655,1.583
11.78000017553568,1.626
11.800000175833702,1.638
11.820000176131726,1.643
11.840000176429747,1.658
11.860000176727771,1.639
11.880000177025796,1.63
11.900000177323818,1.629
11.920000177621842,1.621
11.940000177919863,1.604
11.960000178217888,1.58
11.980000178515912,1.548
12.000000178813934,1.545
12.02000017911196,1.532
12.04000017940998,1.51
12.060000179708004,1.479
12.080000180006028,1.469
12.10000018030405,1.45
12.120000180602077,1.452
12.140000180900095,1.467
12.16000018119812,1.494
12.180000181496144,1.534
12.200000181794168,1.557
12.22000018209219,1.592
12.240000182390212,1.608
12.260000182688236,1.596
12.28000018298626,1.612
12.300000183284284,1.614
12.320000183582309,1.59
12.34000018388033,1.594
12.360000184178352,1.595
12.380000184476376,1.581
12.4000001847744,1.559
12.420000185072425,1.545
12.440000185370446,1.509
12.460000185668468,1.478
12.480000185966492,1.466
12.500000186264517,1.441
12.52000018656254,1.395
12.540000186860562,1.394
12.560000187158584,1.364
12.580000187456609,1.367
12.600000187754633,1.394
12.620000188052655,1.395
12.640000188350678,1.381
12.6600001886487,1.404
12.680000188946725,1.407
12.700000189244747,1.44
12.720000189542771,1.479
12.740000189840794,1.516
12.760000190138816,1.537
12.78000019043684,1.558
12.800000190734863,1.576
12.820000191032888,1.58
12.84000019133091,1.585
12.860000191628933,1.594
12.880000191926957,1.602
12.90000019222498,1.602
12.920000192523004,1.595
12.940000192821026,1.583
12.960000193119049,1.572
12.980000193417071,1.558
13.000000193715096,1.542
13.02000019401312,1.48
13.040000194311142,1.44
13.060000194609165,1.418
13.08000019490719,1.418
13.100000195205212,1.467
13.120000195503236,1.502
13.140000195801258,1.524
13.16000019609928,1.569
13.180000196397303,1.585
13.200000196695328,1.592
13.220000196993352,1.578
13.240000197291376,1.546
13.260000197589395,1.54
13.28000019788742,1.527
13.300000198185444,1.554
13.320000198483468,1.549
13.34000019878149,1.56
13.360000199079511,1.596
13.380000199377536,1.597
13.40000019967556,1.585
13.420000199973584,1.551
13.440000200271609,1.527
13.46000020056963,1.56
13.480000200867654,1.618
13.500000201165676,1.654
13.5200002014637,1.711
13.540000201761725,1.721
13.560000202059744,1.725
13.58000020235777,1.744
13.600000202655792,1.75
13.620000202953817,1.737
13.64000020325184,1.697
13.660000203549862,1.672
13.680000203847886,1.64
13.700000204145908,1.593
13.720000204443933,1.579
13.740000204741955,1.558
13.760000205039978,1.552
13.780000205338002,1.586
13.800000205636024,1.603
13.820000205934049,1.612
13.840000206232071,1.624
13.860000206530094,1.572
13.880000206828118,1.563
13.90000020712614,1.545
13.920000207424165,1.535
13.940000207722187,1.559
13.96000020802021,1.589
13.980000208318234,1.614
14.000000208616257,1.691
14.02000020891428,1.744
14.040000209212304,1.747
14.060000209510326,1.724
14.08000020980835,1.718
14.100000210106373,1.7
14.120000210404395,1.705
14.14000021070242,1.749
14.160000211000442,1.746
14.180000211298466,1.716
14.200000211596487,1.723
14.220000211894511,1.719
14.240000212192536,1.707
14.260000212490558,1.704
14.280000212788584,1.714
14.300000213086603,1.739
14.32000021338463,1.783
14.340000213682652,1.838
14.360000213980674,1.874
14.3800002142787,1.87
14.40000021457672,1.9
14.420000214874744,1.9
14.440000215172768,1.913
14.46000021547079,1.963
14.480000215768817,1.986
14.500000216066836,2.008
14.520000216364862,2.026
14.540000216662884,2.013
14.560000216960908,1.988
14.580000217258933,2.0
14.600000217556952,1.974
14.620000217854978,2.002
14.640000218153,2.022
14.660000218451025,2.008
14.680000218749049,2.011
14.70000021904707,1.972
14.720000219345094,1.918
14.740000219643116,1.895
14.76000021994114,1.885
14.780000220239163,1.887
14.800000220537186,1.899
14.82000022083521,1.9
14.840000221133232,1.898
14.860000221431257,1.879
14.88000022172928,1.854
14.900000222027302,1.856
14.920000222325326,1.85
14.940000222623349,1.823
14.960000222921373,1.832
14.980000223219395,1.811
15.000000223517418,1.807
15.020000223815442,1.853
15.040000224113465,1.881
15.060000224411487,1.939
15.080000224709512,1.963
15.100000225007534,1.953
15.120000225305558,1.961
15.14000022560358,1.917
15.160000225901603,1.884
15.180000226199628,1.845
15.20000022649765,1.792
15.220000226795674,1.783
15.240000227093695,1.758
15.26000022739172,1.746
15.280000227689744,1.729
15.300000227987766,1.7
15.32000022828579,1.679
15.340000228583811,1.71
15.360000228881836,1.727
15.38000022917986,1.727
15.400000229477882,1.735
15.420000229775908,1.735
15.44000023007393,1.697
15.460000230371952,1.723
15.480000230669976,1.696
15.500000230968,1.654
15.520000231266025,1.638
15.540000231564044,1.653
15.560000231862068,1.652
15.580000232160092,1.707
15.600000232458116,1.755
15.62000023275614,1.755
15.64000023305416,1.758
15.660000233352184,1.748
15.680000233650208,1.727
15.70000023394823,1.738
15.720000234246257,1.769
15.740000234544278,1.762
15.7600002348423,1.769
15.780000235140324,1.747
15.800000235438349,1.724
15.820000235736371,1.692
15.840000236034394,1.677
15.860000236332416,1.655
15.88000023663044,1.654
15.900000236928465,1.655
15.920000237226487,1.662
15.94000023752451,1.65
15.960000237822532,1.633
15.980000238120557,1.596
16.00000023841858,1.588
16.0200002387166,1.576
16.040000239014628,1.555
16.06000023931265,1.571
16.080000239610673,1.586
16.100000239908695,1.624
16.120000240206718,1.695
16.140000240504744,1.731
16.160000240802766,1.721
16.18000024110079,1.702
16.20000024139881,1.68
16.220000241696834,1.669
16.24000024199486,1.691
16.260000242292882,1.712
16.280000242590905,1.71
16.300000242888927,1.723
16.32000024318695,1.673
16.340000243484976,1.645
16.360000243783,1.631
16.38000024408102,1.591
16.400000244379044,1.589
16.420000244677066,1.602
16.440000244975092,1.617
16.460000245273115,1.62
16.480000245571137,1.651
16.50000024586916,1.662
16.520000246167182,1.646
16.54000024646521,1.649
16.56000024676323,1.685
16.580000247061253,1.695
16.600000247359276,1.705
16.6200002476573,1.733
16.640000247955324,1.686
16.660000248253347,1.644
16.68000024855137,1.626
16.700000248849392,1.604
16.720000249147414,1.622
16.74000024944544,1.639
16.760000249743463,1.631
16.780000250041486,1.615
16.800000250339508,1.602
16.82000025063753,1.59
16.840000250935557,1.6
16.86000025123358,1.632
16.8800002515316,1.648
16.900000251829624,1.657
16.920000252127647,1.68
16.940000252425673,1.64
16.960000252723695,1.613
16.980000253021718,1.599
17.00000025331974,1.564
17.020000253617763,1.585
17.04000025391579,1.564
17.06000025421381,1.558
17.080000254511834,1.574
17.100000254809856,1.56
17.12000025510788,1.579
17.140000255405905,1.603
17.160000255703928,1.62
17.18000025600195,1.642
17.200000256299973,1.661
17.220000256597995,1.678
17.24000025689602,1.682
17.260000257194044,1.695
17.280000257492066,1.68
17.30000025779009,1.688
17.32000025808811,1.68
17.340000258386137,1.634
17.36000025868416,1.661
17.380000258982182,1.65
17.400000259280205,1.628
17.420000259578227,1.658
17.440000259876253,1.666
17.460000260174276,1.649
17.4800002604723,1.655
17.50000026077032,1.664
17.520000261068343,1.653
17.54000026136637,1.664
17.560000261664392,1.652
17.580000261962414,1.641
17.600000262260437,1.66
17.62000026255846,1.682
17.640000262856486,1.713
17.660000263154508,1.731
17.68000026345253,1.733
17.700000263750553,1.722
17.720000264048576,1.712
17.7400002643466,1.69
17.760000264644624,1.683
17.780000264942647,1.631
17.80000026524067,1.632
17.82000026553869,1.654
17.840000265836718,1.642
17.86000026613474,1.675
17.880000266432763,1.679
17.900000266730785,1.672
17.920000267028808,1.694
17.940000267326834,1.7
17.960000267624856,1.685
17.98000026792288,1.683
18.0000002682209,1.673
18.020000268518924,1.672
18.04000026881695,1.682
18.060000269114973,1.684
18.080000269412995,1.679
18.100000269711018,1.66
18.12000027000904,1.652
18.140000270307063,1.623
18.16000027060509,1.619
18.18000027090311,1.624
18.200000271201134,1.655
18.22000027149916,1.702
18.240000271797182,1.75
18.260000272095205,1.753
18.280000272393227,1.738
18.30000027269125,1.759
18.320000272989272,1.713
18.3400002732873,1.734
18.36000027358532,1.761
18.380000273883343,1.777
18.40000027418137,1.789
18.42000027447939,1.785
18.44000027477741,1.759
18.46000027507544,1.718
18.48000027537346,1.677
18.50000027567148,1.685
18.520000275969505,1.671
18.54000027626753,1.705
18.560000276565557,1.741
18.580000276863576,1.757
18.6000002771616,1.774
18.62000027745962,1.788
18.640000277757647,1.838
18.66000027805567,1.864
18.68000027835369,1.906
18.700000278651714,1.916
18.720000278949737,1.875
18.740000279247763,1.851
18.760000279545785,1.843
18.780000279843808,1.846
18.80000028014183,1.869
18.820000280439853,1.885
18.84000028073788,1.887
18.8600002810359,1.871
18.880000281333924,1.868
18.900000281631947,1.844
18.92000028192997,1.804
18.940000282227995,1.791
18.960000282526018,1.777
18.98000028282404,1.764
19.000000283122063,1.796
19.020000283420085,1.816
19.04000028371811,1.832
19.060000284016134,1.86
19.08000028431416,1.875
19.10000028461218,1.851
19.1200002849102,1.842
19.140000285208227,1.84
19.16000028550625,1.853
19.180000285804272,1.841
19.20000028610229,1.853
19.22000028640032,1.84
19.240000286698344,1.807
19.26000028699637,1.839
19.28000028729439,1.844
19.30000028759241,1.853
19.320000287890437,1.862
19.34000028818846,1.857
19.36000028848648,1.84
19.380000288784505,1.857
19.400000289082527,1.852
19.42000028938055,1.85
19.440000289678576,1.875
19.4600002899766,1.904
19.48000029027462,1.906
19.500000290572643,1.932
19.520000290870662,1.936
19.54000029116869,1.921
19.560000291466714,1.907
19.580000291764737,1.915
19.60000029206276,1.937
19.620000292360785,1.95
19.640000292658808,1.985
19.66000029295683,2.013
19.680000293254853,2.015
19.70000029355288,2.01
19.720000293850894,2.021
19.740000294148924,2.024
19.760000294446947,2.028
19.78000029474497,2.023
19.80000029504299,2.013
19.82000029534101,1.983
19.84000029563904,1.956
19.860000295937063,1.959
19.880000296235085,1.964
19.900000296533108,1.999
19.92000029683113,1.996
19.94000029712916,2.02
19.96000029742718,2.013
19.9800002977252,2.003
20.000000298023224,1.998
