time_min,absorb_mau
0.0,-0.003
0.0333333338300387,0.02
0.0666666676600774,0.019
0.1000000014901161,0.013
0.1333333353201548,-0.015
0.1666666691501935,0.326
0.2000000029802322,0.656
0.2333333368102709,0.632
0.2666666706403096,0.305
0.3000000044703483,0.113
0.3333333383003871,-0.007
0.3666666721304258,-0.082
0.4000000059604645,-0.094
0.4333333397905032,-0.044
0.4666666736205419,0.005
0.5000000074505806,-0.012
0.5333333412806193,0.014
0.566666675110658,-0.001
0.6000000089406967,0.161
0.6333333427707355,1.008
0.6666666766007742,4.226
0.7000000104308128,11.262
0.7333333442608516,21.332
0.7666666780908903,31.872
0.800000011920929,39.328
0.8333333457509677,42.087
0.8666666795810064,41.105
0.9000000134110451,38.459
0.933333347241084,35.449
0.9666666810711224,32.419
1.0000000149011612,29.664
1.0333333487312,27.315
1.0666666825612383,25.454
1.100000016391277,24.087
1.133333350221316,23.212
1.1666666840513549,22.848
1.2000000178813934,22.636
1.2333333517114322,22.659
1.266666685541471,22.574
1.3000000193715096,22.297
1.3333333532015483,21.825
1.3666666870315871,21.273
1.4000000208616257,20.598
1.4333333546916645,19.686
1.4666666885217032,18.846
1.5000000223517418,18.144
1.5333333561817806,17.423
1.5666666900118194,16.638
1.600000023841858,15.967
1.6333333576718967,15.396
1.6666666915019357,14.887
1.700000025331974,14.267
1.7333333591620128,13.723
1.7666666929920516,13.154
1.80000002682209,12.634
1.833333360652129,12.087
1.866666694482168,11.77
1.9000000283122065,11.305
1.933333362142245,10.879
1.966666695972284,10.478
2.0000000298023224,10.228
2.033333363632361,9.933
2.0666666974624,9.645
2.1000000312924385,9.169
2.133333365122477,8.838
2.166666698952516,8.569
2.200000032782554,8.424
2.233333366612593,8.226
2.266666700442632,8.193
2.3000000342726707,8.109
2.3333333681027097,7.943
2.3666667019327483,7.732
2.400000035762787,7.479
2.433333369592826,7.329
2.4666667034228644,7.207
2.500000037252903,7.196
2.533333371082942,7.064
2.5666667049129805,6.912
2.600000038743019,6.801
2.633333372573058,6.746
2.6666667064030967,6.48
2.7000000402331352,6.295
2.7333333740631742,6.106
2.766666707893213,6.19
2.800000041723252,6.079
2.8333333755532903,5.92
2.866666709383329,5.798
2.9000000432133675,5.627
2.9333333770434065,5.571
2.966666710873445,5.499
3.000000044703484,5.502
3.0333333785335226,5.391
3.066666712363561,5.194
3.1000000461936,5.146
3.1333333800236387,5.221
3.1666667138536773,5.264
3.200000047683716,5.215
3.233333381513755,5.169
3.2666667153437934,5.12
3.300000049173832,5.094
3.333333383003871,5.018
3.366666716833909,4.97
3.400000050663948,4.919
3.433333384493987,4.82
3.4666667183240256,4.725
3.500000052154064,4.687
3.533333385984103,4.74
3.5666667198141417,4.771
3.6000000536441803,4.733
3.6333333874742193,4.645
3.666666721304258,4.66
3.700000055134296,4.648
3.733333388964336,4.643
3.766666722794374,4.676
3.800000056624413,4.765
3.833333390454452,4.765
3.86666672428449,4.76
3.9000000581145287,4.718
3.933333391944568,4.635
3.966666725774606,4.785
4.000000059604645,4.816
4.033333393434684,4.923
4.066666727264722,4.851
4.100000061094761,4.744
4.1333333949248,4.474
4.166666728754838,4.322
4.200000062584877,4.182
4.233333396414916,4.218
4.266666730244954,4.235
4.300000064074993,4.352
4.333333397905032,4.106
4.36666673173507,4.069
4.400000065565109,4.03
4.433333399395148,4.026
4.466666733225186,4.008
4.500000067055225,3.752
4.533333400885264,3.516
4.566666734715303,3.301
4.6000000685453415,3.303
4.6333334023753805,3.179
4.66666673620542,3.079
4.700000070035458,3.139
4.733333403865497,3.174
4.766666737695536,3.199
4.800000071525574,3.042
4.833333405355613,2.92
4.866666739185652,2.784
4.90000007301569,2.791
4.933333406845729,2.785
4.966666740675768,2.702
5.000000074505806,2.661
5.033333408335845,2.617
5.066666742165884,2.47
5.100000075995922,2.422
5.133333409825961,2.307
5.166666743656,2.349
5.200000077486038,2.329
5.233333411316077,2.344
5.266666745146116,2.381
5.300000078976154,2.487
5.333333412806193,2.376
5.366666746636232,2.285
5.4000000804662704,2.261
5.433333414296309,2.303
5.4666667481263485,2.302
5.500000081956387,2.251
5.533333415786426,2.158
5.566666749616465,2.108
5.600000083446503,2.207
5.633333417276542,2.277
5.666666751106581,2.29
5.700000084936619,2.148
5.733333418766658,2.089
5.766666752596697,2.024
5.800000086426735,2.105
5.833333420256774,2.024
5.866666754086813,2.053
5.900000087916851,2.062
5.93333342174689,2.033
5.966666755576929,1.958
6.000000089406967,1.847
6.033333423237006,1.838
6.066666757067045,1.881
6.100000090897083,1.899
6.133333424727122,1.964
6.166666758557161,1.979
6.200000092387199,2.039
6.233333426217238,2.01
6.266666760047277,1.934
6.300000093877316,1.765
6.3333334277073545,1.761
6.3666667615373935,1.697
6.400000095367432,1.677
6.433333429197471,1.615
6.46666676302751,1.617
6.500000096857548,1.555
6.533333430687587,1.513
6.566666764517626,1.44
6.600000098347664,1.449
6.633333432177703,1.366
6.666666766007742,1.427
6.70000009983778,1.316
6.733333433667819,1.32
6.766666767497858,1.33
6.800000101327896,1.335
6.833333435157935,1.415
6.866666768987974,1.371
6.900000102818012,1.275
6.933333436648051,1.218
6.96666677047809,1.155
7.000000104308128,1.246
7.033333438138167,1.215
7.066666771968206,1.18
7.1000001057982445,1.106
7.133333439628284,0.988
7.1666667734583225,1.049
7.200000107288361,1.071
7.2333334411184,1.108
7.266666774948439,1.172
7.300000108778477,1.072
7.333333442608516,0.989
7.366666776438555,0.946
7.400000110268593,0.903
7.433333444098632,0.894
7.466666777928671,0.964
7.500000111758709,0.933
7.533333445588748,0.865
7.566666779418787,0.783
7.600000113248825,0.819
7.633333447078864,0.739
7.666666780908903,0.907
7.700000114738941,0.774
7.73333344856898,0.651
7.766666782399019,0.558
7.800000116229057,0.527
7.833333450059096,0.566
7.866666783889135,0.577
7.900000117719173,0.677
7.933333451549212,0.738
7.966666785379251,0.796
8.00000011920929,0.844
8.033333453039328,0.72
8.066666786869368,0.653
8.100000120699406,0.712
8.133333454529444,0.678
8.166666788359484,0.585
8.200000122189522,0.519
8.23333345601956,0.514
8.2666667898496,0.656
8.300000123679638,0.713
8.333333457509676,0.729
8.366666791339716,0.575
8.400000125169754,0.607
8.433333458999792,0.66
8.466666792829832,0.719
8.50000012665987,0.711
8.533333460489908,0.648
8.566666794319948,0.713
8.600000128149986,0.742
8.633333461980024,0.697
8.666666795810064,0.673
8.700000129640102,0.65
8.73333346347014,0.586
8.76666679730018,0.513
8.800000131130219,0.521
8.833333464960257,0.574
8.866666798790297,0.672
8.900000132620335,0.603
8.933333466450373,0.698
8.966666800280413,0.637
9.00000013411045,0.572
9.033333467940489,0.53
9.066666801770529,0.407
9.100000135600569,0.469
9.133333469430609,0.464
9.166666803260645,0.476
9.200000137090685,0.409
9.233333470920725,0.467
9.26666680475076,0.383
9.3000001385808,0.525
9.33333347241084,0.395
9.366666806240875,0.454
9.400000140070915,0.312
9.433333473900955,0.381
9.466666807730991,0.327
9.500000141561031,0.39
9.533333475391071,0.46
9.56666680922111,0.425
9.600000143051147,0.432
9.633333476881187,0.489
9.666666810711224,0.516
9.700000144541264,0.328
9.733333478371303,0.228
9.766666812201342,0.13
9.80000014603138,0.125
9.83333347986142,0.14
9.866666813691458,0.208
9.900000147521496,0.24
9.933333481351536,0.204
9.966666815181574,0.178
10.000000149011612,0.186
10.033333482841652,0.176
10.06666681667169,0.052
10.100000150501728,-0.032
10.133333484331768,-0.028
10.166666818161806,0.046
10.200000151991844,0.08
10.233333485821884,-0.012
10.266666819651922,-0.025
10.30000015348196,-0.068
10.333333487312,-0.12
10.366666821142038,-0.136
10.400000154972076,-0.164
10.433333488802116,-0.078
10.466666822632154,-0.025
10.500000156462193,0.037
10.533333490292232,-0.039
10.56666682412227,0.023
10.600000157952309,0.003
10.633333491782349,-0.045
10.666666825612388,-0.103
10.700000159442425,-0.206
10.733333493272465,-0.376
10.766666827102505,-0.293
10.80000016093254,-0.231
10.83333349476258,-0.11
10.86666682859262,-0.057
10.900000162422655,-0.006
10.933333496252695,-0.022
10.966666830082737,-0.191
11.000000163912771,-0.263
11.033333497742811,-0.238
11.066666831572851,-0.199
11.10000016540289,-0.183
11.13333349923293,-0.232
11.166666833062967,-0.226
11.200000166893004,-0.305
11.233333500723043,-0.339
11.266666834553083,-0.363
11.30000016838312,-0.391
11.33333350221316,-0.481
11.3666668360432,-0.421
11.400000169873238,-0.348
11.433333503703278,-0.321
11.466666837533316,-0.343
11.500000171363354,-0.432
11.533333505193394,-0.513
11.566666839023432,-0.571
11.60000017285347,-0.462
11.63333350668351,-0.388
11.666666840513548,-0.384
11.700000174343586,-0.404
11.733333508173626,-0.447
11.766666842003664,-0.512
11.800000175833702,-0.501
11.833333509663742,-0.46
11.86666684349378,-0.511
11.900000177323818,-0.679
11.933333511153858,-0.743
11.966666844983896,-0.67
12.000000178813934,-0.708
12.033333512643974,-0.74
12.066666846474012,-0.74
12.10000018030405,-0.757
12.13333351413409,-0.71
12.166666847964128,-0.663
12.200000181794168,-0.588
12.233333515624206,-0.607
12.266666849454245,-0.633
12.300000183284284,-0.664
12.333333517114324,-0.735
12.36666685094436,-0.691
12.4000001847744,-0.666
12.43333351860444,-0.677
12.466666852434477,-0.712
12.500000186264517,-0.694
12.533333520094557,-0.705
12.566666853924591,-0.773
12.600000187754633,-0.682
12.633333521584673,-0.742
12.666666855414707,-0.704
12.700000189244747,-0.761
12.733333523074789,-0.75
12.766666856904823,-0.696
12.800000190734863,-0.607
12.833333524564903,-0.697
12.86666685839494,-0.741
12.90000019222498,-0.706
12.93333352605502,-0.658
12.966666859885056,-0.642
13.000000193715096,-0.554
13.033333527545135,-0.485
13.066666861375174,-0.524
13.100000195205212,-0.624
13.133333529035252,-0.686
13.16666686286529,-0.729
13.200000196695328,-0.722
13.233333530525368,-0.725
13.266666864355406,-0.668
13.300000198185444,-0.651
13.333333532015484,-0.745
13.366666865845522,-0.807
13.40000019967556,-0.775
13.4333335335056,-0.769
13.466666867335638,-0.731
13.500000201165676,-0.667
13.533333534995716,-0.68
13.566666868825754,-0.759
13.600000202655792,-0.66
13.633333536485832,-0.569
13.66666687031587,-0.624
13.700000204145908,-0.798
13.733333537975948,-0.717
13.766666871805986,-0.694
13.800000205636024,-0.714
13.833333539466064,-0.752
13.866666873296102,-0.774
13.90000020712614,-0.797
13.93333354095618,-0.878
13.96666687478622,-0.887
14.000000208616257,-0.986
14.033333542446297,-0.95
14.066666876276336,-0.877
14.100000210106373,-0.873
14.133333543936413,-0.955
14.16666687776645,-0.945
14.200000211596487,-0.934
14.233333545426529,-0.867
14.266666879256569,-0.727
14.300000213086603,-0.752
14.333333546916643,-0.9
14.366666880746685,-0.978
14.40000021457672,-1.005
14.43333354840676,-1.083
14.4666668822368,-1.127
14.500000216066836,-1.1
14.533333549896875,-1.107
14.566666883726915,-0.98
14.600000217556952,-1.034
14.633333551386992,-1.068
14.666666885217031,-1.11
14.70000021904707,-1.006
14.73333355287711,-1.001
14.766666886707148,-1.066
14.800000220537186,-1.023
14.833333554367226,-0.974
14.866666888197264,-1.018
14.900000222027302,-1.013
14.933333555857342,-0.963
14.96666688968738,-0.909
15.000000223517418,-0.949
15.033333557347458,-1.024
15.066666891177496,-1.179
15.100000225007534,-1.158
15.133333558837574,-1.044
15.166666892667612,-0.941
15.20000022649765,-0.954
15.23333356032769,-1.015
15.266666894157728,-1.074
15.300000227987766,-1.046
15.333333561817806,-1.081
15.366666895647844,-1.158
15.400000229477882,-1.06
15.433333563307922,-0.992
15.46666689713796,-1.056
15.500000230968,-1.099
15.533333564798038,-1.124
15.566666898628077,-1.078
15.600000232458116,-1.216
15.633333566288156,-1.239
15.666666900118193,-1.356
15.70000023394823,-1.23
15.73333356777827,-1.123
15.766666901608309,-0.958
15.800000235438349,-1.005
15.833333569268389,-1.086
15.866666903098425,-0.991
15.900000236928465,-0.931
15.933333570758505,-0.977
15.96666690458854,-1.015
16.00000023841858,-1.128
16.03333357224862,-1.223
16.066666906078655,-1.255
16.100000239908695,-1.15
16.133333573738735,-1.105
16.16666690756877,-1.035
16.20000024139881,-0.904
16.23333357522885,-0.802
16.266666909058888,-0.752
16.300000242888927,-0.829
16.333333576718967,-0.836
16.366666910549004,-0.74
16.400000244379044,-0.888
16.433333578209083,-0.795
16.46666691203912,-0.732
16.50000024586916,-0.588
16.5333335796992,-0.622
16.566666913529236,-0.795
16.600000247359276,-0.832
16.633333581189316,-0.856
16.666666915019352,-0.877
16.700000248849392,-0.691
16.733333582679432,-0.694
16.766666916509468,-0.653
16.800000250339508,-0.765
16.833333584169548,-0.783
16.866666917999584,-0.749
16.900000251829624,-0.84
16.933333585659664,-0.869
16.9666669194897,-0.959
17.00000025331974,-0.893
17.03333358714978,-0.913
17.066666920979817,-0.833
17.100000254809856,-0.907
17.133333588639896,-0.839
17.166666922469933,-0.73
17.200000256299973,-0.679
17.233333590130012,-0.71
17.26666692396005,-0.879
17.30000025779009,-0.827
17.33333359162013,-0.637
17.366666925450165,-0.606
17.400000259280205,-0.73
17.433333593110245,-0.816
17.46666692694028,-0.934
17.50000026077032,-0.91
17.53333359460036,-0.827
17.566666928430397,-0.734
17.600000262260437,-0.947
17.633333596090477,-0.862
17.666666929920513,-0.966
17.700000263750553,-0.791
17.733333597580593,-0.798
17.76666693141063,-0.695
17.80000026524067,-0.836
17.83333359907071,-0.811
17.866666932900745,-0.723
17.900000266730785,-0.67
17.933333600560825,-0.73
17.96666693439086,-0.724
18.0000002682209,-0.643
18.03333360205094,-0.652
18.066666935880978,-0.849
18.100000269711018,-1.059
18.133333603541057,-1.06
18.16666693737109,-0.962
18.200000271201134,-0.779
18.233333605031174,-0.923
18.266666938861214,-1.034
18.30000027269125,-1.023
18.33333360652129,-1.09
18.36666694035133,-1.035
18.40000027418137,-1.14
18.43333360801141,-1.191
18.46666694184145,-1.119
18.50000027567148,-0.898
18.53333360950152,-0.766
18.56666694333156,-0.807
18.6000002771616,-0.932
18.63333361099164,-0.924
18.66666694482168,-0.866
18.700000278651714,-0.741
18.733333612481758,-0.784
18.766666946311798,-0.863
18.80000028014183,-0.912
18.83333361397187,-0.952
18.86666694780191,-0.996
18.900000281631947,-1.028
18.933333615461983,-1.106
18.966666949292023,-0.956
19.000000283122063,-0.908
19.033333616952103,-0.983
19.066666950782142,-1.011
19.10000028461218,-1.153
19.13333361844222,-0.996
19.16666695227226,-1.071
19.20000028610229,-0.945
19.23333361993233,-1.031
19.26666695376237,-1.147
19.30000028759241,-1.098
19.33333362142245,-1.03
19.36666695525249,-1.066
19.400000289082527,-1.143
19.433333622912567,-1.188
19.466666956742607,-1.308
19.500000290572643,-1.31
19.533333624402683,-1.24
19.566666958232723,-1.223
19.60000029206276,-1.042
19.6333336258928,-1.13
19.66666695972284,-1.128
19.70000029355288,-1.071
19.733333627382915,-1.026
19.766666961212955,-1.055
19.80000029504299,-1.145
19.83333362887303,-1.048
19.86666696270307,-0.944
19.900000296533108,-0.982
19.933333630363148,-1.147
19.966666964193188,-1.196
20.000000298023224,-1.164
20.033333631853264,-0.912
20.066666965683304,-0.931
20.10000029951334,-0.875
20.13333363334338,-0.949
20.16666696717342,-0.97
20.200000301003456,-1.113
20.233333634833496,-1.145
20.266666968663536,-1.024
20.30000030249357,-1.008
20.33333363632361,-1.044
20.36666697015365,-0.909
20.40000030398369,-0.972
20.43333363781373,-0.983
20.466666971643768,-1.034
20.500000305473804,-1.048
20.533333639303844,-0.972
20.566666973133884,-1.036
20.60000030696392,-1.039
20.63333364079396,-1.024
20.666666974624,-1.029
20.70000030845404,-0.848
20.73333364228408,-0.856
20.76666697611412,-0.897
20.800000309944156,-0.995
20.833333643774196,-0.899
20.866666977604236,-1.017
20.90000031143427,-1.007
20.93333364526431,-1.092
20.96666697909435,-1.1
21.000000312924385,-1.005
21.033333646754425,-0.863
21.066666980584465,-0.974
21.1000003144145,-1.129
21.13333364824454,-1.011
21.16666698207458,-1.073
21.200000315904617,-0.99
21.233333649734657,-0.95
21.266666983564697,-1.003
21.300000317394733,-1.004
21.333333651224773,-1.196
21.366666985054813,-1.274
21.40000031888485,-1.224
21.43333365271489,-1.094
21.46666698654493,-1.012
21.50000032037497,-1.191
21.53333365420501,-1.202
21.566666988035045,-1.083
21.60000032186508,-1.061
21.63333365569512,-1.112
21.66666698952516,-1.105
21.7000003233552,-1.222
21.73333365718524,-1.139
21.76666699101528,-1.168
21.800000324845318,-1.141
21.833333658675357,-1.195
21.866666992505397,-1.144
21.90000032633543,-1.194
21.93333366016547,-1.246
21.96666699399551,-1.283
22.000000327825543,-1.19
22.033333661655583,-1.151
22.066666995485622,-1.2
22.100000329315662,-1.21
22.133333663145702,-1.216
22.166666996975746,-1.333
22.20000033080578,-1.212
22.23333366463582,-1.212
22.26666699846586,-1.209
22.30000033229589,-1.183
22.33333366612593,-1.177
22.36666699995597,-1.216
22.40000033378601,-1.316
22.43333366761605,-1.366
22.46666700144609,-1.297
22.500000335276127,-1.33
22.533333669106167,-1.298
22.566667002936207,-1.201
22.600000336766243,-1.275
22.633333670596283,-1.206
22.666667004426323,-1.235
22.70000033825636,-1.195
22.7333336720864,-1.296
22.76666700591644,-1.296
22.800000339746475,-1.134
22.833333673576515,-1.188
22.866667007406555,-1.264
22.90000034123659,-1.226
22.93333367506663,-1.202
22.96666700889667,-1.248
23.000000342726707,-1.343
23.033333676556747,-1.441
23.066667010386787,-1.419
23.100000344216824,-1.284
23.133333678046863,-1.349
23.166667011876903,-1.133
23.20000034570694,-1.107
23.23333367953698,-1.027
23.26666701336702,-1.069
23.300000347197056,-1.142
23.333333681027096,-1.334
23.366667014857136,-1.36
23.40000034868717,-1.419
23.43333368251721,-1.393
23.46666701634725,-1.307
23.500000350177288,-1.227
23.533333684007328,-1.217
23.566667017837368,-1.173
23.600000351667404,-1.21
23.633333685497444,-1.324
23.666667019327484,-1.345
23.70000035315752,-1.229
23.73333368698756,-1.253
23.7666670208176,-1.321
23.80000035464764,-1.362
23.83333368847768,-1.309
23.86666702230772,-1.313
23.900000356137756,-1.256
23.933333689967792,-1.309
23.966667023797832,-1.405
24.00000035762787,-1.566
24.03333369145791,-1.387
24.06666702528795,-1.238
24.100000359117985,-1.193
24.133333692948025,-1.33
24.166667026778065,-1.379
24.2000003606081,-1.319
24.23333369443814,-1.401
24.26666702826818,-1.494
24.300000362098217,-1.482
24.333333695928257,-1.441
24.366667029758297,-1.542
24.400000363588333,-1.405
24.433333697418373,-1.21
24.466667031248413,-1.183
24.50000036507845,-1.269
24.53333369890849,-1.477
24.56666703273853,-1.346
24.600000366568565,-1.339
24.633333700398605,-1.353
24.666667034228645,-1.411
24.70000036805868,-1.359
24.73333370188872,-1.499
24.76666703571876,-1.421
24.8000003695488,-1.522
24.83333370337884,-1.469
24.86666703720888,-1.385
24.900000371038917,-1.46
24.933333704868957,-1.518
24.966667038698997,-1.554
25.00000037252903,-1.346
25.03333370635907,-1.286
25.06666704018911,-1.37
25.100000374019142,-1.513
25.133333707849182,-1.45
25.166667041679226,-1.293
25.200000375509266,-1.203
25.233333709339306,-1.361
25.266667043169345,-1.487
25.300000376999375,-1.544
25.333333710829415,-1.456
25.366667044659454,-1.398
25.40000037848949,-1.245
25.43333371231953,-1.236
25.46666704614957,-1.306
25.50000037997961,-1.225
25.53333371380965,-1.33
25.56666704763969,-1.45
25.600000381469727,-1.514
25.633333715299766,-1.55
25.666667049129806,-1.555
25.700000382959843,-1.524
25.733333716789883,-1.488
25.76666705061992,-1.387
25.80000038444996,-1.306
25.83333371828,-1.331
25.86666705211004,-1.424
25.900000385940075,-1.368
25.933333719770115,-1.374
25.966667053600155,-1.218
26.00000038743019,-1.253
26.03333372126023,-1.187
26.06666705509027,-1.159
26.100000388920307,-1.298
26.133333722750347,-1.583
26.166667056580387,-1.656
26.200000390410423,-1.594
26.233333724240463,-1.496
26.266667058070503,-1.395
26.30000039190054,-1.415
26.33333372573058,-1.395
26.36666705956062,-1.39
26.400000393390656,-1.41
26.433333727220692,-1.419
26.46666706105073,-1.334
26.50000039488077,-1.307
26.53333372871081,-1.233
26.56666706254085,-1.284
26.600000396370888,-1.387
26.633333730200928,-1.349
26.666667064030968,-1.305
26.700000397861004,-1.306
26.733333731691044,-1.313
26.766667065521084,-1.362
26.80000039935112,-1.456
26.83333373318116,-1.393
26.8666670670112,-1.282
26.90000040084124,-1.332
26.93333373467128,-1.384
26.96666706850132,-1.451
27.000000402331352,-1.477
27.033333736161392,-1.419
27.066667069991432,-1.331
27.10000040382147,-1.302
27.13333373765151,-1.398
27.166667071481548,-1.462
27.200000405311584,-1.39
27.233333739141624,-1.345
27.266667072971664,-1.307
27.3000004068017,-1.463
27.33333374063174,-1.376
27.36666707446178,-1.322
27.400000408291817,-1.33
27.433333742121857,-1.429
27.466667075951896,-1.371
27.500000409781933,-1.278
27.533333743611973,-1.355
27.566667077442013,-1.337
27.60000041127205,-1.343
27.63333374510209,-1.343
27.66666707893213,-1.334
27.700000412762165,-1.369
27.733333746592205,-1.384
27.766667080422245,-1.274
27.80000041425228,-1.246
27.83333374808232,-1.324
27.86666708191236,-1.347
27.9000004157424,-1.515
27.93333374957244,-1.532
27.96666708340248,-1.428
28.000000417232517,-1.377
28.033333751062557,-1.337
28.066667084892597,-1.393
28.10000041872263,-1.468
28.13333375255267,-1.419
28.16666708638271,-1.404
28.200000420212746,-1.294
28.233333754042786,-1.296
28.266667087872825,-1.239
28.300000421702865,-1.399
28.3333337555329,-1.469
28.36666708936294,-1.455
28.400000423192974,-1.519
28.433333757023014,-1.394
28.466667090853058,-1.517
28.50000042468309,-1.453
28.53333375851313,-1.394
28.56666709234317,-1.317
28.60000042617321,-1.445
28.63333376000325,-1.491
28.66666709383329,-1.409
28.700000427663326,-1.346
28.73333376149337,-1.421
28.76666709532341,-1.479
28.80000042915344,-1.512
28.83333376298348,-1.495
28.86666709681352,-1.438
28.90000043064356,-1.491
28.9333337644736,-1.604
28.96666709830364,-1.564
29.000000432133675,-1.412
29.033333765963715,-1.364
29.066667099793754,-1.412
29.10000043362379,-1.442
29.13333376745383,-1.522
29.16666710128387,-1.689
29.200000435113907,-1.585
29.233333768943947,-1.679
29.266667102773987,-1.608
29.300000436604023,-1.469
29.333333770434063,-1.368
29.366667104264103,-1.405
29.40000043809414,-1.412
29.43333377192418,-1.517
29.46666710575422,-1.617
29.50000043958425,-1.608
29.53333377341429,-1.594
29.56666710724433,-1.565
29.60000044107437,-1.504
