time_min,absorb_mau
0.0,-0.002
0.0133333335320154,0.038
0.0266666670640309,0.08
0.0400000005960464,0.081
0.0533333341280619,0.092
0.0666666676600774,0.175
0.0800000011920929,0.231
0.0933333347241083,0.273
0.1066666682561238,0.312
0.1200000017881393,0.323
0.1333333353201548,0.365
0.1466666688521703,0.395
0.1600000023841858,0.401
0.1733333359162013,0.442
0.1866666694482167,0.419
0.2000000029802322,0.449
0.2133333365122477,0.485
0.2266666700442632,0.477
0.2400000035762786,0.419
0.2533333371082942,0.503
0.2666666706403096,0.594
0.2800000041723251,0.629
0.2933333377043406,0.594
0.3066666712363561,0.543
0.3200000047683716,0.634
0.3333333383003871,0.631
0.3466666718324026,0.512
0.360000005364418,0.333
0.3733333388964335,0.358
0.386666672428449,0.387
0.4000000059604645,0.343
0.4133333394924799,0.257
0.4266666730244954,0.255
0.4400000065565109,0.359
0.4533333400885264,0.381
0.4666666736205419,0.402
0.4800000071525573,0.446
0.4933333406845728,0.491
0.5066666742165884,0.489
0.5200000077486039,0.489
0.5333333412806193,0.544
0.5466666748126348,0.642
0.5600000083446502,0.679
0.5733333418766657,0.691
0.5866666754086812,0.828
0.6000000089406967,1.075
0.6133333424727122,1.435
0.6266666760047277,1.999
0.6400000095367432,3.096
0.6533333430687587,4.772
0.6666666766007742,7.147
0.6800000101327897,10.054
0.6933333436648051,14.135
0.7066666771968206,19.291
0.7200000107288361,25.602
0.7333333442608516,33.158
0.746666677792867,41.335
0.7600000113248825,51.239
0.773333344856898,61.609
0.7866666783889135,72.638
0.800000011920929,84.194
0.8133333454529444,95.262
0.8266666789849599,106.729
0.8400000125169754,117.218
0.8533333460489909,126.98
0.8666666795810064,136.054
0.8800000131130219,144.33
0.8933333466450374,151.475
0.9066666801770528,157.819
0.9200000137090684,163.396
0.933333347241084,168.301
0.9466666807730992,172.449
0.9600000143051148,175.706
0.9733333478371302,178.414
0.9866666813691456,180.625
1.0000000149011612,182.343
1.0133333484331768,183.521
1.0266666819651922,183.879
1.0400000154972078,183.745
1.0533333490292232,183.079
1.0666666825612383,181.76
1.080000016093254,179.41
1.0933333496252695,176.272
1.1066666831572851,172.564
1.1200000166893005,168.33
1.133333350221316,163.555
1.1466666837533317,158.125
1.160000017285347,152.377
1.1733333508173625,146.532
1.186666684349378,140.634
1.2000000178813934,134.749
1.213333351413409,128.533
1.2266666849454244,122.442
1.24000001847744,116.543
1.2533333520094554,110.818
1.266666685541471,105.217
1.2800000190734864,99.651
1.2933333526055018,94.458
1.3066666861375174,89.565
1.3200000196695327,84.871
1.3333333532015483,80.527
1.3466666867335635,76.296
1.360000020265579,72.388
1.3733333537975947,68.746
1.3866666873296103,65.262
1.4000000208616257,62.171
1.4133333543936413,59.2
1.4266666879256569,56.409
1.4400000214576725,53.754
1.4533333549896876,51.15
1.4666666885217032,48.765
1.4800000220537186,46.457
1.493333355585734,44.203
1.5066666891177496,42.021
1.520000022649765,40.029
1.5333333561817806,38.252
1.546666689713796,36.471
1.5600000232458116,34.758
1.573333356777827,33.152
1.5866666903098423,31.717
1.600000023841858,30.225
1.6133333573738735,28.734
1.626666690905889,27.34
1.6400000244379045,26.125
1.65333335796992,24.977
1.6666666915019357,23.824
1.6800000250339509,22.73
1.6933333585659665,21.724
1.7066666920979818,20.81
1.7200000256299972,19.949
1.7333333591620128,19.096
1.7466666926940282,18.285
1.7600000262260438,17.566
1.7733333597580592,16.99
1.7866666932900748,16.42
1.80000002682209,15.882
1.8133333603541055,15.377
1.826666693886121,14.911
1.8400000274181367,14.501
1.853333360950152,14.098
1.866666694482168,13.724
1.880000028014183,13.33
1.8933333615461987,12.892
1.906666695078214,12.508
1.9200000286102292,12.186
1.933333362142245,11.85
1.9466666956742604,11.506
1.960000029206276,11.19
1.9733333627382916,10.986
1.986666696270307,10.799
2.0000000298023224,10.597
2.013333363334338,10.343
2.0266666968663536,10.055
2.0400000303983687,9.825
2.0533333639303843,9.525
2.0666666974624,9.266
2.0800000309944155,9.047
2.0933333645264307,8.841
2.1066666980584463,8.754
2.120000031590462,8.588
2.133333365122477,8.47
2.1466666986544927,8.398
2.1600000321865083,8.228
2.173333365718524,8.133
2.186666699250539,8.002
2.200000032782554,7.853
2.2133333663145702,7.712
2.226666699846586,7.549
2.240000033378601,7.425
2.2533333669106166,7.279
2.266666700442632,7.096
2.280000033974648,6.921
2.293333367506663,6.861
2.3066667010386785,6.771
2.320000034570694,6.617
2.3333333681027097,6.467
2.346666701634725,6.367
2.3600000351667405,6.36
2.373333368698756,6.244
2.3866667022307717,6.099
2.400000035762787,5.98
2.4133333692948025,5.949
2.426666702826818,5.884
2.440000036358833,5.746
2.453333369890849,5.628
2.4666667034228644,5.559
2.48000003695488,5.51
2.493333370486895,5.43
2.506666704018911,5.352
2.5200000375509264,5.279
2.533333371082942,5.242
2.546666704614957,5.224
2.5600000381469727,5.146
2.5733333716789883,5.071
2.5866667052110035,4.983
2.600000038743019,4.867
2.6133333722750347,4.806
2.6266667058070503,4.682
2.640000039339065,4.613
2.653333372871081,4.567
2.6666667064030967,4.494
2.6800000399351123,4.416
2.6933333734671274,4.27
2.706666706999143,4.179
2.720000040531158,4.109
2.7333333740631742,3.993
2.7466667075951894,4.068
2.760000041127205,4.02
2.7733333746592206,3.942
2.786666708191236,3.885
2.800000041723252,3.842
2.813333375255267,3.801
2.8266667087872825,3.649
2.8400000423192977,3.512
2.8533333758513133,3.517
2.866666709383329,3.689
2.8800000429153445,3.678
2.89333337644736,3.727
2.9066667099793757,3.778
2.920000043511391,3.784
2.9333333770434065,3.758
2.9466667105754216,3.613
2.960000044107437,3.569
2.973333377639453,3.585
2.986666711171468,3.555
3.000000044703484,3.562
3.013333378235499,3.503
3.026666711767515,3.472
3.04000004529953,3.436
3.053333378831545,3.329
3.066666712363561,3.2
3.0800000458955767,3.088
3.093333379427592,3.011
3.1066667129596075,2.985
3.120000046491623,2.978
3.1333333800236387,2.924
3.146666713555654,2.841
3.160000047087669,2.825
3.173333380619685,2.867
3.1866667141517007,2.862
3.200000047683716,2.809
3.2133333812157314,2.867
3.226666714747747,2.94
3.240000048279762,2.955
3.253333381811778,2.866
3.2666667153437934,2.902
3.280000048875809,2.968
3.293333382407824,2.986
3.30666671593984,2.912
3.320000049471856,2.967
3.333333383003871,2.922
3.346666716535886,2.873
3.3600000500679017,2.799
3.3733333835999173,2.679
3.386666717131933,2.594
3.400000050663948,2.486
3.413333384195964,2.487
3.4266667177279797,2.548
3.4400000512599944,2.479
3.45333338479201,2.441
3.4666667183240256,2.415
3.480000051856041,2.358
3.4933333853880564,2.277
3.506666718920072,2.186
3.520000052452088,2.229
3.533333385984103,2.28
3.5466667195161183,2.281
3.560000053048134,2.245
3.573333386580149,2.32
3.586666720112165,2.276
3.6000000536441803,2.277
3.613333387176196,2.297
3.626666720708212,2.301
3.640000054240226,2.344
3.653333387772242,2.353
3.666666721304258,2.375
3.6800000548362735,2.366
3.6933333883682886,2.266
3.706666721900304,2.206
3.72000005543232,2.174
3.733333388964336,2.138
3.746666722496351,2.125
3.760000056028366,2.173
3.773333389560382,2.18
3.786666723092397,2.168
3.800000056624413,2.169
3.813333390156428,2.203
3.826666723688444,2.273
3.840000057220459,2.134
3.8533333907524745,2.091
3.86666672428449,2.073
3.8800000578165057,2.023
3.893333391348521,1.957
3.906666724880537,1.847
3.920000058412552,1.805
3.933333391944568,1.778
3.946666725476583,1.704
3.9600000590085984,1.732
3.973333392540614,1.767
3.9866667260726296,1.819
4.000000059604645,1.886
4.01333339313666,1.946
4.026666726668676,1.996
4.040000060200692,2.034
4.053333393732707,1.988
4.066666727264722,1.912
4.0800000607967375,1.892
4.093333394328753,1.812
4.106666727860769,1.763
4.120000061392784,1.69
4.1333333949248,1.612
4.146666728456816,1.667
4.160000061988831,1.593
4.173333395520846,1.496
4.186666729052861,1.431
4.200000062584877,1.401
4.213333396116893,1.402
4.226666729648908,1.368
4.240000063180924,1.372
4.253333396712939,1.443
4.266666730244954,1.563
4.28000006377697,1.583
4.293333397308985,1.609
4.306666730841001,1.708
4.3200000643730165,1.77
4.333333397905032,1.697
4.346666731437048,1.652
4.360000064969063,1.638
4.373333398501078,1.662
4.386666732033094,1.679
4.400000065565109,1.61
4.413333399097125,1.628
4.4266667326291405,1.631
4.440000066161156,1.589
4.453333399693172,1.529
4.466666733225186,1.475
4.480000066757202,1.431
4.493333400289218,1.425
4.506666733821233,1.457
4.520000067353249,1.49
4.533333400885264,1.497
4.54666673441728,1.512
4.560000067949296,1.499
4.57333340148131,1.5
4.586666735013326,1.536
4.6000000685453415,1.491
4.613333402077357,1.5
4.626666735609373,1.509
4.640000069141388,1.487
4.653333402673404,1.447
4.66666673620542,1.355
4.680000069737434,1.373
4.69333340326945,1.418
4.706666736801465,1.44
4.720000070333481,1.392
4.733333403865497,1.412
4.746666737397512,1.452
4.760000070929528,1.485
4.773333404461543,1.458
4.786666737993558,1.362
4.800000071525574,1.266
4.813333405057589,1.209
4.826666738589605,1.172
4.8400000721216205,1.144
4.853333405653636,1.111
4.866666739185652,1.094
4.880000072717666,1.163
4.893333406249682,1.243
4.906666739781698,1.274
4.920000073313713,1.28
4.933333406845729,1.186
4.9466667403777445,1.154
4.96000007390976,1.182
4.973333407441775,1.199
4.98666674097379,1.224
5.000000074505806,1.205
5.013333408037822,1.254
5.026666741569837,1.34
5.040000075101853,1.359
5.053333408633868,1.262
5.066666742165884,1.204
5.080000075697899,1.153
5.093333409229914,1.115
5.10666674276193,1.072
5.1200000762939455,0.991
5.133333409825961,0.988
5.146666743357977,0.979
5.160000076889992,0.92
5.173333410422007,0.843
5.186666743954023,0.761
5.200000077486038,0.722
5.213333411018054,0.731
5.226666744550069,0.771
5.240000078082085,0.946
5.253333411614101,1.029
5.266666745146116,1.074
5.280000078678131,1.101
5.2933334122101465,1.145
5.306666745742162,1.176
5.320000079274178,1.094
5.333333412806193,1.047
5.346666746338209,1.07
5.3600000798702245,1.097
5.373333413402239,1.05
5.386666746934255,0.985
5.4000000804662704,0.905
5.413333413998286,0.821
5.426666747530302,0.737
5.440000081062317,0.686
5.453333414594333,0.649
5.4666667481263485,0.619
5.480000081658363,0.585
5.493333415190379,0.558
5.506666748722394,0.558
5.52000008225441,0.549
5.533333415786426,0.547
5.546666749318441,0.579
5.560000082850457,0.66
5.573333416382472,0.854
5.586666749914487,0.981
5.600000083446503,1.054
5.613333416978518,1.103
5.626666750510534,1.109
5.6400000840425495,1.145
5.653333417574565,1.136
5.666666751106581,1.071
5.680000084638595,1.003
5.693333418170611,0.932
5.706666751702627,0.873
5.720000085234642,0.765
5.733333418766658,0.61
5.746666752298673,0.47
5.760000085830689,0.509
5.773333419362704,0.522
5.786666752894719,0.571
5.800000086426735,0.657
5.813333419958751,0.702
5.826666753490766,0.718
5.840000087022782,0.711
5.853333420554797,0.703
5.866666754086813,0.711
5.880000087618828,0.597
5.893333421150843,0.562
5.906666754682859,0.53
5.920000088214874,0.49
5.93333342174689,0.444
5.946666755278906,0.423
5.960000088810921,0.459
5.973333422342936,0.513
5.986666755874952,0.546
6.000000089406967,0.543
6.013333422938983,0.529
6.026666756470998,0.539
6.040000090003014,0.536
6.05333342353503,0.51
6.066666757067045,0.461
6.08000009059906,0.433
6.093333424131076,0.441
6.106666757663091,0.456
6.120000091195107,0.446
6.133333424727122,0.401
6.146666758259138,0.39
6.1600000917911535,0.366
6.173333425323168,0.37
6.186666758855184,0.39
6.200000092387199,0.363
6.213333425919215,0.384
6.226666759451231,0.421
6.240000092983246,0.455
6.253333426515262,0.485
6.266666760047277,0.499
6.280000093579292,0.506
6.293333427111308,0.555
6.306666760643323,0.579
6.320000094175339,0.508
6.3333334277073545,0.505
6.34666676123937,0.459
6.360000094771386,0.433
6.373333428303401,0.422
6.386666761835416,0.375
6.400000095367432,0.387
6.413333428899447,0.36
6.426666762431463,0.329
6.440000095963478,0.311
6.453333429495494,0.292
6.46666676302751,0.249
6.480000096559524,0.25
6.49333343009154,0.304
6.506666763623556,0.375
6.520000097155571,0.357
6.533333430687587,0.339
6.546666764219602,0.332
6.560000097751618,0.316
6.573333431283634,0.271
6.586666764815648,0.202
6.600000098347664,0.228
6.61333343187968,0.262
6.626666765411695,0.287
6.640000098943711,0.316
6.653333432475726,0.369
6.666666766007742,0.404
6.680000099539757,0.412
6.693333433071772,0.412
6.706666766603788,0.419
6.720000100135803,0.379
6.733333433667819,0.346
6.746666767199835,0.3
6.76000010073185,0.265
6.773333434263866,0.299
6.7866667677958805,0.262
6.800000101327896,0.278
6.813333434859912,0.295
6.826666768391927,0.284
6.840000101923943,0.295
6.853333435455959,0.285
6.866666768987974,0.322
6.880000102519989,0.346
6.893333436052004,0.315
6.90666676958402,0.346
6.920000103116036,0.341
6.933333436648051,0.302
6.946666770180067,0.246
6.960000103712082,0.182
6.973333437244098,0.164
6.986666770776113,0.144
7.000000104308128,0.16
7.013333437840144,0.216
7.02666677137216,0.28
7.040000104904175,0.265
7.053333438436191,0.289
7.066666771968206,0.299
7.080000105500221,0.286
7.093333439032237,0.295
7.106666772564252,0.293
7.120000106096268,0.331
7.133333439628284,0.354
7.146666773160299,0.344
7.160000106692315,0.35
7.17333344022433,0.295
7.186666773756345,0.253
7.200000107288361,0.216
7.213333440820376,0.173
7.226666774352392,0.177
7.240000107884407,0.201
7.253333441416423,0.226
7.266666774948439,0.23
7.280000108480453,0.197
7.293333442012469,0.196
7.306666775544484,0.203
7.3200001090765,0.186
7.333333442608516,0.146
7.346666776140531,0.108
7.360000109672547,0.112
7.373333443204562,0.109
7.386666776736577,0.095
7.400000110268593,0.073
7.413333443800608,0.054
7.426666777332624,0.048
7.44000011086464,0.105
7.453333444396655,0.132
7.466666777928671,0.102
7.480000111460685,0.101
7.493333444992701,0.102
7.506666778524717,0.117
7.520000112056732,0.093
7.533333445588748,0.025
7.546666779120764,0.085
7.560000112652779,0.085
7.573333446184795,0.133
7.5866667797168095,0.212
7.600000113248825,0.266
7.613333446780841,0.294
7.626666780312856,0.284
7.640000113844872,0.297
7.653333447376887,0.312
7.666666780908903,0.258
7.680000114440918,0.175
7.693333447972933,0.186
7.706666781504949,0.182
7.720000115036965,0.146
7.73333344856898,0.115
7.746666782100996,0.115
7.760000115633011,0.137
7.773333449165027,0.176
7.786666782697042,0.21
7.800000116229057,0.263
7.813333449761073,0.296
7.826666783293088,0.288
7.840000116825104,0.266
7.85333345035712,0.244
7.866666783889135,0.174
7.88000011742115,0.131
7.893333450953166,0.094
7.906666784485181,0.07
7.920000118017197,0.084
7.933333451549212,0.087
7.946666785081228,0.09
7.960000118613244,0.104
7.973333452145259,0.119
7.986666785677274,0.115
8.00000011920929,0.095
8.013333452741305,0.108
8.02666678627332,0.115
8.040000119805336,0.114
8.053333453337352,0.115
8.066666786869368,0.13
8.080000120401383,0.157
8.093333453933399,0.153
8.106666787465414,0.132
8.12000012099743,0.194
8.133333454529444,0.246
8.14666678806146,0.272
8.160000121593475,0.291
8.17333345512549,0.312
8.186666788657506,0.326
8.200000122189522,0.252
8.213333455721537,0.208
8.226666789253553,0.183
8.240000122785569,0.164
8.253333456317584,0.153
8.2666667898496,0.141
8.280000123381615,0.182
8.293333456913631,0.236
8.306666790445647,0.23
8.320000123977662,0.239
8.333333457509676,0.221
8.346666791041692,0.21
8.360000124573707,0.203
8.373333458105723,0.143
8.386666791637738,0.068
8.400000125169754,0.045
8.41333345870177,0.045
8.426666792233785,0.052
8.4400001257658,0.06
8.453333459297816,0.102
8.466666792829832,0.165
8.480000126361848,0.209
8.493333459893863,0.218
8.506666793425879,0.253
8.520000126957894,0.249
8.533333460489908,0.243
8.546666794021924,0.22
8.56000012755394,0.184
8.573333461085955,0.233
8.58666679461797,0.149
8.600000128149986,0.114
8.613333461682002,0.116
8.626666795214017,0.081
8.640000128746033,0.071
8.653333462278049,0.041
8.666666795810064,0.072
8.68000012934208,0.154
8.693333462874095,0.156
8.706666796406111,0.154
8.720000129938127,0.152
8.73333346347014,0.155
8.746666797002156,0.141
8.760000130534172,0.083
8.773333464066187,0.061
8.786666797598203,0.053
8.800000131130219,0.051
8.813333464662234,0.054
8.82666679819425,0.058
8.840000131726265,0.049
8.853333465258281,0.034
8.866666798790297,0.026
8.880000132322312,0.039
8.893333465854328,0.013
8.906666799386343,0.0
8.920000132918359,-0.008
8.933333466450373,-0.004
8.946666799982388,0.003
8.960000133514404,0.048
8.97333346704642,0.083
8.986666800578435,0.076
9.00000013411045,0.04
9.013333467642466,0.044
9.026666801174482,0.058
9.040000134706498,0.031
9.053333468238511,0.015
9.066666801770529,0.039
9.080000135302544,0.083
9.09333346883456,0.105
9.106666802366576,0.126
9.120000135898591,0.148
9.133333469430609,0.171
9.14666680296262,0.2
9.160000136494636,0.165
9.173333470026652,0.16
9.186666803558667,0.15
9.200000137090685,0.115
9.2133334706227,0.115
9.226666804154714,0.08
9.24000013768673,0.089
9.253333471218744,0.108
9.26666680475076,0.07
9.280000138282777,0.073
9.293333471814792,0.101
9.306666805346808,0.12
9.320000138878823,0.127
9.33333347241084,0.117
9.346666805942853,0.179
9.360000139474868,0.217
9.373333473006884,0.245
9.3866668065389,0.251
9.400000140070915,0.237
9.41333347360293,0.217
9.426666807134946,0.163
9.440000140666962,0.106
9.453333474198978,0.069
9.466666807730991,-0.001
9.480000141263009,0.027
9.493333474795024,0.043
9.50666680832704,0.068
9.520000141859056,0.112
9.533333475391071,0.14
9.546666808923083,0.154
9.5600001424551,0.103
9.573333475987116,0.063
9.586666809519132,0.112
9.600000143051147,0.13
9.613333476583165,0.129
9.62666681011518,0.17
9.640000143647194,0.221
9.65333347717921,0.253
9.666666810711224,0.198
9.68000014424324,0.228
9.693333477775257,0.274
9.706666811307272,0.295
9.720000144839288,0.231
9.733333478371303,0.214
9.746666811903316,0.231
9.760000145435331,0.215
9.773333478967348,0.157
9.786666812499364,0.16
9.80000014603138,0.152
9.813333479563395,0.184
9.826666813095413,0.225
9.840000146627428,0.236
9.853333480159442,0.225
9.866666813691458,0.2
9.880000147223472,0.159
9.893333480755487,0.13
9.906666814287505,0.115
9.92000014781952,0.078
9.933333481351536,0.101
9.94666681488355,0.123
9.960000148415563,0.134
9.97333348194758,0.162
9.986666815479596,0.171
10.000000149011612,0.203
10.013333482543628,0.186
10.026666816075643,0.125
10.04000014960766,0.089
10.053333483139674,0.087
10.06666681667169,0.049
10.080000150203706,-0.007
10.09333348373572,-0.045
10.106666817267737,0.028
10.120000150799752,0.038
10.133333484331768,0.086
10.146666817863782,0.129
10.160000151395796,0.139
10.173333484927811,0.126
10.186666818459829,0.094
10.200000151991844,0.083
10.21333348552386,0.085
10.226666819055875,0.059
10.240000152587893,0.085
10.253333486119908,0.139
10.266666819651922,0.139
10.280000153183938,0.112
10.293333486715952,0.118
10.306666820247967,0.065
10.320000153779985,0.041
10.333333487312,0.016
10.346666820844014,0.011
10.36000015437603,0.085
10.373333487908043,0.06
10.38666682144006,0.068
10.400000154972076,0.084
10.413333488504092,0.099
10.426666822036108,0.13
10.440000155568123,0.126
10.45333348910014,0.087
10.466666822632154,0.094
10.48000015616417,0.153
10.493333489696186,0.205
10.5066668232282,0.223
10.520000156760217,0.233
10.533333490292232,0.253
10.546666823824246,0.292
10.560000157356262,0.2
10.573333490888276,0.12
10.586666824420291,0.06
10.600000157952309,0.017
10.613333491484324,-0.014
10.62666682501634,0.02
10.640000158548355,0.057
10.653333492080373,0.108
10.666666825612388,0.17
10.680000159144402,0.226
10.693333492676418,0.228
10.706666826208432,0.217
10.720000159740447,0.205
10.733333493272465,0.208
10.746666826804478,0.217
10.760000160336494,0.17
10.77333349386851,0.161
10.786666827400524,0.16
10.80000016093254,0.141
10.813333494464556,0.118
10.826666827996572,0.074
10.840000161528588,0.053
10.853333495060603,0.056
10.86666682859262,0.054
10.880000162124634,0.052
10.89333349565665,0.036
10.906666829188666,0.044
10.92000016272068,0.051
10.933333496252695,0.023
10.94666682978471,0.004
10.960000163316726,0.014
10.973333496848742,0.016
10.986666830380758,-0.005
11.000000163912771,-0.067
11.013333497444789,-0.02
11.026666830976804,-0.006
11.04000016450882,-0.028
11.053333498040836,-0.061
11.066666831572851,-0.038
11.080000165104869,0.0
11.093333498636882,0.01
11.106666832168898,-0.01
11.120000165700914,-0.034
11.13333349923293,-0.025
11.146666832764945,-0.006
11.16000016629696,-0.024
11.173333499828974,-0.066
11.18666683336099,-0.117
11.200000166893004,-0.079
11.21333350042502,-0.035
11.226666833957037,-0.026
11.240000167489052,-0.017
11.253333501021068,0.045
