time_min,absorb_mau
0.0,-0.088
0.0116666668405135,-0.091
0.023333333681027,-0.087
0.0350000005215406,-0.086
0.0466666673620541,-0.091
0.0583333342025677,-0.106
0.0700000010430812,-0.109
0.0816666678835948,-0.1
0.0933333347241083,-0.092
0.1050000015646219,-0.092
0.1166666684051354,-0.097
0.128333335245649,-0.096
0.1400000020861625,-0.091
0.1516666689266761,-0.086
0.1633333357671896,-0.088
0.1750000026077032,-0.084
0.1866666694482167,-0.075
0.1983333362887303,-0.065
0.2100000031292438,-0.061
0.2216666699697574,-0.066
0.2333333368102709,-0.079
0.2450000036507845,-0.084
0.256666670491298,-0.085
0.2683333373318116,-0.085
0.2800000041723251,-0.094
0.2916666710128387,-0.117
0.3033333378533522,-0.129
0.3150000046938658,-0.115
0.3266666715343793,-0.11
0.3383333383748929,-0.108
0.3500000052154064,-0.11
0.3616666720559199,-0.114
0.3733333388964335,-0.111
0.3850000057369471,-0.1
0.3966666725774606,-0.102
0.4083333394179742,-0.112
0.4200000062584877,-0.121
0.4316666730990012,-0.125
0.4433333399395148,-0.116
0.4550000067800283,-0.103
0.4666666736205419,-0.087
0.4783333404610554,-0.019
0.490000007301569,0.166
0.5016666741420825,0.501
0.5133333409825961,1.388
0.5250000078231096,3.027
0.5366666746636232,5.504
0.5483333415041367,9.863
0.5600000083446502,16.523
0.5716666751851638,25.139
0.5833333420256774,36.457
0.595000008866191,50.773
0.6066666757067045,66.949
0.6183333425472181,84.883
0.6300000093877316,104.546
0.6416666762282451,124.321
0.6533333430687587,143.841
0.6650000099092722,162.425
0.6766666767497858,180.184
0.6883333435902993,196.874
0.7000000104308128,210.98
0.7116666772713264,223.796
0.7233333441118399,235.382
0.7350000109523535,245.282
0.746666677792867,253.818
0.7583333446333806,261.353
0.7700000114738942,267.704
0.7816666783144077,272.969
0.7933333451549213,277.444
0.8050000119954348,281.083
0.8166666788359483,283.302
0.8283333456764619,284.597
0.8400000125169754,284.972
0.851666679357489,283.855
0.8633333461980025,281.575
0.875000013038516,278.414
0.8866666798790296,274.255
0.8983333467195431,268.758
0.9100000135600568,262.891
0.9216666804005704,256.078
0.933333347241084,248.889
0.9450000140815974,240.954
0.9566666809221108,232.509
0.9683333477626244,223.356
0.980000014603138,213.591
0.9916666814436516,204.23
1.003333348284165,194.457
1.0150000151246787,184.595
1.0266666819651922,174.729
1.0383333488057058,165.28
1.0500000156462193,156.074
1.061666682486733,147.381
1.0733333493272463,138.868
1.08500001616776,130.507
1.0966666830082734,122.426
1.108333349848787,114.455
1.1200000166893005,107.495
1.131666683529814,100.747
1.1433333503703276,94.304
1.1550000172108412,88.418
1.1666666840513549,82.806
1.1783333508918683,77.488
1.190000017732382,72.619
1.2016666845728954,67.945
1.213333351413409,63.559
1.2250000182539225,59.553
1.236666685094436,55.876
1.2483333519349495,52.101
1.2600000187754632,48.585
1.2716666856159766,45.465
1.2833333524564905,42.507
1.2950000192970037,39.715
1.3066666861375174,37.107
1.3183333529780308,34.711
1.3300000198185444,32.549
1.341666686659058,30.52
1.3533333534995715,28.625
1.3650000203400852,26.81
1.3766666871805986,25.162
1.3883333540211122,23.538
1.4000000208616257,22.029
1.411666687702139,20.596
1.4233333545426528,19.363
1.4350000213831664,18.182
1.4466666882236798,17.068
1.4583333550641937,16.079
1.470000021904707,15.142
1.4816666887452206,14.257
1.493333355585734,13.451
1.5050000224262476,12.674
1.5166666892667613,11.953
1.5283333561072747,11.241
1.5400000229477884,10.591
1.5516666897883018,9.954
1.5633333566288157,9.355
1.5750000234693289,8.781
1.5866666903098423,8.263
1.598333357150356,7.779
1.6100000239908696,7.346
1.621666690831383,6.937
1.6333333576718967,6.557
1.64500002451241,6.221
1.6566666913529238,5.917
1.6683333581934374,5.602
1.6800000250339509,5.299
1.6916666918744645,5.018
1.703333358714978,4.76
1.7150000255554916,4.525
1.726666692396005,4.329
1.7383333592365189,4.13
1.750000026077032,3.945
1.7616666929175455,3.787
1.7733333597580592,3.623
1.7850000265985728,3.472
1.7966666934390862,3.341
1.8083333602796,3.186
1.820000027120113,3.049
1.831666693960627,2.934
1.8433333608011409,2.807
1.855000027641654,2.686
1.866666694482168,2.572
1.8783333613226807,2.46
1.8900000281631948,2.369
1.901666695003708,2.287
1.9133333618442216,2.197
1.9250000286847355,2.112
1.936666695525249,2.033
1.9483333623657624,1.962
1.960000029206276,1.878
1.9716666960467892,1.796
1.983333362887303,1.717
1.9950000297278163,1.653
2.00666669656833,1.603
2.018333363408844,1.562
2.030000030249357,1.524
2.041666697089871,1.498
2.0533333639303843,1.477
2.0650000307708978,1.456
2.076666697611412,1.426
2.088333364451925,1.405
2.1000000312924385,1.393
2.111666698132952,1.374
2.123333364973466,1.346
2.1350000318139792,1.306
2.1466666986544927,1.266
2.158333365495006,1.238
2.17000003233552,1.214
2.1816666991760334,1.16
2.193333366016547,1.112
2.2050000328570607,1.077
2.216666699697574,1.061
2.228333366538088,1.039
2.240000033378601,1.02
2.251666700219115,1.002
2.2633333670596283,1.024
2.2750000339001417,1.034
2.286666700740655,1.033
2.298333367581169,0.996
2.3100000344216824,0.973
2.321666701262196,0.953
2.3333333681027097,0.906
2.345000034943223,0.842
2.3566667017837366,0.773
2.36833336862425,0.713
2.380000035464764,0.702
2.3916667023052773,0.682
2.4033333691457908,0.639
2.415000035986304,0.627
2.426666702826818,0.609
2.4383333696673315,0.588
2.450000036507845,0.579
2.4616667033483584,0.56
2.473333370188872,0.537
2.4850000370293857,0.538
2.496666703869899,0.539
2.508333370710413,0.543
2.5200000375509264,0.554
2.53166670439144,0.547
2.543333371231953,0.541
2.555000038072467,0.537
2.5666667049129805,0.529
2.578333371753494,0.526
2.5900000385940074,0.52
2.6016667054345213,0.504
2.6133333722750347,0.502
2.625000039115548,0.512
2.6366667059560616,0.526
2.6483333727965754,0.538
2.660000039637089,0.538
2.6716667064776023,0.515
2.683333373318116,0.522
2.6950000401586296,0.525
2.706666706999143,0.522
2.7183333738396565,0.51
2.7300000406801703,0.499
2.741666707520684,0.494
2.753333374361197,0.504
2.7650000412017106,0.518
2.7766667080422245,0.526
2.788333374882738,0.534
2.800000041723252,0.533
2.8116667085637648,0.541
2.823333375404278,0.567
2.835000042244792,0.578
2.846666709085305,0.57
2.85833337592582,0.538
2.870000042766333,0.548
2.8816667096068462,0.552
2.89333337644736,0.551
2.905000043287873,0.541
2.916666710128387,0.53
2.9283333769689004,0.53
2.940000043809414,0.56
2.951666710649928,0.579
2.963333377490441,0.585
2.9750000443309546,0.582
2.986666711171468,0.586
2.998333378011982,0.594
3.0100000448524957,0.607
3.0216667116930087,0.6
3.0333333785335226,0.583
3.045000045374036,0.565
3.056666712214549,0.58
3.068333379055063,0.58
3.0800000458955767,0.573
3.09166671273609,0.57
3.103333379576604,0.56
3.115000046417117,0.562
3.126666713257631,0.579
3.1383333800981443,0.573
3.1500000469386578,0.564
3.161666713779171,0.554
3.173333380619685,0.547
3.1850000474601985,0.536
3.196666714300712,0.527
3.208333381141226,0.512
3.220000047981739,0.504
3.2316667148222527,0.498
3.243333381662766,0.489
3.25500004850328,0.49
3.2666667153437934,0.493
3.278333382184307,0.502
3.29000004902482,0.498
3.301666715865334,0.498
3.3133333827058475,0.502
3.325000049546361,0.503
3.336666716386875,0.505
3.3483333832273883,0.498
3.3600000500679017,0.482
3.371666716908415,0.482
3.383333383748929,0.48
3.3950000505894424,0.462
3.406666717429956,0.434
3.4183333842704693,0.408
3.430000051110983,0.383
3.4416667179514966,0.38
3.45333338479201,0.374
3.4650000516325234,0.359
3.4766667184730373,0.353
3.4883333853135507,0.357
3.500000052154064,0.366
3.511666718994578,0.37
3.5233333858350915,0.382
3.535000052675605,0.388
3.5466667195161183,0.375
3.558333386356632,0.364
3.5700000531971456,0.358
3.581666720037659,0.356
3.5933333868781725,0.365
3.6050000537186864,0.364
3.6166667205592,0.354
3.628333387399713,0.366
3.640000054240226,0.382
3.651666721080741,0.403
3.663333387921254,0.428
3.675000054761768,0.449
3.686666721602281,0.464
3.6983333884427942,0.475
3.710000055283308,0.478
3.7216667221238215,0.484
3.733333388964336,0.494
3.745000055804849,0.498
3.7566667226453614,0.493
3.768333389485876,0.482
3.7800000563263896,0.484
3.791666723166903,0.476
3.803333390007416,0.462
3.81500005684793,0.44
3.826666723688444,0.421
3.838333390528957,0.403
3.850000057369471,0.384
3.861666724209985,0.392
3.873333391050498,0.394
3.8850000578910113,0.391
3.8966667247315248,0.407
3.908333391572039,0.42
3.920000058412552,0.429
3.9316667252530655,0.445
3.943333392093579,0.442
3.955000058934093,0.436
3.966666725774606,0.461
3.97833339261512,0.469
3.990000059455633,0.473
4.001666726296147,0.481
4.01333339313666,0.495
4.025000059977174,0.506
4.036666726817687,0.513
4.048333393658201,0.511
4.060000060498715,0.51
4.071666727339228,0.511
4.083333394179742,0.504
4.095000061020255,0.502
4.106666727860769,0.496
4.118333394701282,0.487
4.130000061541796,0.48
4.141666728382309,0.482
4.153333395222823,0.494
4.165000062063337,0.494
4.17666672890385,0.481
4.188333395744364,0.458
4.200000062584877,0.456
4.21166672942539,0.45
4.223333396265904,0.442
4.235000063106418,0.414
4.246666729946932,0.414
4.258333396787445,0.421
4.270000063627959,0.429
4.281666730468472,0.432
4.293333397308985,0.44
4.305000064149499,0.461
4.316666730990012,0.466
4.328333397830527,0.476
4.34000006467104,0.485
4.351666731511553,0.492
4.363333398352067,0.506
4.37500006519258,0.528
4.386666732033094,0.563
4.398333398873607,0.592
4.410000065714121,0.615
4.421666732554635,0.612
4.433333399395148,0.615
4.445000066235662,0.629
4.456666733076175,0.651
4.4683333999166885,0.62
4.480000066757202,0.591
4.491666733597715,0.57
4.50333340043823,0.549
4.515000067278743,0.541
4.526666734119257,0.532
4.53833340095977,0.478
4.550000067800283,0.44
4.561666734640797,0.41
4.57333340148131,0.381
4.585000068321825,0.372
4.596666735162338,0.356
4.608333402002852,0.325
4.620000068843365,0.322
4.631666735683878,0.316
4.643333402524392,0.305
4.655000069364905,0.301
4.66666673620542,0.294
4.678333403045933,0.29
4.690000069886446,0.315
4.70166673672696,0.326
4.713333403567473,0.331
4.725000070407987,0.336
4.7366667372485,0.34
4.7483334040890135,0.348
4.760000070929528,0.356
4.771666737770041,0.324
4.783333404610555,0.295
4.795000071451068,0.274
4.8066667382915815,0.267
4.818333405132095,0.271
4.830000071972608,0.279
4.841666738813123,0.271
4.853333405653636,0.283
4.86500007249415,0.307
4.876666739334663,0.337
4.888333406175176,0.345
4.90000007301569,0.342
4.911666739856203,0.33
4.923333406696717,0.327
4.935000073537231,0.323
4.9466667403777445,0.314
4.958333407218258,0.287
4.970000074058771,0.266
4.981666740899285,0.252
4.993333407739798,0.254
5.005000074580312,0.243
5.016666741420826,0.232
5.028333408261339,0.228
5.040000075101853,0.212
5.051666741942366,0.204
5.06333340878288,0.205
5.075000075623393,0.194
5.0866667424639065,0.176
5.09833340930442,0.16
5.110000076144934,0.153
5.121666742985448,0.158
5.133333409825961,0.17
5.1450000766664745,0.181
5.156666743506988,0.203
5.168333410347501,0.226
5.180000077188015,0.249
5.191666744028529,0.247
5.2033334108690426,0.253
5.215000077709556,0.269
5.226666744550069,0.267
5.238333411390583,0.259
5.250000078231096,0.251
5.26166674507161,0.266
5.273333411912123,0.287
5.285000078752637,0.31
5.296666745593151,0.325
5.308333412433664,0.329
5.320000079274178,0.339
5.331666746114691,0.36
5.343333412955205,0.371
5.355000079795718,0.377
5.366666746636232,0.378
5.378333413476746,0.384
5.390000080317259,0.41
5.401666747157773,0.447
5.413333413998286,0.459
5.4250000808388,0.463
5.436666747679313,0.468
5.448333414519826,0.484
5.460000081360341,0.494
5.471666748200854,0.499
5.483333415041368,0.495
5.495000081881881,0.506
5.506666748722394,0.521
5.518333415562908,0.54
5.530000082403421,0.551
5.541666749243936,0.557
5.553333416084449,0.561
5.565000082924962,0.572
5.576666749765476,0.57
5.588333416605989,0.564
5.600000083446503,0.556
5.611666750287016,0.549
5.6233334171275295,0.538
5.635000083968044,0.522
5.646666750808557,0.497
5.658333417649071,0.478
5.670000084489584,0.467
5.681666751330098,0.46
5.693333418170611,0.447
5.705000085011124,0.434
5.716666751851639,0.441
5.728333418692152,0.436
5.740000085532666,0.424
5.751666752373179,0.406
5.7633334192136925,0.384
5.775000086054206,0.374
5.786666752894719,0.377
5.798333419735233,0.36
5.810000086575747,0.353
5.8216667534162605,0.356
5.833333420256774,0.348
5.845000087097287,0.35
5.856666753937801,0.357
5.868333420778314,0.35
5.880000087618828,0.338
5.891666754459342,0.324
5.903333421299855,0.307
5.915000088140369,0.322
5.926666754980882,0.327
5.938333421821396,0.318
5.950000088661909,0.308
5.961666755502423,0.305
5.973333422342936,0.31
5.98500008918345,0.321
5.996666756023964,0.313
6.008333422864477,0.304
6.020000089704991,0.327
6.031666756545504,0.325
6.043333423386017,0.321
6.055000090226531,0.329
6.066666757067045,0.327
6.078333423907559,0.335
6.090000090748072,0.356
6.1016667575885855,0.339
6.113333424429099,0.341
6.125000091269612,0.357
6.136666758110126,0.357
6.148333424950639,0.355
6.1600000917911535,0.348
6.171666758631667,0.326
6.18333342547218,0.341
6.195000092312694,0.346
6.206666759153207,0.32
6.218333425993721,0.305
6.230000092834234,0.294
6.241666759674748,0.287
6.253333426515262,0.286
6.265000093355775,0.272
6.276666760196289,0.242
6.288333427036802,0.225
6.300000093877316,0.217
6.311666760717829,0.21
6.323333427558342,0.199
6.335000094398857,0.189
6.34666676123937,0.188
6.358333428079884,0.197
6.370000094920397,0.231
6.38166676176091,0.253
6.393333428601424,0.256
6.405000095441937,0.246
6.416666762282452,0.252
6.428333429122965,0.259
6.440000095963478,0.228
6.451666762803992,0.201
6.463333429644505,0.18
6.475000096485019,0.172
6.486666763325532,0.173
6.498333430166047,0.171
6.51000009700656,0.154
6.521666763847073,0.158
6.533333430687587,0.159
6.5450000975281,0.155
6.556666764368614,0.149
6.568333431209127,0.15
6.5800000980496405,0.159
6.591666764890155,0.177
6.603333431730668,0.181
6.615000098571182,0.184
6.626666765411695,0.192
6.6383334322522085,0.183
6.650000099092722,0.184
6.661666765933235,0.198
6.67333343277375,0.168
6.685000099614263,0.16
6.6966667664547765,0.172
6.70833343329529,0.176
6.720000100135803,0.192
6.731666766976317,0.21
6.74333343381683,0.207
6.755000100657344,0.224
6.766666767497858,0.241
6.778333434338371,0.236
6.790000101178885,0.239
6.801666768019398,0.245
6.813333434859912,0.252
6.825000101700425,0.259
6.836666768540939,0.27
6.848333435381453,0.286
6.860000102221966,0.3
6.87166676906248,0.324
6.883333435902993,0.352
6.895000102743507,0.382
6.90666676958402,0.408
6.9183334364245335,0.419
6.930000103265047,0.406
6.941666770105561,0.391
6.953333436946075,0.38
6.965000103786588,0.371
6.9766667706271015,0.356
6.988333437467615,0.355
7.000000104308128,0.361
7.011666771148642,0.362
7.023333437989156,0.367
7.0350001048296695,0.375
7.046666771670183,0.376
7.058333438510696,0.374
7.07000010535121,0.361
7.081666772191723,0.325
7.093333439032237,0.332
7.10500010587275,0.341
7.116666772713264,0.349
7.128333439553778,0.351
7.140000106394291,0.349
7.151666773234805,0.346
7.163333440075318,0.348
7.175000106915832,0.344
7.186666773756345,0.336
7.198333440596859,0.332
7.210000107437373,0.338
7.221666774277886,0.344
7.2333334411184,0.353
7.245000107958913,0.36
7.256666774799426,0.372
7.26833344163994,0.393
7.280000108480453,0.425
7.291666775320968,0.435
7.303333442161481,0.433
7.315000109001994,0.448
7.326666775842508,0.467
7.338333442683021,0.482
7.350000109523535,0.482
7.361666776364048,0.473
7.373333443204562,0.465
7.385000110045076,0.468
7.396666776885589,0.455
7.408333443726103,0.442
7.420000110566616,0.431
7.43166677740713,0.431
7.443333444247643,0.441
7.4550001110881565,0.453
7.466666777928671,0.457
7.478333444769184,0.482
7.490000111609698,0.509
7.501666778450211,0.524
7.513333445290723,0.545
7.525000112131238,0.57
7.536666778971751,0.594
7.548333445812266,0.619
7.560000112652779,0.633
7.571666779493293,0.632
7.583333446333806,0.629
7.595000113174319,0.632
7.606666780014833,0.634
7.618333446855346,0.62
7.63000011369586,0.616
7.641666780536374,0.618
7.653333447376887,0.627
7.665000114217401,0.645
7.676666781057914,0.655
7.688333447898428,0.649
7.700000114738941,0.657
7.711666781579455,0.676
7.723333448419969,0.697
7.735000115260482,0.683
7.746666782100996,0.681
7.758333448941509,0.684
7.770000115782023,0.686
7.781666782622536,0.673
7.7933334494630495,0.651
7.805000116303563,0.617
7.816666783144077,0.599
7.828333449984591,0.59
7.840000116825104,0.583
7.8516667836656175,0.571
7.863333450506131,0.568
7.875000117346644,0.567
7.886666784187158,0.55
7.898333451027672,0.54
7.910000117868186,0.53
7.921666784708699,0.503
7.933333451549212,0.498
7.945000118389726,0.495
7.956666785230239,0.479
7.968333452070753,0.478
7.980000118911266,0.482
7.99166678575178,0.488
8.003333452592294,0.505
8.015000119432807,0.502
8.02666678627332,0.485
8.038333453113834,0.477
8.050000119954348,0.47
8.061666786794861,0.459
8.073333453635374,0.445
8.085000120475888,0.433
8.096666787316401,0.422
8.108333454156915,0.419
8.12000012099743,0.413
8.131666787837943,0.418
8.143333454678457,0.432
8.15500012151897,0.436
8.166666788359484,0.436
8.178333455199997,0.434
8.19000012204051,0.446
8.201666788881024,0.452
8.213333455721537,0.448
8.22500012256205,0.416
8.236666789402564,0.393
8.248333456243078,0.378
8.260000123083591,0.372
8.271666789924105,0.363
8.283333456764618,0.358
8.295000123605133,0.36
8.306666790445647,0.373
8.31833345728616,0.385
8.330000124126673,0.399
8.341666790967187,0.406
8.3533334578077,0.414
8.365000124648214,0.428
8.376666791488727,0.461
8.38833345832924,0.474
8.400000125169754,0.489
8.411666792010267,0.511
8.42333345885078,0.515
8.435000125691294,0.52
8.446666792531808,0.526
8.458333459372321,0.49
8.470000126212836,0.48
8.48166679305335,0.491
8.493333459893863,0.511
8.505000126734377,0.517
8.51666679357489,0.528
8.528333460415404,0.55
8.540000127255917,0.585
8.55166679409643,0.615
8.563333460936944,0.634
8.575000127777457,0.638
8.58666679461797,0.643
8.598333461458484,0.657
8.610000128298998,0.646
8.621666795139511,0.637
8.633333461980024,0.628
8.64500012882054,0.613
8.656666795661053,0.591
8.668333462501566,0.567
8.68000012934208,0.547
8.691666796182593,0.535
8.703333463023107,0.525
8.71500012986362,0.518
8.726666796704134,0.542
8.738333463544647,0.562
8.75000013038516,0.581
8.761666797225674,0.595
8.773333464066187,0.609
8.7850001309067,0.62
8.796666797747214,0.631
8.808333464587728,0.636
8.820000131428243,0.632
8.831666798268756,0.623
8.84333346510927,0.612
8.855000131949783,0.608
8.866666798790297,0.611
8.87833346563081,0.609
8.890000132471323,0.599
8.901666799311837,0.581
8.91333346615235,0.57
8.925000132992864,0.585
8.936666799833377,0.602
8.94833346667389,0.581
8.960000133514404,0.556
8.971666800354917,0.542
8.98333346719543,0.545
8.995000134035946,0.572
9.00666680087646,0.586
9.018333467716973,0.576
9.030000134557486,0.58
9.041666801398,0.596
9.053333468238511,0.615
9.065000135079028,0.613
9.07666680191954,0.591
9.088333468760052,0.561
9.100000135600569,0.53
9.11166680244108,0.517
9.123333469281594,0.509
9.135000136122107,0.495
9.14666680296262,0.473
9.158333469803136,0.458
9.17000013664365,0.453
9.181666803484164,0.47
9.193333470324676,0.48
9.20500013716519,0.482
9.216666804005705,0.475
9.228333470846216,0.475
9.24000013768673,0.48
9.251666804527243,0.482
9.263333471367757,0.462
9.27500013820827,0.443
9.286666805048784,0.435
9.298333471889295,0.425
9.31000013872981,0.422
9.321666805570324,0.424
9.33333347241084,0.43
9.345000139251352,0.445
9.356666806091866,0.466
9.36833347293238,0.481
9.380000139772893,0.485
9.391666806613406,0.484
9.40333347345392,0.47
9.415000140294431,0.479
9.426666807134946,0.483
9.43833347397546,0.477
9.450000140815972,0.481
9.461666807656488,0.502
9.473333474497,0.542
9.485000141337514,0.578
9.496666808178029,0.595
9.508333475018542,0.596
9.520000141859056,0.605
9.531666808699567,0.631
9.543333475540082,0.652
9.555000142380596,0.647
9.56666680922111,0.643
9.578333476061625,0.654
9.590000142902136,0.684
9.60166680974265,0.725
9.613333476583165,0.75
9.625000143423676,0.756
9.63666681026419,0.777
9.648333477104703,0.802
9.660000143945217,0.82
9.67166681078573,0.795
9.683333477626244,0.773
9.69500014446676,0.747
9.706666811307272,0.713
9.718333478147786,0.672
9.7300001449883,0.639
9.741666811828813,0.618
9.753333478669326,0.6
9.76500014550984,0.593
9.776666812350353,0.59
9.788333479190866,0.587
9.80000014603138,0.596
9.811666812871891,0.606
9.823333479712408,0.599
9.83500014655292,0.601
9.846666813393432,0.606
9.858333480233949,0.604
9.870000147074462,0.613
9.881666813914975,0.619
9.893333480755487,0.617
9.905000147596002,0.614
9.916666814436516,0.608
9.92833348127703,0.604
9.940000148117544,0.607
9.951666814958056,0.6
9.96333348179857,0.591
9.975000148639085,0.581
9.986666815479596,0.592
9.99833348232011,0.601
10.010000149160623,0.603
10.021666816001137,0.591
10.033333482841652,0.587
10.045000149682163,0.597
10.05666681652268,0.592
10.068333483363192,0.592
10.080000150203706,0.589
10.09166681704422,0.587
10.103333483884732,0.587
10.115000150725246,0.583
10.12666681756576,0.556
10.138333484406273,0.555
10.150000151246786,0.554
10.1616668180873,0.533
10.173333484927811,0.521
10.185000151768326,0.517
10.19666681860884,0.516
10.208333485449357,0.526
10.220000152289868,0.523
10.231666819130382,0.508
