time_min,absorb_mau
0.0,0.0
0.0333333338300387,-0.022
0.0666666676600774,-0.083
0.1000000014901161,-0.093
0.1333333353201548,-0.083
0.1666666691501935,-0.228
0.2000000029802322,-0.401
0.2333333368102709,-0.356
0.2666666706403096,-0.303
0.3000000044703483,-0.288
0.3333333383003871,-0.266
0.3666666721304258,-0.218
0.4000000059604645,-0.236
0.4333333397905032,-0.372
0.4666666736205419,-0.116
0.5000000074505806,0.375
0.5333333412806193,1.627
0.566666675110658,3.442
0.6000000089406967,5.958
0.6333333427707355,9.033
0.6666666766007742,12.648
0.7000000104308128,15.138
0.7333333442608516,15.827
0.7666666780908903,14.852
0.800000011920929,13.418
0.8333333457509677,12.293
0.8666666795810064,11.299
0.9000000134110451,10.625
0.933333347241084,10.167
0.9666666810711224,10.043
1.0000000149011612,9.907
1.0333333487312,9.629
1.0666666825612383,9.39
1.100000016391277,9.257
1.133333350221316,9.254
1.1666666840513549,9.039
1.2000000178813934,8.75
1.2333333517114322,8.485
1.266666685541471,8.196
1.3000000193715096,7.972
1.3333333532015483,7.433
1.3666666870315871,6.988
1.4000000208616257,6.693
1.4333333546916645,6.426
1.4666666885217032,6.023
1.5000000223517418,5.648
1.5333333561817806,5.345
1.5666666900118194,4.934
1.600000023841858,4.856
1.6333333576718967,4.775
1.6666666915019357,4.692
1.700000025331974,4.526
1.7333333591620128,4.291
1.7666666929920516,4.002
1.80000002682209,3.77
1.833333360652129,3.588
1.866666694482168,3.587
1.9000000283122065,3.432
1.933333362142245,3.393
1.966666695972284,3.357
2.0000000298023224,3.25
2.033333363632361,3.022
2.0666666974624,2.984
2.1000000312924385,3.036
2.133333365122477,2.874
2.166666698952516,2.821
2.200000032782554,2.65
2.233333366612593,2.66
2.266666700442632,2.591
2.3000000342726707,2.553
2.3333333681027097,2.518
2.3666667019327483,2.515
2.400000035762787,2.536
2.433333369592826,2.516
2.4666667034228644,2.388
2.500000037252903,2.32
2.533333371082942,2.311
2.5666667049129805,2.261
2.600000038743019,2.207
2.633333372573058,2.091
2.6666667064030967,2.045
2.7000000402331352,2.067
2.7333333740631742,2.104
2.766666707893213,2.088
2.800000041723252,2.041
2.8333333755532903,1.884
2.866666709383329,1.818
2.9000000432133675,1.758
2.9333333770434065,1.651
2.966666710873445,1.676
3.000000044703484,1.528
3.0333333785335226,1.523
3.066666712363561,1.443
3.1000000461936,1.365
3.1333333800236387,1.302
3.1666667138536773,1.12
3.200000047683716,1.159
3.233333381513755,1.247
3.2666667153437934,1.252
3.300000049173832,1.169
3.333333383003871,1.251
3.366666716833909,1.168
3.400000050663948,1.28
3.433333384493987,1.377
3.4666667183240256,1.361
3.500000052154064,1.243
3.533333385984103,1.11
3.5666667198141417,1.139
3.6000000536441803,1.252
3.6333333874742193,1.227
3.666666721304258,1.135
3.700000055134296,1.095
3.733333388964336,1.009
3.766666722794374,1.109
3.800000056624413,1.096
3.833333390454452,1.09
3.86666672428449,1.026
3.9000000581145287,1.071
3.933333391944568,1.188
3.966666725774606,1.312
4.000000059604645,1.477
4.033333393434684,1.525
4.066666727264722,1.6
4.100000061094761,1.589
4.1333333949248,1.624
4.166666728754838,1.681
4.200000062584877,1.592
4.233333396414916,1.608
4.266666730244954,1.54
4.300000064074993,1.525
4.333333397905032,1.653
4.36666673173507,1.535
4.400000065565109,1.434
4.433333399395148,1.299
4.466666733225186,1.372
4.500000067055225,1.175
4.533333400885264,1.208
4.566666734715303,1.169
4.6000000685453415,1.015
4.6333334023753805,0.828
4.66666673620542,0.725
4.700000070035458,0.683
4.733333403865497,0.716
4.766666737695536,0.803
4.800000071525574,0.771
4.833333405355613,0.677
4.866666739185652,0.54
4.90000007301569,0.401
4.933333406845729,0.368
4.966666740675768,0.555
5.000000074505806,0.578
5.033333408335845,0.664
5.066666742165884,0.628
5.100000075995922,0.619
5.133333409825961,0.499
5.166666743656,0.384
5.200000077486038,0.245
5.233333411316077,0.271
5.266666745146116,0.358
5.300000078976154,0.442
5.333333412806193,0.399
5.366666746636232,0.355
5.4000000804662704,0.367
5.433333414296309,0.579
5.4666667481263485,0.501
5.500000081956387,0.317
5.533333415786426,0.22
5.566666749616465,0.34
5.600000083446503,0.323
5.633333417276542,0.371
5.666666751106581,0.26
5.700000084936619,0.185
5.733333418766658,0.19
5.766666752596697,0.248
5.800000086426735,0.275
5.833333420256774,0.418
5.866666754086813,0.336
5.900000087916851,0.426
5.93333342174689,0.443
5.966666755576929,0.451
6.000000089406967,0.181
6.033333423237006,-0.075
6.066666757067045,-0.082
6.100000090897083,0.111
6.133333424727122,0.17
6.166666758557161,0.187
6.200000092387199,0.24
6.233333426217238,0.237
6.266666760047277,0.128
6.300000093877316,0.177
6.3333334277073545,0.182
6.3666667615373935,0.136
6.400000095367432,-0.007
6.433333429197471,0.068
6.46666676302751,-0.073
6.500000096857548,0.0
6.533333430687587,0.035
6.566666764517626,0.099
6.600000098347664,0.026
6.633333432177703,0.055
6.666666766007742,0.104
6.70000009983778,-0.028
6.733333433667819,-0.105
6.766666767497858,-0.179
6.800000101327896,-0.078
6.833333435157935,-0.001
6.866666768987974,0.131
6.900000102818012,0.24
6.933333436648051,0.211
6.96666677047809,0.105
7.000000104308128,0.012
7.033333438138167,0.01
7.066666771968206,-0.067
7.1000001057982445,0.012
7.133333439628284,0.118
7.1666667734583225,0.205
7.200000107288361,0.067
7.2333334411184,0.0
7.266666774948439,-0.121
7.300000108778477,-0.315
7.333333442608516,-0.348
7.366666776438555,-0.241
7.400000110268593,-0.027
7.433333444098632,0.03
7.466666777928671,-0.118
7.500000111758709,-0.108
7.533333445588748,-0.04
7.566666779418787,-0.175
7.600000113248825,-0.181
7.633333447078864,-0.118
7.666666780908903,-0.04
7.700000114738941,-0.189
7.73333344856898,-0.055
7.766666782399019,-0.121
7.800000116229057,-0.096
7.833333450059096,-0.098
7.866666783889135,-0.148
7.900000117719173,-0.107
7.933333451549212,-0.195
7.966666785379251,-0.213
8.00000011920929,-0.309
8.033333453039328,-0.335
8.066666786869368,-0.229
8.100000120699406,-0.245
8.133333454529444,-0.114
8.166666788359484,-0.117
8.200000122189522,-0.098
8.23333345601956,-0.197
8.2666667898496,-0.204
8.300000123679638,-0.137
8.333333457509676,-0.058
8.366666791339716,-0.122
8.400000125169754,-0.219
8.433333458999792,-0.275
8.466666792829832,-0.419
8.50000012665987,-0.359
8.533333460489908,-0.394
8.566666794319948,-0.286
8.600000128149986,-0.319
8.633333461980024,-0.138
8.666666795810064,-0.156
8.700000129640102,-0.19
8.73333346347014,-0.369
8.76666679730018,-0.283
8.800000131130219,-0.089
8.833333464960257,-0.024
8.866666798790297,-0.105
8.900000132620335,-0.123
8.933333466450373,-0.18
8.966666800280413,-0.256
9.00000013411045,-0.354
9.033333467940489,-0.341
9.066666801770529,-0.299
9.100000135600569,-0.176
9.133333469430609,-0.382
9.166666803260645,-0.405
9.200000137090685,-0.395
9.233333470920725,-0.264
9.26666680475076,-0.44
9.3000001385808,-0.574
9.33333347241084,-0.511
9.366666806240875,-0.359
9.400000140070915,-0.141
9.433333473900955,-0.313
9.466666807730991,-0.22
9.500000141561031,-0.261
9.533333475391071,-0.365
9.56666680922111,-0.504
9.600000143051147,-0.465
9.633333476881187,-0.226
9.666666810711224,-0.267
9.700000144541264,-0.245
9.733333478371303,-0.357
9.766666812201342,-0.303
9.80000014603138,-0.224
9.83333347986142,-0.306
9.866666813691458,-0.22
9.900000147521496,-0.221
9.933333481351536,-0.361
9.966666815181574,-0.471
10.000000149011612,-0.347
10.033333482841652,-0.355
10.06666681667169,-0.401
10.100000150501728,-0.383
10.133333484331768,-0.427
10.166666818161806,-0.376
10.200000151991844,-0.477
10.233333485821884,-0.45
10.266666819651922,-0.374
10.30000015348196,-0.36
10.333333487312,-0.3
10.366666821142038,-0.319
10.400000154972076,-0.255
10.433333488802116,-0.211
10.466666822632154,-0.205
10.500000156462193,-0.324
10.533333490292232,-0.38
10.56666682412227,-0.451
10.600000157952309,-0.493
10.633333491782349,-0.434
10.666666825612388,-0.495
10.700000159442425,-0.362
10.733333493272465,-0.328
10.766666827102505,-0.295
10.80000016093254,-0.315
10.83333349476258,-0.392
10.86666682859262,-0.307
10.900000162422655,-0.311
10.933333496252695,-0.462
10.966666830082737,-0.434
11.000000163912771,-0.435
11.033333497742811,-0.518
11.066666831572851,-0.464
11.10000016540289,-0.394
11.13333349923293,-0.432
11.166666833062967,-0.35
11.200000166893004,-0.293
11.233333500723043,-0.255
11.266666834553083,-0.273
11.30000016838312,-0.349
11.33333350221316,-0.268
11.3666668360432,-0.295
11.400000169873238,-0.314
11.433333503703278,-0.283
11.466666837533316,-0.226
11.500000171363354,-0.445
11.533333505193394,-0.581
11.566666839023432,-0.485
11.60000017285347,-0.355
11.63333350668351,-0.335
11.666666840513548,-0.384
11.700000174343586,-0.294
11.733333508173626,-0.44
11.766666842003664,-0.409
11.800000175833702,-0.379
11.833333509663742,-0.282
11.86666684349378,-0.144
11.900000177323818,-0.162
11.933333511153858,-0.316
11.966666844983896,-0.267
12.000000178813934,-0.22
12.033333512643974,-0.157
12.066666846474012,-0.232
12.10000018030405,-0.204
12.13333351413409,-0.133
12.166666847964128,-0.161
12.200000181794168,-0.431
12.233333515624206,-0.543
12.266666849454245,-0.555
12.300000183284284,-0.421
12.333333517114324,-0.304
12.36666685094436,-0.351
12.4000001847744,-0.471
12.43333351860444,-0.537
12.466666852434477,-0.466
12.500000186264517,-0.342
12.533333520094557,-0.252
12.566666853924591,-0.295
12.600000187754633,-0.329
12.633333521584673,-0.245
12.666666855414707,-0.212
12.700000189244747,-0.253
12.733333523074789,-0.305
12.766666856904823,-0.502
12.800000190734863,-0.488
12.833333524564903,-0.335
12.86666685839494,-0.376
12.90000019222498,-0.508
12.93333352605502,-0.512
12.966666859885056,-0.5
13.000000193715096,-0.366
13.033333527545135,-0.347
13.066666861375174,-0.375
13.100000195205212,-0.496
13.133333529035252,-0.482
13.16666686286529,-0.43
13.200000196695328,-0.258
13.233333530525368,-0.211
13.266666864355406,-0.427
13.300000198185444,-0.59
13.333333532015484,-0.526
13.366666865845522,-0.463
13.40000019967556,-0.343
13.4333335335056,-0.414
13.466666867335638,-0.451
13.500000201165676,-0.479
13.533333534995716,-0.433
13.566666868825754,-0.311
13.600000202655792,-0.377
13.633333536485832,-0.447
13.66666687031587,-0.32
13.700000204145908,-0.254
13.733333537975948,-0.127
13.766666871805986,-0.194
13.800000205636024,-0.233
13.833333539466064,-0.375
13.866666873296102,-0.471
13.90000020712614,-0.435
13.93333354095618,-0.407
13.96666687478622,-0.326
14.000000208616257,-0.259
14.033333542446297,-0.234
14.066666876276336,-0.164
14.100000210106373,-0.171
14.133333543936413,-0.187
14.16666687776645,-0.214
14.200000211596487,-0.267
14.233333545426529,-0.362
14.266666879256569,-0.498
14.300000213086603,-0.497
14.333333546916643,-0.402
14.366666880746685,-0.237
14.40000021457672,-0.329
14.43333354840676,-0.397
14.4666668822368,-0.419
14.500000216066836,-0.424
14.533333549896875,-0.464
14.566666883726915,-0.297
14.600000217556952,-0.349
14.633333551386992,-0.463
14.666666885217031,-0.502
14.70000021904707,-0.59
14.73333355287711,-0.501
14.766666886707148,-0.242
14.800000220537186,-0.178
14.833333554367226,-0.364
14.866666888197264,-0.472
14.900000222027302,-0.224
14.933333555857342,-0.235
14.96666688968738,-0.335
15.000000223517418,-0.361
15.033333557347458,-0.364
15.066666891177496,-0.414
15.100000225007534,-0.376
15.133333558837574,-0.311
15.166666892667612,-0.321
15.20000022649765,-0.221
15.23333356032769,-0.068
15.266666894157728,-0.203
15.300000227987766,-0.32
15.333333561817806,-0.374
15.366666895647844,-0.357
15.400000229477882,-0.226
15.433333563307922,-0.233
15.46666689713796,-0.339
15.500000230968,-0.465
15.533333564798038,-0.349
15.566666898628077,-0.206
15.600000232458116,-0.147
15.633333566288156,-0.18
15.666666900118193,-0.096
15.70000023394823,-0.218
15.73333356777827,-0.117
15.766666901608309,-0.291
15.800000235438349,-0.302
15.833333569268389,-0.269
15.866666903098425,-0.322
15.900000236928465,-0.305
15.933333570758505,-0.144
15.96666690458854,-0.141
16.00000023841858,-0.204
16.03333357224862,-0.266
16.066666906078655,-0.356
16.100000239908695,-0.324
16.133333573738735,-0.161
16.16666690756877,-0.174
16.20000024139881,-0.261
16.23333357522885,-0.349
16.266666909058888,-0.236
16.300000242888927,-0.136
16.333333576718967,-0.191
16.366666910549004,-0.289
16.400000244379044,-0.286
16.433333578209083,-0.203
16.46666691203912,-0.21
16.50000024586916,-0.158
16.5333335796992,-0.163
16.566666913529236,-0.233
16.600000247359276,-0.276
16.633333581189316,-0.194
16.666666915019352,-0.258
16.700000248849392,-0.261
16.733333582679432,-0.328
16.766666916509468,-0.309
16.800000250339508,-0.325
16.833333584169548,-0.307
16.866666917999584,-0.267
16.900000251829624,-0.367
16.933333585659664,-0.382
16.9666669194897,-0.482
17.00000025331974,-0.367
17.03333358714978,-0.255
17.066666920979817,-0.198
17.100000254809856,-0.363
17.133333588639896,-0.336
17.166666922469933,-0.26
17.200000256299973,-0.339
17.233333590130012,-0.524
17.26666692396005,-0.599
17.30000025779009,-0.47
17.33333359162013,-0.368
17.366666925450165,-0.465
17.400000259280205,-0.454
17.433333593110245,-0.355
17.46666692694028,-0.312
17.50000026077032,-0.352
17.53333359460036,-0.264
17.566666928430397,-0.308
17.600000262260437,-0.27
17.633333596090477,-0.434
17.666666929920513,-0.396
17.700000263750553,-0.318
17.733333597580593,-0.227
17.76666693141063,-0.054
17.80000026524067,0.064
17.83333359907071,-0.041
17.866666932900745,-0.306
17.900000266730785,-0.423
17.933333600560825,-0.501
17.96666693439086,-0.363
18.0000002682209,-0.416
18.03333360205094,-0.304
18.066666935880978,-0.116
18.100000269711018,-0.281
18.133333603541057,-0.287
18.16666693737109,-0.308
18.200000271201134,-0.269
18.233333605031174,-0.432
18.266666938861214,-0.346
18.30000027269125,-0.15
18.33333360652129,-0.092
18.36666694035133,-0.208
18.40000027418137,-0.392
18.43333360801141,-0.425
18.46666694184145,-0.204
18.50000027567148,-0.239
18.53333360950152,-0.39
18.56666694333156,-0.514
18.6000002771616,-0.502
18.63333361099164,-0.45
18.66666694482168,-0.367
18.700000278651714,-0.326
18.733333612481758,-0.318
18.766666946311798,-0.192
18.80000028014183,-0.275
18.83333361397187,-0.309
18.86666694780191,-0.327
18.900000281631947,-0.207
18.933333615461983,-0.247
18.966666949292023,-0.376
19.000000283122063,-0.323
19.033333616952103,-0.188
19.066666950782142,-0.166
19.10000028461218,-0.314
19.13333361844222,-0.524
19.16666695227226,-0.483
19.20000028610229,-0.255
19.23333361993233,-0.066
19.26666695376237,0.02
19.30000028759241,-0.006
19.33333362142245,-0.158
19.36666695525249,-0.215
19.400000289082527,-0.133
19.433333622912567,-0.256
19.466666956742607,-0.383
19.500000290572643,-0.341
19.533333624402683,-0.249
19.566666958232723,-0.279
19.60000029206276,-0.299
19.6333336258928,-0.299
19.66666695972284,-0.326
19.70000029355288,-0.319
19.733333627382915,-0.223
19.766666961212955,-0.462
19.80000029504299,-0.432
19.83333362887303,-0.424
19.86666696270307,-0.33
19.900000296533108,-0.289
19.933333630363148,-0.412
19.966666964193188,-0.436
20.000000298023224,-0.438
20.033333631853264,-0.531
20.066666965683304,-0.49
20.10000029951334,-0.352
20.13333363334338,-0.256
20.16666696717342,-0.3
20.200000301003456,-0.237
20.233333634833496,-0.336
20.266666968663536,-0.421
20.30000030249357,-0.42
20.33333363632361,-0.433
20.36666697015365,-0.374
20.40000030398369,-0.418
20.43333363781373,-0.51
20.466666971643768,-0.666
20.500000305473804,-0.588
20.533333639303844,-0.547
20.566666973133884,-0.542
20.60000030696392,-0.524
20.63333364079396,-0.344
20.666666974624,-0.279
20.70000030845404,-0.344
20.73333364228408,-0.551
20.76666697611412,-0.64
20.800000309944156,-0.628
20.833333643774196,-0.501
20.866666977604236,-0.421
20.90000031143427,-0.295
20.93333364526431,-0.341
20.96666697909435,-0.319
21.000000312924385,-0.386
21.033333646754425,-0.416
21.066666980584465,-0.396
21.1000003144145,-0.486
21.13333364824454,-0.558
21.16666698207458,-0.547
21.200000315904617,-0.44
21.233333649734657,-0.411
21.266666983564697,-0.366
21.300000317394733,-0.571
21.333333651224773,-0.592
21.366666985054813,-0.516
21.40000031888485,-0.419
21.43333365271489,-0.353
21.46666698654493,-0.364
21.50000032037497,-0.393
21.53333365420501,-0.464
21.566666988035045,-0.534
21.60000032186508,-0.507
21.63333365569512,-0.441
21.66666698952516,-0.245
21.7000003233552,-0.195
21.73333365718524,-0.279
21.76666699101528,-0.448
21.800000324845318,-0.614
21.833333658675357,-0.637
21.866666992505397,-0.591
21.90000032633543,-0.527
21.93333366016547,-0.322
21.96666699399551,-0.38
22.000000327825543,-0.388
22.033333661655583,-0.419
22.066666995485622,-0.434
22.100000329315662,-0.426
22.133333663145702,-0.362
22.166666996975746,-0.344
22.20000033080578,-0.494
22.23333366463582,-0.478
22.26666699846586,-0.408
22.30000033229589,-0.319
22.33333366612593,-0.341
22.36666699995597,-0.326
22.40000033378601,-0.337
22.43333366761605,-0.266
22.46666700144609,-0.321
22.500000335276127,-0.254
22.533333669106167,-0.19
22.566667002936207,-0.242
22.600000336766243,-0.319
22.633333670596283,-0.263
22.666667004426323,-0.148
22.70000033825636,-0.191
22.7333336720864,-0.323
22.76666700591644,-0.492
22.800000339746475,-0.509
22.833333673576515,-0.466
22.866667007406555,-0.512
22.90000034123659,-0.503
22.93333367506663,-0.391
22.96666700889667,-0.306
23.000000342726707,-0.354
23.033333676556747,-0.243
23.066667010386787,-0.402
23.100000344216824,-0.459
23.133333678046863,-0.417
23.166667011876903,-0.392
23.20000034570694,-0.565
23.23333367953698,-0.655
23.26666701336702,-0.677
23.300000347197056,-0.465
23.333333681027096,-0.481
23.366667014857136,-0.424
23.40000034868717,-0.562
23.43333368251721,-0.615
23.46666701634725,-0.695
23.500000350177288,-0.49
23.533333684007328,-0.413
23.566667017837368,-0.398
23.600000351667404,-0.525
23.633333685497444,-0.478
23.666667019327484,-0.522
23.70000035315752,-0.45
23.73333368698756,-0.431
23.7666670208176,-0.322
23.80000035464764,-0.299
23.83333368847768,-0.248
23.86666702230772,-0.302
23.900000356137756,-0.423
23.933333689967792,-0.542
23.966667023797832,-0.632
24.00000035762787,-0.638
24.03333369145791,-0.658
24.06666702528795,-0.502
24.100000359117985,-0.562
24.133333692948025,-0.442
24.166667026778065,-0.316
24.2000003606081,-0.321
24.23333369443814,-0.403
24.26666702826818,-0.526
24.300000362098217,-0.569
24.333333695928257,-0.488
24.366667029758297,-0.239
24.400000363588333,-0.221
24.433333697418373,-0.323
24.466667031248413,-0.475
24.50000036507845,-0.524
24.53333369890849,-0.354
24.56666703273853,-0.257
24.600000366568565,-0.39
24.633333700398605,-0.443
24.666667034228645,-0.471
24.70000036805868,-0.384
24.73333370188872,-0.3
24.76666703571876,-0.356
24.8000003695488,-0.411
24.83333370337884,-0.33
24.86666703720888,-0.316
24.900000371038917,-0.38
24.933333704868957,-0.426
24.966667038698997,-0.444
25.00000037252903,-0.356
25.03333370635907,-0.219
25.06666704018911,-0.4
25.100000374019142,-0.475
25.133333707849182,-0.36
25.166667041679226,-0.252
25.200000375509266,-0.354
25.233333709339306,-0.499
25.266667043169345,-0.54
25.300000376999375,-0.508
25.333333710829415,-0.584
25.366667044659454,-0.616
25.40000037848949,-0.536
25.43333371231953,-0.495
25.46666704614957,-0.552
25.50000037997961,-0.433
25.53333371380965,-0.334
25.56666704763969,-0.379
25.600000381469727,-0.374
25.633333715299766,-0.32
25.666667049129806,-0.5
25.700000382959843,-0.435
25.733333716789883,-0.38
25.76666705061992,-0.37
25.80000038444996,-0.292
25.83333371828,-0.326
25.86666705211004,-0.281
25.900000385940075,-0.343
25.933333719770115,-0.301
25.966667053600155,-0.33
26.00000038743019,-0.312
26.03333372126023,-0.31
26.06666705509027,-0.259
26.100000388920307,-0.305
26.133333722750347,-0.457
26.166667056580387,-0.463
26.200000390410423,-0.451
26.233333724240463,-0.331
26.266667058070503,-0.353
26.30000039190054,-0.391
26.33333372573058,-0.423
26.36666705956062,-0.381
26.400000393390656,-0.414
26.433333727220692,-0.299
26.46666706105073,-0.25
26.50000039488077,-0.205
26.53333372871081,-0.251
26.56666706254085,-0.278
26.600000396370888,-0.293
26.633333730200928,-0.274
26.666667064030968,-0.191
26.700000397861004,-0.399
26.733333731691044,-0.454
26.766667065521084,-0.346
26.80000039935112,-0.337
26.83333373318116,-0.345
26.8666670670112,-0.397
26.90000040084124,-0.368
26.93333373467128,-0.335
