time_min,absorb_mau
0.0,-0.227
0.0100000001490116,-0.229
0.0200000002980232,-0.239
0.0300000004470348,-0.248
0.0400000005960464,-0.256
0.050000000745058,-0.247
0.0600000008940696,-0.241
0.0700000010430812,-0.243
0.0800000011920929,-0.25
0.0900000013411045,-0.258
0.1000000014901161,-0.272
0.1100000016391277,-0.282
0.1200000017881393,-0.287
0.1300000019371509,-0.284
0.1400000020861625,-0.276
0.1500000022351741,-0.287
0.1600000023841858,-0.295
0.1700000025331974,-0.296
0.180000002682209,-0.294
0.1900000028312206,-0.289
0.2000000029802322,-0.281
0.2100000031292438,-0.275
0.2200000032782554,-0.278
0.2300000034272671,-0.28
0.2400000035762786,-0.279
0.2500000037252903,-0.273
0.2600000038743019,-0.269
0.2700000040233135,-0.271
0.2800000041723251,-0.277
0.2900000043213367,-0.287
0.3000000044703483,-0.288
0.31000000461936,-0.288
0.3200000047683716,-0.279
0.3300000049173832,-0.272
0.3400000050663948,-0.271
0.3500000052154064,-0.265
0.360000005364418,-0.258
0.3700000055134296,-0.246
0.3800000056624412,-0.238
0.3900000058114529,-0.238
0.4000000059604645,-0.241
0.4100000061094761,-0.244
0.4200000062584877,-0.24
0.4300000064074993,-0.235
0.4400000065565109,-0.227
0.4500000067055225,-0.216
0.4600000068545342,-0.204
0.4700000070035457,-0.155
0.4800000071525573,-0.063
0.490000007301569,0.121
0.5000000074505806,0.483
0.5100000075995922,0.988
0.5200000077486039,2.138
0.5300000078976155,3.661
0.5400000080466271,6.032
0.5500000081956387,10.103
0.5600000083446502,15.181
0.570000008493662,23.376
0.5800000086426735,32.278
0.5900000087916851,44.708
0.6000000089406967,57.981
0.6100000090897083,73.655
0.62000000923872,91.145
0.6300000093877316,109.28
0.6400000095367432,127.616
0.6500000096857548,145.896
0.6600000098347664,163.256
0.6700000099837781,179.73
0.6800000101327897,195.621
0.6900000102818012,209.195
0.7000000104308128,222.164
0.7100000105798244,233.32
0.7200000107288361,243.286
0.7300000108778477,252.407
0.7400000110268593,259.733
0.7500000111758709,267.131
0.7600000113248825,273.131
0.7700000114738942,278.421
0.7800000116229058,282.954
0.7900000117719174,286.698
0.800000011920929,289.862
0.8100000120699405,292.056
0.8200000122189522,293.431
0.8300000123679638,294.267
0.8400000125169754,293.775
0.850000012665987,292.807
0.8600000128149986,290.879
0.8700000129640103,288.03
0.8800000131130219,284.724
0.8900000132620335,280.283
0.9000000134110451,275.632
0.9100000135600568,269.792
0.9200000137090684,263.731
0.93000001385808,256.888
0.9400000140070917,249.575
0.9500000141561032,242.071
0.9600000143051148,234.568
0.9700000144541264,226.199
0.980000014603138,218.05
0.9900000147521496,209.669
1.0000000149011612,201.558
1.010000015050173,193.208
1.0200000151991844,185.262
1.030000015348196,177.04
1.0400000154972078,169.0
1.0500000156462193,161.049
1.060000015795231,153.739
1.0700000159442424,145.929
1.080000016093254,138.775
1.0900000162422658,131.669
1.100000016391277,125.041
1.110000016540289,118.481
1.1200000166893005,112.21
1.1300000168383122,106.296
1.140000016987324,100.429
1.1500000171363354,94.818
1.160000017285347,89.478
1.1700000174343586,84.289
1.1800000175833705,79.735
1.190000017732382,74.882
1.2000000178813934,70.358
1.2100000180304051,66.224
1.2200000181794166,62.249
1.2300000183284283,58.733
1.24000001847744,55.406
1.2500000186264515,52.089
1.2600000187754632,49.052
1.270000018924475,46.111
1.2800000190734864,43.567
1.290000019222498,40.921
1.3000000193715096,38.574
1.3100000195205213,36.398
1.3200000196695327,34.311
1.3300000198185444,32.46
1.340000019967556,30.648
1.3500000201165676,28.991
1.360000020265579,27.436
1.3700000204145908,25.937
1.3800000205636025,24.585
1.3900000207126142,23.283
1.4000000208616257,22.136
1.4100000210106374,21.004
1.4200000211596489,19.913
1.4300000213086606,18.879
1.4400000214576725,17.868
1.4500000216066835,16.937
1.4600000217556954,16.078
1.470000021904707,15.288
1.4800000220537186,14.494
1.4900000222027303,13.726
1.5000000223517418,13.061
1.5100000225007535,12.419
1.520000022649765,11.825
1.530000022798777,11.272
1.5400000229477884,10.731
1.5500000230968,10.224
1.5600000232458116,9.723
1.570000023394823,9.25
1.5800000235438347,8.812
1.5900000236928464,8.393
1.600000023841858,8.038
1.6100000239908696,7.677
1.620000024139881,7.325
1.6300000242888928,6.987
1.6400000244379045,6.657
1.650000024586916,6.362
1.6600000247359277,6.07
1.6700000248849391,5.793
1.6800000250339509,5.534
1.6900000251829626,5.286
1.700000025331974,5.076
1.7100000254809855,4.867
1.7200000256299972,4.672
1.730000025779009,4.48
1.7400000259280206,4.297
1.750000026077032,4.133
1.7600000262260438,3.974
1.7700000263750553,3.829
1.780000026524067,3.688
1.790000026673079,3.554
1.80000002682209,3.415
1.8100000269711016,3.282
1.820000027120113,3.169
1.830000027269125,3.067
1.8400000274181367,2.973
1.850000027567148,2.872
1.86000002771616,2.776
1.8700000278651716,2.688
1.880000028014183,2.609
1.8900000281631948,2.544
1.9000000283122065,2.474
1.910000028461218,2.407
1.9200000286102292,2.336
1.9300000287592407,2.262
1.9400000289082528,2.187
1.9500000290572643,2.121
1.960000029206276,2.057
1.9700000293552875,1.988
1.9800000295042992,1.916
1.990000029653311,1.845
2.0000000298023224,1.787
2.010000029951334,1.731
2.020000030100346,1.693
2.030000030249357,1.655
2.0400000303983687,1.621
2.0500000305473804,1.593
2.060000030696392,1.567
2.070000030845404,1.574
2.0800000309944155,1.571
2.090000031143427,1.558
2.1000000312924385,1.534
2.11000003144145,1.506
2.120000031590462,1.476
2.1300000317394736,1.447
2.140000031888485,1.421
2.150000032037497,1.386
2.1600000321865083,1.346
2.17000003233552,1.3
2.180000032484532,1.257
2.190000032633543,1.226
2.200000032782554,1.19
2.2100000329315663,1.151
2.220000033080578,1.124
2.2300000332295897,1.096
2.240000033378601,1.067
2.2500000335276127,1.032
2.2600000336766244,0.995
2.270000033825636,0.974
2.280000033974648,0.954
2.290000034123659,0.944
2.3000000342726707,0.927
2.3100000344216824,0.904
2.320000034570694,0.884
2.330000034719706,0.867
2.340000034868717,0.866
2.350000035017729,0.867
2.3600000351667405,0.864
2.370000035315752,0.864
2.380000035464764,0.864
2.390000035613775,0.842
2.400000035762787,0.828
2.4100000359117986,0.826
2.4200000360608103,0.823
2.430000036209822,0.823
2.440000036358833,0.81
2.450000036507845,0.798
2.4600000366568566,0.785
2.4700000368058683,0.777
2.48000003695488,0.774
2.4900000371038917,0.746
2.500000037252903,0.723
2.5100000374019147,0.715
2.5200000375509264,0.711
2.530000037699938,0.708
2.5400000378489493,0.672
2.550000037997961,0.646
2.5600000381469727,0.649
2.5700000382959844,0.652
2.580000038444996,0.657
2.5900000385940074,0.649
2.600000038743019,0.641
2.610000038892031,0.636
2.6200000390410425,0.646
2.630000039190054,0.673
2.640000039339065,0.67
2.650000039488077,0.66
2.660000039637089,0.657
2.670000039786101,0.656
2.6800000399351123,0.656
2.6900000400841235,0.645
2.7000000402331352,0.626
2.710000040382147,0.608
2.720000040531158,0.589
2.7300000406801703,0.575
2.7400000408291816,0.569
2.7500000409781933,0.564
2.760000041127205,0.549
2.7700000412762167,0.537
2.7800000414252284,0.533
2.79000004157424,0.544
2.800000041723252,0.56
2.810000041872263,0.572
2.8200000420212747,0.586
2.8300000421702864,0.601
2.8400000423192977,0.609
2.8500000424683094,0.616
2.860000042617321,0.645
2.870000042766333,0.669
2.8800000429153445,0.677
2.890000043064356,0.68
2.9000000432133675,0.681
2.910000043362379,0.691
2.920000043511391,0.698
2.9300000436604026,0.711
2.940000043809414,0.7
2.950000043958425,0.667
2.960000044107437,0.653
2.970000044256449,0.641
2.9800000444054606,0.636
2.990000044554472,0.622
3.000000044703484,0.596
3.0100000448524957,0.582
3.020000045001507,0.573
3.0300000451505187,0.58
3.04000004529953,0.586
3.0500000454485416,0.588
3.0600000455975533,0.599
3.070000045746565,0.611
3.0800000458955767,0.601
3.090000046044588,0.598
3.1000000461936,0.606
3.1100000463426114,0.604
3.120000046491623,0.599
3.130000046640635,0.595
3.140000046789646,0.589
3.1500000469386578,0.58
3.160000047087669,0.572
3.170000047236681,0.568
3.180000047385693,0.558
3.190000047534704,0.551
3.200000047683716,0.56
3.2100000478327275,0.563
3.220000047981739,0.561
3.230000048130751,0.54
3.240000048279762,0.525
3.250000048428774,0.532
3.2600000485777856,0.535
3.2700000487267973,0.532
3.280000048875809,0.512
3.29000004902482,0.495
3.300000049173832,0.491
3.310000049322844,0.49
3.320000049471856,0.495
3.330000049620867,0.492
3.3400000497698783,0.489
3.35000004991889,0.494
3.3600000500679017,0.499
3.3700000502169134,0.507
3.380000050365925,0.499
3.3900000505149364,0.484
3.400000050663948,0.48
3.41000005081296,0.472
3.4200000509619715,0.462
3.430000051110983,0.439
3.4400000512599944,0.412
3.450000051409006,0.398
3.460000051558018,0.38
3.470000051707029,0.361
3.480000051856041,0.344
3.4900000520050525,0.328
3.500000052154064,0.323
3.510000052303076,0.317
3.520000052452088,0.312
3.5300000526010997,0.313
3.5400000527501105,0.316
3.5500000528991222,0.327
3.560000053048134,0.332
3.5700000531971456,0.328
3.5800000533461573,0.325
3.5900000534951686,0.322
3.6000000536441803,0.329
3.610000053793192,0.334
3.620000053942204,0.321
3.630000054091216,0.304
3.640000054240226,0.284
3.6500000543892384,0.267
3.66000005453825,0.253
3.6700000546872618,0.243
3.6800000548362735,0.229
3.6900000549852847,0.212
3.700000055134296,0.202
3.710000055283308,0.197
3.72000005543232,0.192
3.730000055581332,0.192
3.740000055730343,0.2
3.7500000558793545,0.203
3.760000056028366,0.201
3.770000056177378,0.192
3.7800000563263896,0.187
3.790000056475401,0.189
3.800000056624413,0.191
3.810000056773424,0.194
3.820000056922436,0.202
3.830000057071448,0.21
3.840000057220459,0.217
3.850000057369471,0.23
3.8600000575184814,0.248
3.870000057667494,0.247
3.8800000578165057,0.243
3.890000057965517,0.235
3.9000000581145287,0.225
3.910000058263541,0.213
3.920000058412552,0.196
3.930000058561564,0.183
3.940000058710575,0.18
3.9500000588595863,0.184
3.9600000590085984,0.197
3.97000005915761,0.205
3.980000059306622,0.215
3.990000059455633,0.225
4.000000059604645,0.236
4.010000059753657,0.249
4.020000059902668,0.263
4.030000060051679,0.273
4.040000060200692,0.259
4.050000060349703,0.25
4.060000060498715,0.249
4.070000060647726,0.255
4.0800000607967375,0.262
4.09000006094575,0.276
4.100000061094761,0.283
4.110000061243773,0.276
4.120000061392784,0.275
4.130000061541796,0.279
4.140000061690808,0.277
4.150000061839819,0.27
4.160000061988831,0.251
4.170000062137842,0.228
4.180000062286854,0.204
4.190000062435866,0.198
4.200000062584877,0.195
4.210000062733889,0.198
4.2200000628829,0.197
4.230000063031912,0.193
4.240000063180924,0.208
4.250000063329935,0.221
4.260000063478947,0.232
4.270000063627959,0.24
4.28000006377697,0.244
4.290000063925982,0.245
4.300000064074993,0.248
4.310000064224005,0.265
4.3200000643730165,0.277
4.330000064522028,0.282
4.34000006467104,0.295
4.350000064820051,0.309
4.360000064969063,0.302
4.370000065118075,0.302
4.380000065267086,0.309
4.390000065416098,0.302
4.400000065565109,0.291
4.410000065714121,0.288
4.420000065863133,0.284
4.430000066012144,0.28
4.440000066161156,0.291
4.450000066310167,0.306
4.46000006645918,0.306
4.470000066608191,0.308
4.480000066757202,0.318
4.490000066906214,0.323
4.500000067055225,0.325
4.5100000672042375,0.323
4.520000067353249,0.317
4.53000006750226,0.302
4.540000067651272,0.296
4.550000067800283,0.296
4.560000067949296,0.293
4.570000068098307,0.289
4.580000068247318,0.283
4.59000006839633,0.27
4.6000000685453415,0.252
4.610000068694354,0.24
4.620000068843365,0.233
4.630000068992376,0.235
4.640000069141388,0.245
4.6500000692904,0.258
4.660000069439412,0.252
4.670000069588423,0.249
4.680000069737434,0.275
4.690000069886446,0.293
4.700000070035458,0.304
4.71000007018447,0.3
4.720000070333481,0.293
4.730000070482492,0.291
4.740000070631504,0.292
4.750000070780516,0.299
4.760000070929528,0.297
4.770000071078539,0.288
4.78000007122755,0.281
4.7900000713765625,0.282
4.800000071525574,0.292
4.810000071674586,0.287
4.820000071823597,0.274
4.830000071972608,0.281
4.8400000721216205,0.287
4.850000072270632,0.29
4.860000072419644,0.307
4.870000072568655,0.331
4.880000072717666,0.333
4.890000072866679,0.334
4.90000007301569,0.341
4.910000073164702,0.346
4.920000073313713,0.348
4.9300000734627245,0.344
4.940000073611737,0.34
4.950000073760748,0.329
4.96000007390976,0.319
4.970000074058771,0.311
4.980000074207783,0.295
4.990000074356795,0.281
5.000000074505806,0.275
5.010000074654818,0.261
5.020000074803829,0.242
5.030000074952841,0.233
5.040000075101853,0.224
5.050000075250864,0.218
5.060000075399876,0.219
5.070000075548887,0.228
5.080000075697899,0.229
5.090000075846911,0.227
5.100000075995922,0.242
5.110000076144934,0.254
5.1200000762939455,0.258
5.130000076442957,0.272
5.140000076591969,0.291
5.15000007674098,0.297
5.160000076889992,0.303
5.170000077039004,0.309
5.180000077188015,0.313
5.190000077337027,0.317
5.200000077486038,0.311
5.21000007763505,0.306
5.220000077784062,0.294
5.230000077933073,0.289
5.240000078082085,0.289
5.250000078231096,0.285
5.260000078380108,0.283
5.27000007852912,0.289
5.280000078678131,0.288
5.290000078827143,0.283
5.300000078976154,0.276
5.310000079125167,0.269
5.320000079274178,0.254
5.330000079423189,0.245
5.340000079572201,0.24
5.350000079721212,0.237
5.3600000798702245,0.23
5.370000080019236,0.221
5.380000080168247,0.219
5.390000080317259,0.226
5.4000000804662704,0.234
5.410000080615283,0.241
5.420000080764294,0.249
5.430000080913305,0.246
5.440000081062317,0.229
5.4500000812113285,0.231
5.460000081360341,0.243
5.470000081509352,0.241
5.480000081658363,0.238
5.490000081807375,0.233
5.500000081956387,0.226
5.510000082105399,0.217
5.52000008225441,0.21
5.530000082403421,0.209
5.540000082552433,0.212
5.550000082701445,0.21
5.560000082850457,0.205
5.570000082999468,0.22
5.580000083148479,0.231
5.590000083297491,0.233
5.600000083446503,0.24
5.610000083595515,0.252
5.620000083744526,0.242
5.630000083893537,0.232
5.6400000840425495,0.232
5.650000084191561,0.223
5.660000084340573,0.204
5.670000084489584,0.194
5.680000084638595,0.188
5.690000084787608,0.18
5.700000084936619,0.173
5.710000085085631,0.169
5.720000085234642,0.164
5.7300000853836535,0.16
5.740000085532666,0.162
5.750000085681677,0.165
5.760000085830689,0.168
5.7700000859797,0.177
5.780000086128712,0.189
5.790000086277724,0.208
5.800000086426735,0.219
5.810000086575747,0.216
5.820000086724758,0.218
5.83000008687377,0.218
5.840000087022782,0.201
5.850000087171793,0.184
5.860000087320805,0.164
5.870000087469816,0.15
5.880000087618828,0.138
5.89000008776784,0.15
5.900000087916851,0.159
5.910000088065863,0.151
5.920000088214874,0.154
5.930000088363886,0.167
5.940000088512898,0.182
5.950000088661909,0.192
5.960000088810921,0.19
5.9700000889599325,0.186
5.980000089108944,0.178
5.990000089257956,0.194
6.000000089406967,0.212
6.010000089555979,0.219
6.020000089704991,0.219
6.030000089854002,0.211
6.040000090003014,0.204
6.050000090152025,0.201
6.060000090301037,0.201
6.070000090450049,0.199
6.08000009059906,0.192
6.090000090748072,0.186
6.100000090897083,0.184
6.110000091046095,0.193
6.120000091195107,0.213
6.130000091344118,0.246
6.14000009149313,0.264
6.150000091642141,0.277
6.1600000917911535,0.284
6.170000091940165,0.296
6.180000092089176,0.317
6.190000092238188,0.341
6.200000092387199,0.364
6.210000092536212,0.371
6.220000092685223,0.376
6.230000092834234,0.382
6.240000092983246,0.394
6.2500000931322575,0.409
6.26000009328127,0.422
6.270000093430281,0.428
6.280000093579292,0.418
6.290000093728304,0.417
6.300000093877316,0.423
6.310000094026328,0.443
6.320000094175339,0.46
6.33000009432435,0.449
6.340000094473362,0.437
6.350000094622374,0.423
6.360000094771386,0.434
6.370000094920397,0.447
6.380000095069408,0.43
6.39000009521842,0.414
6.400000095367432,0.397
6.410000095516444,0.388
6.420000095665455,0.383
6.430000095814466,0.361
6.440000095963478,0.342
6.45000009611249,0.319
6.460000096261502,0.313
6.470000096410513,0.317
6.480000096559524,0.312
6.4900000967085365,0.307
6.500000096857548,0.302
6.51000009700656,0.302
6.520000097155571,0.307
6.530000097304582,0.303
6.540000097453595,0.294
6.550000097602606,0.273
6.560000097751618,0.263
6.570000097900629,0.257
6.5800000980496405,0.261
6.590000098198653,0.267
6.600000098347664,0.272
6.610000098496676,0.278
6.620000098645687,0.282
6.6300000987946985,0.299
6.640000098943711,0.311
6.650000099092722,0.298
6.660000099241734,0.295
6.670000099390745,0.3
6.680000099539757,0.299
6.690000099688769,0.298
6.70000009983778,0.295
6.710000099986792,0.295
6.720000100135803,0.299
6.730000100284815,0.304
6.740000100433827,0.311
6.750000100582838,0.313
6.76000010073185,0.311
6.7700001008808615,0.306
6.780000101029873,0.318
6.790000101178885,0.333
6.800000101327896,0.321
6.810000101476908,0.32
6.82000010162592,0.335
6.830000101774931,0.344
6.840000101923943,0.348
6.850000102072954,0.366
6.860000102221966,0.379
6.870000102370978,0.377
6.880000102519989,0.382
6.890000102669001,0.395
6.900000102818012,0.372
6.910000102967024,0.353
6.920000103116036,0.35
6.930000103265047,0.34
6.940000103414059,0.327
6.95000010356307,0.3
6.960000103712082,0.279
6.970000103861094,0.271
6.980000104010105,0.269
6.990000104159117,0.273
7.000000104308128,0.268
7.0100001044571405,0.26
7.020000104606152,0.263
7.030000104755163,0.27
7.040000104904175,0.286
7.050000105053186,0.297
7.060000105202199,0.302
7.07000010535121,0.318
7.080000105500221,0.329
7.090000105649233,0.334
7.1000001057982445,0.338
7.110000105947257,0.341
7.120000106096268,0.339
7.130000106245279,0.337
7.140000106394291,0.333
7.150000106543303,0.322
7.160000106692315,0.309
7.170000106841326,0.301
7.180000106990337,0.291
7.190000107139349,0.278
7.200000107288361,0.28
7.210000107437373,0.29
7.220000107586384,0.296
7.230000107735395,0.3
7.240000107884407,0.307
7.250000108033419,0.298
7.260000108182431,0.28
7.270000108331442,0.281
7.280000108480453,0.276
7.2900001086294655,0.246
7.300000108778477,0.226
7.310000108927489,0.212
7.3200001090765,0.207
7.330000109225511,0.203
7.3400001093745235,0.216
7.350000109523535,0.221
7.360000109672547,0.214
7.370000109821558,0.223
7.380000109970569,0.232
7.390000110119582,0.222
7.400000110268593,0.219
7.410000110417605,0.222
7.420000110566616,0.228
7.4300001107156275,0.236
7.44000011086464,0.239
7.450000111013651,0.25
7.460000111162663,0.271
7.470000111311674,0.29
7.480000111460685,0.309
7.490000111609698,0.328
7.500000111758709,0.34
7.510000111907721,0.343
7.520000112056732,0.342
7.530000112205744,0.342
7.540000112354756,0.336
7.550000112503767,0.326
7.560000112652779,0.307
7.57000011280179,0.281
7.580000112950802,0.251
7.590000113099814,0.253
7.600000113248825,0.262
7.610000113397837,0.281
7.620000113546848,0.292
7.63000011369586,0.297
7.640000113844872,0.305
7.650000113993883,0.322
7.660000114142895,0.351
7.670000114291906,0.372
7.680000114440918,0.38
7.69000011458993,0.381
7.700000114738941,0.379
7.710000114887953,0.373
7.720000115036965,0.369
7.730000115185976,0.371
7.740000115334988,0.36
7.750000115483999,0.345
7.760000115633011,0.342
7.770000115782023,0.338
7.780000115931034,0.337
7.790000116080046,0.327
7.800000116229057,0.319
7.810000116378069,0.324
7.820000116527081,0.334
7.830000116676092,0.348
7.840000116825104,0.357
7.850000116974115,0.365
7.860000117123127,0.382
7.870000117272139,0.402
7.88000011742115,0.43
7.890000117570162,0.452
7.900000117719173,0.47
7.910000117868186,0.479
7.920000118017197,0.482
7.930000118166208,0.479
7.94000011831522,0.476
7.950000118464231,0.473
7.960000118613244,0.47
7.970000118762255,0.471
7.980000118911266,0.475
7.990000119060278,0.475
8.00000011920929,0.472
8.0100001193583,0.461
8.020000119507314,0.452
8.030000119656325,0.445
8.040000119805336,0.435
8.050000119954348,0.421
8.060000120103359,0.403
8.070000120252372,0.381
8.080000120401383,0.363
8.090000120550394,0.356
8.100000120699406,0.368
8.110000120848417,0.366
8.12000012099743,0.355
8.130000121146441,0.344
8.140000121295452,0.338
8.150000121444464,0.338
8.160000121593475,0.347
8.170000121742488,0.361
8.1800001218915,0.36
8.19000012204051,0.361
8.200000122189522,0.366
8.210000122338533,0.381
8.220000122487546,0.403
8.230000122636557,0.42
