time_min,absorb_mau
0.0,0.0
0.0133333335320154,-0.002
0.0266666670640309,-0.004
0.0400000005960464,-0.077
0.0533333341280619,-0.174
0.0666666676600774,-0.236
0.0800000011920929,-0.237
0.0933333347241083,-0.277
0.1066666682561238,-0.322
0.1200000017881393,-0.333
0.1333333353201548,-0.264
0.1466666688521703,-0.248
0.1600000023841858,-0.306
0.1733333359162013,-0.307
0.1866666694482167,-0.262
0.2000000029802322,-0.256
0.2133333365122477,-0.222
0.2266666700442632,-0.268
0.2400000035762786,-0.282
0.2533333371082942,-0.259
0.2666666706403096,-0.296
0.2800000041723251,-0.351
0.2933333377043406,-0.43
0.3066666712363561,-0.472
0.3200000047683716,-0.454
0.3333333383003871,-0.491
0.3466666718324026,-0.539
0.360000005364418,-0.529
0.3733333388964335,-0.504
0.386666672428449,-0.511
0.4000000059604645,-0.567
0.4133333394924799,-0.598
0.4266666730244954,-0.666
0.4400000065565109,-0.737
0.4533333400885264,-0.787
0.4666666736205419,-0.838
0.4800000071525573,-0.811
0.4933333406845728,-0.786
0.5066666742165884,-0.761
0.5200000077486039,-0.686
0.5333333412806193,-0.661
0.5466666748126348,-0.529
0.5600000083446502,-0.218
0.5733333418766657,0.486
0.5866666754086812,1.946
0.6000000089406967,5.847
0.6133333424727122,13.476
0.6266666760047277,26.387
0.6400000095367432,45.513
0.6533333430687587,71.355
0.6666666766007742,107.474
0.6800000101327897,151.473
0.6933333436648051,199.125
0.7066666771968206,247.514
0.7200000107288361,294.776
0.7333333442608516,333.754
0.746666677792867,364.869
0.7600000113248825,385.539
0.773333344856898,394.181
0.7866666783889135,389.38
0.800000011920929,375.801
0.8133333454529444,356.005
0.8266666789849599,331.269
0.8400000125169754,305.395
0.8533333460489909,278.177
0.8666666795810064,253.303
0.8800000131130219,229.377
0.8933333466450374,206.931
0.9066666801770528,187.444
0.9200000137090684,170.349
0.933333347241084,154.991
0.9466666807730992,141.295
0.9600000143051148,129.043
0.9733333478371302,118.452
0.9866666813691456,109.353
1.0000000149011612,101.288
1.0133333484331768,94.054
1.0266666819651922,87.433
1.0400000154972078,81.42
1.0533333490292232,76.242
1.0666666825612383,71.293
1.080000016093254,66.584
1.0933333496252695,62.276
1.1066666831572851,58.684
1.1200000166893005,55.553
1.133333350221316,52.716
1.1466666837533317,50.106
1.160000017285347,47.743
1.1733333508173625,45.729
1.186666684349378,43.871
1.2000000178813934,42.091
1.213333351413409,40.343
1.2266666849454244,38.603
1.24000001847744,37.095
1.2533333520094554,35.72
1.266666685541471,34.348
1.2800000190734864,32.989
1.2933333526055018,31.826
1.3066666861375174,30.713
1.3200000196695327,29.74
1.3333333532015483,28.727
1.3466666867335635,27.663
1.360000020265579,26.802
1.3733333537975947,25.75
1.3866666873296103,24.856
1.4000000208616257,24.048
1.4133333543936413,23.202
1.4266666879256569,22.414
1.4400000214576725,21.589
1.4533333549896876,20.924
1.4666666885217032,20.353
1.4800000220537186,19.701
1.493333355585734,18.925
1.5066666891177496,18.334
1.520000022649765,17.823
1.5333333561817806,17.321
1.546666689713796,16.773
1.5600000232458116,16.205
1.573333356777827,15.746
1.5866666903098423,15.337
1.600000023841858,14.914
1.6133333573738735,14.46
1.626666690905889,14.024
1.6400000244379045,13.695
1.65333335796992,13.344
1.6666666915019357,12.941
1.6800000250339509,12.622
1.6933333585659665,12.349
1.7066666920979818,12.077
1.7200000256299972,11.818
1.7333333591620128,11.558
1.7466666926940282,11.333
1.7600000262260438,10.985
1.7733333597580592,10.638
1.7866666932900748,10.351
1.80000002682209,10.133
1.8133333603541055,9.841
1.826666693886121,9.631
1.8400000274181367,9.458
1.853333360950152,9.3
1.866666694482168,9.145
1.880000028014183,8.865
1.8933333615461987,8.624
1.906666695078214,8.404
1.9200000286102292,8.192
1.933333362142245,7.992
1.9466666956742604,7.801
1.960000029206276,7.608
1.9733333627382916,7.478
1.986666696270307,7.409
2.0000000298023224,7.349
2.013333363334338,7.249
2.0266666968663536,7.195
2.0400000303983687,7.159
2.0533333639303843,7.139
2.0666666974624,7.079
2.0800000309944155,6.968
2.0933333645264307,6.874
2.1066666980584463,6.747
2.120000031590462,6.561
2.133333365122477,6.518
2.1466666986544927,6.438
2.1600000321865083,6.315
2.173333365718524,6.188
2.186666699250539,6.087
2.200000032782554,6.04
2.2133333663145702,5.947
2.226666699846586,5.805
2.240000033378601,5.672
2.2533333669106166,5.65
2.266666700442632,5.665
2.280000033974648,5.711
2.293333367506663,5.698
2.3066667010386785,5.634
2.320000034570694,5.622
2.3333333681027097,5.606
2.346666701634725,5.518
2.3600000351667405,5.394
2.373333368698756,5.267
2.3866667022307717,5.224
2.400000035762787,5.154
2.4133333692948025,5.017
2.426666702826818,4.89
2.440000036358833,4.836
2.453333369890849,4.796
2.4666667034228644,4.834
2.48000003695488,4.851
2.493333370486895,4.838
2.506666704018911,4.828
2.5200000375509264,4.867
2.533333371082942,4.89
2.546666704614957,4.879
2.5600000381469727,4.81
2.5733333716789883,4.704
2.5866667052110035,4.774
2.600000038743019,4.737
2.6133333722750347,4.643
2.6266667058070503,4.552
2.640000039339065,4.505
2.653333372871081,4.545
2.6666667064030967,4.525
2.6800000399351123,4.5
2.6933333734671274,4.517
2.706666706999143,4.582
2.720000040531158,4.587
2.7333333740631742,4.61
2.7466667075951894,4.616
2.760000041127205,4.584
2.7733333746592206,4.509
2.786666708191236,4.446
2.800000041723252,4.451
2.813333375255267,4.442
2.8266667087872825,4.391
2.8400000423192977,4.501
2.8533333758513133,4.57
2.866666709383329,4.657
2.8800000429153445,4.668
2.89333337644736,4.498
2.9066667099793757,4.491
2.920000043511391,4.362
2.9333333770434065,4.23
2.9466667105754216,4.131
2.960000044107437,4.0
2.973333377639453,4.093
2.986666711171468,4.1
3.000000044703484,4.069
3.013333378235499,4.053
3.026666711767515,4.059
3.04000004529953,4.062
3.053333378831545,4.028
3.066666712363561,3.962
3.0800000458955767,3.894
3.093333379427592,3.853
3.1066667129596075,3.75
3.120000046491623,3.667
3.1333333800236387,3.569
3.146666713555654,3.449
3.160000047087669,3.499
3.173333380619685,3.502
3.1866667141517007,3.499
3.200000047683716,3.473
3.2133333812157314,3.387
3.226666714747747,3.387
3.240000048279762,3.285
3.253333381811778,3.193
3.2666667153437934,3.148
3.280000048875809,3.114
3.293333382407824,3.064
3.30666671593984,2.956
3.320000049471856,2.865
3.333333383003871,2.793
3.346666716535886,2.659
3.3600000500679017,2.598
3.3733333835999173,2.55
3.386666717131933,2.572
3.400000050663948,2.623
3.413333384195964,2.479
3.4266667177279797,2.43
3.4400000512599944,2.408
3.45333338479201,2.355
3.4666667183240256,2.273
3.480000051856041,2.147
3.4933333853880564,2.238
3.506666718920072,2.283
3.520000052452088,2.266
3.533333385984103,2.231
3.5466667195161183,2.284
3.560000053048134,2.278
3.573333386580149,2.191
3.586666720112165,2.07
3.6000000536441803,2.037
3.613333387176196,2.001
3.626666720708212,1.969
3.640000054240226,1.941
3.653333387772242,1.949
3.666666721304258,2.041
3.6800000548362735,2.01
3.6933333883682886,1.959
3.706666721900304,1.903
3.72000005543232,1.85
3.733333388964336,1.791
3.746666722496351,1.725
3.760000056028366,1.735
3.773333389560382,1.783
3.786666723092397,1.817
3.800000056624413,1.852
3.813333390156428,1.863
3.826666723688444,1.814
3.840000057220459,1.764
3.8533333907524745,1.764
3.86666672428449,1.778
3.8800000578165057,1.764
3.893333391348521,1.775
3.906666724880537,1.814
3.920000058412552,1.876
3.933333391944568,1.856
3.946666725476583,1.812
3.9600000590085984,1.746
3.973333392540614,1.694
3.9866667260726296,1.699
4.000000059604645,1.753
4.01333339313666,1.73
4.026666726668676,1.676
4.040000060200692,1.646
4.053333393732707,1.685
4.066666727264722,1.725
4.0800000607967375,1.623
4.093333394328753,1.542
4.106666727860769,1.553
4.120000061392784,1.549
4.1333333949248,1.532
4.146666728456816,1.421
4.160000061988831,1.322
4.173333395520846,1.344
4.186666729052861,1.294
4.200000062584877,1.276
4.213333396116893,1.238
4.226666729648908,1.205
4.240000063180924,1.236
4.253333396712939,1.211
4.266666730244954,1.195
4.28000006377697,1.183
4.293333397308985,1.175
4.306666730841001,1.174
4.3200000643730165,1.157
4.333333397905032,1.198
4.346666731437048,1.218
4.360000064969063,1.215
4.373333398501078,1.273
4.386666732033094,1.258
4.400000065565109,1.218
4.413333399097125,1.171
4.4266667326291405,1.133
4.440000066161156,1.184
4.453333399693172,1.095
4.466666733225186,1.022
4.480000066757202,0.976
4.493333400289218,0.96
4.506666733821233,0.988
4.520000067353249,0.991
4.533333400885264,0.959
4.54666673441728,0.942
4.560000067949296,0.967
4.57333340148131,1.102
4.586666735013326,1.049
4.6000000685453415,0.928
4.613333402077357,0.828
4.626666735609373,0.837
4.640000069141388,0.774
4.653333402673404,0.652
4.66666673620542,0.59
4.680000069737434,0.62
4.69333340326945,0.66
4.706666736801465,0.702
4.720000070333481,0.699
4.733333403865497,0.71
4.746666737397512,0.756
4.760000070929528,0.814
4.773333404461543,0.812
4.786666737993558,0.748
4.800000071525574,0.738
4.813333405057589,0.857
4.826666738589605,0.909
4.8400000721216205,0.89
4.853333405653636,0.936
4.866666739185652,1.026
4.880000072717666,1.1
4.893333406249682,0.999
4.906666739781698,0.858
4.920000073313713,0.716
4.933333406845729,0.598
4.9466667403777445,0.512
4.96000007390976,0.457
4.973333407441775,0.419
4.98666674097379,0.409
5.000000074505806,0.434
5.013333408037822,0.468
5.026666741569837,0.364
5.040000075101853,0.395
5.053333408633868,0.423
5.066666742165884,0.42
5.080000075697899,0.45
5.093333409229914,0.515
5.10666674276193,0.592
5.1200000762939455,0.63
5.133333409825961,0.608
5.146666743357977,0.742
5.160000076889992,0.651
5.173333410422007,0.547
5.186666743954023,0.456
5.200000077486038,0.415
5.213333411018054,0.401
5.226666744550069,0.35
5.240000078082085,0.364
5.253333411614101,0.475
5.266666745146116,0.585
5.280000078678131,0.652
5.2933334122101465,0.625
5.306666745742162,0.528
5.320000079274178,0.417
5.333333412806193,0.393
5.346666746338209,0.364
5.3600000798702245,0.34
5.373333413402239,0.316
5.386666746934255,0.349
5.4000000804662704,0.554
5.413333413998286,0.599
5.426666747530302,0.575
5.440000081062317,0.534
5.453333414594333,0.519
5.4666667481263485,0.56
5.480000081658363,0.464
5.493333415190379,0.344
5.506666748722394,0.315
5.52000008225441,0.383
5.533333415786426,0.278
5.546666749318441,0.228
5.560000082850457,0.2
5.573333416382472,0.189
5.586666749914487,0.213
5.600000083446503,0.092
5.613333416978518,0.142
5.626666750510534,0.167
5.6400000840425495,0.135
5.653333417574565,0.094
5.666666751106581,0.133
5.680000084638595,0.163
5.693333418170611,0.15
5.706666751702627,0.118
5.720000085234642,0.17
5.733333418766658,0.205
5.746666752298673,0.187
5.760000085830689,0.16
5.773333419362704,0.149
5.786666752894719,0.19
5.800000086426735,0.223
5.813333419958751,0.166
5.826666753490766,0.128
5.840000087022782,0.157
5.853333420554797,0.103
5.866666754086813,0.111
5.880000087618828,0.09
5.893333421150843,0.113
5.906666754682859,0.265
5.920000088214874,0.281
5.93333342174689,0.33
5.946666755278906,0.315
5.960000088810921,0.309
5.973333422342936,0.449
5.986666755874952,0.419
6.000000089406967,0.385
6.013333422938983,0.337
6.026666756470998,0.322
6.040000090003014,0.429
6.05333342353503,0.3
6.066666757067045,0.158
6.08000009059906,0.08
6.093333424131076,0.06
6.106666757663091,0.052
6.120000091195107,-0.095
6.133333424727122,-0.18
6.146666758259138,-0.183
6.1600000917911535,-0.121
6.173333425323168,-0.089
6.186666758855184,-0.036
6.200000092387199,0.05
6.213333425919215,0.163
6.226666759451231,0.26
6.240000092983246,0.293
6.253333426515262,0.258
6.266666760047277,0.212
6.280000093579292,0.147
6.293333427111308,0.056
6.306666760643323,-0.035
6.320000094175339,-0.053
6.3333334277073545,-0.042
6.34666676123937,-0.017
6.360000094771386,0.004
6.373333428303401,0.157
6.386666761835416,0.175
6.400000095367432,0.12
6.413333428899447,0.04
6.426666762431463,-0.011
6.440000095963478,0.003
6.453333429495494,-0.018
6.46666676302751,-0.044
6.480000096559524,-0.027
6.49333343009154,0.0
6.506666763623556,-0.044
6.520000097155571,-0.084
6.533333430687587,-0.145
6.546666764219602,-0.235
6.560000097751618,-0.31
6.573333431283634,-0.373
6.586666764815648,-0.415
6.600000098347664,-0.441
6.61333343187968,-0.483
6.626666765411695,-0.522
6.640000098943711,-0.534
6.653333432475726,-0.468
6.666666766007742,-0.38
6.680000099539757,-0.332
6.693333433071772,-0.158
6.706666766603788,-0.112
6.720000100135803,-0.059
6.733333433667819,-0.019
6.746666767199835,-0.14
6.76000010073185,-0.029
6.773333434263866,-0.071
6.7866667677958805,-0.135
6.800000101327896,-0.115
6.813333434859912,-0.128
6.826666768391927,-0.138
6.840000101923943,-0.239
6.853333435455959,-0.385
6.866666768987974,-0.5
6.880000102519989,-0.576
6.893333436052004,-0.586
6.90666676958402,-0.601
6.920000103116036,-0.594
6.933333436648051,-0.557
6.946666770180067,-0.445
6.960000103712082,-0.443
6.973333437244098,-0.465
6.986666770776113,-0.487
7.000000104308128,-0.44
7.013333437840144,-0.407
7.02666677137216,-0.423
7.040000104904175,-0.405
7.053333438436191,-0.346
7.066666771968206,-0.364
7.080000105500221,-0.329
7.093333439032237,-0.324
7.106666772564252,-0.337
7.120000106096268,-0.34
7.133333439628284,-0.301
7.146666773160299,-0.242
7.160000106692315,-0.179
7.17333344022433,-0.158
7.186666773756345,-0.168
7.200000107288361,-0.116
7.213333440820376,-0.105
7.226666774352392,-0.108
7.240000107884407,-0.113
7.253333441416423,-0.139
7.266666774948439,-0.165
7.280000108480453,-0.128
7.293333442012469,-0.133
7.306666775544484,-0.166
7.3200001090765,-0.192
7.333333442608516,-0.247
7.346666776140531,-0.208
7.360000109672547,-0.212
7.373333443204562,-0.275
7.386666776736577,-0.279
7.400000110268593,-0.214
7.413333443800608,-0.177
7.426666777332624,-0.148
7.44000011086464,-0.121
7.453333444396655,-0.08
7.466666777928671,-0.029
7.480000111460685,-0.035
7.493333444992701,-0.062
7.506666778524717,-0.085
7.520000112056732,-0.169
7.533333445588748,-0.167
7.546666779120764,-0.217
7.560000112652779,-0.287
7.573333446184795,-0.331
7.5866667797168095,-0.382
7.600000113248825,-0.43
7.613333446780841,-0.481
7.626666780312856,-0.483
7.640000113844872,-0.379
7.653333447376887,-0.405
7.666666780908903,-0.44
7.680000114440918,-0.45
7.693333447972933,-0.425
7.706666781504949,-0.4
7.720000115036965,-0.456
7.73333344856898,-0.502
7.746666782100996,-0.487
7.760000115633011,-0.431
7.773333449165027,-0.386
7.786666782697042,-0.31
7.800000116229057,-0.273
7.813333449761073,-0.257
7.826666783293088,-0.239
7.840000116825104,-0.299
7.85333345035712,-0.286
7.866666783889135,-0.327
7.88000011742115,-0.4
7.893333450953166,-0.463
7.906666784485181,-0.464
7.920000118017197,-0.441
7.933333451549212,-0.42
7.946666785081228,-0.422
7.960000118613244,-0.436
7.973333452145259,-0.343
7.986666785677274,-0.273
8.00000011920929,-0.228
8.013333452741305,-0.227
8.02666678627332,-0.28
8.040000119805336,-0.247
8.053333453337352,-0.295
8.066666786869368,-0.308
8.080000120401383,-0.289
8.093333453933399,-0.326
8.106666787465414,-0.169
8.12000012099743,-0.144
8.133333454529444,-0.141
8.14666678806146,-0.121
8.160000121593475,-0.177
8.17333345512549,-0.219
8.186666788657506,-0.335
8.200000122189522,-0.461
8.213333455721537,-0.485
8.226666789253553,-0.406
8.240000122785569,-0.407
8.253333456317584,-0.365
8.2666667898496,-0.285
8.280000123381615,-0.199
8.293333456913631,-0.095
8.306666790445647,-0.062
8.320000123977662,-0.098
8.333333457509676,-0.122
8.346666791041692,-0.102
8.360000124573707,-0.155
8.373333458105723,-0.252
8.386666791637738,-0.374
8.400000125169754,-0.465
8.41333345870177,-0.399
8.426666792233785,-0.488
8.4400001257658,-0.545
8.453333459297816,-0.561
8.466666792829832,-0.538
8.480000126361848,-0.508
8.493333459893863,-0.597
8.506666793425879,-0.597
8.520000126957894,-0.521
8.533333460489908,-0.417
8.546666794021924,-0.333
8.56000012755394,-0.308
8.573333461085955,-0.251
8.58666679461797,-0.183
8.600000128149986,-0.161
8.613333461682002,-0.247
8.626666795214017,-0.236
8.640000128746033,-0.272
8.653333462278049,-0.326
8.666666795810064,-0.357
8.68000012934208,-0.368
8.693333462874095,-0.342
8.706666796406111,-0.373
8.720000129938127,-0.427
8.73333346347014,-0.354
8.746666797002156,-0.406
8.760000130534172,-0.436
8.773333464066187,-0.457
8.786666797598203,-0.479
8.800000131130219,-0.507
8.813333464662234,-0.455
8.82666679819425,-0.461
8.840000131726265,-0.479
8.853333465258281,-0.53
8.866666798790297,-0.643
8.880000132322312,-0.594
8.893333465854328,-0.626
8.906666799386343,-0.657
8.920000132918359,-0.593
8.933333466450373,-0.581
8.946666799982388,-0.556
8.960000133514404,-0.559
8.97333346704642,-0.585
8.986666800578435,-0.57
9.00000013411045,-0.524
9.013333467642466,-0.504
9.026666801174482,-0.436
9.040000134706498,-0.362
9.053333468238511,-0.37
9.066666801770529,-0.344
9.080000135302544,-0.334
9.09333346883456,-0.35
9.106666802366576,-0.359
9.120000135898591,-0.349
9.133333469430609,-0.326
9.14666680296262,-0.35
9.160000136494636,-0.427
9.173333470026652,-0.497
9.186666803558667,-0.419
9.200000137090685,-0.483
9.2133334706227,-0.537
9.226666804154714,-0.568
9.24000013768673,-0.578
9.253333471218744,-0.529
9.26666680475076,-0.581
9.280000138282777,-0.637
9.293333471814792,-0.648
9.306666805346808,-0.616
9.320000138878823,-0.578
9.33333347241084,-0.603
9.346666805942853,-0.59
9.360000139474868,-0.563
9.373333473006884,-0.551
9.3866668065389,-0.602
9.400000140070915,-0.684
9.41333347360293,-0.727
9.426666807134946,-0.734
9.440000140666962,-0.77
9.453333474198978,-0.753
9.466666807730991,-0.697
9.480000141263009,-0.615
9.493333474795024,-0.529
9.50666680832704,-0.508
9.520000141859056,-0.463
9.533333475391071,-0.45
9.546666808923083,-0.451
9.5600001424551,-0.479
9.573333475987116,-0.537
9.586666809519132,-0.561
9.600000143051147,-0.581
9.613333476583165,-0.607
9.62666681011518,-0.617
9.640000143647194,-0.662
9.65333347717921,-0.687
9.666666810711224,-0.66
9.68000014424324,-0.648
9.693333477775257,-0.709
9.706666811307272,-0.672
9.720000144839288,-0.639
9.733333478371303,-0.607
9.746666811903316,-0.6
9.760000145435331,-0.659
9.773333478967348,-0.611
9.786666812499364,-0.646
9.80000014603138,-0.72
9.813333479563395,-0.776
9.826666813095413,-0.761
9.840000146627428,-0.652
9.853333480159442,-0.653
9.866666813691458,-0.662
9.880000147223472,-0.611
9.893333480755487,-0.527
9.906666814287505,-0.562
9.92000014781952,-0.608
9.933333481351536,-0.619
9.94666681488355,-0.563
9.960000148415563,-0.599
9.97333348194758,-0.634
9.986666815479596,-0.599
10.000000149011612,-0.529
10.013333482543628,-0.504
10.026666816075643,-0.561
10.04000014960766,-0.576
10.053333483139674,-0.571
10.06666681667169,-0.556
10.080000150203706,-0.549
10.09333348373572,-0.684
10.106666817267737,-0.777
10.120000150799752,-0.823
10.133333484331768,-0.829
10.146666817863782,-0.799
10.160000151395796,-0.848
10.173333484927811,-0.84
10.186666818459829,-0.797
10.200000151991844,-0.75
10.21333348552386,-0.718
10.226666819055875,-0.748
10.240000152587893,-0.781
10.253333486119908,-0.805
10.266666819651922,-0.8
10.280000153183938,-0.701
10.293333486715952,-0.665
10.306666820247967,-0.619
10.320000153779985,-0.608
10.333333487312,-0.663
10.346666820844014,-0.663
10.36000015437603,-0.685
10.373333487908043,-0.728
10.38666682144006,-0.758
10.400000154972076,-0.774
10.413333488504092,-0.681
10.426666822036108,-0.647
10.440000155568123,-0.653
10.45333348910014,-0.674
10.466666822632154,-0.643
10.48000015616417,-0.599
10.493333489696186,-0.614
10.5066668232282,-0.61
10.520000156760217,-0.601
10.533333490292232,-0.669
10.546666823824246,-0.742
10.560000157356262,-0.772
10.573333490888276,-0.798
10.586666824420291,-0.829
10.600000157952309,-0.925
10.613333491484324,-0.855
10.62666682501634,-0.823
10.640000158548355,-0.804
10.653333492080373,-0.798
10.666666825612388,-0.823
10.680000159144402,-0.778
10.693333492676418,-0.772
10.706666826208432,-0.819
10.720000159740447,-0.854
10.733333493272465,-0.997
10.746666826804478,-1.049
10.760000160336494,-1.063
10.77333349386851,-1.094
10.786666827400524,-1.155
10.80000016093254,-1.081
10.813333494464556,-0.997
10.826666827996572,-0.963
10.840000161528588,-0.961
10.853333495060603,-0.952
10.86666682859262,-0.844
10.880000162124634,-0.838
10.89333349565665,-0.844
10.906666829188666,-0.821
10.92000016272068,-0.738
10.933333496252695,-0.742
10.94666682978471,-0.749
10.960000163316726,-0.732
10.973333496848742,-0.676
10.986666830380758,-0.739
11.000000163912771,-0.793
