time_min,absorb_mau
0.0,0.004
0.0166666669150193,0.046
0.0333333338300387,0.095
0.050000000745058,0.129
0.0666666676600774,0.151
0.0833333345750967,0.135
0.1000000014901161,0.113
0.1166666684051354,0.113
0.1333333353201548,0.145
0.1500000022351741,0.148
0.1666666691501935,0.123
0.1833333360652129,0.144
0.2000000029802322,0.198
0.2166666698952516,0.26
0.2333333368102709,0.293
0.2500000037252903,0.376
0.2666666706403096,0.452
0.283333337555329,0.445
0.3000000044703483,0.418
0.3166666713853677,0.46
0.3333333383003871,0.505
0.3500000052154064,0.454
0.3666666721304258,0.454
0.3833333390454451,0.459
0.4000000059604645,0.376
0.4166666728754838,0.33
0.4333333397905032,0.372
0.4500000067055225,0.408
0.4666666736205419,0.473
0.4833333405355612,0.68
0.5000000074505806,0.922
0.5166666743656,1.279
0.5333333412806193,1.795
0.5500000081956387,2.37
0.566666675110658,2.993
0.5833333420256774,3.758
0.6000000089406967,4.616
0.6166666758557161,5.399
0.6333333427707355,6.25
0.6500000096857548,7.229
0.6666666766007742,8.174
0.6833333435157936,9.037
0.7000000104308128,9.773
0.7166666773458322,10.502
0.7333333442608516,10.993
0.7500000111758709,11.342
0.7666666780908903,11.525
0.7833333450059097,11.705
0.800000011920929,11.669
0.8166666788359483,11.676
0.8333333457509677,11.675
0.850000012665987,11.72
0.8666666795810064,11.553
0.8833333464960258,11.448
0.9000000134110451,11.225
0.9166666803260644,11.065
0.933333347241084,10.856
0.9500000141561032,10.861
0.9666666810711224,10.835
0.983333347986142,10.998
1.0000000149011612,11.167
1.0166666818161805,11.433
1.0333333487312,11.669
1.0500000156462193,12.117
1.0666666825612383,12.487
1.083333349476258,12.822
1.100000016391277,13.118
1.1166666833062966,13.399
1.133333350221316,13.525
1.1500000171363354,13.68
1.1666666840513549,13.697
1.1833333509663742,13.654
1.2000000178813934,13.605
1.216666684796413,13.425
1.2333333517114322,13.165
1.2500000186264515,12.883
1.266666685541471,12.657
1.2833333524564905,12.343
1.3000000193715096,12.105
1.316666686286529,11.869
1.3333333532015483,11.632
1.3500000201165676,11.44
1.3666666870315871,11.304
1.3833333539466064,11.132
1.4000000208616257,10.929
1.4166666877766452,10.8
1.4333333546916645,10.633
1.4500000216066835,10.401
1.4666666885217032,10.235
1.4833333554367223,10.108
1.5000000223517418,9.92
1.5166666892667613,9.712
1.5333333561817806,9.574
1.5500000230968,9.493
1.5666666900118194,9.387
1.5833333569268386,9.273
1.600000023841858,9.149
1.6166666907568774,9.023
1.6333333576718967,8.872
1.650000024586916,8.713
1.6666666915019357,8.645
1.6833333584169548,8.655
1.700000025331974,8.611
1.7166666922469935,8.466
1.7333333591620128,8.365
1.750000026077032,8.264
1.7666666929920516,8.121
1.7833333599070709,7.938
1.80000002682209,7.75
1.8166666937371097,7.574
1.833333360652129,7.406
1.850000027567148,7.239
1.866666694482168,7.082
1.883333361397187,7.066
1.9000000283122065,7.078
1.9166666952272255,7.039
1.933333362142245,6.971
1.9500000290572643,6.863
1.966666695972284,6.737
1.983333362887303,6.579
2.0000000298023224,6.405
2.016666696717342,6.26
2.033333363632361,6.18
2.0500000305473804,6.107
2.0666666974624,6.046
2.083333364377419,5.979
2.1000000312924385,5.91
2.116666698207458,5.958
2.133333365122477,6.019
2.150000032037497,6.007
2.166666698952516,6.028
2.183333365867535,6.064
2.200000032782554,5.865
2.216666699697574,5.707
2.233333366612593,5.618
2.2500000335276127,5.537
2.266666700442632,5.441
2.283333367357652,5.484
2.3000000342726707,5.575
2.3166667011876902,5.558
2.3333333681027097,5.602
2.350000035017729,5.597
2.3666667019327483,5.607
2.383333368847768,5.601
2.400000035762787,5.65
2.4166667026778064,5.483
2.433333369592826,5.434
2.450000036507845,5.427
2.4666667034228644,5.364
2.483333370337884,5.265
2.500000037252903,5.245
2.5166667041679225,5.212
2.533333371082942,5.127
2.550000037997961,5.108
2.5666667049129805,5.025
2.583333371828,5.073
2.600000038743019,5.154
2.6166667056580386,5.106
2.633333372573058,5.117
2.650000039488077,5.082
2.6666667064030967,5.081
2.683333373318116,4.941
2.7000000402331352,4.902
2.7166667071481547,4.914
2.7333333740631742,4.879
2.7500000409781933,4.698
2.766666707893213,4.702
2.7833333748082323,4.742
2.800000041723252,4.648
2.816666708638271,4.623
2.8333333755532903,4.663
2.8500000424683094,4.624
2.866666709383329,4.444
2.8833333762983484,4.458
2.9000000432133675,4.378
2.916666710128387,4.355
2.9333333770434065,4.458
2.950000043958425,4.69
2.966666710873445,4.7
2.9833333777884645,4.799
3.000000044703484,4.784
3.016666711618503,4.779
3.0333333785335226,4.625
3.0500000454485416,4.522
3.066666712363561,4.425
3.0833333792785806,4.477
3.1000000461936,4.39
3.116666713108619,4.34
3.1333333800236387,4.381
3.1500000469386578,4.404
3.1666667138536773,4.355
3.1833333807686968,4.362
3.200000047683716,4.4
3.2166667145987358,4.392
3.233333381513755,4.267
3.250000048428774,4.222
3.2666667153437934,4.231
3.283333382258813,4.173
3.300000049173832,4.057
3.3166667160888514,4.009
3.333333383003871,3.923
3.35000004991889,3.76
3.366666716833909,3.664
3.383333383748929,3.607
3.400000050663948,3.561
3.416666717578968,3.57
3.433333384493987,3.53
3.450000051409006,3.476
3.4666667183240256,3.468
3.483333385239045,3.448
3.500000052154064,3.338
3.516666719069084,3.275
3.533333385984103,3.266
3.5500000528991222,3.136
3.5666667198141417,3.046
3.583333386729161,3.019
3.6000000536441803,2.94
3.6166667205592,2.795
3.6333333874742193,2.778
3.6500000543892384,2.715
3.666666721304258,2.622
3.683333388219277,2.646
3.700000055134296,2.682
3.716666722049316,2.641
3.733333388964336,2.639
3.7500000558793545,2.597
3.766666722794374,2.478
3.7833333897093935,2.392
3.800000056624413,2.343
3.816666723539432,2.355
3.833333390454452,2.379
3.850000057369471,2.327
3.86666672428449,2.284
3.8833333911995096,2.245
3.9000000581145287,2.202
3.916666725029548,2.183
3.933333391944568,2.224
3.9500000588595863,2.277
3.966666725774606,2.359
3.9833333926896257,2.252
4.000000059604645,2.238
4.016666726519664,2.208
4.033333393434684,2.147
4.050000060349703,2.082
4.066666727264722,2.189
4.083333394179742,2.228
4.100000061094761,2.224
4.11666672800978,2.305
4.1333333949248,2.268
4.150000061839819,2.102
4.166666728754838,2.016
4.183333395669858,2.041
4.200000062584877,1.96
4.216666729499896,2.049
4.233333396414916,2.167
4.250000063329935,2.267
4.266666730244954,2.148
4.283333397159974,2.189
4.300000064074993,2.139
4.316666730990012,2.052
4.333333397905032,1.903
4.350000064820051,1.915
4.36666673173507,1.91
4.38333339865009,1.753
4.400000065565109,1.817
4.416666732480128,1.885
4.433333399395148,1.828
4.450000066310167,1.777
4.466666733225186,1.888
4.483333400140206,1.8
4.500000067055225,1.672
4.516666733970244,1.786
4.533333400885264,1.798
4.550000067800283,1.687
4.566666734715303,1.794
4.583333401630322,1.878
4.6000000685453415,1.77
4.616666735460361,1.741
4.6333334023753805,1.851
4.6500000692904,1.808
4.66666673620542,1.691
4.683333403120439,1.757
4.700000070035458,1.709
4.716666736950478,1.583
4.733333403865497,1.529
4.750000070780516,1.491
4.766666737695536,1.403
4.783333404610555,1.418
4.800000071525574,1.456
4.816666738440594,1.501
4.833333405355613,1.546
4.850000072270632,1.627
4.866666739185652,1.658
4.883333406100671,1.625
4.90000007301569,1.571
4.91666673993071,1.622
4.933333406845729,1.669
4.950000073760748,1.683
4.966666740675768,1.663
4.983333407590787,1.684
5.000000074505806,1.616
5.016666741420826,1.481
5.033333408335845,1.391
5.050000075250864,1.38
5.066666742165884,1.345
5.083333409080903,1.303
5.100000075995922,1.348
5.116666742910942,1.406
5.133333409825961,1.43
5.15000007674098,1.444
5.166666743656,1.479
5.183333410571019,1.53
5.200000077486038,1.541
5.216666744401058,1.512
5.233333411316077,1.532
5.250000078231096,1.565
5.266666745146116,1.566
5.283333412061135,1.578
5.300000078976154,1.65
5.316666745891174,1.696
5.333333412806193,1.648
5.350000079721212,1.579
5.366666746636232,1.51
5.383333413551251,1.453
5.4000000804662704,1.407
5.41666674738129,1.47
5.433333414296309,1.459
5.4500000812113285,1.432
5.4666667481263485,1.38
5.483333415041368,1.322
5.500000081956387,1.241
5.516666748871407,1.211
5.533333415786426,1.232
5.550000082701445,1.302
5.566666749616465,1.406
5.583333416531484,1.452
5.600000083446503,1.522
5.616666750361523,1.496
5.633333417276542,1.444
5.650000084191561,1.416
5.666666751106581,1.413
5.6833334180216,1.287
5.700000084936619,1.34
5.716666751851639,1.332
5.733333418766658,1.371
5.750000085681677,1.248
5.766666752596697,1.212
5.783333419511716,1.239
5.800000086426735,1.286
5.816666753341755,1.261
5.833333420256774,1.4
5.850000087171793,1.526
5.866666754086813,1.488
5.883333421001832,1.417
5.900000087916851,1.376
5.916666754831871,1.295
5.93333342174689,1.269
5.950000088661909,1.267
5.966666755576929,1.255
5.983333422491948,1.266
6.000000089406967,1.236
6.016666756321987,1.16
6.033333423237006,1.155
6.050000090152025,1.153
6.066666757067045,1.185
6.083333423982064,1.086
6.100000090897083,1.094
6.116666757812103,1.081
6.133333424727122,0.998
6.150000091642141,0.977
6.166666758557161,0.972
6.18333342547218,0.905
6.200000092387199,0.94
6.216666759302219,0.966
6.233333426217238,0.98
6.2500000931322575,1.091
6.266666760047277,1.21
6.2833334269622965,1.202
6.300000093877316,1.092
6.316666760792336,1.05
6.3333334277073545,1.019
6.350000094622374,0.985
6.3666667615373935,0.898
6.383333428452413,0.975
6.400000095367432,0.89
6.416666762282452,0.711
6.433333429197471,0.636
6.45000009611249,0.686
6.46666676302751,0.688
6.483333429942529,0.65
6.500000096857548,0.827
6.516666763772568,0.884
6.533333430687587,0.859
6.550000097602606,0.915
6.566666764517626,1.099
6.583333431432645,1.071
6.600000098347664,1.024
6.616666765262684,1.068
6.633333432177703,1.075
6.650000099092722,0.976
6.666666766007742,0.91
6.683333432922761,0.91
6.70000009983778,0.848
6.7166667667528,0.775
6.733333433667819,0.706
6.750000100582838,0.639
6.766666767497858,0.635
6.783333434412877,0.687
6.800000101327896,0.727
6.816666768242916,0.771
6.833333435157935,0.874
6.850000102072954,0.906
6.866666768987974,0.797
6.883333435902993,0.71
6.900000102818012,0.716
6.916666769733032,0.707
6.933333436648051,0.668
6.95000010356307,0.684
6.96666677047809,0.744
6.983333437393109,0.756
7.000000104308128,0.775
7.016666771223148,0.837
7.033333438138167,0.901
7.050000105053186,0.93
7.066666771968206,0.855
7.083333438883225,0.837
7.1000001057982445,0.807
7.116666772713264,0.761
7.133333439628284,0.688
7.150000106543303,0.652
7.1666667734583225,0.594
7.1833334403733415,0.571
7.200000107288361,0.532
7.216666774203379,0.448
7.2333334411184,0.433
7.250000108033419,0.429
7.266666774948439,0.48
7.283333441863458,0.55
7.300000108778477,0.768
7.316666775693497,0.925
7.333333442608516,1.05
7.350000109523535,0.942
7.366666776438555,0.951
7.383333443353574,0.826
7.400000110268593,0.774
7.416666777183613,0.739
7.433333444098632,0.741
7.450000111013651,0.627
7.466666777928671,0.617
7.48333344484369,0.616
7.500000111758709,0.505
7.516666778673729,0.553
7.533333445588748,0.688
7.550000112503767,0.819
7.566666779418787,0.833
7.583333446333806,0.838
7.600000113248825,0.876
7.616666780163845,0.823
7.633333447078864,0.662
7.650000113993883,0.691
7.666666780908903,0.801
7.683333447823922,0.833
7.700000114738941,0.748
7.716666781653961,0.821
7.73333344856898,0.803
7.750000115483999,0.735
7.766666782399019,0.661
7.783333449314038,0.684
7.800000116229057,0.707
7.816666783144077,0.615
7.833333450059096,0.635
7.850000116974115,0.679
7.866666783889135,0.599
7.883333450804154,0.549
7.900000117719173,0.589
7.916666784634193,0.592
7.933333451549212,0.588
7.950000118464231,0.63
7.966666785379251,0.576
7.9833334522942705,0.536
8.00000011920929,0.401
8.01666678612431,0.345
8.033333453039328,0.415
8.050000119954348,0.532
8.066666786869368,0.536
8.083333453784386,0.642
8.100000120699406,0.642
8.116666787614426,0.618
8.133333454529444,0.569
8.150000121444464,0.609
8.166666788359484,0.569
8.183333455274502,0.655
8.200000122189522,0.706
8.216666789104542,0.76
8.23333345601956,0.698
8.25000012293458,0.617
8.2666667898496,0.543
8.283333456764618,0.476
8.300000123679638,0.441
8.316666790594658,0.419
8.333333457509676,0.493
8.350000124424696,0.534
8.366666791339716,0.534
8.383333458254734,0.49
8.400000125169754,0.523
8.416666792084774,0.563
8.433333458999792,0.604
8.450000125914812,0.705
8.466666792829832,0.77
8.48333345974485,0.748
8.50000012665987,0.723
8.51666679357489,0.677
8.533333460489908,0.592
8.550000127404928,0.57
8.566666794319948,0.639
8.583333461234966,0.7
8.600000128149986,0.744
8.616666795065006,0.753
8.633333461980024,0.721
8.650000128895044,0.65
8.666666795810064,0.54
8.683333462725082,0.497
8.700000129640102,0.492
8.716666796555122,0.477
8.73333346347014,0.475
8.75000013038516,0.518
8.76666679730018,0.522
8.783333464215199,0.51
8.800000131130219,0.532
8.816666798045238,0.608
8.833333464960257,0.638
8.850000131875277,0.634
8.866666798790297,0.561
8.883333465705315,0.535
8.900000132620335,0.419
8.916666799535355,0.373
8.933333466450373,0.364
8.950000133365393,0.386
8.966666800280413,0.439
8.98333346719543,0.482
9.00000013411045,0.427
9.01666680102547,0.405
9.033333467940489,0.412
9.050000134855509,0.364
9.066666801770529,0.285
9.083333468685549,0.427
9.100000135600569,0.496
9.116666802515589,0.519
9.133333469430609,0.438
9.150000136345623,0.449
9.166666803260645,0.484
9.183333470175665,0.405
9.200000137090685,0.37
9.216666804005705,0.519
9.233333470920725,0.552
9.25000013783574,0.346
9.26666680475076,0.324
9.28333347166578,0.402
9.3000001385808,0.352
9.31666680549582,0.413
9.33333347241084,0.56
9.350000139325855,0.651
9.366666806240875,0.684
9.383333473155895,0.679
9.400000140070915,0.57
9.416666806985935,0.574
9.433333473900955,0.482
9.450000140815972,0.343
9.466666807730991,0.28
9.483333474646011,0.335
9.500000141561031,0.274
9.516666808476051,0.352
9.533333475391071,0.431
9.55000014230609,0.5
9.56666680922111,0.57
9.58333347613613,0.546
9.600000143051147,0.58
9.616666809966167,0.59
9.633333476881187,0.589
9.650000143796206,0.537
9.666666810711224,0.509
9.683333477626244,0.381
9.700000144541264,0.276
9.716666811456284,0.197
9.733333478371303,0.237
9.750000145286322,0.358
9.766666812201342,0.395
9.783333479116362,0.497
9.80000014603138,0.595
9.8166668129464,0.584
9.83333347986142,0.431
9.850000146776438,0.459
9.866666813691458,0.471
9.883333480606478,0.456
9.900000147521496,0.353
9.916666814436516,0.3
9.933333481351536,0.326
9.950000148266554,0.266
9.966666815181574,0.186
9.983333482096594,0.222
10.000000149011612,0.341
10.016666815926632,0.331
10.033333482841652,0.359
10.05000014975667,0.434
10.06666681667169,0.435
10.08333348358671,0.454
10.100000150501728,0.527
10.116666817416748,0.579
10.133333484331768,0.601
10.150000151246786,0.595
10.166666818161806,0.543
10.183333485076826,0.425
10.200000151991844,0.329
10.216666818906864,0.321
10.233333485821884,0.364
10.250000152736902,0.406
10.266666819651922,0.457
10.283333486566942,0.438
10.30000015348196,0.284
10.31666682039698,0.21
10.333333487312,0.218
10.350000154227018,0.17
10.366666821142038,0.122
10.383333488057058,0.18
10.400000154972076,0.214
10.416666821887096,0.151
10.433333488802116,0.155
10.450000155717134,0.221
10.466666822632154,0.288
10.483333489547174,0.248
10.500000156462193,0.266
10.516666823377212,0.279
10.533333490292232,0.33
10.55000015720725,0.291
10.56666682412227,0.277
10.58333349103729,0.248
10.600000157952309,0.249
10.616666824867329,0.189
10.633333491782349,0.115
10.650000158697368,0.072
10.666666825612388,0.07
10.683333492527408,0.045
10.700000159442425,-0.009
10.716666826357445,0.09
10.733333493272465,0.249
10.750000160187485,0.301
10.766666827102505,0.363
10.783333494017525,0.395
10.80000016093254,0.342
10.81666682784756,0.199
10.83333349476258,0.158
10.8500001616776,0.108
10.86666682859262,0.107
10.88333349550764,0.061
10.900000162422655,0.136
10.916666829337675,0.193
10.933333496252695,0.147
10.950000163167717,0.248
10.966666830082737,0.35
10.983333496997757,0.402
11.000000163912771,0.303
11.016666830827791,0.437
11.033333497742811,0.512
11.050000164657831,0.549
11.066666831572851,0.598
11.083333498487873,0.645
11.10000016540289,0.637
11.11666683231791,0.488
11.13333349923293,0.423
11.150000166147947,0.25
11.166666833062967,0.196
11.183333499977987,0.146
11.200000166893004,0.193
11.216666833808024,0.267
11.233333500723043,0.251
11.250000167638063,0.391
11.266666834553083,0.384
11.283333501468103,0.361
11.30000016838312,0.28
11.31666683529814,0.396
11.33333350221316,0.355
11.35000016912818,0.443
11.3666668360432,0.516
11.38333350295822,0.486
11.400000169873238,0.484
11.416666836788258,0.492
11.433333503703278,0.479
11.450000170618296,0.387
11.466666837533316,0.399
11.483333504448336,0.339
11.500000171363354,0.293
11.516666838278374,0.236
11.533333505193394,0.24
11.550000172108412,0.338
11.566666839023432,0.417
11.583333505938452,0.446
11.60000017285347,0.465
11.61666683976849,0.472
11.63333350668351,0.348
11.650000173598528,0.287
11.666666840513548,0.32
11.683333507428568,0.269
11.700000174343586,0.24
11.716666841258606,0.285
11.733333508173626,0.329
11.750000175088644,0.327
11.766666842003664,0.348
11.783333508918684,0.329
11.800000175833702,0.27
11.816666842748722,0.245
11.833333509663742,0.198
11.85000017657876,0.162
11.86666684349378,0.218
11.8833335104088,0.261
11.900000177323818,0.291
11.916666844238838,0.326
11.933333511153858,0.373
11.950000178068876,0.377
11.966666844983896,0.325
11.983333511898916,0.209
12.000000178813934,0.077
12.016666845728954,-0.007
12.033333512643974,-0.096
12.050000179558992,-0.134
12.066666846474012,-0.121
12.083333513389032,-0.046
12.10000018030405,0.063
12.11666684721907,0.117
12.13333351413409,0.156
12.150000181049109,0.222
12.166666847964128,0.18
12.183333514879148,0.126
12.200000181794168,0.211
12.216666848709188,0.273
12.233333515624206,0.307
12.250000182539225,0.451
12.266666849454245,0.509
12.283333516369265,0.432
12.300000183284284,0.354
12.316666850199304,0.367
12.333333517114324,0.342
12.35000018402934,0.316
12.36666685094436,0.349
12.38333351785938,0.449
12.4000001847744,0.519
12.41666685168942,0.487
12.43333351860444,0.525
12.450000185519457,0.385
12.466666852434477,0.301
12.483333519349497,0.205
12.500000186264517,0.175
12.516666853179537,0.071
12.533333520094557,0.05
12.550000187009571,0.144
12.566666853924591,0.158
12.583333520839613,0.09
12.600000187754633,0.07
12.616666854669653,0.191
12.633333521584673,0.229
12.650000188499687,0.266
12.666666855414707,0.263
12.683333522329727,0.383
12.700000189244747,0.454
12.716666856159769,0.436
12.733333523074789,0.361
12.750000189989803,0.462
12.766666856904823,0.417
12.783333523819843,0.348
12.800000190734863,0.307
12.816666857649883,0.397
12.833333524564903,0.311
12.85000019147992,0.354
12.86666685839494,0.399
12.88333352530996,0.389
12.90000019222498,0.396
12.91666685914,0.416
12.93333352605502,0.432
12.950000192970036,0.349
12.966666859885056,0.371
12.983333526800076,0.339
13.000000193715096,0.405
13.016666860630115,0.337
13.033333527545135,0.387
13.050000194460154,0.386
13.066666861375174,0.325
13.083333528290192,0.336
13.100000195205212,0.379
13.116666862120232,0.391
13.133333529035252,0.32
13.15000019595027,0.266
13.16666686286529,0.208
13.18333352978031,0.275
13.200000196695328,0.295
13.216666863610348,0.369
13.233333530525368,0.496
13.250000197440386,0.42
13.266666864355406,0.299
13.283333531270426,0.171
13.300000198185444,0.079
13.316666865100464,0.025
13.333333532015484,0.171
13.350000198930502,0.252
13.366666865845522,0.283
13.383333532760542,0.329
13.40000019967556,0.348
13.41666686659058,0.34
13.4333335335056,0.347
13.450000200420618,0.342
13.466666867335638,0.331
13.483333534250658,0.358
13.500000201165676,0.256
13.516666868080696,0.188
13.533333534995716,0.198
13.550000201910734,0.239
13.566666868825754,0.261
13.583333535740774,0.274
13.600000202655792,0.271
13.616666869570812,0.3
13.633333536485832,0.343
13.65000020340085,0.315
13.66666687031587,0.357
13.68333353723089,0.443
13.700000204145908,0.451
13.716666871060928,0.393
13.733333537975948,0.348
13.750000204890966,0.318
13.766666871805986,0.291
13.783333538721006,0.296
13.800000205636024,0.374
13.816666872551044,0.485
13.833333539466064,0.473
13.850000206381084,0.385
13.866666873296102,0.28
13.883333540211122,0.19
13.90000020712614,0.109
13.91666687404116,0.13
13.93333354095618,0.172
13.9500002078712,0.224
13.96666687478622,0.256
13.98333354170124,0.267
14.000000208616257,0.177
14.016666875531277,0.139
14.033333542446297,0.16
14.050000209361317,0.137
14.066666876276336,0.098
14.083333543191356,0.184
14.100000210106373,0.284
14.116666877021393,0.3
14.133333543936413,0.36
14.150000210851433,0.455
14.16666687776645,0.452
14.18333354468147,0.433
14.200000211596487,0.402
14.216666878511507,0.454
14.233333545426529,0.41
14.250000212341549,0.384
14.266666879256569,0.416
14.283333546171589,0.428
14.300000213086603,0.43
14.316666880001623,0.473
14.333333546916643,0.538
14.350000213831663,0.522
14.366666880746685,0.579
14.383333547661705,0.545
14.40000021457672,0.466
14.41666688149174,0.426
14.43333354840676,0.289
14.45000021532178,0.337
14.4666668822368,0.378
14.48333354915182,0.352
14.500000216066836,0.313
14.516666882981855,0.282
14.533333549896875,0.325
14.550000216811895,0.136
14.566666883726915,0.136
14.583333550641935,0.037
14.600000217556952,0.053
14.616666884471972,-0.005
14.633333551386992,0.13
14.650000218302011,0.097
14.666666885217031,0.121
14.683333552132051,0.2
14.70000021904707,0.127
14.71666688596209,0.08
14.73333355287711,0.076
14.750000219792128,0.169
14.766666886707148,0.175
14.783333553622167,0.151
14.800000220537186,0.163
14.816666887452206,0.25
14.833333554367226,0.166
14.850000221282244,0.147
14.866666888197264,0.138
14.883333555112284,0.115
14.900000222027302,0.007
14.916666888942322,0.054
14.933333555857342,0.087
14.95000022277236,0.124
14.96666688968738,0.104
14.9833335566024,0.153
15.000000223517418,0.209
15.016666890432438,0.185
15.033333557347458,0.236
15.050000224262476,0.295
15.066666891177496,0.337
15.083333558092516,0.286
15.100000225007534,0.249
15.116666891922554,0.279
15.133333558837574,0.271
15.150000225752592,0.274
15.166666892667612,0.325
15.183333559582632,0.442
15.20000022649765,0.451
15.21666689341267,0.455
15.23333356032769,0.431
15.250000227242708,0.353
15.266666894157728,0.233
15.283333561072748,0.19
15.300000227987766,0.249
15.316666894902786,0.34
15.333333561817806,0.386
15.350000228732824,0.382
15.366666895647844,0.355
15.383333562562864,0.269
15.400000229477882,0.184
15.416666896392902,0.159
15.433333563307922,0.175
15.45000023022294,0.215
15.46666689713796,0.248
15.48333356405298,0.239
15.500000230968,0.185
15.516666897883018,0.112
15.533333564798038,0.082
15.550000231713057,0.077
15.566666898628077,0.092
15.583333565543096,0.119
15.600000232458116,0.207
15.616666899373136,0.29
15.633333566288156,0.251
15.650000233203173,0.226
15.666666900118193,0.216
15.683333567033213,0.232
15.70000023394823,0.154
15.71666690086325,0.184
15.73333356777827,0.147
15.750000234693289,0.091
15.766666901608309,0.071
15.783333568523329,0.116
15.800000235438349,0.084
15.816666902353369,0.143
15.833333569268389,0.231
15.850000236183403,0.325
