time_min,absorb_mau
0.0,-0.06
0.0466666673620541,-0.124
0.0933333347241083,-0.171
0.1400000020861625,-0.313
0.1866666694482167,-0.298
0.2333333368102709,-0.357
0.2800000041723251,-0.27
0.3266666715343793,-0.075
0.3733333388964335,-0.209
0.4200000062584877,-0.204
0.4666666736205419,-0.294
0.5133333409825961,-0.346
0.5600000083446502,-0.444
0.6066666757067045,0.176
0.6533333430687587,4.925
0.7000000104308128,14.516
0.746666677792867,23.264
0.7933333451549213,25.011
0.8400000125169754,22.274
0.8866666798790296,19.086
0.933333347241084,16.781
0.980000014603138,15.36
1.0266666819651922,14.74
1.0733333493272463,14.269
1.1200000166893005,14.009
1.1666666840513549,13.952
1.213333351413409,13.773
1.2600000187754632,13.708
1.3066666861375174,13.624
1.3533333534995715,13.135
1.4000000208616257,12.534
1.4466666882236798,12.204
1.493333355585734,12.232
1.5400000229477884,12.049
1.5866666903098423,11.56
1.6333333576718967,11.151
1.6800000250339509,10.813
1.726666692396005,10.538
1.7733333597580592,10.356
1.820000027120113,10.104
1.866666694482168,9.751
1.9133333618442216,9.503
1.960000029206276,9.285
2.00666669656833,9.247
2.0533333639303843,9.065
2.1000000312924385,8.872
2.1466666986544927,9.043
2.193333366016547,8.77
2.240000033378601,8.435
2.286666700740655,8.285
2.3333333681027097,8.091
2.380000035464764,8.053
2.426666702826818,7.941
2.473333370188872,7.665
2.5200000375509264,7.656
2.5666667049129805,7.74
2.6133333722750347,7.589
2.660000039637089,7.469
2.706666706999143,7.392
2.753333374361197,7.275
2.800000041723252,7.296
2.846666709085305,7.195
2.89333337644736,6.999
2.940000043809414,6.977
2.986666711171468,6.806
3.0333333785335226,6.75
3.0800000458955767,6.927
3.126666713257631,6.929
3.173333380619685,6.809
3.220000047981739,6.743
3.2666667153437934,6.544
3.3133333827058475,6.294
3.3600000500679017,6.331
3.406666717429956,6.237
3.45333338479201,6.28
3.500000052154064,6.421
3.5466667195161183,6.314
3.5933333868781725,6.415
3.640000054240226,6.378
3.686666721602281,6.245
3.733333388964336,6.07
3.7800000563263896,6.015
3.826666723688444,5.857
3.873333391050498,5.783
3.920000058412552,5.687
3.966666725774606,5.62
4.01333339313666,5.869
4.060000060498715,5.953
4.106666727860769,6.048
4.153333395222823,6.024
4.200000062584877,5.848
4.246666729946932,5.907
4.293333397308985,5.886
4.34000006467104,5.693
4.386666732033094,5.706
4.433333399395148,5.886
4.480000066757202,5.844
4.526666734119257,5.856
4.57333340148131,5.866
4.620000068843365,5.921
4.66666673620542,5.814
4.713333403567473,5.737
4.760000070929528,5.918
4.8066667382915815,5.796
4.853333405653636,5.75
4.90000007301569,5.788
4.9466667403777445,5.662
4.993333407739798,5.813
5.040000075101853,5.726
5.0866667424639065,5.603
5.133333409825961,5.462
5.180000077188015,5.395
5.226666744550069,5.537
5.273333411912123,5.501
5.320000079274178,5.393
5.366666746636232,5.48
5.413333413998286,5.538
5.460000081360341,5.404
5.506666748722394,5.322
5.553333416084449,5.028
5.600000083446503,4.991
5.646666750808557,5.247
5.693333418170611,5.153
5.740000085532666,4.812
5.786666752894719,4.776
5.833333420256774,4.976
5.880000087618828,4.886
5.926666754980882,4.652
5.973333422342936,4.728
6.020000089704991,4.799
6.066666757067045,4.883
6.113333424429099,4.795
6.1600000917911535,4.729
6.206666759153207,4.655
6.253333426515262,4.745
6.300000093877316,4.533
6.34666676123937,4.402
6.393333428601424,4.48
6.440000095963478,4.633
6.486666763325532,4.595
6.533333430687587,4.471
6.5800000980496405,4.5
6.626666765411695,4.503
6.67333343277375,4.382
6.720000100135803,4.463
6.766666767497858,4.475
6.813333434859912,4.293
6.860000102221966,4.268
6.90666676958402,4.105
6.953333436946075,4.109
7.000000104308128,4.265
7.046666771670183,4.353
7.093333439032237,4.183
7.140000106394291,4.032
7.186666773756345,3.987
7.2333334411184,4.105
7.280000108480453,4.293
7.326666775842508,4.131
7.373333443204562,4.105
7.420000110566616,4.098
7.466666777928671,4.014
7.513333445290723,3.911
7.560000112652779,3.867
7.606666780014833,3.825
7.653333447376887,3.83
7.700000114738941,3.923
7.746666782100996,3.962
7.7933334494630495,3.901
7.840000116825104,3.787
7.886666784187158,3.799
7.933333451549212,3.845
7.980000118911266,3.875
8.02666678627332,3.829
8.073333453635374,3.62
8.12000012099743,3.58
8.166666788359484,3.598
8.213333455721537,3.626
8.260000123083591,3.544
8.306666790445647,3.599
8.3533334578077,3.579
8.400000125169754,4.023
8.446666792531808,4.093
8.493333459893863,3.732
8.540000127255917,3.461
8.58666679461797,3.674
8.633333461980024,3.581
8.68000012934208,3.33
8.726666796704134,3.519
8.773333464066187,3.453
8.820000131428243,3.304
8.866666798790297,3.449
8.91333346615235,3.63
8.960000133514404,3.418
9.00666680087646,3.433
9.053333468238511,3.579
9.100000135600569,3.503
9.14666680296262,3.456
9.193333470324676,3.344
9.24000013768673,3.178
9.286666805048784,3.338
9.33333347241084,3.227
9.380000139772893,2.947
9.426666807134946,2.912
9.473333474497,2.985
9.520000141859056,2.971
9.56666680922111,3.003
9.613333476583165,3.022
9.660000143945217,3.116
9.706666811307272,3.095
9.753333478669326,3.003
9.80000014603138,2.885
9.846666813393432,2.944
9.893333480755487,3.062
9.940000148117544,2.825
9.986666815479596,2.858
10.033333482841652,2.882
10.080000150203706,2.93
10.12666681756576,2.9
10.173333484927811,2.708
10.220000152289868,2.811
10.266666819651922,3.027
10.313333487013976,2.906
10.36000015437603,2.759
10.406666821738083,2.892
10.45333348910014,2.891
10.500000156462193,2.798
10.546666823824246,2.805
10.593333491186302,2.662
10.640000158548355,2.761
10.68666682591041,2.868
10.733333493272465,2.762
10.780000160634518,2.787
10.826666827996572,2.766
10.873333495358626,2.832
10.92000016272068,3.015
10.966666830082737,2.818
11.013333497444789,2.77
11.060000164806842,2.762
11.106666832168898,2.751
11.153333499530952,2.839
11.200000166893004,2.974
11.24666683425506,2.818
11.293333501617116,2.785
11.340000168979168,3.064
11.386666836341222,2.872
11.433333503703278,2.791
11.480000171065331,3.025
11.526666838427383,2.757
11.57333350578944,2.693
11.620000173151494,2.76
11.666666840513548,2.941
11.713333507875602,2.81
11.760000175237655,2.755
11.80666684259971,2.86
11.853333509961764,2.865
11.900000177323818,2.81
11.946666844685872,2.642
11.993333512047927,2.834
12.04000017940998,2.83
12.086666846772037,2.733
12.13333351413409,2.523
12.180000181496144,2.59
12.226666848858198,2.47
12.273333516220251,2.498
12.320000183582309,2.577
12.36666685094436,2.286
12.413333518306414,2.407
12.460000185668468,2.357
12.506666853030524,2.432
12.553333520392576,2.819
12.600000187754633,2.773
12.646666855116685,2.649
12.69333352247874,2.45
12.740000189840794,2.441
12.786666857202848,2.539
12.833333524564903,2.537
12.880000191926957,2.598
12.92666685928901,2.859
12.973333526651064,2.896
13.02000019401312,2.636
13.066666861375174,2.388
13.113333528737227,2.494
13.16000019609928,2.576
13.206666863461336,2.482
13.25333353082339,2.642
13.300000198185444,2.805
13.3466668655475,2.731
13.393333532909551,2.693
13.440000200271609,2.544
13.48666686763366,2.548
13.533333534995716,2.62
13.58000020235777,2.886
13.626666869719823,2.73
13.673333537081875,2.688
13.720000204443933,2.803
13.766666871805986,2.637
13.81333353916804,2.714
13.860000206530094,2.756
13.90666687389215,2.806
13.953333541254205,2.976
14.000000208616257,3.044
14.046666875978312,2.755
14.093333543340366,2.549
14.14000021070242,2.598
14.186666878064472,2.562
14.233333545426529,2.565
14.280000212788584,2.673
14.326666880150636,2.815
14.37333354751269,2.769
14.420000214874744,2.641
14.4666668822368,2.325
14.513333549598851,2.261
14.560000216960908,2.669
14.606666884322962,2.497
14.653333551685016,2.484
14.70000021904707,2.722
14.746666886409123,2.646
14.79333355377118,2.644
14.840000221133232,2.585
14.886666888495286,2.582
14.933333555857342,2.602
14.980000223219395,2.551
15.026666890581447,2.52
15.073333557943505,2.629
15.120000225305558,2.522
15.166666892667612,2.414
15.213333560029666,2.458
15.26000022739172,2.475
15.306666894753777,2.435
15.353333562115829,2.384
15.400000229477882,2.425
15.446666896839938,2.404
15.493333564201992,2.365
15.540000231564044,2.431
15.5866668989261,2.345
15.633333566288156,2.147
15.680000233650208,2.105
15.726666901012262,2.335
15.773333568374316,2.448
15.820000235736371,2.413
15.866666903098425,2.501
15.91333357046048,2.448
15.960000237822532,2.535
16.006666905184588,2.402
16.05333357254664,2.166
16.100000239908695,2.265
16.14666690727075,2.359
16.193333574632803,2.446
16.24000024199486,2.508
16.286666909356914,2.416
16.333333576718967,2.169
16.38000024408102,2.189
16.426666911443075,2.293
16.47333357880513,2.423
16.520000246167182,2.153
16.566666913529236,2.065
16.613333580891293,2.414
16.660000248253347,2.298
16.7066669156154,2.175
16.753333582977454,2.217
16.800000250339508,2.261
16.84666691770156,2.286
16.893333585063615,2.255
16.940000252425673,2.269
16.986666919787726,2.148
17.03333358714978,2.08
17.080000254511834,2.062
17.126666921873888,2.034
17.17333358923594,2.16
17.220000256597995,2.033
17.26666692396005,2.066
17.313333591322106,2.264
17.36000025868416,2.429
17.406666926046213,2.231
17.453333593408267,2.24
17.50000026077032,2.233
17.546666928132375,2.056
17.59333359549443,2.146
17.640000262856486,2.01
17.68666693021854,2.078
17.733333597580593,2.351
17.780000264942647,2.099
17.8266669323047,2.025
17.873333599666754,2.022
17.920000267028808,2.147
17.96666693439086,2.243
18.01333360175292,2.247
18.060000269114973,2.197
18.106666936477023,2.058
18.15333360383908,1.917
18.200000271201134,2.009
18.246666938563187,2.172
18.29333360592524,2.069
18.3400002732873,1.874
18.386666940649352,2.016
18.43333360801141,1.971
18.48000027537346,1.952
18.526666942735517,2.012
18.573333610097567,2.129
18.62000027745962,2.21
18.66666694482168,2.164
18.71333361218373,2.387
18.760000279545785,2.255
18.80666694690784,1.994
18.853333614269893,2.252
18.900000281631947,2.203
18.946666948994,2.115
18.99333361635605,2.276
19.04000028371811,2.156
19.086666951080165,2.219
19.13333361844222,2.188
19.180000285804272,2.179
19.22666695316633,2.292
19.27333362052838,2.208
19.320000287890437,2.276
19.36666695525249,2.149
19.413333622614545,2.086
19.4600002899766,2.021
19.50666695733865,1.948
19.553333624700706,2.011
19.60000029206276,1.98
19.646666959424813,1.973
19.693333626786867,1.716
19.740000294148924,1.627
19.786666961510974,1.833
19.83333362887303,1.861
19.880000296235085,1.897
19.92666696359714,1.852
19.973333630959196,1.793
20.020000298321246,1.985
20.066666965683304,1.88
20.11333363304536,1.8
20.16000030040741,1.838
20.206666967769465,1.942
20.25333363513152,1.906
20.30000030249357,1.935
20.346666969855622,2.018
20.39333363721768,2.029
20.440000304579737,2.057
20.48666697194179,1.768
20.533333639303844,1.71
20.580000306665895,1.764
20.626666974027952,1.582
20.67333364139001,1.83
20.72000030875206,1.873
20.76666697611412,1.687
20.81333364347617,1.824
20.860000310838224,1.976
20.90666697820028,1.968
20.95333364556233,1.865
21.000000312924385,1.826
21.04666698028644,1.619
21.093333647648493,1.556
21.14000031501055,1.584
21.186666982372603,1.72
21.233333649734657,1.656
21.28000031709671,1.44
21.326666984458765,1.531
21.37333365182082,1.485
21.420000319182872,1.507
21.46666698654493,1.622
21.513333653906983,1.729
21.56000032126904,1.603
21.60666698863109,1.577
21.653333655993144,1.597
21.7000003233552,1.513
21.74666699071725,1.509
21.793333658079305,1.622
21.840000325441363,1.714
21.886666992803416,1.526
21.93333366016547,1.386
21.980000327527524,1.493
22.026666994889577,1.582
22.07333366225163,1.539
22.120000329613685,1.53
22.166666996975746,1.412
22.2133336643378,1.386
22.26000033169985,1.44
22.306666999061903,1.392
22.35333366642396,1.542
22.40000033378601,1.4
22.446667001148064,1.188
22.49333366851012,1.417
22.540000335872172,1.382
22.58666700323423,1.292
22.633333670596283,1.443
22.680000337958337,1.455
22.72666700532039,1.453
22.773333672682444,1.36
22.820000340044498,1.236
22.866667007406555,1.192
22.91333367476861,1.223
22.960000342130662,1.28
23.00666700949272,1.243
23.05333367685477,1.396
23.100000344216824,1.379
23.14666701157888,1.447
23.19333367894093,1.648
23.24000034630299,1.488
23.28666701366504,1.383
23.333333681027096,1.523
23.38000034838915,1.478
23.426667015751203,1.534
23.473333683113257,1.488
23.52000035047531,1.346
23.566667017837368,1.331
23.61333368519942,1.377
23.660000352561475,1.404
23.70666701992353,1.265
23.753333687285583,1.091
23.80000035464764,1.147
23.84666702200969,1.067
23.893333689371744,1.03
23.9400003567338,1.136
23.98666702409585,1.287
24.03333369145791,1.22
24.08000035881996,1.294
24.126667026182016,1.204
24.17333369354407,1.101
24.220000360906123,1.285
24.26666702826818,1.351
24.313333695630234,1.144
24.360000362992288,0.885
24.406667030354345,0.986
24.4533336977164,1.12
24.50000036507845,1.021
24.546667032440503,1.043
24.59333369980256,1.163
24.64000036716461,1.111
24.686667034526668,1.037
24.73333370188872,1.181
24.78000036925077,1.091
24.82666703661283,1.012
24.873333703974883,1.069
24.920000371336936,1.05
24.966667038698997,1.205
25.013333706061047,1.152
25.0600003734231,1.139
25.106667040785155,1.226
25.15333370814721,1.142
25.200000375509266,1.067
25.24666704287132,0.986
25.29333371023337,1.015
25.340000377595427,1.287
25.38666704495748,1.518
25.43333371231953,1.366
25.480000379681588,1.14
25.52666704704364,0.866
25.573333714405692,0.798
25.62000038176775,1.113
25.666667049129806,1.079
25.71333371649186,0.743
25.760000383853917,0.734
25.806667051215967,0.858
25.85333371857802,1.197
25.900000385940075,0.884
25.94666705330213,0.789
25.993333720664182,0.82
26.04000038802624,0.721
26.086667055388293,1.002
26.133333722750347,1.074
26.1800003901124,1.04
26.22666705747445,0.954
26.273333724836508,0.692
26.32000039219856,0.814
26.36666705956062,1.011
26.413333726922676,0.91
26.460000394284727,0.815
26.50666706164678,0.864
26.553333729008838,0.815
26.600000396370888,0.707
26.64666706373294,0.786
26.693333731095,0.759
26.74000039845705,0.942
26.786667065819103,0.954
26.83333373318116,0.777
26.880000400543214,0.98
26.926667067905267,1.206
26.97333373526732,0.967
27.02000040262937,0.635
27.066667069991432,0.779
27.11333373735349,0.939
27.16000040471554,1.012
27.206667072077597,0.966
27.253333739439647,0.802
27.3000004068017,0.9
27.346667074163754,0.789
27.39333374152581,0.57
27.440000408887865,0.712
27.48666707624992,0.679
27.533333743611973,0.585
27.580000410974023,0.604
27.62666707833608,0.56
27.67333374569813,0.496
27.720000413060188,0.522
27.766667080422245,0.71
27.8133337477843,0.729
27.860000415146352,0.845
27.90666708250841,0.668
27.95333374987046,0.46
28.000000417232517,0.495
28.046667084594567,0.621
28.093333751956624,0.529
28.14000041931868,0.489
28.18666708668073,0.599
28.233333754042786,0.433
28.28000042140484,0.449
28.326667088766893,0.747
28.373333756128947,0.568
28.420000423491,0.352
28.466667090853058,0.458
28.51333375821511,0.675
28.560000425577165,0.298
28.60666709293922,0.42
28.653333760301276,0.543
28.700000427663326,0.459
28.74666709502538,0.419
28.79333376238744,0.348
28.84000042974949,0.569
28.886667097111545,0.651
28.9333337644736,0.696
28.98000043183565,0.788
29.026667099197702,0.846
29.07333376655976,0.758
29.120000433921813,0.769
29.16666710128387,0.93
29.213333768645924,0.784
29.260000436007974,0.824
29.30666710337003,0.729
29.353333770732085,0.631
29.40000043809414,0.652
29.446667105456196,0.638
29.49333377281825,0.741
29.540000440180304,0.639
29.58666710754236,0.498
29.63333377490441,0.588
29.680000442266465,0.628
29.72666710962852,0.706
29.77333377699057,0.768
29.820000444352623,0.601
29.866667111714683,0.46
29.913333779076737,0.572
29.96000044643879,0.831
30.006667113800845,0.697
30.053333781162895,0.716
30.100000448524952,0.858
30.14666711588701,0.84
30.193333783249063,0.727
30.24000045061112,0.498
30.28666711797317,0.543
30.333333785335224,0.554
30.38000045269728,0.613
30.42666712005933,0.531
30.473333787421385,0.406
30.52000045478344,0.386
30.566667122145496,0.726
30.61333378950755,0.794
30.660000456869604,0.835
30.706667124231657,0.787
30.75333379159371,0.659
30.800000458955765,0.652
30.84666712631782,0.62
30.89333379367988,0.608
30.94000046104193,0.642
30.986667128403983,0.63
31.03333379576604,0.587
31.08000046312809,0.615
31.126667130490144,0.444
31.1733337978522,0.252
31.22000046521425,0.542
31.26666713257631,0.686
31.313333799938363,0.646
31.360000467300416,0.755
31.40666713466247,0.699
31.453333802024524,0.568
31.500000469386578,0.662
31.54666713674863,0.716
31.59333380411069,0.635
31.640000471472742,0.53
31.6866671388348,0.392
31.73333380619685,0.361
31.780000473558903,0.377
31.82666714092096,0.414
31.87333380828301,0.473
31.920000475645065,0.32
31.96666714300712,0.369
32.013333810369176,0.437
32.06000047773123,0.477
32.10666714509328,0.503
32.15333381245534,0.482
32.20000047981739,0.539
32.246667147179444,0.561
32.2933338145415,0.474
32.34000048190355,0.434
32.386667149265605,0.29
32.43333381662766,0.282
32.48000048398972,0.35
32.526667151351774,0.444
32.57333381871383,0.331
32.62000048607588,0.2
32.666667153437935,0.397
32.71333382079999,0.32
32.76000048816204,0.198
32.806667155524096,0.347
32.85333382288615,0.329
32.9000004902482,0.397
32.94666715761026,0.478
32.99333382497231,0.354
33.040000492334364,0.132
33.08666715969642,0.267
33.13333382705847,0.275
33.18000049442053,0.262
33.226667161782586,0.329
33.27333382914464,0.462
33.320000496506694,0.31
33.36666716386875,0.387
33.4133338312308,0.321
33.460000498592855,0.296
33.50666716595491,0.304
33.55333383331696,0.191
33.600000500679016,0.244
33.64666716804107,0.044
33.69333383540312,0.204
33.74000050276518,0.352
33.78666717012723,0.454
33.833333837489285,0.54
33.880000504851346,0.342
33.9266671722134,0.145
33.97333383957545,0.198
34.02000050693751,0.276
34.06666717429956,0.436
34.113333841661614,0.56
34.16000050902367,0.506
34.20666717638572,0.361
34.253333843747775,0.202
34.30000051110983,0.203
34.34666717847188,0.334
34.393333845833936,0.369
34.44000051319599,0.374
34.486667180558044,0.179
34.5333338479201,0.28
34.58000051528216,0.376
34.62666718264421,0.285
34.673333850006266,0.502
34.72000051736832,0.428
34.76666718473037,0.197
34.81333385209243,0.158
34.86000051945448,0.173
34.906667186816534,0.272
34.95333385417859,0.318
35.00000052154064,0.306
35.046667188902696,0.222
35.09333385626475,0.477
35.1400005236268,0.413
35.18666719098886,0.28
35.23333385835091,0.398
35.28000052571297,0.117
35.326667193075025,0.061
35.37333386043708,0.139
35.42000052779913,0.08
35.466667195161186,0.276
35.51333386252324,0.307
35.56000052988529,0.247
35.60666719724735,0.215
35.6533338646094,0.293
35.700000531971455,0.322
35.74666719933351,0.12
35.79333386669556,0.108
35.840000534057616,0.271
35.88666720141967,0.322
35.93333386878172,0.207
35.980000536143784,0.216
36.02666720350584,0.304
36.07333387086789,0.204
36.120000538229945,0.181
36.166667205592,0.176
36.21333387295405,0.218
36.260000540316106,0.325
36.30666720767816,0.433
36.35333387504021,0.255
36.40000054240227,0.173
36.44666720976432,0.187
36.493333877126375,-0.018
36.54000054448843,0.012
36.58666721185048,0.07
36.63333387921254,-0.013
36.6800005465746,0.086
36.72666721393665,0.231
36.773333881298704,0.139
36.82000054866076,0.19
36.86666721602281,0.285
36.91333388338487,0.342
36.96000055074692,0.219
37.00666721810897,0.117
37.05333388547103,0.279
37.10000055283308,0.24
37.146667220195134,0.126
37.19333388755719,0.244
37.24000055491924,0.295
37.286667222281295,0.087
37.33333388964336,-0.013
37.38000055700541,0.02
37.42666722436746,0.166
37.47333389172952,0.355
37.52000055909157,0.283
37.566667226453625,0.068
37.61333389381568,0.038
37.66000056117773,0.076
37.706667228539786,0.077
37.75333389590184,0.098
37.80000056326389,-0.07
37.84666723062595,0.053
37.893333897988,0.038
37.94000056535005,-0.022
37.98666723271211,0.126
38.03333390007417,-0.024
38.08000056743622,-0.036
38.12666723479828,-0.216
38.17333390216033,-0.254
38.220000569522384,-0.134
38.26666723688444,-0.263
38.31333390424649,-0.246
38.36000057160855,-0.104
38.4066672389706,-0.093
38.45333390633265,-0.053
38.50000057369471,-0.044
38.54666724105676,-0.167
38.59333390841881,-0.308
38.64000057578087,-0.172
38.68666724314292,-0.165
38.73333391050498,-0.098
38.78000057786704,-0.188
38.82666724522909,-0.156
38.87333391259114,-0.128
38.9200005799532,-0.236
38.96666724731525,-0.286
39.0133339146773,-0.171
39.06000058203936,-0.001
39.10666724940141,-0.191
39.153333916763465,-0.118
39.20000058412552,-0.13
39.24666725148757,-0.384
39.293333918849626,-0.525
39.34000058621168,-0.447
39.38666725357373,-0.193
39.433333920935794,-0.036
39.48000058829785,-0.126
39.5266672556599,-0.127
39.57333392302196,0.12
39.62000059038401,-0.066
39.66666725774606,-0.418
39.71333392510812,-0.42
39.76000059247017,-0.16
39.806667259832224,-0.225
39.85333392719428,-0.223
39.90000059455633,-0.062
39.94666726191839,-0.252
39.99333392928044,-0.334
40.04000059664249,-0.149
40.08666726400455,-0.366
40.13333393136661,-0.56
40.18000059872866,-0.492
40.22666726609072,-0.443
40.27333393345277,-0.094
40.32000060081482,-0.092
40.36666726817688,-0.386
40.41333393553893,-0.333
40.46000060290098,-0.227
40.50666727026304,-0.116
40.55333393762509,-0.017
40.60000060498714,0.025
40.6466672723492,-0.178
40.69333393971125,-0.139
40.740000607073306,-0.083
40.78666727443536,0.06
40.83333394179742,0.161
40.880000609159474,-0.099
40.92666727652153,-0.177
40.97333394388358,-0.163
41.02000061124564,0.13
41.06666727860769,0.197
41.11333394596974,-0.178
41.1600006133318,-0.119
41.20666728069385,-0.184
41.253333948055904,-0.314
41.30000061541796,-0.157
41.34666728278001,-0.344
41.39333395014207,-0.441
41.44000061750412,-0.283
41.48666728486617,-0.322
41.53333395222823,-0.398
41.58000061959029,-0.178
41.62666728695234,0.082
41.6733339543144,-0.125
41.72000062167645,-0.155
41.7666672890385,-0.144
41.81333395640056,-0.127
41.86000062376261,0.032
41.90666729112466,0.002
41.95333395848672,-0.051
42.00000062584877,-0.167
42.04666729321082,0.014
42.09333396057288,0.287
42.14000062793493,0.17
42.186667295296985,-0.153
42.233333962659046,-0.18
42.2800006300211,-0.135
42.32666729738315,-0.052
42.37333396474521,-0.049
42.42000063210726,-0.361
42.466667299469314,-0.34
42.51333396683137,-0.283
42.56000063419342,-0.312
42.60666730155548,-0.209
42.65333396891753,-0.052
42.70000063627958,-0.069
42.74666730364164,-0.092
42.79333397100369,-0.056
42.840000638365744,-0.123
42.8866673057278,-0.163
42.93333397308986,0.091
42.98000064045191,0.143
43.026667307813966,-0.054
43.07333397517602,-0.095
43.12000064253807,-0.09
43.16666730990013,-0.327
43.21333397726218,-0.221
43.26000064462424,0.007
43.30666731198629,-0.099
43.35333397934834,0.033
43.4000006467104,0.028
43.44666731407245,-0.238
43.4933339814345,-0.136
43.54000064879656,-0.155
43.58666731615861,-0.2
43.63333398352067,-0.029
43.680000650882725,-0.035
43.72666731824478,-0.014
43.77333398560683,-0.08
43.820000652968886,-0.298
43.86666732033094,-0.419
43.913333987692994,-0.412
43.96000065505505,-0.314
44.0066673224171,-0.099
44.05333398977916,-0.102
44.10000065714121,0.01
44.14666732450326,-0.025
44.19333399186532,-0.088
44.24000065922737,-0.037
44.28666732658942,-0.263
44.33333399395149,-0.247
44.38000066131354,-0.318
44.42666732867559,-0.169
44.473333996037645,-0.032
44.5200006633997,-0.346
44.56666733076175,-0.387
44.61333399812381,-0.333
44.66000066548586,-0.321
44.70666733284792,-0.217
44.75333400020997,-0.286
44.80000066757202,-0.137
44.84666733493408,-0.007
44.89333400229613,0.009
