time_min,absorb_mau
0.0,0.003
0.0100000001490116,0.003
0.0200000002980232,0.0
0.0300000004470348,0.039
0.0400000005960464,0.106
0.050000000745058,0.068
0.0600000008940696,0.023
0.0700000010430812,-0.019
0.0800000011920929,-0.047
0.0900000013411045,-0.062
0.1000000014901161,-0.071
0.1100000016391277,-0.085
0.1200000017881393,-0.139
0.1300000019371509,-0.153
0.1400000020861625,-0.101
0.1500000022351741,-0.076
0.1600000023841858,-0.044
0.1700000025331974,0.013
0.180000002682209,0.071
0.1900000028312206,0.127
0.2000000029802322,0.162
0.2100000031292438,0.187
0.2200000032782554,0.233
0.2300000034272671,0.279
0.2400000035762786,0.337
0.2500000037252903,0.365
0.2600000038743019,0.363
0.2700000040233135,0.278
0.2800000041723251,0.204
0.2900000043213367,0.157
0.3000000044703483,0.13
0.31000000461936,0.111
0.3200000047683716,0.1
0.3300000049173832,0.09
0.3400000050663948,0.084
0.3500000052154064,0.091
0.360000005364418,0.126
0.3700000055134296,0.175
0.3800000056624412,0.228
0.3900000058114529,0.265
0.4000000059604645,0.302
0.4100000061094761,0.336
0.4200000062584877,0.405
0.4300000064074993,0.497
0.4400000065565109,0.685
0.4500000067055225,1.046
0.4600000068545342,1.548
0.4700000070035457,3.059
0.4800000071525573,5.256
0.490000007301569,10.221
0.5000000074505806,18.047
0.5100000075995922,28.949
0.5200000077486039,47.671
0.5300000078976155,70.001
0.5400000080466271,105.344
0.5500000081956387,149.554
0.5600000083446502,205.139
0.570000008493662,279.726
0.5800000086426735,362.407
0.5900000087916851,473.123
0.6000000089406967,596.275
0.6100000090897083,737.13
0.62000000923872,900.076
0.6300000093877316,1070.574
0.6400000095367432,1261.103
0.6500000096857548,1453.704
0.6600000098347664,1644.61
0.6700000099837781,1831.015
0.6800000101327897,2008.487
0.6900000102818012,2154.171
0.7000000104308128,2286.254
0.7100000105798244,2380.092
0.7200000107288361,2450.16
0.7300000108778477,2496.503
0.7400000110268593,2500.55
0.7500000111758709,2488.883
0.7600000113248825,2441.058
0.7700000114738942,2380.568
0.7800000116229058,2309.327
0.7900000117719174,2221.749
0.800000011920929,2128.495
0.8100000120699405,2024.931
0.8200000122189522,1920.34
0.8300000123679638,1819.185
0.8400000125169754,1722.535
0.850000012665987,1628.668
0.8600000128149986,1543.716
0.8700000129640103,1460.597
0.8800000131130219,1384.955
0.8900000132620335,1315.553
0.9000000134110451,1250.594
0.9100000135600568,1193.405
0.9200000137090684,1137.72
0.93000001385808,1087.266
0.9400000140070917,1039.801
0.9500000141561032,995.448
0.9600000143051148,955.483
0.9700000144541264,916.993
0.980000014603138,881.855
0.9900000147521496,850.945
1.0000000149011612,821.505
1.010000015050173,793.989
1.0200000151991844,766.608
1.030000015348196,743.649
1.0400000154972078,720.352
1.0500000156462193,698.469
1.060000015795231,677.148
1.0700000159442424,657.704
1.080000016093254,639.335
1.0900000162422658,620.492
1.100000016391277,603.222
1.110000016540289,586.945
1.1200000166893005,571.668
1.1300000168383122,557.782
1.140000016987324,543.142
1.1500000171363354,529.388
1.160000017285347,515.871
1.1700000174343586,501.978
1.1800000175833705,488.838
1.190000017732382,474.906
1.2000000178813934,461.579
1.2100000180304051,448.555
1.2200000181794166,434.729
1.2300000183284283,423.023
1.24000001847744,410.585
1.2500000186264515,399.394
1.2600000187754632,388.5
1.270000018924475,378.384
1.2800000190734864,368.254
1.290000019222498,358.463
1.3000000193715096,349.044
1.3100000195205213,340.003
1.3200000196695327,330.653
1.3300000198185444,322.162
1.340000019967556,313.239
1.3500000201165676,305.24
1.360000020265579,297.348
1.3700000204145908,289.819
1.3800000205636025,282.607
1.3900000207126142,275.517
1.4000000208616257,268.783
1.4100000210106374,262.159
1.4200000211596489,255.904
1.4300000213086606,249.796
1.4400000214576725,243.761
1.4500000216066835,238.225
1.4600000217556954,232.41
1.470000021904707,227.136
1.4800000220537186,221.948
1.4900000222027303,217.013
1.5000000223517418,212.073
1.5100000225007535,207.292
1.520000022649765,202.747
1.530000022798777,198.584
1.5400000229477884,194.267
1.5500000230968,190.377
1.5600000232458116,186.211
1.570000023394823,182.41
1.5800000235438347,178.631
1.5900000236928464,175.075
1.600000023841858,171.592
1.6100000239908696,168.237
1.620000024139881,165.026
1.6300000242888928,161.914
1.6400000244379045,158.69
1.650000024586916,155.92
1.6600000247359277,152.995
1.6700000248849391,150.362
1.6800000250339509,147.759
1.6900000251829626,145.257
1.700000025331974,142.778
1.7100000254809855,140.334
1.7200000256299972,138.071
1.730000025779009,135.904
1.7400000259280206,133.691
1.750000026077032,131.643
1.7600000262260438,129.614
1.7700000263750553,127.7
1.780000026524067,125.632
1.790000026673079,123.707
1.80000002682209,121.935
1.8100000269711016,120.198
1.820000027120113,118.493
1.830000027269125,116.755
1.8400000274181367,115.069
1.850000027567148,113.321
1.86000002771616,111.597
1.8700000278651716,110.066
1.880000028014183,108.503
1.8900000281631948,106.969
1.9000000283122065,105.468
1.910000028461218,103.998
1.9200000286102292,102.637
1.9300000287592407,101.28
1.9400000289082528,100.034
1.9500000290572643,98.805
1.960000029206276,97.598
1.9700000293552875,96.423
1.9800000295042992,95.256
1.990000029653311,94.16
2.0000000298023224,93.077
2.010000029951334,92.037
2.020000030100346,91.079
2.030000030249357,90.137
2.0400000303983687,89.214
2.0500000305473804,88.309
2.060000030696392,87.45
2.070000030845404,86.55
2.0800000309944155,85.656
2.090000031143427,84.799
2.1000000312924385,83.96
2.11000003144145,83.169
2.120000031590462,82.368
2.1300000317394736,81.574
2.140000031888485,80.821
2.150000032037497,80.072
2.1600000321865083,79.369
2.17000003233552,78.657
2.180000032484532,77.945
2.190000032633543,77.221
2.200000032782554,76.466
2.2100000329315663,75.712
2.220000033080578,74.927
2.2300000332295897,74.144
2.240000033378601,73.44
2.2500000335276127,72.703
2.2600000336766244,71.963
2.270000033825636,71.278
2.280000033974648,70.624
2.290000034123659,70.011
2.3000000342726707,69.375
2.3100000344216824,68.738
2.320000034570694,68.067
2.330000034719706,67.391
2.340000034868717,66.741
2.350000035017729,66.054
2.3600000351667405,65.356
2.370000035315752,64.708
2.380000035464764,64.073
2.390000035613775,63.402
2.400000035762787,62.758
2.4100000359117986,62.126
2.4200000360608103,61.524
2.430000036209822,60.915
2.440000036358833,60.329
2.450000036507845,59.736
2.4600000366568566,59.129
2.4700000368058683,58.474
2.48000003695488,57.867
2.4900000371038917,57.338
2.500000037252903,56.824
2.5100000374019147,56.273
2.5200000375509264,55.705
2.530000037699938,55.18
2.5400000378489493,54.609
2.550000037997961,54.026
2.5600000381469727,53.557
2.5700000382959844,53.031
2.580000038444996,52.484
2.5900000385940074,51.961
2.600000038743019,51.459
2.610000038892031,50.941
2.6200000390410425,50.488
2.630000039190054,50.157
2.640000039339065,49.791
2.650000039488077,49.413
2.660000039637089,49.023
2.670000039786101,48.645
2.6800000399351123,48.31
2.6900000400841235,47.964
2.7000000402331352,47.63
2.710000040382147,47.276
2.720000040531158,46.915
2.7300000406801703,46.568
2.7400000408291816,46.226
2.7500000409781933,45.907
2.760000041127205,45.57
2.7700000412762167,45.257
2.7800000414252284,45.023
2.79000004157424,44.73
2.800000041723252,44.402
2.810000041872263,44.137
2.8200000420212747,43.891
2.8300000421702864,43.677
2.8400000423192977,43.476
2.8500000424683094,43.296
2.860000042617321,43.046
2.870000042766333,42.792
2.8800000429153445,42.618
2.890000043064356,42.42
2.9000000432133675,42.195
2.910000043362379,41.895
2.920000043511391,41.584
2.9300000436604026,41.319
2.940000043809414,41.082
2.950000043958425,40.9
2.960000044107437,40.632
2.970000044256449,40.346
2.9800000444054606,40.139
2.990000044554472,39.933
3.000000044703484,39.76
3.0100000448524957,39.542
3.020000045001507,39.303
3.0300000451505187,39.034
3.04000004529953,38.774
3.0500000454485416,38.569
3.0600000455975533,38.314
3.070000045746565,38.027
3.0800000458955767,37.718
3.090000046044588,37.425
3.1000000461936,37.18
3.1100000463426114,36.953
3.120000046491623,36.742
3.130000046640635,36.502
3.140000046789646,36.27
3.1500000469386578,36.059
3.160000047087669,35.89
3.170000047236681,35.771
3.180000047385693,35.624
3.190000047534704,35.453
3.200000047683716,35.175
3.2100000478327275,34.957
3.220000047981739,34.814
3.230000048130751,34.63
3.240000048279762,34.431
3.250000048428774,34.21
3.2600000485777856,33.991
3.2700000487267973,33.787
3.280000048875809,33.618
3.29000004902482,33.472
3.300000049173832,33.271
3.310000049322844,33.075
3.320000049471856,32.905
3.330000049620867,32.711
3.3400000497698783,32.512
3.35000004991889,32.258
3.3600000500679017,32.023
3.3700000502169134,31.829
3.380000050365925,31.646
3.3900000505149364,31.472
3.400000050663948,31.246
3.41000005081296,31.052
3.4200000509619715,30.943
3.430000051110983,30.866
3.4400000512599944,30.82
3.450000051409006,30.75
3.460000051558018,30.669
3.470000051707029,30.553
3.480000051856041,30.451
3.4900000520050525,30.373
3.500000052154064,30.237
3.510000052303076,30.065
3.520000052452088,29.814
3.5300000526010997,29.595
3.5400000527501105,29.407
3.5500000528991222,29.234
3.560000053048134,29.054
3.5700000531971456,28.851
3.5800000533461573,28.638
3.5900000534951686,28.422
3.6000000536441803,28.335
3.610000053793192,28.291
3.620000053942204,28.105
3.630000054091216,27.926
3.640000054240226,27.755
3.6500000543892384,27.623
3.66000005453825,27.516
3.6700000546872618,27.433
3.6800000548362735,27.328
3.6900000549852847,27.165
3.700000055134296,27.007
3.710000055283308,26.868
3.72000005543232,26.745
3.730000055581332,26.598
3.740000055730343,26.43
3.7500000558793545,26.285
3.760000056028366,26.158
3.770000056177378,26.019
3.7800000563263896,25.895
3.790000056475401,25.817
3.800000056624413,25.716
3.810000056773424,25.59
3.820000056922436,25.522
3.830000057071448,25.448
3.840000057220459,25.31
3.850000057369471,25.162
3.8600000575184814,25.023
3.870000057667494,24.837
3.8800000578165057,24.651
3.890000057965517,24.531
3.9000000581145287,24.421
3.910000058263541,24.326
3.920000058412552,24.189
3.930000058561564,24.044
3.940000058710575,23.903
3.9500000588595863,23.808
3.9600000590085984,23.791
3.97000005915761,23.692
3.980000059306622,23.569
3.990000059455633,23.431
4.000000059604645,23.317
4.010000059753657,23.262
4.020000059902668,23.226
4.030000060051679,23.199
4.040000060200692,23.106
4.050000060349703,23.04
4.060000060498715,23.057
4.070000060647726,23.072
4.0800000607967375,23.084
4.09000006094575,23.083
4.100000061094761,23.07
4.110000061243773,23.027
4.120000061392784,23.004
4.130000061541796,22.998
4.140000061690808,22.981
4.150000061839819,22.964
4.160000061988831,22.945
4.170000062137842,22.923
4.180000062286854,22.903
4.190000062435866,22.955
4.200000062584877,23.01
4.210000062733889,23.005
4.2200000628829,22.982
4.230000063031912,22.935
4.240000063180924,22.877
4.250000063329935,22.809
4.260000063478947,22.764
4.270000063627959,22.684
4.28000006377697,22.556
4.290000063925982,22.513
4.300000064074993,22.495
4.310000064224005,22.432
4.3200000643730165,22.352
4.330000064522028,22.249
4.34000006467104,22.21
4.350000064820051,22.192
4.360000064969063,22.169
4.370000065118075,22.128
4.380000065267086,22.035
4.390000065416098,21.976
4.400000065565109,21.945
4.410000065714121,21.864
4.420000065863133,21.779
4.430000066012144,21.639
4.440000066161156,21.542
4.450000066310167,21.477
4.46000006645918,21.403
4.470000066608191,21.327
4.480000066757202,21.252
4.490000066906214,21.191
4.500000067055225,21.163
4.5100000672042375,21.16
4.520000067353249,21.152
4.53000006750226,21.084
4.540000067651272,20.993
4.550000067800283,20.881
4.560000067949296,20.73
4.570000068098307,20.582
4.580000068247318,20.539
4.59000006839633,20.447
4.6000000685453415,20.295
4.610000068694354,20.183
4.620000068843365,20.081
4.630000068992376,19.987
4.640000069141388,19.926
4.6500000692904,19.926
4.660000069439412,19.894
4.670000069588423,19.84
4.680000069737434,19.831
4.690000069886446,19.816
4.700000070035458,19.774
4.71000007018447,19.746
4.720000070333481,19.735
4.730000070482492,19.682
4.740000070631504,19.633
4.750000070780516,19.608
4.760000070929528,19.566
4.770000071078539,19.52
4.78000007122755,19.489
4.7900000713765625,19.456
4.800000071525574,19.43
4.810000071674586,19.414
4.820000071823597,19.408
4.830000071972608,19.369
4.8400000721216205,19.335
4.850000072270632,19.366
4.860000072419644,19.403
4.870000072568655,19.443
4.880000072717666,19.461
4.890000072866679,19.483
4.90000007301569,19.52
4.910000073164702,19.544
4.920000073313713,19.552
4.9300000734627245,19.551
4.940000073611737,19.532
4.950000073760748,19.447
4.96000007390976,19.391
4.970000074058771,19.39
4.980000074207783,19.348
4.990000074356795,19.287
5.000000074505806,19.235
5.010000074654818,19.165
5.020000074803829,19.054
5.030000074952841,19.008
5.040000075101853,18.998
5.050000075250864,18.923
5.060000075399876,18.857
5.070000075548887,18.821
5.080000075697899,18.77
5.090000075846911,18.71
5.100000075995922,18.656
5.110000076144934,18.604
5.1200000762939455,18.524
5.130000076442957,18.451
5.140000076591969,18.381
5.15000007674098,18.287
5.160000076889992,18.195
5.170000077039004,18.119
5.180000077188015,18.037
5.190000077337027,17.958
5.200000077486038,17.892
5.21000007763505,17.813
5.220000077784062,17.681
5.230000077933073,17.549
5.240000078082085,17.43
5.250000078231096,17.318
5.260000078380108,17.199
5.27000007852912,17.055
5.280000078678131,16.922
5.290000078827143,16.807
5.300000078976154,16.731
5.310000079125167,16.679
5.320000079274178,16.622
5.330000079423189,16.557
5.340000079572201,16.484
5.350000079721212,16.481
5.3600000798702245,16.508
5.370000080019236,16.421
5.380000080168247,16.353
5.390000080317259,16.327
5.4000000804662704,16.285
5.410000080615283,16.237
5.420000080764294,16.18
5.430000080913305,16.116
5.440000081062317,16.011
5.4500000812113285,15.952
5.460000081360341,15.93
5.470000081509352,15.85
5.480000081658363,15.764
5.490000081807375,15.688
5.500000081956387,15.648
5.510000082105399,15.638
5.52000008225441,15.57
5.530000082403421,15.501
5.540000082552433,15.431
5.550000082701445,15.396
5.560000082850457,15.395
5.570000082999468,15.387
5.580000083148479,15.373
5.590000083297491,15.3
5.600000083446503,15.256
5.610000083595515,15.255
5.620000083744526,15.19
5.630000083893537,15.114
5.6400000840425495,15.028
5.650000084191561,14.953
5.660000084340573,14.897
5.670000084489584,14.833
5.680000084638595,14.764
5.690000084787608,14.668
5.700000084936619,14.585
5.710000085085631,14.546
5.720000085234642,14.495
5.7300000853836535,14.435
5.740000085532666,14.384
5.750000085681677,14.335
5.760000085830689,14.299
5.7700000859797,14.264
5.780000086128712,14.236
5.790000086277724,14.188
5.800000086426735,14.146
5.810000086575747,14.111
5.820000086724758,14.058
5.83000008687377,13.991
5.840000087022782,13.913
5.850000087171793,13.839
5.860000087320805,13.818
5.870000087469816,13.782
5.880000087618828,13.744
5.89000008776784,13.706
5.900000087916851,13.663
5.910000088065863,13.637
5.920000088214874,13.606
5.930000088363886,13.581
5.940000088512898,13.532
5.950000088661909,13.474
5.960000088810921,13.437
5.9700000889599325,13.395
5.980000089108944,13.341
5.990000089257956,13.282
6.000000089406967,13.222
6.010000089555979,13.17
6.020000089704991,13.115
6.030000089854002,13.058
6.040000090003014,13.034
6.050000090152025,13.023
6.060000090301037,12.977
6.070000090450049,12.944
6.08000009059906,12.931
6.090000090748072,12.919
6.100000090897083,12.909
6.110000091046095,12.872
6.120000091195107,12.82
6.130000091344118,12.714
6.14000009149313,12.645
6.150000091642141,12.603
6.1600000917911535,12.538
6.170000091940165,12.477
6.180000092089176,12.449
6.190000092238188,12.408
6.200000092387199,12.366
6.210000092536212,12.386
6.220000092685223,12.414
6.230000092834234,12.413
6.240000092983246,12.386
6.2500000931322575,12.336
6.26000009328127,12.294
6.270000093430281,12.238
6.280000093579292,12.193
6.290000093728304,12.155
6.300000093877316,12.118
6.310000094026328,12.045
6.320000094175339,11.971
6.33000009432435,11.983
6.340000094473362,11.983
6.350000094622374,11.96
6.360000094771386,11.944
6.370000094920397,11.939
6.380000095069408,11.895
6.39000009521842,11.86
6.400000095367432,11.859
6.410000095516444,11.835
6.420000095665455,11.794
6.430000095814466,11.719
6.440000095963478,11.66
6.45000009611249,11.645
6.460000096261502,11.629
6.470000096410513,11.612
6.480000096559524,11.595
6.4900000967085365,11.574
6.500000096857548,11.527
6.51000009700656,11.507
6.520000097155571,11.511
6.530000097304582,11.468
6.540000097453595,11.418
6.550000097602606,11.38
6.560000097751618,11.339
6.570000097900629,11.298
6.5800000980496405,11.292
6.590000098198653,11.29
6.600000098347664,11.262
6.610000098496676,11.229
6.620000098645687,11.2
6.6300000987946985,11.198
6.640000098943711,11.201
6.650000099092722,11.16
6.660000099241734,11.126
6.670000099390745,11.088
6.680000099539757,11.034
6.690000099688769,10.975
6.70000009983778,10.963
6.710000099986792,10.951
6.720000100135803,10.929
6.730000100284815,10.907
6.740000100433827,10.891
6.750000100582838,10.885
6.76000010073185,10.882
6.7700001008808615,10.901
6.780000101029873,10.9
6.790000101178885,10.889
6.800000101327896,10.864
6.810000101476908,10.851
6.82000010162592,10.895
6.830000101774931,10.921
6.840000101923943,10.932
6.850000102072954,10.903
6.860000102221966,10.894
6.870000102370978,10.98
6.880000102519989,11.024
6.890000102669001,11.031
6.900000102818012,11.044
6.910000102967024,11.049
6.920000103116036,11.036
6.930000103265047,11.056
6.940000103414059,11.122
6.95000010356307,11.102
6.960000103712082,11.047
6.970000103861094,11.058
6.980000104010105,11.045
6.990000104159117,10.998
7.000000104308128,10.92
7.0100001044571405,10.841
7.020000104606152,10.779
7.030000104755163,10.697
7.040000104904175,10.594
7.050000105053186,10.532
7.060000105202199,10.487
7.07000010535121,10.448
7.080000105500221,10.43
7.090000105649233,10.462
7.1000001057982445,10.458
7.110000105947257,10.426
7.120000106096268,10.399
7.130000106245279,10.389
7.140000106394291,10.391
7.150000106543303,10.373
7.160000106692315,10.344
7.170000106841326,10.289
7.180000106990337,10.238
7.190000107139349,10.207
7.200000107288361,10.197
7.210000107437373,10.212
7.220000107586384,10.156
7.230000107735395,10.084
7.240000107884407,10.01
7.250000108033419,9.97
7.260000108182431,9.968
7.270000108331442,9.899
7.280000108480453,9.821
7.2900001086294655,9.816
7.300000108778477,9.812
7.310000108927489,9.812
7.3200001090765,9.814
7.330000109225511,9.822
7.3400001093745235,9.787
7.350000109523535,9.757
7.360000109672547,9.753
7.370000109821558,9.702
7.380000109970569,9.62
7.390000110119582,9.547
7.400000110268593,9.5
7.410000110417605,9.512
7.420000110566616,9.482
7.4300001107156275,9.43
7.44000011086464,9.416
7.450000111013651,9.427
7.460000111162663,9.479
7.470000111311674,9.525
7.480000111460685,9.57
7.490000111609698,9.576
7.500000111758709,9.58
7.510000111907721,9.64
7.520000112056732,9.669
7.530000112205744,9.672
7.540000112354756,9.673
7.550000112503767,9.668
7.560000112652779,9.675
7.57000011280179,9.691
7.580000112950802,9.711
7.590000113099814,9.699
7.600000113248825,9.679
7.610000113397837,9.696
7.620000113546848,9.693
7.63000011369586,9.656
7.640000113844872,9.66
7.650000113993883,9.671
7.660000114142895,9.63
7.670000114291906,9.612
7.680000114440918,9.634
7.69000011458993,9.638
7.700000114738941,9.638
7.710000114887953,9.633
7.720000115036965,9.624
7.730000115185976,9.597
7.740000115334988,9.579
7.750000115483999,9.569
7.760000115633011,9.54
7.770000115782023,9.527
7.780000115931034,9.558
7.790000116080046,9.558
7.800000116229057,9.54
7.810000116378069,9.545
7.820000116527081,9.539
7.830000116676092,9.532
7.840000116825104,9.521
7.850000116974115,9.509
7.860000117123127,9.507
7.870000117272139,9.501
7.88000011742115,9.539
7.890000117570162,9.566
7.900000117719173,9.576
7.910000117868186,9.576
7.920000118017197,9.569
7.930000118166208,9.541
7.94000011831522,9.523
7.950000118464231,9.512
7.960000118613244,9.472
7.970000118762255,9.43
7.980000118911266,9.374
7.990000119060278,9.333
8.00000011920929,9.318
8.0100001193583,9.302
8.020000119507314,9.292
8.030000119656325,9.253
8.040000119805336,9.242
8.050000119954348,9.296
8.060000120103359,9.312
8.070000120252372,9.31
8.080000120401383,9.348
8.090000120550394,9.379
8.100000120699406,9.42
8.110000120848417,9.413
8.12000012099743,9.377
8.130000121146441,9.367
8.140000121295452,9.359
8.150000121444464,9.377
8.160000121593475,9.383
8.170000121742488,9.372
8.1800001218915,9.348
8.19000012204051,9.337
8.200000122189522,9.389
8.210000122338533,9.388
8.220000122487546,9.333
8.230000122636557,9.341
8.240000122785569,9.355
8.25000012293458,9.344
8.260000123083591,9.35
8.270000123232604,9.381
8.280000123381615,9.368
8.290000123530627,9.331
8.300000123679638,9.316
8.31000012382865,9.303
8.320000123977662,9.283
8.330000124126673,9.255
8.340000124275685,9.23
8.350000124424696,9.227
8.360000124573707,9.209
8.37000012472272,9.18
8.380000124871732,9.186
8.390000125020743,9.216
8.400000125169754,9.214
8.410000125318765,9.218
8.420000125467778,9.245
8.43000012561679,9.195
8.4400001257658,9.101
8.450000125914812,9.091
8.460000126063823,9.088
8.470000126212836,9.074
8.480000126361848,9.055
8.490000126510859,9.027
8.50000012665987,8.958
8.510000126808881,8.899
8.520000126957894,8.92
8.530000127106906,8.931
8.540000127255917,8.928
8.550000127404928,8.897
8.56000012755394,8.869
8.570000127702952,8.84
8.580000127851964,8.84
8.590000128000975,8.872
8.600000128149986,8.891
8.610000128298998,8.914
8.62000012844801,8.935
8.630000128597022,8.966
8.640000128746033,9.009
8.650000128895044,9.038
8.660000129044056,9.062
8.670000129193069,9.059
8.68000012934208,9.025
8.690000129491091,8.957
8.700000129640102,8.925
8.710000129789114,8.898
8.720000129938127,8.883
8.730000130087138,8.869
8.74000013023615,8.858
8.75000013038516,8.82
8.760000130534172,8.77
8.770000130683185,8.827
8.780000130832196,8.866
8.790000130981207,8.846
8.800000131130219,8.825
8.81000013127923,8.804
8.820000131428243,8.797
