time_min,absorb_mau
0.0,-0.013
0.0100000001490116,-0.02
0.0200000002980232,-0.022
0.0300000004470348,-0.025
0.0400000005960464,-0.03
0.050000000745058,-0.012
0.0600000008940696,-0.01
0.0700000010430812,-0.038
0.0800000011920929,-0.062
0.0900000013411045,-0.082
0.1000000014901161,-0.102
0.1100000016391277,-0.128
0.1200000017881393,-0.172
0.1300000019371509,-0.201
0.1400000020861625,-0.222
0.1500000022351741,-0.251
0.1600000023841858,-0.278
0.1700000025331974,-0.293
0.180000002682209,-0.311
0.1900000028312206,-0.331
0.2000000029802322,-0.357
0.2100000031292438,-0.381
0.2200000032782554,-0.407
0.2300000034272671,-0.423
0.2400000035762786,-0.412
0.2500000037252903,-0.348
0.2600000038743019,-0.279
0.2700000040233135,-0.211
0.2800000041723251,-0.148
0.2900000043213367,-0.077
0.3000000044703483,-0.024
0.31000000461936,0.015
0.3200000047683716,0.005
0.3300000049173832,0.008
0.3400000050663948,0.012
0.3500000052154064,-0.018
0.360000005364418,-0.06
0.3700000055134296,-0.086
0.3800000056624412,-0.108
0.3900000058114529,-0.141
0.4000000059604645,-0.13
0.4100000061094761,-0.089
0.4200000062584877,-0.13
0.4300000064074993,-0.173
0.4400000065565109,-0.193
0.4500000067055225,-0.138
0.4600000068545342,-0.037
0.4700000070035457,-0.002
0.4800000071525573,0.034
0.490000007301569,0.116
0.5000000074505806,0.186
0.5100000075995922,0.254
0.5200000077486039,0.331
0.5300000078976155,0.396
0.5400000080466271,0.349
0.5500000081956387,0.355
0.5600000083446502,0.436
0.570000008493662,0.672
0.5800000086426735,0.946
0.5900000087916851,1.493
0.6000000089406967,2.305
0.6100000090897083,3.444
0.62000000923872,5.237
0.6300000093877316,7.497
0.6400000095367432,10.719
0.6500000096857548,14.874
0.6600000098347664,19.858
0.6700000099837781,26.526
0.6800000101327897,33.898
0.6900000102818012,43.537
0.7000000104308128,54.068
0.7100000105798244,65.951
0.7200000107288361,79.389
0.7300000108778477,93.32
0.7400000110268593,108.962
0.7500000111758709,124.972
0.7600000113248825,141.295
0.7700000114738942,158.186
0.7800000116229058,174.858
0.7900000117719174,191.614
0.800000011920929,208.154
0.8100000120699405,223.563
0.8200000122189522,238.535
0.8300000123679638,252.557
0.8400000125169754,265.435
0.850000012665987,277.624
0.8600000128149986,287.485
0.8700000129640103,296.491
0.8800000131130219,304.128
0.8900000132620335,310.098
0.9000000134110451,315.377
0.9100000135600568,318.673
0.9200000137090684,321.082
0.93000001385808,322.032
0.9400000140070917,321.937
0.9500000141561032,321.365
0.9600000143051148,319.445
0.9700000144541264,317.024
0.980000014603138,313.858
0.9900000147521496,309.908
1.0000000149011612,305.634
1.010000015050173,300.837
1.0200000151991844,295.745
1.030000015348196,290.271
1.0400000154972078,284.267
1.0500000156462193,278.146
1.060000015795231,271.38
1.0700000159442424,264.535
1.080000016093254,257.673
1.0900000162422658,250.367
1.100000016391277,243.016
1.110000016540289,235.255
1.1200000166893005,227.461
1.1300000168383122,219.802
1.140000016987324,211.998
1.1500000171363354,204.414
1.160000017285347,196.546
1.1700000174343586,188.686
1.1800000175833705,181.207
1.190000017732382,173.715
1.2000000178813934,166.567
1.2100000180304051,159.463
1.2200000181794166,152.463
1.2300000183284283,145.993
1.24000001847744,139.383
1.2500000186264515,133.391
1.2600000187754632,127.75
1.270000018924475,122.049
1.2800000190734864,116.864
1.290000019222498,111.594
1.3000000193715096,106.891
1.3100000195205213,102.446
1.3200000196695327,97.992
1.3300000198185444,93.695
1.340000019967556,89.339
1.3500000201165676,85.446
1.360000020265579,81.786
1.3700000204145908,78.177
1.3800000205636025,74.53
1.3900000207126142,71.058
1.4000000208616257,67.824
1.4100000210106374,64.868
1.4200000211596489,61.956
1.4300000213086606,59.204
1.4400000214576725,56.525
1.4500000216066835,54.146
1.4600000217556954,51.67
1.470000021904707,49.423
1.4800000220537186,47.302
1.4900000222027303,45.299
1.5000000223517418,43.305
1.5100000225007535,41.403
1.520000022649765,39.623
1.530000022798777,37.923
1.5400000229477884,36.252
1.5500000230968,34.684
1.5600000232458116,33.146
1.570000023394823,31.717
1.5800000235438347,30.28
1.5900000236928464,28.881
1.600000023841858,27.699
1.6100000239908696,26.499
1.620000024139881,25.336
1.6300000242888928,24.236
1.6400000244379045,23.179
1.650000024586916,22.244
1.6600000247359277,21.34
1.6700000248849391,20.559
1.6800000250339509,19.728
1.6900000251829626,18.894
1.700000025331974,18.112
1.7100000254809855,17.356
1.7200000256299972,16.673
1.730000025779009,15.991
1.7400000259280206,15.327
1.750000026077032,14.756
1.7600000262260438,14.187
1.7700000263750553,13.672
1.780000026524067,13.232
1.790000026673079,12.864
1.80000002682209,12.488
1.8100000269711016,12.124
1.820000027120113,11.82
1.830000027269125,11.468
1.8400000274181367,11.095
1.850000027567148,10.791
1.86000002771616,10.516
1.8700000278651716,10.247
1.880000028014183,9.949
1.8900000281631948,9.642
1.9000000283122065,9.363
1.910000028461218,9.094
1.9200000286102292,8.916
1.9300000287592407,8.74
1.9400000289082528,8.582
1.9500000290572643,8.398
1.960000029206276,8.199
1.9700000293552875,8.058
1.9800000295042992,7.894
1.990000029653311,7.704
2.0000000298023224,7.549
2.010000029951334,7.398
2.020000030100346,7.187
2.030000030249357,6.999
2.0400000303983687,6.853
2.0500000305473804,6.708
2.060000030696392,6.575
2.070000030845404,6.455
2.0800000309944155,6.329
2.090000031143427,6.18
2.1000000312924385,6.054
2.11000003144145,5.959
2.120000031590462,5.818
2.1300000317394736,5.667
2.140000031888485,5.518
2.150000032037497,5.423
2.1600000321865083,5.366
2.17000003233552,5.208
2.180000032484532,5.056
2.190000032633543,4.95
2.200000032782554,4.838
2.2100000329315663,4.723
2.220000033080578,4.626
2.2300000332295897,4.536
2.240000033378601,4.41
2.2500000335276127,4.315
2.2600000336766244,4.275
2.270000033825636,4.226
2.280000033974648,4.178
2.290000034123659,4.184
2.3000000342726707,4.178
2.3100000344216824,4.167
2.320000034570694,4.158
2.330000034719706,4.15
2.340000034868717,4.202
2.350000035017729,4.218
2.3600000351667405,4.182
2.370000035315752,4.127
2.380000035464764,4.056
2.390000035613775,3.978
2.400000035762787,3.906
2.4100000359117986,3.828
2.4200000360608103,3.699
2.430000036209822,3.538
2.440000036358833,3.415
2.450000036507845,3.309
2.4600000366568566,3.212
2.4700000368058683,3.135
2.48000003695488,3.08
2.4900000371038917,3.037
2.500000037252903,2.993
2.5100000374019147,2.981
2.5200000375509264,2.982
2.530000037699938,3.001
2.5400000378489493,2.943
2.550000037997961,2.889
2.5600000381469727,2.878
2.5700000382959844,2.838
2.580000038444996,2.761
2.5900000385940074,2.731
2.600000038743019,2.705
2.610000038892031,2.657
2.6200000390410425,2.64
2.630000039190054,2.673
2.640000039339065,2.652
2.650000039488077,2.607
2.660000039637089,2.568
2.670000039786101,2.53
2.6800000399351123,2.481
2.6900000400841235,2.448
2.7000000402331352,2.422
2.710000040382147,2.409
2.720000040531158,2.392
2.7300000406801703,2.38
2.7400000408291816,2.41
2.7500000409781933,2.463
2.760000041127205,2.471
2.7700000412762167,2.478
2.7800000414252284,2.5
2.79000004157424,2.5
2.800000041723252,2.484
2.810000041872263,2.472
2.8200000420212747,2.463
2.8300000421702864,2.445
2.8400000423192977,2.432
2.8500000424683094,2.427
2.860000042617321,2.423
2.870000042766333,2.406
2.8800000429153445,2.367
2.890000043064356,2.321
2.9000000432133675,2.276
2.910000043362379,2.26
2.920000043511391,2.237
2.9300000436604026,2.18
2.940000043809414,2.115
2.950000043958425,2.044
2.960000044107437,2.021
2.970000044256449,2.009
2.9800000444054606,1.96
2.990000044554472,1.924
3.000000044703484,1.886
3.0100000448524957,1.89
3.020000045001507,1.907
3.0300000451505187,1.879
3.04000004529953,1.855
3.0500000454485416,1.838
3.0600000455975533,1.833
3.070000045746565,1.842
3.0800000458955767,1.85
3.090000046044588,1.846
3.1000000461936,1.824
3.1100000463426114,1.837
3.120000046491623,1.88
3.130000046640635,1.855
3.140000046789646,1.842
3.1500000469386578,1.864
3.160000047087669,1.863
3.170000047236681,1.836
3.180000047385693,1.807
3.190000047534704,1.776
3.200000047683716,1.732
3.2100000478327275,1.717
3.220000047981739,1.731
3.230000048130751,1.747
3.240000048279762,1.758
3.250000048428774,1.716
3.2600000485777856,1.686
3.2700000487267973,1.668
3.280000048875809,1.643
3.29000004902482,1.616
3.300000049173832,1.539
3.310000049322844,1.475
3.320000049471856,1.417
3.330000049620867,1.362
3.3400000497698783,1.317
3.35000004991889,1.306
3.3600000500679017,1.287
3.3700000502169134,1.266
3.380000050365925,1.243
3.3900000505149364,1.225
3.400000050663948,1.196
3.41000005081296,1.175
3.4200000509619715,1.185
3.430000051110983,1.181
3.4400000512599944,1.163
3.450000051409006,1.169
3.460000051558018,1.19
3.470000051707029,1.238
3.480000051856041,1.256
3.4900000520050525,1.252
3.500000052154064,1.201
3.510000052303076,1.159
3.520000052452088,1.139
3.5300000526010997,1.119
3.5400000527501105,1.098
3.5500000528991222,1.058
3.560000053048134,1.018
3.5700000531971456,0.984
3.5800000533461573,0.983
3.5900000534951686,1.018
3.6000000536441803,1.005
3.610000053793192,0.974
3.620000053942204,0.922
3.630000054091216,0.877
3.640000054240226,0.845
3.6500000543892384,0.818
3.66000005453825,0.796
3.6700000546872618,0.765
3.6800000548362735,0.733
3.6900000549852847,0.7
3.700000055134296,0.698
3.710000055283308,0.709
3.72000005543232,0.738
3.730000055581332,0.758
3.740000055730343,0.771
3.7500000558793545,0.795
3.760000056028366,0.821
3.770000056177378,0.829
3.7800000563263896,0.838
3.790000056475401,0.832
3.800000056624413,0.84
3.810000056773424,0.85
3.820000056922436,0.799
3.830000057071448,0.76
3.840000057220459,0.74
3.850000057369471,0.735
3.8600000575184814,0.744
3.870000057667494,0.76
3.8800000578165057,0.762
3.890000057965517,0.713
3.9000000581145287,0.701
3.910000058263541,0.735
3.920000058412552,0.739
3.930000058561564,0.734
3.940000058710575,0.738
3.9500000588595863,0.725
3.9600000590085984,0.694
3.97000005915761,0.698
3.980000059306622,0.712
3.990000059455633,0.745
4.000000059604645,0.759
4.010000059753657,0.753
4.020000059902668,0.746
4.030000060051679,0.736
4.040000060200692,0.771
4.050000060349703,0.804
4.060000060498715,0.827
4.070000060647726,0.841
4.0800000607967375,0.851
4.09000006094575,0.834
4.100000061094761,0.821
4.110000061243773,0.807
4.120000061392784,0.767
4.130000061541796,0.712
4.140000061690808,0.647
4.150000061839819,0.589
4.160000061988831,0.538
4.170000062137842,0.53
4.180000062286854,0.552
4.190000062435866,0.542
4.200000062584877,0.543
4.210000062733889,0.561
4.2200000628829,0.598
4.230000063031912,0.644
4.240000063180924,0.681
4.250000063329935,0.706
4.260000063478947,0.693
4.270000063627959,0.694
4.28000006377697,0.712
4.290000063925982,0.7
4.300000064074993,0.681
4.310000064224005,0.624
4.3200000643730165,0.584
4.330000064522028,0.555
4.34000006467104,0.523
4.350000064820051,0.499
4.360000064969063,0.486
4.370000065118075,0.48
4.380000065267086,0.483
4.390000065416098,0.506
4.400000065565109,0.538
4.410000065714121,0.55
4.420000065863133,0.552
4.430000066012144,0.547
4.440000066161156,0.537
4.450000066310167,0.521
4.46000006645918,0.518
4.470000066608191,0.515
4.480000066757202,0.508
4.490000066906214,0.498
4.500000067055225,0.486
4.5100000672042375,0.493
4.520000067353249,0.488
4.53000006750226,0.429
4.540000067651272,0.39
4.550000067800283,0.363
4.560000067949296,0.292
4.570000068098307,0.226
4.580000068247318,0.174
4.59000006839633,0.141
4.6000000685453415,0.125
4.610000068694354,0.151
4.620000068843365,0.192
4.630000068992376,0.214
4.640000069141388,0.227
4.6500000692904,0.239
4.660000069439412,0.256
4.670000069588423,0.272
4.680000069737434,0.285
4.690000069886446,0.275
4.700000070035458,0.239
4.71000007018447,0.258
4.720000070333481,0.281
4.730000070482492,0.311
4.740000070631504,0.317
4.750000070780516,0.283
4.760000070929528,0.244
4.770000071078539,0.202
4.78000007122755,0.219
4.7900000713765625,0.228
4.800000071525574,0.189
4.810000071674586,0.158
4.820000071823597,0.139
4.830000071972608,0.167
4.8400000721216205,0.209
4.850000072270632,0.24
4.860000072419644,0.257
4.870000072568655,0.259
4.880000072717666,0.292
4.890000072866679,0.326
4.90000007301569,0.359
4.910000073164702,0.346
4.920000073313713,0.287
4.9300000734627245,0.248
4.940000073611737,0.228
4.950000073760748,0.269
4.96000007390976,0.275
4.970000074058771,0.231
4.980000074207783,0.174
4.990000074356795,0.126
5.000000074505806,0.141
5.010000074654818,0.151
5.020000074803829,0.145
5.030000074952841,0.116
5.040000075101853,0.075
5.050000075250864,0.066
5.060000075399876,0.057
5.070000075548887,0.055
5.080000075697899,0.078
5.090000075846911,0.109
5.100000075995922,0.147
5.110000076144934,0.18
5.1200000762939455,0.193
5.130000076442957,0.178
5.140000076591969,0.149
5.15000007674098,0.165
5.160000076889992,0.176
5.170000077039004,0.152
5.180000077188015,0.122
5.190000077337027,0.088
5.200000077486038,0.088
5.21000007763505,0.088
5.220000077784062,0.102
5.230000077933073,0.09
5.240000078082085,0.057
5.250000078231096,0.019
5.260000078380108,-0.005
5.27000007852912,0.003
5.280000078678131,-0.01
5.290000078827143,-0.052
5.300000078976154,-0.051
5.310000079125167,-0.041
5.320000079274178,0.0
5.330000079423189,0.016
5.340000079572201,0.012
5.350000079721212,0.029
5.3600000798702245,0.046
5.370000080019236,0.083
5.380000080168247,0.119
5.390000080317259,0.145
5.4000000804662704,0.147
5.410000080615283,0.143
5.420000080764294,0.194
5.430000080913305,0.24
5.440000081062317,0.25
5.4500000812113285,0.212
5.460000081360341,0.153
5.470000081509352,0.09
5.480000081658363,0.035
5.490000081807375,-0.005
5.500000081956387,-0.029
5.510000082105399,-0.047
5.52000008225441,-0.058
5.530000082403421,-0.065
5.540000082552433,-0.018
5.550000082701445,0.029
5.560000082850457,0.076
5.570000082999468,0.105
5.580000083148479,0.14
5.590000083297491,0.142
5.600000083446503,0.116
5.610000083595515,0.06
5.620000083744526,0.031
5.630000083893537,0.015
5.6400000840425495,0.022
5.650000084191561,0.005
5.660000084340573,-0.028
5.670000084489584,-0.03
5.680000084638595,-0.022
5.690000084787608,0.014
5.700000084936619,0.037
5.710000085085631,0.037
5.720000085234642,-0.001
5.7300000853836535,-0.061
5.740000085532666,-0.042
5.750000085681677,-0.033
5.760000085830689,-0.05
5.7700000859797,-0.076
5.780000086128712,-0.102
5.790000086277724,-0.118
5.800000086426735,-0.118
5.810000086575747,-0.095
5.820000086724758,-0.076
5.83000008687377,-0.055
5.840000087022782,-0.042
5.850000087171793,-0.034
5.860000087320805,-0.03
5.870000087469816,-0.018
5.880000087618828,-0.002
5.89000008776784,-0.006
5.900000087916851,-0.022
5.910000088065863,-0.065
5.920000088214874,-0.083
5.930000088363886,-0.085
5.940000088512898,-0.084
5.950000088661909,-0.075
5.960000088810921,-0.06
5.9700000889599325,-0.077
5.980000089108944,-0.123
5.990000089257956,-0.112
6.000000089406967,-0.091
6.010000089555979,-0.116
6.020000089704991,-0.116
6.030000089854002,-0.09
6.040000090003014,-0.089
6.050000090152025,-0.096
6.060000090301037,-0.07
6.070000090450049,-0.057
6.08000009059906,-0.077
6.090000090748072,-0.077
6.100000090897083,-0.07
6.110000091046095,-0.098
6.120000091195107,-0.132
6.130000091344118,-0.169
6.14000009149313,-0.19
6.150000091642141,-0.2
6.1600000917911535,-0.175
6.170000091940165,-0.161
6.180000092089176,-0.178
6.190000092238188,-0.193
6.200000092387199,-0.208
6.210000092536212,-0.232
6.220000092685223,-0.254
6.230000092834234,-0.256
6.240000092983246,-0.276
6.2500000931322575,-0.308
6.26000009328127,-0.336
6.270000093430281,-0.358
6.280000093579292,-0.367
6.290000093728304,-0.384
6.300000093877316,-0.403
6.310000094026328,-0.394
6.320000094175339,-0.396
6.33000009432435,-0.421
6.340000094473362,-0.422
6.350000094622374,-0.394
6.360000094771386,-0.41
6.370000094920397,-0.432
6.380000095069408,-0.396
6.39000009521842,-0.366
6.400000095367432,-0.356
6.410000095516444,-0.317
6.420000095665455,-0.266
6.430000095814466,-0.27
6.440000095963478,-0.258
6.45000009611249,-0.209
6.460000096261502,-0.176
6.470000096410513,-0.153
6.480000096559524,-0.145
6.4900000967085365,-0.156
6.500000096857548,-0.197
6.51000009700656,-0.224
6.520000097155571,-0.24
6.530000097304582,-0.239
6.540000097453595,-0.256
6.550000097602606,-0.312
6.560000097751618,-0.319
6.570000097900629,-0.299
6.5800000980496405,-0.284
6.590000098198653,-0.26
6.600000098347664,-0.223
6.610000098496676,-0.204
6.620000098645687,-0.204
6.6300000987946985,-0.15
6.640000098943711,-0.095
6.650000099092722,-0.139
6.660000099241734,-0.177
6.670000099390745,-0.202
6.680000099539757,-0.212
6.690000099688769,-0.218
6.70000009983778,-0.213
6.710000099986792,-0.227
6.720000100135803,-0.267
6.730000100284815,-0.228
6.740000100433827,-0.177
6.750000100582838,-0.178
6.76000010073185,-0.184
6.7700001008808615,-0.207
6.780000101029873,-0.214
6.790000101178885,-0.221
6.800000101327896,-0.206
6.810000101476908,-0.223
6.82000010162592,-0.307
6.830000101774931,-0.335
6.840000101923943,-0.328
6.850000102072954,-0.354
6.860000102221966,-0.381
6.870000102370978,-0.42
6.880000102519989,-0.442
6.890000102669001,-0.456
6.900000102818012,-0.442
6.910000102967024,-0.42
6.920000103116036,-0.391
6.930000103265047,-0.348
6.940000103414059,-0.296
6.95000010356307,-0.248
6.960000103712082,-0.214
6.970000103861094,-0.221
6.980000104010105,-0.198
6.990000104159117,-0.157
7.000000104308128,-0.194
7.0100001044571405,-0.228
7.020000104606152,-0.224
7.030000104755163,-0.229
7.040000104904175,-0.247
7.050000105053186,-0.258
7.060000105202199,-0.259
7.07000010535121,-0.306
7.080000105500221,-0.327
7.090000105649233,-0.305
7.1000001057982445,-0.31
7.110000105947257,-0.326
7.120000106096268,-0.33
7.130000106245279,-0.332
7.140000106394291,-0.329
7.150000106543303,-0.35
7.160000106692315,-0.375
7.170000106841326,-0.359
7.180000106990337,-0.336
7.190000107139349,-0.311
7.200000107288361,-0.351
7.210000107437373,-0.42
7.220000107586384,-0.421
7.230000107735395,-0.422
7.240000107884407,-0.426
7.250000108033419,-0.442
7.260000108182431,-0.473
7.270000108331442,-0.5
7.280000108480453,-0.513
7.2900001086294655,-0.461
7.300000108778477,-0.435
7.310000108927489,-0.435
7.3200001090765,-0.442
7.330000109225511,-0.443
7.3400001093745235,-0.436
7.350000109523535,-0.426
7.360000109672547,-0.421
7.370000109821558,-0.394
7.380000109970569,-0.373
7.390000110119582,-0.353
7.400000110268593,-0.329
7.410000110417605,-0.289
7.420000110566616,-0.27
7.4300001107156275,-0.252
7.44000011086464,-0.228
7.450000111013651,-0.216
7.460000111162663,-0.226
7.470000111311674,-0.221
7.480000111460685,-0.208
7.490000111609698,-0.231
7.500000111758709,-0.227
7.510000111907721,-0.182
7.520000112056732,-0.19
7.530000112205744,-0.224
7.540000112354756,-0.26
7.550000112503767,-0.292
7.560000112652779,-0.315
7.57000011280179,-0.34
7.580000112950802,-0.359
7.590000113099814,-0.401
7.600000113248825,-0.417
7.610000113397837,-0.364
7.620000113546848,-0.328
7.63000011369586,-0.302
7.640000113844872,-0.273
7.650000113993883,-0.251
7.660000114142895,-0.228
7.670000114291906,-0.214
7.680000114440918,-0.211
7.69000011458993,-0.241
7.700000114738941,-0.269
7.710000114887953,-0.247
7.720000115036965,-0.244
7.730000115185976,-0.269
7.740000115334988,-0.229
7.750000115483999,-0.174
7.760000115633011,-0.16
7.770000115782023,-0.148
7.780000115931034,-0.143
7.790000116080046,-0.154
7.800000116229057,-0.175
7.810000116378069,-0.143
7.820000116527081,-0.127
7.830000116676092,-0.144
7.840000116825104,-0.115
7.850000116974115,-0.063
7.860000117123127,-0.056
7.870000117272139,-0.061
7.88000011742115,-0.083
7.890000117570162,-0.12
7.900000117719173,-0.165
7.910000117868186,-0.179
7.920000118017197,-0.206
7.930000118166208,-0.269
7.94000011831522,-0.323
7.950000118464231,-0.365
7.960000118613244,-0.368
7.970000118762255,-0.363
7.980000118911266,-0.317
7.990000119060278,-0.293
8.00000011920929,-0.29
8.0100001193583,-0.276
8.020000119507314,-0.261
8.030000119656325,-0.231
8.040000119805336,-0.227
8.050000119954348,-0.249
8.060000120103359,-0.268
8.070000120252372,-0.281
8.080000120401383,-0.229
8.090000120550394,-0.192
8.100000120699406,-0.165
8.110000120848417,-0.152
8.12000012099743,-0.139
8.130000121146441,-0.083
8.140000121295452,-0.042
8.150000121444464,-0.031
8.160000121593475,-0.067
8.170000121742488,-0.13
8.1800001218915,-0.181
8.19000012204051,-0.236
8.200000122189522,-0.294
8.210000122338533,-0.333
8.220000122487546,-0.368
8.230000122636557,-0.393
8.240000122785569,-0.408
8.25000012293458,-0.407
8.260000123083591,-0.386
8.270000123232604,-0.351
8.280000123381615,-0.353
8.290000123530627,-0.338
8.300000123679638,-0.315
8.31000012382865,-0.306
8.320000123977662,-0.308
8.330000124126673,-0.263
8.340000124275685,-0.225
8.350000124424696,-0.234
8.360000124573707,-0.221
8.37000012472272,-0.179
8.380000124871732,-0.162
8.390000125020743,-0.156
8.400000125169754,-0.147
8.410000125318765,-0.124
8.420000125467778,-0.105
8.43000012561679,-0.12
8.4400001257658,-0.129
8.450000125914812,-0.128
8.460000126063823,-0.125
8.470000126212836,-0.134
8.480000126361848,-0.121
8.490000126510859,-0.1
8.50000012665987,-0.187
8.510000126808881,-0.247
8.520000126957894,-0.251
8.530000127106906,-0.261
8.540000127255917,-0.277
8.550000127404928,-0.291
8.56000012755394,-0.314
8.570000127702952,-0.354
8.580000127851964,-0.378
8.590000128000975,-0.388
8.600000128149986,-0.396
8.610000128298998,-0.404
8.62000012844801,-0.406
8.630000128597022,-0.407
8.640000128746033,-0.408
8.650000128895044,-0.409
8.660000129044056,-0.402
8.670000129193069,-0.392
8.68000012934208,-0.385
8.690000129491091,-0.386
8.700000129640102,-0.366
8.710000129789114,-0.344
8.720000129938127,-0.38
8.730000130087138,-0.379
8.74000013023615,-0.349
8.75000013038516,-0.333
8.760000130534172,-0.323
8.770000130683185,-0.321
8.780000130832196,-0.335
8.790000130981207,-0.373
8.800000131130219,-0.39
8.81000013127923,-0.388
8.820000131428243,-0.397
8.830000131577254,-0.385
8.840000131726265,-0.345
8.850000131875277,-0.29
8.860000132024288,-0.23
8.8700001321733,-0.215
8.880000132322312,-0.203
8.890000132471323,-0.193
8.900000132620335,-0.183
8.910000132769346,-0.179
8.920000132918359,-0.211
8.93000013306737,-0.248
8.940000133216381,-0.3
8.950000133365393,-0.293
8.960000133514404,-0.244
8.970000133663417,-0.215
8.980000133812428,-0.19
8.99000013396144,-0.185
9.00000013411045,-0.193
9.010000134259462,-0.208
9.020000134408477,-0.207
9.030000134557486,-0.211
9.040000134706498,-0.261
9.050000134855509,-0.283
9.06000013500452,-0.277
9.070000135153531,-0.298
9.080000135302544,-0.32
9.090000135451556,-0.303
9.100000135600569,-0.287
9.110000135749578,-0.275
9.120000135898591,-0.257
9.130000136047602,-0.239
9.140000136196614,-0.273
9.150000136345623,-0.289
9.160000136494636,-0.276
9.17000013664365,-0.293
9.18000013679266,-0.322
9.190000136941672,-0.32
9.200000137090685,-0.33
9.210000137239694,-0.349
9.220000137388707,-0.356
9.23000013753772,-0.352
9.24000013768673,-0.355
9.25000013783574,-0.349
9.260000137984752,-0.331
9.270000138133764,-0.352
9.280000138282777,-0.399
9.290000138431788,-0.374
9.3000001385808,-0.344
9.31000013872981,-0.326
9.320000138878823,-0.311
9.330000139027836,-0.302
9.340000139176846,-0.325
9.350000139325855,-0.352
9.360000139474868,-0.333
9.37000013962388,-0.33
9.380000139772893,-0.346
9.390000139921904,-0.381
9.400000140070915,-0.419
9.410000140219926,-0.481
9.42000014036894,-0.507
9.43000014051795,-0.492
9.440000140666962,-0.466
9.450000140815972,-0.442
9.460000140964985,-0.445
9.470000141113998,-0.441
9.480000141263009,-0.419
9.49000014141202,-0.387
9.500000141561031,-0.348
9.510000141710044,-0.342
9.520000141859056,-0.337
9.530000142008069,-0.334
9.540000142157078,-0.334
9.55000014230609,-0.333
9.5600001424551,-0.294
9.570000142604114,-0.275
9.580000142753123,-0.286
9.590000142902136,-0.28
9.600000143051147,-0.264
9.61000014320016,-0.277
9.620000143349172,-0.291
9.630000143498185,-0.296
9.640000143647194,-0.298
9.650000143796206,-0.304
9.660000143945217,-0.304
9.67000014409423,-0.3
9.68000014424324,-0.304
9.690000144392252,-0.315
9.700000144541264,-0.328
9.710000144690277,-0.339
9.720000144839288,-0.345
9.7300001449883,-0.343
9.74000014513731,-0.36
9.750000145286322,-0.383
9.760000145435331,-0.364
9.770000145584346,-0.341
9.780000145733355,-0.304
9.790000145882368,-0.264
9.80000014603138,-0.223
9.810000146180393,-0.224
9.820000146329404,-0.238
9.830000146478415,-0.188
9.840000146627428,-0.149
9.850000146776438,-0.14
9.860000146925447,-0.141
9.870000147074462,-0.148
9.880000147223472,-0.171
9.890000147372485,-0.182
9.900000147521496,-0.17
9.910000147670509,-0.167
9.92000014781952,-0.171
9.930000147968531,-0.226
9.940000148117544,-0.275
9.950000148266554,-0.307
9.960000148415563,-0.318
9.970000148564578,-0.317
9.98000014871359,-0.3
9.9900001488626,-0.288
10.000000149011612,-0.284
10.010000149160623,-0.271
10.020000149309636,-0.246
10.030000149458647,-0.248
10.04000014960766,-0.252
10.05000014975667,-0.276
10.06000014990568,-0.3
10.070000150054694,-0.334
10.080000150203706,-0.4
10.090000150352717,-0.447
10.100000150501728,-0.425
10.11000015065074,-0.392
10.120000150799752,-0.348
10.130000150948764,-0.337
10.140000151097777,-0.337
10.150000151246786,-0.344
10.160000151395796,-0.341
10.17000015154481,-0.308
10.180000151693822,-0.311
10.190000151842831,-0.332
10.200000151991844,-0.318
10.210000152140855,-0.315
10.220000152289868,-0.315
10.23000015243888,-0.282
10.240000152587893,-0.238
10.250000152736902,-0.201
10.260000152885912,-0.171
10.270000153034928,-0.161
10.280000153183938,-0.171
10.290000153332947,-0.195
10.30000015348196,-0.157
10.310000153630972,-0.131
10.320000153779985,-0.176
10.330000153928996,-0.208
10.340000154078009,-0.231
10.350000154227018,-0.225
10.36000015437603,-0.224
10.370000154525044,-0.241
10.380000154674054,-0.263
10.390000154823063,-0.291
10.400000154972076,-0.298
10.410000155121088,-0.291
10.4200001552701,-0.243
10.430000155419112,-0.221
10.440000155568123,-0.225
10.450000155717134,-0.231
10.460000155866146,-0.232
10.47000015601516,-0.223
10.48000015616417,-0.209
10.49000015631318,-0.189
10.500000156462193,-0.236
10.510000156611204,-0.304
10.520000156760217,-0.31
10.530000156909228,-0.325
10.54000015705824,-0.347
10.55000015720725,-0.379
10.560000157356262,-0.415
10.570000157505277,-0.44
10.580000157654286,-0.449
10.590000157803296,-0.421
10.600000157952309,-0.433
10.61000015810132,-0.47
10.620000158250331,-0.448
10.630000158399344,-0.431
10.640000158548355,-0.417
10.650000158697368,-0.411
10.660000158846378,-0.411
10.670000158995393,-0.407
10.680000159144402,-0.395
10.690000159293414,-0.349
10.700000159442425,-0.324
10.710000159591436,-0.317
10.720000159740447,-0.302
10.73000015988946,-0.282
10.740000160038472,-0.264
10.750000160187485,-0.245
10.760000160336494,-0.229
10.770000160485507,-0.239
10.780000160634518,-0.259
10.79000016078353,-0.284
10.80000016093254,-0.291
10.810000161081552,-0.277
10.820000161230563,-0.277
10.830000161379576,-0.283
10.840000161528588,-0.296
10.8500001616776,-0.315
10.86000016182661,-0.336
10.870000161975623,-0.316
10.880000162124634,-0.276
10.890000162273646,-0.247
10.900000162422655,-0.219
10.910000162571668,-0.189
10.92000016272068,-0.172
10.930000162869693,-0.159
10.940000163018704,-0.127
10.950000163167717,-0.101
10.960000163316726,-0.101
10.97000016346574,-0.126
10.98000016361475,-0.169
10.990000163763762,-0.209
11.000000163912771,-0.242
