time_min,absorb_mau
0.0,-0.007
0.0050000000745058,-0.006
0.0100000001490116,-0.005
0.0150000002235174,-0.004
0.0200000002980232,0.008
0.025000000372529,0.018
0.0300000004470348,0.027
0.0350000005215406,0.028
0.0400000005960464,0.028
0.0450000006705522,0.028
0.050000000745058,0.034
0.0550000008195638,0.045
0.0600000008940696,0.055
0.0650000009685754,0.067
0.0700000010430812,0.095
0.075000001117587,0.121
0.0800000011920929,0.146
0.0850000012665987,0.176
0.0900000013411045,0.205
0.0950000014156103,0.234
0.1000000014901161,0.276
0.1050000015646219,0.321
0.1100000016391277,0.368
0.1150000017136335,0.412
0.1200000017881393,0.465
0.1250000018626451,0.517
0.1300000019371509,0.568
0.1350000020116567,0.623
0.1400000020861625,0.677
0.1450000021606683,0.73
0.1500000022351741,0.788
0.15500000230968,0.849
0.1600000023841858,0.909
0.1650000024586916,0.968
0.1700000025331974,0.988
0.1750000026077032,1.007
0.180000002682209,1.026
0.1850000027567148,1.021
0.1900000028312206,1.002
0.1950000029057264,0.98
0.2000000029802322,0.96
0.205000003054738,0.94
0.2100000031292438,0.921
0.2150000032037496,0.903
0.2200000032782554,0.865
0.2250000033527612,0.824
0.2300000034272671,0.782
0.2350000035017728,0.719
0.2400000035762786,0.634
0.2450000036507845,0.548
0.2500000037252903,0.469
0.2550000037997961,0.419
0.2600000038743019,0.375
0.2650000039488077,0.332
0.2700000040233135,0.304
0.2750000040978193,0.283
0.2800000041723251,0.261
0.285000004246831,0.248
0.2900000043213367,0.246
0.2950000043958425,0.244
0.3000000044703483,0.24
0.3050000045448541,0.221
0.31000000461936,0.205
0.3150000046938658,0.188
0.3200000047683716,0.18
0.3250000048428774,0.184
0.3300000049173832,0.188
0.335000004991889,0.19
0.3400000050663948,0.196
0.3450000051409006,0.2
0.3500000052154064,0.203
0.3550000052899122,0.191
0.360000005364418,0.177
0.3650000054389238,0.162
0.3700000055134296,0.154
0.3750000055879354,0.14
0.3800000056624412,0.127
0.3850000057369471,0.114
0.3900000058114529,0.12
0.3950000058859587,0.128
0.4000000059604645,0.135
0.4050000060349703,0.175
0.4100000061094761,0.22
0.4150000061839819,0.265
0.4200000062584877,0.364
0.4250000063329935,0.507
0.4300000064074993,0.651
0.4350000064820051,0.837
0.4400000065565109,1.249
0.4450000066310167,1.662
0.4500000067055225,2.074
0.4550000067800283,2.817
0.4600000068545342,3.638
0.46500000692904,4.458
0.4700000070035457,5.528
0.4750000070780515,6.93
0.4800000071525573,8.332
0.4850000072270632,9.792
0.490000007301569,12.03
0.4950000073760748,14.264
0.5000000074505806,16.497
0.5050000075250864,19.414
0.5100000075995922,22.118
0.515000007674098,25.015
0.5200000077486039,28.182
0.5250000078231096,31.708
0.5300000078976155,35.234
0.5350000079721212,38.759
0.5400000080466271,43.103
0.5450000081211329,47.096
0.5500000081956387,50.823
0.5550000082701445,55.533
0.5600000083446502,59.706
0.5650000084191561,64.176
0.570000008493662,68.923
0.5750000085681677,74.068
0.5800000086426735,78.565
0.5850000087171793,83.703
0.5900000087916851,89.24
0.595000008866191,95.437
0.6000000089406967,101.246
0.6050000090152026,107.931
0.6100000090897083,114.451
0.6150000091642142,121.438
0.62000000923872,128.723
0.6250000093132257,137.863
0.6300000093877316,145.766
0.6350000094622373,154.798
0.6400000095367432,164.348
0.645000009611249,173.188
0.6500000096857548,182.66
0.6550000097602606,192.491
0.6600000098347664,202.148
0.6650000099092722,211.806
0.6700000099837781,221.483
0.6750000100582838,230.847
0.6800000101327897,239.297
0.6850000102072954,247.746
0.6900000102818012,254.855
0.6950000103563071,260.417
0.7000000104308128,266.776
0.7050000105053187,271.849
0.7100000105798244,274.243
0.7150000106543303,276.656
0.7200000107288361,279.229
0.7250000108033419,278.314
0.7300000108778477,276.918
0.7350000109523535,275.523
0.7400000110268593,272.462
0.7450000111013652,268.206
0.7500000111758709,263.655
0.7550000112503767,258.76
0.7600000113248825,251.432
0.7650000113993883,244.555
0.7700000114738942,237.678
0.7750000115483999,229.837
0.7800000116229058,221.999
0.7850000116974115,214.16
0.7900000117719174,206.475
0.7950000118464232,197.912
0.800000011920929,189.879
0.8050000119954348,181.676
0.8100000120699405,174.203
0.8150000121444464,166.855
0.8200000122189522,159.507
0.825000012293458,152.419
0.8300000123679638,146.343
0.8350000124424696,139.399
0.8400000125169754,132.916
0.8450000125914813,127.455
0.850000012665987,122.349
0.8550000127404929,116.476
0.8600000128149986,111.64
0.8650000128895045,107.033
0.8700000129640103,102.425
0.875000013038516,98.114
0.8800000131130219,94.388
0.8850000131875276,90.661
0.8900000132620335,87.11
0.8950000133365393,83.825
0.9000000134110451,80.749
0.9050000134855508,77.672
0.9100000135600568,74.982
0.9150000136345624,72.528
0.9200000137090684,70.073
0.925000013783574,67.714
0.93000001385808,65.843
0.9350000139325856,63.701
0.9400000140070917,61.646
0.9450000140815974,59.93
0.9500000141561032,58.328
0.955000014230609,56.496
0.9600000143051148,54.903
0.9650000143796206,53.452
0.9700000144541264,52.001
0.9750000145286322,50.584
0.980000014603138,49.401
0.9850000146776438,48.213
0.9900000147521496,47.097
0.9950000148266556,45.951
1.0000000149011612,44.921
1.005000014975667,43.891
1.010000015050173,42.931
1.0150000151246787,42.073
1.0200000151991844,41.216
1.0250000152736902,40.349
1.030000015348196,39.654
1.035000015422702,38.862
1.0400000154972078,38.12
1.0450000155717134,37.472
1.0500000156462193,36.875
1.055000015720725,36.279
1.060000015795231,35.694
1.0650000158697368,35.171
1.0700000159442424,34.684
1.0750000160187485,34.112
1.080000016093254,33.625
1.08500001616776,33.143
1.0900000162422658,32.662
1.0950000163167717,32.21
1.100000016391277,31.791
1.1050000164657832,31.371
1.110000016540289,30.968
1.1150000166147949,30.553
1.1200000166893005,30.164
1.1250000167638063,29.761
1.1300000168383122,29.361
1.135000016912818,28.966
1.140000016987324,28.57
1.1450000170618295,28.15
1.1500000171363354,27.773
1.1550000172108412,27.343
1.160000017285347,26.927
1.165000017359853,26.565
1.1700000174343586,26.223
1.1750000175088644,25.825
1.1800000175833705,25.44
1.185000017657876,25.062
1.190000017732382,24.683
1.1950000178068876,24.295
1.2000000178813934,23.935
1.2050000179558993,23.573
1.2100000180304051,23.227
1.215000018104911,22.887
1.2200000181794166,22.567
1.2250000182539225,22.248
1.2300000183284283,21.911
1.2350000184029342,21.595
1.24000001847744,21.279
1.2450000185519456,20.936
1.2500000186264515,20.631
1.2550000187009571,20.278
1.2600000187754632,19.945
1.265000018849969,19.66
1.270000018924475,19.395
1.2750000189989803,19.092
1.2800000190734864,18.773
1.2850000191479922,18.467
1.290000019222498,18.161
1.2950000192970037,17.856
1.3000000193715096,17.563
1.3050000194460154,17.273
1.3100000195205213,16.998
1.315000019595027,16.719
1.3200000196695327,16.47
1.3250000197440386,16.221
1.3300000198185444,15.987
1.3350000198930505,15.78
1.340000019967556,15.573
1.3450000200420618,15.356
1.3500000201165676,15.15
1.3550000201910737,14.939
1.360000020265579,14.726
1.3650000203400852,14.542
1.3700000204145908,14.376
1.3750000204890966,14.21
1.3800000205636025,14.036
1.3850000206381083,13.867
1.3900000207126142,13.698
1.3950000207871198,13.515
1.4000000208616257,13.346
1.4050000209361315,13.173
1.4100000210106374,13.001
1.4150000210851432,12.814
1.4200000211596489,12.634
1.4250000212341547,12.454
1.4300000213086606,12.276
1.4350000213831664,12.106
1.4400000214576725,11.937
1.445000021532178,11.759
1.4500000216066835,11.609
1.4550000216811896,11.457
1.4600000217556954,11.305
1.4650000218302013,11.141
1.470000021904707,10.983
1.4750000219792128,10.824
1.4800000220537186,10.675
1.4850000221282245,10.543
1.4900000222027303,10.415
1.495000022277236,10.288
1.5000000223517418,10.176
1.5050000224262476,10.072
1.5100000225007535,9.967
1.5150000225752591,9.847
1.520000022649765,9.725
1.5250000227242708,9.602
1.530000022798777,9.475
1.5350000228732823,9.357
1.5400000229477884,9.239
1.545000023022294,9.121
1.5500000230968,9.013
1.5550000231713057,8.912
1.5600000232458116,8.812
1.5650000233203174,8.717
1.570000023394823,8.634
1.5750000234693289,8.55
1.5800000235438347,8.466
1.5850000236183406,8.389
1.5900000236928464,8.314
1.595000023767352,8.238
1.600000023841858,8.151
1.6050000239163638,8.07
1.6100000239908696,7.989
1.6150000240653757,7.922
1.620000024139881,7.874
1.625000024214387,7.827
1.6300000242888928,7.775
1.6350000243633986,7.723
1.6400000244379045,7.671
1.64500002451241,7.619
1.650000024586916,7.52
1.6550000246614218,7.408
1.6600000247359277,7.296
1.6650000248104335,7.204
1.6700000248849391,7.145
1.675000024959445,7.086
1.6800000250339509,7.023
1.6850000251084567,6.969
1.6900000251829626,6.92
1.6950000252574682,6.87
1.700000025331974,6.801
1.70500002540648,6.72
1.7100000254809855,6.639
1.7150000255554916,6.564
1.7200000256299972,6.513
1.725000025704503,6.462
1.730000025779009,6.412
1.7350000258535148,6.371
1.7400000259280206,6.344
1.7450000260025262,6.318
1.750000026077032,6.265
1.755000026151538,6.182
1.7600000262260438,6.097
1.7650000263005496,6.011
1.7700000263750553,5.956
1.7750000264495611,5.899
1.780000026524067,5.841
1.7850000265985728,5.798
1.790000026673079,5.762
1.7950000267475843,5.726
1.80000002682209,5.681
1.805000026896596,5.625
1.8100000269711016,5.568
1.815000027045608,5.511
1.820000027120113,5.483
1.8250000271946192,5.459
1.830000027269125,5.434
1.8350000273436309,5.417
1.8400000274181367,5.406
1.8450000274926424,5.396
1.850000027567148,5.377
1.855000027641654,5.347
1.86000002771616,5.316
1.8650000277906655,5.285
1.8700000278651716,5.241
1.8750000279396768,5.197
1.880000028014183,5.149
1.885000028088689,5.117
1.8900000281631948,5.091
1.8950000282377004,5.066
1.9000000283122065,5.038
1.905000028386712,5.011
1.910000028461218,4.983
1.915000028535724,4.955
1.9200000286102292,4.911
1.9250000286847355,4.87
1.9300000287592407,4.828
1.935000028833747,4.784
1.9400000289082528,4.733
1.9450000289827585,4.685
1.9500000290572643,4.643
1.9550000291317704,4.627
1.960000029206276,4.614
1.9650000292807817,4.599
1.9700000293552875,4.58
1.9750000294297931,4.56
1.9800000295042992,4.536
1.985000029578805,4.51
1.990000029653311,4.478
1.9950000297278163,4.446
2.0000000298023224,4.413
2.0050000298768285,4.384
2.010000029951334,4.36
2.01500003002584,4.332
2.020000030100346,4.321
2.0250000301748514,4.32
2.030000030249357,4.32
2.035000030323863,4.322
2.0400000303983687,4.333
2.045000030472875,4.34
2.0500000305473804,4.346
2.0550000306218865,4.346
2.060000030696392,4.346
2.0650000307708978,4.347
2.070000030845404,4.328
2.075000030919909,4.309
2.0800000309944155,4.286
2.085000031068921,4.273
2.090000031143427,4.28
2.095000031217933,4.288
2.1000000312924385,4.297
2.1050000313669446,4.281
2.11000003144145,4.264
2.115000031515956,4.248
2.120000031590462,4.234
2.1250000316649675,4.202
2.1300000317394736,4.173
2.1350000318139792,4.149
2.140000031888485,4.139
2.145000031962991,4.132
2.150000032037497,4.125
2.155000032112002,4.144
2.1600000321865083,4.174
2.165000032261014,4.209
2.17000003233552,4.233
2.1750000324100256,4.24
2.180000032484532,4.248
2.1850000325590373,4.253
2.190000032633543,4.264
2.195000032708049,4.278
2.200000032782554,4.292
2.2050000328570607,4.291
2.2100000329315663,4.279
2.215000033006072,4.268
2.220000033080578,4.244
2.225000033155084,4.208
2.2300000332295897,4.169
2.235000033304096,4.132
2.240000033378601,4.089
2.245000033453107,4.047
2.2500000335276127,4.005
2.2550000336021188,3.959
2.2600000336766244,3.914
2.26500003375113,3.869
2.270000033825636,3.813
2.2750000339001417,3.764
2.280000033974648,3.712
2.2850000340491534,3.66
2.290000034123659,3.636
2.295000034198165,3.616
2.3000000342726707,3.596
2.305000034347177,3.576
2.3100000344216824,3.556
2.315000034496188,3.54
2.320000034570694,3.527
2.3250000346452,3.514
2.330000034719706,3.505
2.3350000347942115,3.495
2.340000034868717,3.478
2.345000034943223,3.462
2.350000035017729,3.445
2.355000035092235,3.435
2.3600000351667405,3.46
2.365000035241246,3.48
2.370000035315752,3.494
2.375000035390258,3.449
2.380000035464764,3.399
2.385000035539269,3.349
2.390000035613775,3.298
2.395000035688281,3.253
2.400000035762787,3.202
2.405000035837293,3.153
2.4100000359117986,3.105
2.415000035986304,3.058
2.4200000360608103,3.004
2.425000036135316,2.936
2.430000036209822,2.872
2.435000036284328,2.808
2.440000036358833,2.764
2.4450000364333397,2.715
2.450000036507845,2.67
2.455000036582351,2.63
2.4600000366568566,2.635
2.4650000367313623,2.64
2.4700000368058683,2.646
2.475000036880374,2.643
2.48000003695488,2.64
2.4850000370293857,2.638
2.4900000371038917,2.616
2.4950000371783974,2.58
2.500000037252903,2.537
2.505000037327409,2.502
2.5100000374019147,2.521
2.5150000374764203,2.541
2.5200000375509264,2.564
2.525000037625432,2.56
2.530000037699938,2.541
2.535000037774444,2.521
2.5400000378489493,2.494
2.5450000379234554,2.456
2.550000037997961,2.418
2.555000038072467,2.382
2.5600000381469727,2.331
2.5650000382214784,2.286
2.5700000382959844,2.242
2.57500003837049,2.222
2.580000038444996,2.226
2.5850000385195018,2.229
2.5900000385940074,2.229
2.595000038668513,2.2
2.600000038743019,2.171
2.605000038817525,2.142
2.610000038892031,2.091
2.6150000389665364,2.04
2.6200000390410425,1.99
2.625000039115548,1.951
2.630000039190054,1.926
2.63500003926456,1.902
2.640000039339065,1.872
2.6450000394135715,1.866
2.650000039488077,1.858
2.6550000395625832,1.85
2.660000039637089,1.842
2.6650000397115945,1.83
2.670000039786101,1.818
2.675000039860606,1.807
2.6800000399351123,1.789
2.685000040009618,1.773
2.6900000400841235,1.755
2.6950000401586296,1.741
2.7000000402331352,1.731
2.7050000403076413,1.721
2.710000040382147,1.726
2.715000040456653,1.731
2.720000040531158,1.737
2.7250000406056643,1.742
2.7300000406801703,1.746
2.735000040754676,1.751
2.7400000408291816,1.756
2.745000040903688,1.721
2.7500000409781933,1.683
2.7550000410527,1.645
2.760000041127205,1.634
2.7650000412017106,1.643
2.7700000412762167,1.65
2.7750000413507223,1.65
2.7800000414252284,1.661
2.785000041499734,1.669
2.79000004157424,1.677
2.7950000416487457,1.676
2.800000041723252,1.667
2.8050000417977574,1.658
2.810000041872263,1.643
2.8150000419467687,1.628
2.8200000420212747,1.612
2.8250000420957804,1.595
2.8300000421702864,1.593
2.835000042244792,1.594
2.8400000423192977,1.596
2.845000042393804,1.579
2.8500000424683094,1.546
2.8550000425428155,1.512
2.860000042617321,1.479
2.8650000426918267,1.447
2.870000042766333,1.419
2.8750000428408384,1.393
2.8800000429153445,1.406
2.88500004298985,1.417
2.890000043064356,1.428
2.895000043138862,1.44
2.9000000432133675,1.452
2.905000043287873,1.466
2.910000043362379,1.481
2.915000043436885,1.504
2.920000043511391,1.527
2.9250000435858965,1.55
2.9300000436604026,1.529
2.935000043734908,1.506
2.940000043809414,1.482
2.94500004388392,1.485
2.950000043958425,1.518
2.955000044032932,1.549
2.960000044107437,1.584
2.965000044181943,1.574
2.970000044256449,1.565
2.9750000443309546,1.557
2.9800000444054606,1.546
2.9850000444799663,1.538
2.990000044554472,1.53
2.995000044628978,1.506
3.000000044703484,1.47
3.0050000447779897,1.434
3.0100000448524957,1.401
3.015000044927001,1.454
3.020000045001507,1.508
3.0250000450760126,1.563
3.0300000451505187,1.554
3.0350000452250243,1.514
3.04000004529953,1.475
3.045000045374036,1.439
3.0500000454485416,1.406
3.055000045523048,1.372
3.0600000455975533,1.339
3.065000045672059,1.326
3.070000045746565,1.316
3.0750000458210707,1.306
3.0800000458955767,1.314
3.0850000459700824,1.346
3.090000046044588,1.376
3.095000046119094,1.404
3.1000000461936,1.374
3.1050000462681058,1.347
3.1100000463426114,1.32
3.115000046417117,1.322
3.120000046491623,1.34
3.1250000465661287,1.359
3.130000046640635,1.366
3.1350000467151404,1.359
3.140000046789646,1.352
3.145000046864152,1.343
3.1500000469386578,1.326
3.155000047013164,1.306
3.160000047087669,1.286
3.165000047162175,1.255
3.170000047236681,1.219
3.175000047311187,1.184
3.180000047385693,1.149
3.1850000474601985,1.115
3.190000047534704,1.082
3.19500004760921,1.051
3.200000047683716,1.03
3.205000047758222,1.013
3.2100000478327275,0.996
3.215000047907233,1.001
3.220000047981739,1.016
3.225000048056245,1.031
3.230000048130751,1.037
3.235000048205257,1.042
3.240000048279762,1.043
3.2450000483542683,1.045
3.250000048428774,1.056
3.25500004850328,1.068
3.2600000485777856,1.08
3.265000048652291,1.077
3.2700000487267973,1.076
3.275000048801303,1.072
3.280000048875809,1.065
3.2850000489503146,1.054
3.29000004902482,1.043
3.2950000490993263,1.031
3.300000049173832,1.022
3.305000049248338,1.005
3.310000049322844,0.989
3.3150000493973493,0.982
3.320000049471856,0.975
3.325000049546361,0.972
3.330000049620867,0.971
3.3350000496953727,0.965
3.3400000497698783,0.961
3.3450000498443844,0.956
3.35000004991889,0.967
3.355000049993396,0.984
3.3600000500679017,1.003
3.3650000501424078,1.025
3.3700000502169134,1.05
3.375000050291419,1.077
3.380000050365925,1.102
3.3850000504404307,1.092
3.3900000505149364,1.08
3.3950000505894424,1.067
3.400000050663948,1.06
3.405000050738454,1.056
3.41000005081296,1.051
3.4150000508874654,1.041
3.4200000509619715,1.021
3.425000051036477,1.001
3.430000051110983,0.98
3.435000051185489,0.975
3.4400000512599944,0.97
3.4450000513345005,0.966
3.450000051409006,0.972
3.455000051483512,0.987
3.460000051558018,1.001
3.4650000516325234,1.01
3.470000051707029,1.017
3.475000051781535,1.025
3.480000051856041,1.034
3.485000051930547,1.045
3.4900000520050525,1.055
3.4950000520795586,1.065
3.500000052154064,1.08
3.5050000522285703,1.104
3.510000052303076,1.129
3.515000052377581,1.15
3.520000052452088,1.138
3.525000052526593,1.125
3.5300000526010997,1.112
3.535000052675605,1.071
3.5400000527501105,1.02
3.5450000528246166,0.962
3.5500000528991222,0.918
3.5550000529736283,0.905
3.560000053048134,0.89
3.56500005312264,0.873
3.5700000531971456,0.839
3.5750000532716517,0.804
3.5800000533461573,0.769
3.585000053420663,0.763
3.5900000534951686,0.765
3.5950000535696747,0.768
3.6000000536441803,0.772
3.6050000537186864,0.789
3.610000053793192,0.807
3.6150000538676976,0.824
3.620000053942204,0.822
3.625000054016709,0.824
3.630000054091216,0.826
3.635000054165721,0.813
3.640000054240226,0.798
3.6450000543147327,0.777
3.6500000543892384,0.77
3.655000054463744,0.806
3.66000005453825,0.839
3.665000054612756,0.878
3.6700000546872618,0.892
3.675000054761768,0.894
3.6800000548362735,0.896
3.685000054910779,0.887
3.6900000549852847,0.87
3.695000055059791,0.853
3.700000055134296,0.832
3.7050000552088025,0.817
3.710000055283308,0.806
3.7150000553578137,0.794
3.72000005543232,0.8
3.7250000555068254,0.812
3.730000055581332,0.824
3.735000055655837,0.811
3.740000055730343,0.759
3.745000055804849,0.696
3.7500000558793545,0.64
3.755000055953861,0.61
3.760000056028366,0.582
3.765000056102872,0.553
3.770000056177378,0.533
3.775000056251884,0.525
3.7800000563263896,0.517
3.785000056400895,0.518
3.790000056475401,0.551
3.795000056549907,0.586
3.800000056624413,0.621
3.805000056698919,0.632
3.810000056773424,0.638
3.81500005684793,0.644
3.820000056922436,0.64
3.8250000569969416,0.639
3.830000057071448,0.639
3.835000057145953,0.645
3.840000057220459,0.627
3.845000057294965,0.612
3.850000057369471,0.596
3.8550000574439767,0.603
3.8600000575184814,0.614
3.865000057592988,0.627
3.870000057667494,0.623
3.875000057742,0.591
3.8800000578165057,0.562
3.8850000578910113,0.53
3.890000057965517,0.516
3.895000058040023,0.504
3.9000000581145287,0.492
3.9050000581890343,0.519
3.910000058263541,0.568
3.915000058338046,0.616
3.920000058412552,0.651
3.9250000584870577,0.669
3.930000058561564,0.681
3.935000058636069,0.693
3.940000058710575,0.694
3.945000058785081,0.688
3.9500000588595863,0.683
3.955000058934093,0.681
3.9600000590085984,0.684
3.965000059083104,0.689
3.97000005915761,0.698
3.975000059232116,0.725
3.980000059306622,0.747
3.985000059381128,0.772
3.990000059455633,0.743
3.995000059530139,0.705
4.000000059604645,0.666
4.00500005967915,0.636
4.010000059753657,0.619
4.0150000598281625,0.601
4.020000059902668,0.586
4.025000059977174,0.575
4.030000060051679,0.563
4.035000060126186,0.551
4.040000060200692,0.556
4.045000060275197,0.569
4.050000060349703,0.582
4.0550000604242085,0.584
4.060000060498715,0.552
4.065000060573221,0.523
4.070000060647726,0.494
4.075000060722232,0.499
4.0800000607967375,0.507
4.085000060871244,0.516
4.09000006094575,0.534
4.095000061020255,0.553
4.100000061094761,0.571
4.1050000611692665,0.583
4.110000061243773,0.588
4.115000061318279,0.59
4.120000061392784,0.592
4.12500006146729,0.575
4.130000061541796,0.555
4.135000061616302,0.536
4.140000061690808,0.511
4.145000061765313,0.498
4.150000061839819,0.481
4.155000061914325,0.476
4.160000061988831,0.503
4.165000062063337,0.529
4.170000062137842,0.556
4.175000062212348,0.565
4.180000062286854,0.568
4.18500006236136,0.572
4.190000062435866,0.586
4.195000062510371,0.6
4.200000062584877,0.618
4.205000062659383,0.629
4.210000062733889,0.634
4.215000062808395,0.637
4.2200000628829,0.64
4.225000062957406,0.652
4.230000063031912,0.671
4.235000063106418,0.69
4.240000063180924,0.721
4.245000063255429,0.75
4.250000063329935,0.778
4.255000063404441,0.8
4.260000063478947,0.811
4.265000063553453,0.819
4.270000063627959,0.828
4.275000063702464,0.818
4.28000006377697,0.799
4.285000063851476,0.779
4.290000063925982,0.759
4.295000064000488,0.774
4.300000064074993,0.786
4.305000064149499,0.797
4.310000064224005,0.824
4.315000064298511,0.852
4.3200000643730165,0.88
4.325000064447522,0.862
4.330000064522028,0.788
4.335000064596534,0.716
4.34000006467104,0.649
4.345000064745546,0.632
4.350000064820051,0.615
4.355000064894557,0.598
4.360000064969063,0.571
4.365000065043569,0.547
4.370000065118075,0.524
4.37500006519258,0.526
4.380000065267086,0.545
4.385000065341592,0.568
4.390000065416098,0.588
4.395000065490604,0.545
4.400000065565109,0.503
4.405000065639615,0.461
4.410000065714121,0.439
4.415000065788627,0.44
4.420000065863133,0.44
4.425000065937638,0.441
4.430000066012144,0.428
4.43500006608665,0.414
4.440000066161156,0.4
4.445000066235662,0.393
4.450000066310167,0.392
4.455000066384673,0.391
4.46000006645918,0.388
4.465000066533685,0.363
4.470000066608191,0.34
4.475000066682696,0.316
4.480000066757202,0.338
4.4850000668317085,0.36
4.490000066906214,0.381
4.49500006698072,0.404
4.500000067055225,0.428
4.505000067129731,0.453
4.5100000672042375,0.482
4.515000067278743,0.516
4.520000067353249,0.548
4.525000067427754,0.568
4.53000006750226,0.563
4.535000067576767,0.555
4.540000067651272,0.548
4.545000067725778,0.539
4.550000067800283,0.522
4.555000067874789,0.504
4.560000067949296,0.491
4.565000068023801,0.492
4.570000068098307,0.491
4.5750000681728125,0.487
4.580000068247318,0.466
4.585000068321825,0.444
4.59000006839633,0.422
4.595000068470836,0.42
4.6000000685453415,0.418
4.605000068619847,0.417
4.610000068694354,0.405
4.615000068768859,0.409
4.620000068843365,0.412
4.625000068917871,0.415
4.630000068992376,0.445
4.635000069066883,0.469
4.640000069141388,0.493
4.645000069215894,0.501
4.6500000692904,0.489
4.655000069364905,0.479
4.660000069439412,0.467
4.665000069513917,0.455
4.670000069588423,0.447
4.675000069662929,0.437
4.680000069737434,0.43
4.685000069811941,0.414
4.690000069886446,0.395
4.695000069960952,0.379
4.700000070035458,0.384
4.705000070109963,0.389
4.71000007018447,0.396
4.715000070258975,0.387
4.720000070333481,0.375
4.725000070407987,0.363
4.730000070482492,0.359
4.735000070556999,0.365
4.740000070631504,0.37
4.74500007070601,0.372
4.750000070780516,0.388
4.755000070855021,0.402
4.760000070929528,0.417
4.765000071004033,0.414
4.770000071078539,0.405
4.775000071153045,0.397
4.78000007122755,0.41
