time_min,absorb_mau
0.0,0.0
0.0533333341280619,-0.097
0.1066666682561238,-0.178
0.1600000023841858,-0.127
0.2133333365122477,-0.243
0.2666666706403096,-0.146
0.3200000047683716,-0.011
0.3733333388964335,-0.131
0.4266666730244954,-0.117
0.4800000071525573,0.013
0.5333333412806193,-0.047
0.5866666754086812,-0.127
0.6400000095367432,0.232
0.6933333436648051,1.688
0.746666677792867,4.719
0.800000011920929,9.423
0.8533333460489909,15.367
0.9066666801770528,21.126
0.9600000143051148,25.565
1.0133333484331768,28.235
1.0666666825612383,28.756
1.1200000166893005,27.197
1.1733333508173625,24.565
1.2266666849454244,21.774
1.2800000190734864,19.137
1.3333333532015483,16.761
1.3866666873296103,14.872
1.4400000214576725,13.516
1.493333355585734,12.232
1.546666689713796,11.248
1.600000023841858,10.642
1.65333335796992,10.192
1.7066666920979818,10.027
1.7600000262260438,9.916
1.8133333603541055,9.861
1.866666694482168,10.023
1.9200000286102292,10.052
1.9733333627382916,9.795
2.0266666968663536,9.311
2.0800000309944155,8.743
2.133333365122477,7.972
2.186666699250539,7.555
2.240000033378601,7.086
2.293333367506663,6.896
2.346666701634725,6.573
2.400000035762787,6.357
2.453333369890849,6.427
2.506666704018911,6.24
2.5600000381469727,6.086
2.6133333722750347,6.097
2.6666667064030967,6.058
2.720000040531158,6.004
2.7733333746592206,5.949
2.8266667087872825,5.838
2.8800000429153445,5.866
2.9333333770434065,5.841
2.986666711171468,5.934
3.04000004529953,5.962
3.093333379427592,5.908
3.146666713555654,5.91
3.200000047683716,5.961
3.253333381811778,6.041
3.30666671593984,5.99
3.3600000500679017,6.074
3.413333384195964,6.147
3.4666667183240256,6.057
3.520000052452088,6.193
3.573333386580149,6.19
3.626666720708212,6.076
3.6800000548362735,6.258
3.733333388964336,6.251
3.786666723092397,6.159
3.840000057220459,6.231
3.893333391348521,5.984
3.946666725476583,6.066
4.000000059604645,6.199
4.053333393732707,6.133
4.106666727860769,5.86
4.160000061988831,5.702
4.213333396116893,5.876
4.266666730244954,6.004
4.3200000643730165,6.256
4.373333398501078,6.266
4.4266667326291405,6.124
4.480000066757202,5.882
4.533333400885264,6.044
4.586666735013326,6.085
4.640000069141388,6.148
4.69333340326945,6.106
4.746666737397512,6.097
4.800000071525574,6.142
4.853333405653636,5.951
4.906666739781698,6.109
4.96000007390976,6.194
5.013333408037822,6.229
5.066666742165884,5.948
5.1200000762939455,6.092
5.173333410422007,6.123
5.226666744550069,6.056
5.280000078678131,5.965
5.333333412806193,6.184
5.386666746934255,6.345
5.440000081062317,6.375
5.493333415190379,6.4
5.546666749318441,6.278
5.600000083446503,6.282
5.653333417574565,6.308
5.706666751702627,6.392
5.760000085830689,6.388
5.813333419958751,6.4
5.866666754086813,6.499
5.920000088214874,6.384
5.973333422342936,6.359
6.026666756470998,6.341
6.08000009059906,6.374
6.133333424727122,6.335
6.186666758855184,6.365
6.240000092983246,6.44
6.293333427111308,6.244
6.34666676123937,6.236
6.400000095367432,6.058
6.453333429495494,5.877
6.506666763623556,6.004
6.560000097751618,5.963
6.61333343187968,5.99
6.666666766007742,5.994
6.720000100135803,6.037
6.773333434263866,5.948
6.826666768391927,5.979
6.880000102519989,5.809
6.933333436648051,5.674
6.986666770776113,5.872
7.040000104904175,5.827
7.093333439032237,5.645
7.146666773160299,5.424
7.200000107288361,5.491
7.253333441416423,5.503
7.306666775544484,5.503
7.360000109672547,5.42
7.413333443800608,5.438
7.466666777928671,5.284
7.520000112056732,5.108
7.573333446184795,5.145
7.626666780312856,5.163
7.680000114440918,5.196
7.73333344856898,5.169
7.786666782697042,5.137
7.840000116825104,5.233
7.893333450953166,5.24
7.946666785081228,5.276
8.00000011920929,5.282
8.053333453337352,5.132
8.106666787465414,5.099
8.160000121593475,5.096
8.213333455721537,5.103
8.2666667898496,5.304
8.320000123977662,5.149
8.373333458105723,5.027
8.426666792233785,5.049
8.480000126361848,5.098
8.533333460489908,5.17
8.58666679461797,5.142
8.640000128746033,4.944
8.693333462874095,5.038
8.746666797002156,5.025
8.800000131130219,5.021
8.853333465258281,5.015
8.906666799386343,4.797
8.960000133514404,4.799
9.013333467642466,4.871
9.066666801770529,4.854
9.120000135898591,4.921
9.173333470026652,4.953
9.226666804154714,4.959
9.280000138282777,4.958
9.33333347241084,5.013
9.3866668065389,5.066
9.440000140666962,5.043
9.493333474795024,4.85
9.546666808923083,4.845
9.600000143051147,4.658
9.65333347717921,4.7
9.706666811307272,4.838
9.760000145435331,4.81
9.813333479563395,5.053
9.866666813691458,5.052
9.92000014781952,4.887
9.97333348194758,4.714
10.026666816075643,4.74
10.080000150203706,4.729
10.133333484331768,4.655
10.186666818459829,4.624
10.240000152587893,4.654
10.293333486715952,4.746
10.346666820844014,4.474
10.400000154972076,4.602
10.45333348910014,4.535
10.5066668232282,4.403
10.560000157356262,4.402
10.613333491484324,4.235
10.666666825612388,4.139
10.720000159740447,4.418
10.77333349386851,4.388
10.826666827996572,4.417
10.880000162124634,4.419
10.933333496252695,4.388
10.986666830380758,4.303
11.04000016450882,4.178
11.093333498636882,4.139
11.146666832764945,4.201
11.200000166893004,4.25
11.253333501021068,4.333
11.30666683514913,4.205
11.36000016927719,4.243
11.413333503405251,4.277
11.466666837533316,4.316
11.520000171661378,4.618
11.57333350578944,4.457
11.6266668399175,4.408
11.680000174045563,4.283
11.733333508173626,4.164
11.786666842301686,4.036
11.840000176429747,3.85
11.893333510557811,3.975
11.946666844685872,3.97
12.000000178813934,3.894
12.053333512941997,3.885
12.10666684707006,3.751
12.16000018119812,3.713
12.213333515326182,3.522
12.266666849454245,3.538
12.320000183582309,3.427
12.373333517710368,3.527
12.42666685183843,3.454
12.480000185966492,3.23
12.533333520094557,3.26
12.586666854222615,3.303
12.640000188350678,3.34
12.69333352247874,3.334
12.746666856606804,3.291
12.800000190734863,3.28
12.853333524862926,2.965
12.906666858990988,2.742
12.960000193119049,2.88
13.013333527247111,2.982
13.066666861375174,2.845
13.120000195503236,2.87
13.173333529631297,2.753
13.22666686375936,2.619
13.28000019788742,2.642
13.333333532015484,2.734
13.386666866143544,2.846
13.440000200271609,2.911
13.49333353439967,2.735
13.546666868527732,2.485
13.600000202655792,2.411
13.653333536783856,2.406
13.706666870911915,2.405
13.760000205039978,2.24
13.81333353916804,2.19
13.866666873296102,2.211
13.920000207424165,2.279
13.973333541552226,2.303
14.026666875680288,2.255
14.08000020980835,2.1
14.133333543936413,2.059
14.186666878064472,2.1
14.240000212192536,2.099
14.293333546320598,2.132
14.34666688044866,2.122
14.40000021457672,2.129
14.453333548704784,2.203
14.506666882832846,2.195
14.560000216960908,2.287
14.613333551088967,2.213
14.666666885217031,1.983
14.720000219345094,2.088
14.773333553473154,2.174
14.826666887601217,2.102
14.88000022172928,1.741
14.933333555857342,1.704
14.986666889985402,1.849
15.040000224113465,1.844
15.093333558241527,1.646
15.14666689236959,1.693
15.20000022649765,1.822
15.253333560625713,1.713
15.306666894753777,1.62
15.360000228881836,1.553
15.413333563009898,1.393
15.46666689713796,1.428
15.520000231266025,1.51
15.573333565394083,1.536
15.626666899522146,1.446
15.680000233650208,1.505
15.73333356777827,1.681
15.786666901906331,1.592
15.840000236034394,1.521
15.893333570162456,1.356
15.946666904290518,1.345
16.00000023841858,1.456
16.05333357254664,1.461
16.106666906674704,1.302
16.160000240802766,1.371
16.21333357493083,1.146
16.266666909058888,1.22
16.32000024318695,1.311
16.373333577315012,1.29
16.426666911443075,1.305
16.480000245571137,1.404
16.5333335796992,1.305
16.586666913827262,1.358
16.640000247955324,1.437
16.693333582083383,1.212
16.746666916211446,1.283
16.800000250339508,1.274
16.85333358446757,1.308
16.906666918595633,1.36
16.960000252723695,1.38
17.013333586851758,1.231
17.066666920979817,1.467
17.12000025510788,1.488
17.17333358923594,1.55
17.226666923364004,1.615
17.280000257492066,1.547
17.33333359162013,1.269
17.38666692574819,1.215
17.440000259876253,1.341
17.493333594004312,1.482
17.546666928132375,1.543
17.600000262260437,1.359
17.6533335963885,1.297
17.706666930516562,1.239
17.760000264644624,1.309
17.813333598772687,1.209
17.866666932900745,1.167
17.920000267028808,1.265
17.97333360115687,1.247
18.026666935284933,1.229
18.080000269412995,1.136
18.133333603541057,1.144
18.18666693766912,1.148
18.240000271797182,1.004
18.29333360592524,0.956
18.346666940053304,1.044
18.40000027418137,1.172
18.45333360830943,1.135
18.50666694243749,0.933
18.560000276565557,0.973
18.613333610693616,0.986
18.66666694482168,0.991
18.720000278949737,1.156
18.7733336130778,1.175
18.82666694720586,1.25
18.880000281333924,1.149
18.933333615461983,1.001
18.98666694959005,1.007
19.04000028371811,0.858
19.09333361784617,0.726
19.146666951974236,0.791
19.20000028610229,0.733
19.25333362023036,0.73
19.30666695435842,0.901
19.36000028848648,0.972
19.413333622614545,0.93
19.466666956742607,0.964
19.520000290870662,0.817
19.573333624998728,0.669
19.62666695912679,0.612
19.680000293254853,0.751
19.733333627382915,0.781
19.786666961510974,0.819
19.84000029563904,0.813
19.8933336297671,0.589
19.94666696389516,0.588
20.000000298023224,0.661
20.053333632151286,0.579
20.10666696627935,0.663
20.16000030040741,0.641
20.213333634535477,0.489
20.266666968663536,0.347
20.320000302791595,0.604
20.373333636919657,0.645
20.42666697104772,0.436
20.480000305175786,0.27
20.533333639303844,0.486
20.586666973431907,0.513
20.64000030755997,0.58
20.693333641688028,0.604
20.74666697581609,0.549
20.800000309944156,0.541
20.85333364407221,0.596
20.90666697820028,0.544
20.96000031232834,0.549
21.0133336464564,0.68
21.066666980584465,0.668
21.120000314712524,0.747
21.173333648840583,0.823
21.22666698296865,0.868
21.28000031709671,0.949
21.333333651224773,0.652
21.38666698535284,0.614
21.440000319480895,0.845
21.49333365360896,0.779
21.54666698773702,0.689
21.60000032186508,0.604
21.653333655993144,0.635
21.706666990121207,0.723
21.76000032424927,0.702
21.81333365837733,0.434
21.866666992505397,0.395
21.920000326633453,0.481
21.973333660761515,0.643
22.026666994889577,0.546
22.08000032901764,0.399
22.133333663145702,0.582
22.186666997273765,0.638
22.240000331401827,0.72
22.29333366552989,0.624
22.34666699965795,0.482
22.40000033378601,0.342
22.453333667914077,0.377
22.506667002042136,0.627
22.5600003361702,0.648
22.61333367029826,0.571
22.666667004426323,0.8
22.72000033855438,0.6
22.773333672682444,0.489
22.826667006810503,0.484
22.88000034093857,0.676
22.93333367506663,0.613
22.986667009194694,0.345
23.04000034332276,0.591
23.09333367745081,0.657
23.14666701157888,0.63
23.20000034570694,0.596
23.253333679835,0.524
23.306667013963065,0.479
23.360000348091127,0.429
23.41333368221919,0.363
23.46666701634725,0.402
23.52000035047531,0.505
23.573333684603373,0.561
23.626667018731435,0.541
23.680000352859494,0.575
23.73333368698756,0.396
23.786667021115623,0.276
23.840000355243685,0.384
23.893333689371744,0.407
23.946667023499806,0.254
24.00000035762787,0.127
24.05333369175593,0.279
24.106667025883997,0.21
24.160000360012056,0.272
24.21333369414012,0.126
24.26666702826818,0.142
24.32000036239624,0.092
24.373333696524305,0.001
24.426667030652364,-0.065
24.480000364780427,0.048
24.53333369890849,0.066
24.58666703303655,0.162
24.64000036716461,0.074
24.693333701292676,0.13
24.74666703542073,-0.108
24.8000003695488,-0.281
24.85333370367686,0.019
24.90666703780492,0.113
24.960000371932985,0.181
25.013333706061047,0.122
25.06666704018911,0.026
25.12000037431717,-0.056
25.17333370844523,-0.206
25.226667042573293,-0.124
25.28000037670136,-0.136
25.333333710829415,-0.157
25.38666704495748,-0.013
25.440000379085543,0.009
25.493333713213605,-0.161
25.546667047341664,-0.468
25.600000381469727,-0.32
25.65333371559779,-0.019
25.70666704972585,0.034
25.760000383853917,-0.066
25.813333717981976,-0.233
25.86666705211004,-0.157
25.920000386238097,-0.056
25.97333372036616,-0.03
26.026667054494222,-0.005
26.080000388622285,0.015
26.133333722750347,-0.142
26.18666705687841,0.018
26.240000391006472,-0.07
26.29333372513453,-0.181
26.346667059262597,-0.048
26.400000393390656,-0.072
26.45333372751872,-0.005
26.50666706164678,-0.155
26.560000395774843,-0.149
26.613333729902905,-0.044
26.666667064030968,-0.139
26.720000398159023,-0.12
26.77333373228709,-0.188
26.82666706641515,-0.165
26.880000400543214,-0.121
26.93333373467128,-0.222
26.98666706879934,-0.223
27.0400004029274,0.028
27.093333737055463,-0.023
27.14666707118352,0.077
27.200000405311584,0.232
27.253333739439647,-0.06
27.30666707356771,-0.069
27.36000040769577,0.001
27.413333741823838,0.144
27.466667075951896,0.079
27.520000410079955,-0.151
27.573333744208018,-0.112
27.62666707833608,-0.215
27.680000412464143,-0.185
27.733333746592205,-0.041
27.786667080720267,-0.117
27.84000041484833,0.001
27.893333748976392,-0.044
27.94666708310445,-0.122
28.000000417232517,-0.332
28.053333751360576,-0.268
28.10666708548864,-0.288
28.1600004196167,-0.483
28.213333753744763,-0.414
28.266667087872825,-0.102
28.320000422000884,-0.115
28.373333756128947,-0.009
28.42666709025701,-0.089
28.48000042438507,0.059
28.53333375851313,-0.019
28.5866670926412,-0.274
28.64000042676926,-0.127
28.69333376089732,-0.222
28.74666709502538,-0.088
28.80000042915344,-0.249
28.853333763281505,-0.331
28.906667097409567,-0.255
28.96000043153763,-0.301
29.01333376566569,-0.355
29.066667099793754,-0.371
29.120000433921813,-0.412
29.17333376804988,-0.267
29.226667102177935,-0.51
29.280000436306,-0.437
29.333333770434063,-0.387
29.386667104562125,-0.447
29.440000438690188,-0.357
29.49333377281825,-0.267
29.54666710694631,-0.364
29.60000044107437,-0.318
29.653333775202437,-0.12
29.706667109330496,-0.303
29.76000044345856,-0.354
29.81333377758662,-0.485
29.866667111714683,-0.527
29.920000445842746,-0.479
29.973333779970805,-0.566
30.026667114098867,-0.454
30.08000044822693,-0.277
30.133333782354992,-0.292
30.18666711648305,-0.32
30.24000045061112,-0.33
30.29333378473918,-0.214
30.34666711886724,-0.262
30.4000004529953,-0.303
30.453333787123363,-0.45
30.506667121251425,-0.22
30.560000455379488,-0.396
30.61333378950755,-0.407
30.66666712363561,-0.576
30.72000045776367,-0.654
30.773333791891734,-0.516
30.8266671260198,-0.66
30.88000046014786,-0.57
30.93333379427592,-0.704
30.986667128403983,-0.515
31.04000046253205,-0.402
31.093333796660108,-0.526
31.146667130788167,-0.366
31.20000046491623,-0.294
31.25333379904429,-0.551
31.306667133172358,-0.413
31.360000467300416,-0.36
31.41333380142848,-0.48
31.46666713555654,-0.336
31.5200004696846,-0.36
31.573333803812663,-0.535
31.626667137940725,-0.576
31.680000472068787,-0.664
31.73333380619685,-0.647
31.786667140324912,-0.632
31.84000047445297,-0.464
31.89333380858104,-0.499
31.946667142709096,-0.493
32.00000047683716,-0.524
32.05333381096522,-0.453
32.10666714509328,-0.437
32.160000479221345,-0.622
32.21333381334941,-0.647
32.26666714747747,-0.646
32.32000048160553,-0.488
32.373333815733595,-0.389
32.42666714986166,-0.459
32.48000048398972,-0.378
32.533333818117775,-0.659
32.58666715224584,-0.565
32.6400004863739,-0.453
32.69333382050196,-0.463
32.746667154630025,-0.567
32.80000048875809,-0.724
32.85333382288615,-0.464
32.90666715701421,-0.613
32.960000491142274,-0.521
33.01333382527034,-0.268
33.0666671593984,-0.433
33.12000049352646,-0.546
33.173333827654524,-0.451
33.226667161782586,-0.542
33.28000049591065,-0.56
33.333333830038704,-0.652
33.38666716416677,-0.463
33.44000049829483,-0.331
33.49333383242289,-0.53
33.546667166550954,-0.526
33.600000500679016,-0.544
33.65333383480708,-0.538
33.70666716893514,-0.614
33.7600005030632,-0.488
33.813333837191266,-0.428
33.86666717131933,-0.565
33.92000050544739,-0.334
33.97333383957545,-0.294
34.026667173703515,-0.386
34.08000050783158,-0.469
34.13333384195963,-0.47
34.186667176087695,-0.483
34.24000051021576,-0.618
34.29333384434382,-0.352
34.34666717847188,-0.445
34.400000512599945,-0.466
34.45333384672801,-0.518
34.50666718085607,-0.412
34.56000051498413,-0.317
34.613333849112195,-0.411
34.66666718324026,-0.657
34.72000051736832,-0.723
34.77333385149638,-0.624
34.826667185624444,-0.334
34.88000051975251,-0.581
34.93333385388056,-0.661
34.986667188008624,-0.429
35.04000052213669,-0.593
35.09333385626475,-0.733
35.14666719039281,-0.592
35.200000524520874,-0.658
35.253333858648936,-0.423
35.306667192777,-0.4
35.36000052690506,-0.495
35.413333861033124,-0.677
35.466667195161186,-0.54
35.52000052928925,-0.537
35.57333386341731,-0.666
35.62666719754537,-0.69
35.68000053167344,-0.707
35.73333386580149,-0.51
35.78666719992955,-0.649
35.840000534057616,-0.49
35.89333386818568,-0.559
35.94666720231374,-0.59
36.0000005364418,-0.733
36.053333870569865,-0.777
36.10666720469793,-0.598
36.16000053882599,-0.609
36.21333387295405,-0.702
36.26666720708212,-0.617
36.32000054121018,-0.858
36.37333387533824,-0.776
36.4266672094663,-0.759
36.480000543594365,-0.744
36.53333387772243,-0.704
36.58666721185048,-0.552
36.64000054597855,-0.831
36.69333388010661,-0.824
36.74666721423467,-0.654
36.80000054836273,-0.579
36.8533338824908,-0.753
36.90666721661886,-0.807
36.96000055074692,-0.706
37.01333388487498,-0.879
37.06666721900304,-0.985
37.12000055313111,-0.964
37.17333388725917,-0.846
37.22666722138723,-0.73
37.280000555515294,-0.729
37.33333388964336,-0.841
37.38666722377141,-0.878
37.440000557899474,-0.983
37.493333892027536,-0.723
37.5466672261556,-0.866
37.60000056028366,-0.749
37.65333389441172,-0.556
37.706667228539786,-0.708
37.76000056266785,-0.7
37.81333389679591,-0.844
37.86666723092397,-0.907
37.92000056505204,-0.902
37.9733338991801,-0.759
38.02666723330816,-0.914
38.08000056743622,-1.075
38.133333901564285,-0.794
38.18666723569234,-0.736
38.2400005698204,-0.718
38.29333390394847,-0.506
38.34666723807653,-0.484
38.40000057220459,-0.651
38.45333390633265,-0.647
38.50666724046072,-0.877
38.56000057458878,-0.834
38.61333390871684,-0.784
38.6666672428449,-0.746
38.72000057697296,-0.915
38.77333391110103,-0.84
38.82666724522909,-0.756
38.88000057935715,-0.897
38.933333913485214,-1.076
38.98666724761327,-1.183
39.04000058174133,-0.771
39.093333915869394,-0.746
39.146667249997456,-0.685
39.20000058412552,-0.869
39.25333391825358,-0.806
39.30666725238165,-0.781
39.360000586509706,-0.803
39.41333392063777,-0.56
39.46666725476583,-0.718
39.52000058889389,-0.998
39.57333392302196,-1.059
39.62666725715002,-1.074
39.68000059127808,-1.047
39.73333392540614,-1.065
39.7866672595342,-0.921
39.84000059366226,-0.875
39.89333392779032,-0.933
39.94666726191839,-1.088
40.00000059604645,-1.003
40.05333393017451,-0.762
40.10666726430257,-0.933
40.16000059843064,-1.087
40.2133339325587,-1.02
40.26666726668676,-1.032
40.32000060081482,-0.767
40.373333934942885,-0.774
40.42666726907095,-1.046
40.48000060319901,-1.091
40.53333393732707,-0.953
40.58666727145513,-0.762
40.64000060558319,-0.905
40.69333393971125,-0.87
40.746667273839314,-0.789
40.80000060796738,-0.732
40.85333394209544,-0.859
40.9066672762235,-0.831
40.96000061035157,-0.77
41.013333944479626,-0.639
41.06666727860769,-0.786
41.12000061273575,-0.859
41.17333394686381,-0.693
41.22666728099188,-0.874
41.28000061511994,-0.892
41.333333949248,-0.99
41.386667283376056,-0.895
41.44000061750412,-0.909
41.49333395163218,-0.747
41.54666728576024,-0.924
41.60000061988831,-0.73
41.65333395401637,-0.666
41.70666728814443,-0.712
41.76000062227249,-0.588
41.81333395640056,-0.964
41.86666729052862,-0.989
41.92000062465668,-0.885
41.97333395878474,-1.047
42.026667292912805,-0.859
42.08000062704087,-0.938
42.13333396116893,-1.033
42.186667295296985,-1.082
42.24000062942505,-1.011
42.29333396355311,-1.062
42.34666729768117,-0.931
42.40000063180924,-0.775
42.4533339659373,-0.884
42.50666730006536,-0.987
42.56000063419342,-0.896
42.61333396832149,-1.061
42.66666730244955,-0.954
42.72000063657761,-0.615
42.77333397070567,-0.932
42.82666730483373,-1.091
42.8800006389618,-0.802
42.93333397308986,-0.775
42.98666730721792,-0.901
43.040000641345976,-1.015
43.09333397547404,-1.012
43.1466673096021,-1.056
43.20000064373016,-1.037
43.25333397785823,-0.957
43.30666731198629,-1.198
43.36000064611435,-1.038
43.41333398024241,-1.103
43.46666731437048,-1.116
43.52000064849854,-1.066
43.5733339826266,-1.168
43.62666731675466,-1.06
43.680000650882725,-0.898
43.73333398501079,-0.891
43.78666731913884,-0.921
43.840000653266905,-1.098
43.89333398739497,-1.127
43.94666732152303,-0.904
44.00000065565109,-0.878
44.05333398977916,-0.865
44.10666732390722,-0.929
44.16000065803528,-0.939
44.21333399216334,-0.983
44.266667326291405,-1.08
44.32000066041947,-1.002
44.37333399454753,-1.116
44.42666732867559,-0.977
44.48000066280365,-0.965
44.53333399693172,-1.082
44.58666733105977,-1.124
44.64000066518784,-1.103
44.6933339993159,-0.93
44.74666733344396,-0.95
44.80000066757202,-0.959
44.85333400170008,-0.89
44.90666733582815,-1.01
44.96000066995621,-0.839
45.01333400408427,-1.045
45.06666733821233,-1.09
45.1200006723404,-0.992
45.17333400646846,-0.969
45.22666734059652,-0.946
