time_min,absorb_mau
0.0,0.0
0.023333333681027,0.023
0.0466666673620541,0.08
0.0700000010430812,0.03
0.0933333347241083,0.096
0.1166666684051354,0.02
0.1400000020861625,-0.078
0.1633333357671896,-0.016
0.1866666694482167,-0.076
0.2100000031292438,-0.049
0.2333333368102709,-0.068
0.256666670491298,-0.067
0.2800000041723251,-0.094
0.3033333378533522,-0.067
0.3266666715343793,-0.031
0.3500000052154064,-0.036
0.3733333388964335,-0.04
0.3966666725774606,-0.029
0.4200000062584877,0.069
0.4433333399395148,0.002
0.4666666736205419,-0.029
0.490000007301569,-0.157
0.5133333409825961,-0.144
0.5366666746636232,0.078
0.5600000083446502,0.274
0.5833333420256774,0.39
0.6066666757067045,0.45
0.6300000093877316,0.915
0.6533333430687587,2.029
0.6766666767497858,4.203
0.7000000104308128,7.789
0.7233333441118399,12.957
0.746666677792867,20.352
0.7700000114738942,29.841
0.7933333451549213,41.255
0.8166666788359483,54.59
0.8400000125169754,69.412
0.8633333461980025,85.545
0.8866666798790296,102.08
0.9100000135600568,118.266
0.933333347241084,133.423
0.9566666809221108,146.568
0.980000014603138,157.443
1.003333348284165,165.901
1.0266666819651922,172.015
1.0500000156462193,175.998
1.0733333493272463,178.557
1.0966666830082734,179.564
1.1200000166893005,179.443
1.1433333503703276,178.703
1.1666666840513549,177.091
1.190000017732382,175.052
1.213333351413409,172.855
1.236666685094436,169.873
1.2600000187754632,166.724
1.2833333524564905,163.397
1.3066666861375174,159.455
1.3300000198185444,155.555
1.3533333534995715,151.32
1.3766666871805986,147.198
1.4000000208616257,143.012
1.4233333545426528,138.916
1.4466666882236798,135.057
1.470000021904707,131.256
1.493333355585734,127.685
1.5166666892667613,124.005
1.5400000229477884,120.632
1.5633333566288157,117.254
1.5866666903098423,113.955
1.6100000239908696,110.807
1.6333333576718967,107.256
1.6566666913529238,103.829
1.6800000250339509,100.236
1.703333358714978,96.514
1.726666692396005,92.866
1.750000026077032,89.219
1.7733333597580592,85.69
1.7966666934390862,82.384
1.820000027120113,78.9
1.8433333608011409,75.713
1.866666694482168,72.665
1.8900000281631948,69.742
1.9133333618442216,67.12
1.936666695525249,64.263
1.960000029206276,61.602
1.983333362887303,59.129
2.00666669656833,56.884
2.030000030249357,54.901
2.0533333639303843,52.909
2.076666697611412,51.097
2.1000000312924385,49.246
2.123333364973466,47.512
2.1466666986544927,45.8
2.17000003233552,44.391
2.193333366016547,42.913
2.216666699697574,41.723
2.240000033378601,40.597
2.2633333670596283,39.274
2.286666700740655,38.091
2.3100000344216824,36.783
2.3333333681027097,35.585
2.3566667017837366,34.439
2.380000035464764,33.428
2.4033333691457908,32.445
2.426666702826818,31.554
2.450000036507845,30.629
2.473333370188872,29.642
2.496666703869899,28.701
2.5200000375509264,27.98
2.543333371231953,27.222
2.5666667049129805,26.571
2.5900000385940074,25.712
2.6133333722750347,24.975
2.6366667059560616,24.311
2.660000039637089,23.711
2.683333373318116,23.213
2.706666706999143,22.749
2.7300000406801703,22.283
2.753333374361197,21.81
2.7766667080422245,21.373
2.800000041723252,20.866
2.823333375404278,20.514
2.846666709085305,20.092
2.870000042766333,19.593
2.89333337644736,19.137
2.916666710128387,18.836
2.940000043809414,18.582
2.963333377490441,18.339
2.986666711171468,17.996
3.0100000448524957,17.684
3.0333333785335226,17.203
3.056666712214549,16.713
3.0800000458955767,16.318
3.103333379576604,15.989
3.126666713257631,15.882
3.1500000469386578,15.671
3.173333380619685,15.263
3.196666714300712,14.847
3.220000047981739,14.616
3.243333381662766,14.352
3.2666667153437934,14.186
3.29000004902482,13.924
3.3133333827058475,13.589
3.336666716386875,13.306
3.3600000500679017,13.071
3.383333383748929,12.964
3.406666717429956,12.757
3.430000051110983,12.648
3.45333338479201,12.416
3.4766667184730373,12.05
3.500000052154064,12.002
3.5233333858350915,11.808
3.5466667195161183,11.701
3.5700000531971456,11.538
3.5933333868781725,11.208
3.6166667205592,11.028
3.640000054240226,10.92
3.663333387921254,10.84
3.686666721602281,10.677
3.710000055283308,10.429
3.733333388964336,10.299
3.7566667226453614,10.161
3.7800000563263896,10.203
3.803333390007416,10.055
3.826666723688444,9.837
3.850000057369471,9.629
3.873333391050498,9.436
3.8966667247315248,9.405
3.920000058412552,9.246
3.943333392093579,9.078
3.966666725774606,8.833
3.990000059455633,8.764
4.01333339313666,8.904
4.036666726817687,8.937
4.060000060498715,8.968
4.083333394179742,8.813
4.106666727860769,8.72
4.130000061541796,8.801
4.153333395222823,8.855
4.17666672890385,9.052
4.200000062584877,9.012
4.223333396265904,8.973
4.246666729946932,8.778
4.270000063627959,8.619
4.293333397308985,8.471
4.316666730990012,8.513
4.34000006467104,8.383
4.363333398352067,8.246
4.386666732033094,8.297
4.410000065714121,8.196
4.433333399395148,8.19
4.456666733076175,8.146
4.480000066757202,8.001
4.50333340043823,7.933
4.526666734119257,7.964
4.550000067800283,7.691
4.57333340148131,7.516
4.596666735162338,7.423
4.620000068843365,7.439
4.643333402524392,7.512
4.66666673620542,7.469
4.690000069886446,7.343
4.713333403567473,7.001
4.7366667372485,6.971
4.760000070929528,6.825
4.783333404610555,6.803
4.8066667382915815,6.735
4.830000071972608,6.555
4.853333405653636,6.408
4.876666739334663,6.315
4.90000007301569,6.231
4.923333406696717,6.305
4.9466667403777445,6.294
4.970000074058771,6.273
4.993333407739798,6.198
5.016666741420826,5.877
5.040000075101853,5.805
5.06333340878288,5.764
5.0866667424639065,5.715
5.110000076144934,5.731
5.133333409825961,5.605
5.156666743506988,5.527
5.180000077188015,5.5
5.2033334108690426,5.439
5.226666744550069,5.404
5.250000078231096,5.247
5.273333411912123,4.971
5.296666745593151,4.8
5.320000079274178,4.785
5.343333412955205,4.832
5.366666746636232,4.911
5.390000080317259,4.846
5.413333413998286,4.683
5.436666747679313,4.547
5.460000081360341,4.696
5.483333415041368,4.695
5.506666748722394,4.715
5.530000082403421,4.697
5.553333416084449,4.663
5.576666749765476,4.695
5.600000083446503,4.534
5.6233334171275295,4.443
5.646666750808557,4.195
5.670000084489584,4.163
5.693333418170611,4.102
5.716666751851639,4.046
5.740000085532666,4.14
5.7633334192136925,4.129
5.786666752894719,4.13
5.810000086575747,4.154
5.833333420256774,4.041
5.856666753937801,3.934
5.880000087618828,3.842
5.903333421299855,3.896
5.926666754980882,3.776
5.950000088661909,3.965
5.973333422342936,4.053
5.996666756023964,3.943
6.020000089704991,3.896
6.043333423386017,3.94
6.066666757067045,3.832
6.090000090748072,3.795
6.113333424429099,3.691
6.136666758110126,3.563
6.1600000917911535,3.487
6.18333342547218,3.519
6.206666759153207,3.582
6.230000092834234,3.541
6.253333426515262,3.632
6.276666760196289,3.583
6.300000093877316,3.512
6.323333427558342,3.464
6.34666676123937,3.222
6.370000094920397,3.191
6.393333428601424,3.067
6.416666762282452,3.006
6.440000095963478,2.932
6.463333429644505,2.773
6.486666763325532,2.699
6.51000009700656,2.673
6.533333430687587,2.746
6.556666764368614,2.895
6.5800000980496405,3.049
6.603333431730668,3.088
6.626666765411695,3.078
6.650000099092722,2.885
6.67333343277375,2.881
6.6966667664547765,2.925
6.720000100135803,3.014
6.74333343381683,3.061
6.766666767497858,2.873
6.790000101178885,2.838
6.813333434859912,2.778
6.836666768540939,2.747
6.860000102221966,2.745
6.883333435902993,2.704
6.90666676958402,2.746
6.930000103265047,2.669
6.953333436946075,2.708
6.9766667706271015,2.59
7.000000104308128,2.539
7.023333437989156,2.7
7.046666771670183,2.87
7.07000010535121,3.0
7.093333439032237,3.018
7.116666772713264,2.925
7.140000106394291,2.792
7.163333440075318,2.755
7.186666773756345,2.881
7.210000107437373,2.815
7.2333334411184,2.845
7.256666774799426,2.856
7.280000108480453,2.75
7.303333442161481,2.822
7.326666775842508,2.773
7.350000109523535,2.655
7.373333443204562,2.558
7.396666776885589,2.527
7.420000110566616,2.483
7.443333444247643,2.613
7.466666777928671,2.71
7.490000111609698,2.679
7.513333445290723,2.795
7.536666778971751,2.754
7.560000112652779,2.75
7.583333446333806,2.6
7.606666780014833,2.473
7.63000011369586,2.559
7.653333447376887,2.615
7.676666781057914,2.533
7.700000114738941,2.509
7.723333448419969,2.309
7.746666782100996,2.377
7.770000115782023,2.514
7.7933334494630495,2.431
7.816666783144077,2.564
7.840000116825104,2.451
7.863333450506131,2.262
7.886666784187158,2.394
7.910000117868186,2.314
7.933333451549212,2.14
7.956666785230239,2.078
7.980000118911266,1.853
8.003333452592294,1.927
8.02666678627332,2.161
8.050000119954348,2.249
8.073333453635374,2.272
8.096666787316401,2.208
8.12000012099743,1.989
8.143333454678457,2.084
8.166666788359484,2.079
8.19000012204051,2.2
8.213333455721537,2.194
8.236666789402564,2.097
8.260000123083591,2.101
8.283333456764618,2.005
8.306666790445647,2.013
8.330000124126673,1.95
8.3533334578077,1.774
8.376666791488727,1.837
8.400000125169754,1.818
8.42333345885078,2.003
8.446666792531808,1.984
8.470000126212836,1.971
8.493333459893863,1.944
8.51666679357489,1.854
8.540000127255917,1.961
8.563333460936944,1.866
8.58666679461797,1.814
8.610000128298998,1.787
8.633333461980024,1.782
8.656666795661053,1.896
8.68000012934208,1.992
8.703333463023107,1.874
8.726666796704134,2.028
8.75000013038516,2.0
8.773333464066187,2.047
8.796666797747214,1.974
8.820000131428243,1.949
8.84333346510927,1.865
8.866666798790297,1.804
8.890000132471323,1.942
8.91333346615235,1.935
8.936666799833377,1.923
8.960000133514404,1.891
8.98333346719543,1.761
9.00666680087646,1.656
9.030000134557486,1.612
9.053333468238511,1.537
9.07666680191954,1.588
9.100000135600569,1.599
9.123333469281594,1.557
9.14666680296262,1.753
9.17000013664365,1.86
9.193333470324676,2.012
9.216666804005705,2.139
9.24000013768673,2.08
9.263333471367757,2.038
9.286666805048784,1.995
9.31000013872981,1.909
9.33333347241084,1.799
9.356666806091866,1.752
9.380000139772893,1.648
9.40333347345392,1.738
9.426666807134946,1.723
9.450000140815972,1.817
9.473333474497,1.861
9.496666808178029,1.869
9.520000141859056,2.027
9.543333475540082,1.993
9.56666680922111,1.956
9.590000142902136,1.948
9.613333476583165,1.739
9.63666681026419,1.684
9.660000143945217,1.714
9.683333477626244,1.714
9.706666811307272,1.817
9.7300001449883,1.807
9.753333478669326,1.675
9.776666812350353,1.706
9.80000014603138,1.739
9.823333479712408,1.785
9.846666813393432,1.701
9.870000147074462,1.679
9.893333480755487,1.633
9.916666814436516,1.629
9.940000148117544,1.691
9.96333348179857,1.733
9.986666815479596,1.935
10.010000149160623,1.999
10.033333482841652,1.862
10.05666681652268,1.65
10.080000150203706,1.465
10.103333483884732,1.45
10.12666681756576,1.554
10.150000151246786,1.509
10.173333484927811,1.534
10.19666681860884,1.636
10.220000152289868,1.636
10.243333485970895,1.744
10.266666819651922,1.795
10.290000153332947,1.655
10.313333487013976,1.653
10.336666820695005,1.531
10.36000015437603,1.486
10.383333488057058,1.394
10.406666821738083,1.482
10.430000155419112,1.536
10.45333348910014,1.467
10.476666822781166,1.549
10.500000156462193,1.501
10.52333349014322,1.543
10.546666823824246,1.773
10.570000157505277,1.825
10.593333491186302,1.777
10.616666824867329,1.676
10.640000158548355,1.548
10.663333492229382,1.628
10.68666682591041,1.795
10.710000159591436,1.827
10.733333493272465,1.678
10.756666826953492,1.575
10.780000160634518,1.587
10.803333494315543,1.603
10.826666827996572,1.651
10.8500001616776,1.514
10.873333495358626,1.373
10.896666829039653,1.278
10.92000016272068,1.252
10.943333496401708,1.129
10.966666830082737,1.148
10.990000163763762,1.075
11.013333497444789,1.195
11.036666831125816,1.146
11.060000164806842,1.222
11.083333498487873,1.17
11.106666832168898,1.289
11.130000165849925,1.339
11.153333499530952,1.336
11.17666683321198,1.321
11.200000166893004,1.15
11.223333500574032,1.15
11.24666683425506,1.155
11.270000167936088,1.251
11.293333501617116,1.446
11.31666683529814,1.421
11.340000168979168,1.282
11.363333502660195,1.32
11.386666836341222,1.149
11.410000170022249,1.106
11.433333503703278,1.036
11.456666837384304,0.942
11.480000171065331,1.038
11.503333504746358,1.076
11.526666838427383,1.048
11.550000172108412,1.075
11.57333350578944,1.063
11.596666839470466,1.096
11.620000173151494,1.152
11.64333350683252,1.094
11.666666840513548,1.127
11.690000174194576,1.128
11.713333507875602,1.077
11.736666841556628,1.262
11.760000175237655,1.269
11.783333508918684,1.277
11.80666684259971,1.201
11.830000176280738,1.107
11.853333509961764,1.086
11.876666843642791,1.193
11.900000177323818,1.311
11.923333511004843,1.281
11.946666844685872,1.298
11.9700001783669,1.166
11.993333512047927,1.075
12.016666845728954,1.042
12.04000017940998,0.997
12.063333513091008,1.004
12.086666846772037,1.077
12.110000180453062,1.008
12.13333351413409,0.939
12.156666847815115,1.032
12.180000181496144,0.975
12.203333515177173,1.074
12.226666848858198,1.015
12.250000182539225,0.963
12.273333516220251,0.915
12.296666849901278,0.954
12.320000183582309,0.937
12.343333517263334,0.931
12.36666685094436,0.769
12.390000184625388,0.733
12.413333518306414,0.76
12.43666685198744,0.888
12.460000185668468,0.862
12.483333519349497,0.819
12.506666853030524,0.856
12.53000018671155,0.957
12.553333520392576,1.093
12.576666854073604,1.111
12.600000187754633,0.967
12.623333521435658,0.814
12.646666855116685,0.918
12.670000188797712,0.966
12.69333352247874,0.964
12.716666856159769,1.012
12.740000189840794,0.927
12.76333352352182,1.071
12.786666857202848,1.079
12.810000190883876,1.012
12.833333524564903,0.954
12.85666685824593,0.886
12.880000191926957,0.913
12.903333525607984,0.981
12.92666685928901,0.998
12.950000192970036,1.021
12.973333526651064,0.897
12.996666860332091,0.83
13.02000019401312,0.837
13.043333527694148,0.87
13.066666861375174,1.021
13.0900001950562,1.039
13.113333528737227,1.097
13.136666862418254,1.078
13.16000019609928,1.015
13.18333352978031,0.849
13.206666863461336,0.853
13.230000197142363,0.91
13.25333353082339,1.006
13.276666864504415,0.991
13.300000198185444,0.9
13.32333353186647,0.757
13.3466668655475,0.725
13.370000199228526,0.771
13.393333532909551,0.873
13.41666686659058,0.84
13.440000200271609,0.948
13.463333533952634,0.966
13.48666686763366,0.982
13.510000201314687,0.881
13.533333534995716,0.689
13.556666868676745,0.541
13.58000020235777,0.549
13.603333536038797,0.602
13.626666869719823,0.535
13.65000020340085,0.509
13.673333537081875,0.472
13.696666870762906,0.636
13.720000204443933,0.807
13.74333353812496,0.906
13.766666871805986,0.955
13.790000205487011,0.887
13.81333353916804,0.908
13.836666872849069,0.924
13.860000206530094,0.884
13.883333540211122,0.865
13.90666687389215,0.847
13.930000207573176,0.623
13.953333541254205,0.556
13.97666687493523,0.517
14.000000208616257,0.619
14.023333542297284,0.754
14.046666875978312,0.806
14.07000020965934,0.795
14.093333543340366,0.637
14.116666877021393,0.613
14.14000021070242,0.548
14.163333544383446,0.574
14.186666878064472,0.613
14.2100002117455,0.607
14.233333545426529,0.687
14.256666879107556,0.744
14.280000212788584,0.837
14.30333354646961,0.927
14.326666880150636,0.93
14.350000213831663,0.831
14.37333354751269,0.781
14.39666688119372,0.777
14.420000214874744,0.684
14.443333548555772,0.706
14.4666668822368,0.753
14.490000215917826,0.745
14.513333549598851,0.729
14.53666688327988,0.747
14.560000216960908,0.723
14.583333550641935,0.725
14.606666884322962,0.728
14.630000218003987,0.754
14.653333551685016,0.776
14.676666885366044,0.772
14.70000021904707,0.664
14.723333552728096,0.668
14.746666886409123,0.642
14.770000220090152,0.584
14.79333355377118,0.49
14.816666887452206,0.325
14.840000221133232,0.471
14.86333355481426,0.556
14.886666888495286,0.712
14.910000222176311,0.743
14.933333555857342,0.742
14.956666889538369,0.811
14.980000223219395,0.736
15.003333556900422,0.698
15.026666890581447,0.693
15.050000224262476,0.65
15.073333557943505,0.657
15.096666891624531,0.689
15.120000225305558,0.562
15.143333558986583,0.487
15.166666892667612,0.352
15.19000022634864,0.379
15.213333560029666,0.455
15.236666893710693,0.735
15.26000022739172,0.72
15.283333561072748,0.538
15.306666894753777,0.453
15.330000228434802,0.297
15.353333562115829,0.344
15.376666895796856,0.449
15.400000229477882,0.622
15.42333356315891,0.554
15.446666896839938,0.579
15.470000230520965,0.56
15.493333564201992,0.626
15.516666897883018,0.711
15.540000231564044,0.697
15.563333565245072,0.58
15.5866668989261,0.424
15.610000232607126,0.42
15.633333566288156,0.423
15.65666689996918,0.425
15.680000233650208,0.54
15.703333567331237,0.592
15.726666901012262,0.657
15.750000234693289,0.683
15.773333568374316,0.695
15.796666902055344,0.605
15.820000235736371,0.547
15.843333569417398,0.47
15.866666903098425,0.571
15.890000236779452,0.681
15.91333357046048,0.726
15.936666904141504,0.786
15.960000237822532,0.732
15.98333357150356,0.731
16.006666905184588,0.479
16.030000238865615,0.364
16.05333357254664,0.301
16.07666690622767,0.293
16.100000239908695,0.545
16.123333573589722,0.648
16.14666690727075,0.746
16.170000240951776,0.717
16.193333574632803,0.642
16.21666690831383,0.472
16.24000024199486,0.538
16.263333575675887,0.597
16.286666909356914,0.73
16.31000024303794,0.75
16.333333576718967,0.595
16.356666910399994,0.603
16.38000024408102,0.682
16.403333577762048,0.66
16.426666911443075,0.682
16.4500002451241,0.582
16.47333357880513,0.528
16.496666912486155,0.537
16.520000246167182,0.588
16.54333357984821,0.573
16.566666913529236,0.395
16.590000247210266,0.41
16.613333580891293,0.414
16.63666691457232,0.422
16.660000248253347,0.522
16.683333581934374,0.379
16.7066669156154,0.504
16.730000249296427,0.473
16.753333582977454,0.375
16.77666691665848,0.293
16.800000250339508,0.241
16.823333584020535,0.274
16.84666691770156,0.453
16.87000025138259,0.676
16.893333585063615,0.635
16.916666918744642,0.553
16.940000252425673,0.427
16.9633335861067,0.397
16.986666919787726,0.332
17.010000253468753,0.339
17.03333358714978,0.178
17.056666920830807,0.211
17.080000254511834,0.194
17.10333358819286,0.167
17.126666921873888,0.216
17.150000255554914,0.105
17.17333358923594,0.101
17.196666922916968,0.092
17.220000256597995,0.147
17.243333590279022,0.186
17.26666692396005,0.209
17.29000025764108,0.231
17.313333591322106,0.267
17.336666925003133,0.285
17.36000025868416,0.345
17.383333592365187,0.266
17.406666926046213,0.254
17.43000025972724,0.225
17.453333593408267,0.24
17.476666927089294,0.284
17.50000026077032,0.353
17.523333594451348,0.292
17.546666928132375,0.268
17.5700002618134,0.247
17.59333359549443,0.236
17.616666929175455,0.391
17.640000262856486,0.45
17.663333596537512,0.452
17.68666693021854,0.282
17.710000263899566,0.219
17.733333597580593,0.116
17.75666693126162,0.233
17.780000264942647,0.41
17.803333598623674,0.425
17.8266669323047,0.389
17.850000265985727,0.177
17.873333599666754,0.146
17.89666693334778,0.164
17.920000267028808,0.15
17.943333600709835,0.149
17.96666693439086,0.025
17.990000268071892,0.072
18.01333360175292,0.173
18.036666935433946,0.164
18.060000269114973,0.163
18.083333602796,0.064
18.106666936477023,0.048
18.130000270158053,0.011
18.15333360383908,0.049
18.176666937520107,0.038
18.200000271201134,-0.049
18.22333360488216,0.076
18.246666938563187,0.167
18.27000027224421,0.331
18.29333360592524,0.34
18.31666693960627,0.159
18.3400002732873,0.157
18.363333606968325,0.259
18.386666940649352,0.407
18.41000027433038,0.404
18.43333360801141,0.404
18.456666941692436,0.164
18.48000027537346,0.171
18.503333609054486,0.22
18.526666942735517,0.197
18.55000027641654,0.105
18.573333610097567,0.025
18.596666943778597,-0.073
18.62000027745962,-0.182
18.643333611140648,-0.161
18.66666694482168,-0.168
18.690000278502705,-0.212
18.71333361218373,-0.269
18.73666694586476,-0.355
18.760000279545785,-0.35
18.78333361322681,-0.331
18.80666694690784,-0.244
18.830000280588862,-0.186
18.853333614269893,-0.162
18.87666694795092,-0.181
18.900000281631947,-0.169
18.923333615312973,-0.136
18.946666948994,-0.113
18.970000282675027,-0.037
18.99333361635605,0.016
19.016666950037084,0.107
19.04000028371811,0.222
19.063333617399135,0.315
19.086666951080165,0.286
19.110000284761192,0.357
19.13333361844222,0.228
19.15666695212325,0.2
19.180000285804272,0.189
19.2033336194853,0.074
19.22666695316633,0.075
19.250000286847357,0.086
19.27333362052838,0.099
19.296666954209407,0.095
19.320000287890437,-0.003
19.34333362157146,-0.182
19.36666695525249,-0.178
19.39000028893352,-0.162
19.413333622614545,-0.136
19.43666695629557,-0.085
19.4600002899766,-0.163
19.483333623657625,-0.11
19.50666695733865,-0.081
19.53000029101968,-0.03
19.553333624700706,0.0
19.576666958381733,-0.085
19.60000029206276,-0.127
19.623333625743783,-0.097
19.646666959424813,-0.03
19.67000029310584,-0.018
19.693333626786867,-0.021
19.716666960467897,-0.178
19.740000294148924,-0.154
19.76333362782995,-0.184
19.786666961510974,-0.001
19.810000295192005,-0.003
19.83333362887303,0.085
19.85666696255406,-0.061
19.880000296235085,-0.15
19.903333629916112,-0.213
19.92666696359714,-0.197
19.95000029727817,-0.119
19.973333630959196,-0.076
19.99666696464022,-0.04
20.020000298321246,0.01
20.043333632002277,0.006
20.066666965683304,-0.003
20.09000029936433,-0.007
20.11333363304536,-0.084
20.136666966726384,-0.061
20.16000030040741,-0.143
20.18333363408844,-0.12
20.206666967769465,-0.179
20.23000030145049,-0.117
20.25333363513152,-0.135
20.276666968812545,-0.197
20.30000030249357,-0.255
20.3233336361746,-0.253
20.346666969855622,-0.22
20.370000303536653,-0.166
20.39333363721768,-0.133
20.41666697089871,-0.171
20.440000304579737,-0.247
20.463333638260764,-0.3
20.48666697194179,-0.369
20.510000305622818,-0.328
20.533333639303844,-0.252
20.55666697298487,-0.144
20.580000306665895,-0.153
20.603333640346925,-0.169
20.626666974027952,-0.244
20.65000030770898,-0.211
20.67333364139001,-0.176
20.696666975071032,-0.062
20.72000030875206,-0.065
20.74333364243309,0.07
20.76666697611412,0.136
20.790000309795143,0.198
20.81333364347617,0.222
20.8366669771572,0.066
20.860000310838224,-0.069
20.88333364451925,-0.143
20.90666697820028,-0.116
20.930000311881304,-0.031
20.95333364556233,0.029
20.97666697924336,-0.044
