time_min,absorb_mau
0.0,0.057
0.0666666676600774,0.529
0.1333333353201548,0.555
0.2000000029802322,0.83
0.2666666706403096,0.356
0.3333333383003871,0.367
0.4000000059604645,0.204
0.4666666736205419,0.24
0.5333333412806193,0.565
0.6000000089406967,1.666
0.6666666766007742,4.199
0.7333333442608516,7.815
0.800000011920929,12.282
0.8666666795810064,17.598
0.933333347241084,24.014
1.0000000149011612,31.17
1.0666666825612383,39.279
1.133333350221316,47.46
1.2000000178813934,54.638
1.266666685541471,60.644
1.3333333532015483,64.364
1.4000000208616257,66.753
1.4666666885217032,68.527
1.5333333561817806,70.066
1.600000023841858,72.047
1.6666666915019357,73.728
1.7333333591620128,75.411
1.80000002682209,76.804
1.866666694482168,78.389
1.933333362142245,79.71
2.0000000298023224,80.786
2.0666666974624,81.447
2.133333365122477,82.198
2.200000032782554,82.797
2.266666700442632,83.061
2.3333333681027097,82.798
2.400000035762787,83.002
2.4666667034228644,82.128
2.533333371082942,81.174
2.600000038743019,79.686
2.6666667064030967,78.124
2.7333333740631742,76.503
2.800000041723252,75.087
2.866666709383329,73.646
2.9333333770434065,72.318
3.000000044703484,70.859
3.066666712363561,69.462
3.1333333800236387,67.785
3.200000047683716,66.096
3.2666667153437934,64.55
3.333333383003871,62.556
3.400000050663948,60.67
3.4666667183240256,59.406
3.533333385984103,58.566
3.6000000536441803,57.502
3.666666721304258,56.634
3.733333388964336,56.049
3.800000056624413,55.132
3.86666672428449,54.028
3.933333391944568,52.498
4.000000059604645,51.077
4.066666727264722,49.619
4.1333333949248,48.984
4.200000062584877,48.299
4.266666730244954,47.555
4.333333397905032,46.992
4.400000065565109,46.473
4.466666733225186,46.258
4.533333400885264,46.12
4.6000000685453415,45.738
4.66666673620542,45.225
4.733333403865497,44.924
4.800000071525574,45.137
4.866666739185652,45.29
4.933333406845729,45.322
5.000000074505806,45.279
5.066666742165884,45.394
5.133333409825961,45.188
5.200000077486038,44.804
5.266666745146116,44.095
5.333333412806193,43.972
5.4000000804662704,44.145
5.4666667481263485,44.229
5.533333415786426,44.28
5.600000083446503,44.413
5.666666751106581,44.463
5.733333418766658,44.352
5.800000086426735,44.108
5.866666754086813,43.831
5.93333342174689,43.288
6.000000089406967,43.212
6.066666757067045,43.579
6.133333424727122,43.879
6.200000092387199,43.768
6.266666760047277,44.289
6.3333334277073545,44.147
6.400000095367432,44.038
6.46666676302751,43.665
6.533333430687587,43.325
6.600000098347664,43.218
6.666666766007742,43.202
6.733333433667819,43.809
6.800000101327896,43.893
6.866666768987974,44.017
6.933333436648051,43.879
7.000000104308128,44.21
7.066666771968206,44.483
7.133333439628284,44.444
7.200000107288361,44.924
7.266666774948439,44.623
7.333333442608516,45.218
7.400000110268593,45.488
7.466666777928671,45.615
7.533333445588748,46.316
7.600000113248825,46.513
7.666666780908903,47.016
7.73333344856898,46.935
7.800000116229057,47.008
7.866666783889135,46.49
7.933333451549212,46.435
8.00000011920929,46.353
8.066666786869368,46.467
8.133333454529444,46.658
8.200000122189522,46.609
8.2666667898496,47.154
8.333333457509676,47.212
8.400000125169754,47.198
8.466666792829832,47.158
8.533333460489908,46.742
8.600000128149986,46.494
8.666666795810064,45.537
8.73333346347014,45.024
8.800000131130219,44.46
8.866666798790297,44.025
8.933333466450373,43.811
9.00000013411045,43.121
9.066666801770529,42.557
9.133333469430609,41.594
9.200000137090685,41.246
9.26666680475076,40.772
9.33333347241084,40.161
9.400000140070915,39.449
9.466666807730991,38.981
9.533333475391071,38.269
9.600000143051147,38.094
9.666666810711224,37.734
9.733333478371303,37.317
9.80000014603138,36.503
9.866666813691458,36.201
9.933333481351536,35.614
10.000000149011612,35.285
10.06666681667169,34.786
10.133333484331768,34.767
10.200000151991844,34.789
10.266666819651922,34.897
10.333333487312,34.917
10.400000154972076,34.842
10.466666822632154,34.822
10.533333490292232,34.493
10.600000157952309,34.374
10.666666825612388,34.104
10.733333493272465,33.975
10.80000016093254,33.859
10.86666682859262,33.826
10.933333496252695,33.752
11.000000163912771,33.26
11.066666831572851,32.671
11.13333349923293,32.505
11.200000166893004,32.299
11.266666834553083,32.086
11.33333350221316,31.877
11.400000169873238,31.416
11.466666837533316,31.322
11.533333505193394,31.132
11.60000017285347,30.709
11.666666840513548,30.059
11.733333508173626,29.884
11.800000175833702,29.613
11.86666684349378,29.51
11.933333511153858,29.237
12.000000178813934,29.242
12.066666846474012,28.744
12.13333351413409,28.801
12.200000181794168,28.368
12.266666849454245,28.444
12.333333517114324,28.032
12.4000001847744,27.787
12.466666852434477,27.984
12.533333520094557,27.968
12.600000187754633,27.681
12.666666855414707,27.361
12.733333523074789,27.064
12.800000190734863,26.918
12.86666685839494,26.515
12.93333352605502,26.248
13.000000193715096,26.225
13.066666861375174,26.436
13.133333529035252,26.826
13.200000196695328,27.253
13.266666864355406,27.581
13.333333532015484,27.887
13.40000019967556,28.065
13.466666867335638,28.405
13.533333534995716,28.318
13.600000202655792,28.379
13.66666687031587,28.761
13.733333537975948,28.7
13.800000205636024,28.778
13.866666873296102,28.506
13.93333354095618,28.383
14.000000208616257,28.261
14.066666876276336,28.076
14.133333543936413,27.852
14.200000211596487,27.341
14.266666879256569,27.132
14.333333546916643,27.06
14.40000021457672,26.686
14.4666668822368,26.254
14.533333549896875,25.862
14.600000217556952,25.644
14.666666885217031,25.523
14.73333355287711,25.017
14.800000220537186,24.668
14.866666888197264,24.779
14.933333555857342,24.202
15.000000223517418,23.887
15.066666891177496,24.113
15.133333558837574,23.864
15.20000022649765,23.828
15.266666894157728,23.759
15.333333561817806,23.654
15.400000229477882,23.506
15.46666689713796,23.2
15.533333564798038,22.636
15.600000232458116,22.144
15.666666900118193,22.072
15.73333356777827,22.001
15.800000235438349,22.154
15.866666903098425,21.882
15.933333570758505,22.119
16.00000023841858,22.483
16.066666906078655,22.613
16.133333573738735,22.24
16.20000024139881,22.545
16.266666909058888,22.791
16.333333576718967,22.942
16.400000244379044,23.192
16.46666691203912,23.079
16.5333335796992,22.937
16.600000247359276,23.094
16.666666915019352,23.351
16.733333582679432,22.704
16.800000250339508,22.651
16.866666917999584,22.641
16.933333585659664,22.634
17.00000025331974,22.551
17.066666920979817,22.28
17.133333588639896,22.265
17.200000256299973,22.266
17.26666692396005,21.685
17.33333359162013,21.328
17.400000259280205,21.257
17.46666692694028,21.03
17.53333359460036,21.234
17.600000262260437,21.197
17.666666929920513,21.162
17.733333597580593,20.941
17.80000026524067,20.791
17.866666932900745,20.915
17.933333600560825,20.436
18.0000002682209,19.94
18.066666935880978,19.694
18.133333603541057,19.554
18.200000271201134,19.69
18.266666938861214,19.558
18.33333360652129,19.54
18.40000027418137,19.463
18.46666694184145,19.352
18.53333360950152,19.314
18.6000002771616,19.0
18.66666694482168,18.937
18.733333612481758,19.058
18.80000028014183,19.307
18.86666694780191,19.585
18.933333615461983,19.967
19.000000283122063,19.951
19.066666950782142,20.46
19.13333361844222,20.719
19.20000028610229,20.904
19.26666695376237,20.933
19.33333362142245,20.802
19.400000289082527,20.973
19.466666956742607,21.037
19.533333624402683,21.255
19.60000029206276,21.479
19.66666695972284,21.57
19.733333627382915,21.719
19.80000029504299,21.155
19.86666696270307,20.916
19.933333630363148,20.882
20.000000298023224,20.905
20.066666965683304,20.58
20.13333363334338,20.442
20.200000301003456,20.596
20.266666968663536,20.412
20.33333363632361,20.033
20.40000030398369,20.191
20.466666971643768,20.256
20.533333639303844,19.98
20.60000030696392,19.56
20.666666974624,19.289
20.73333364228408,19.216
20.800000309944156,19.182
20.866666977604236,19.093
20.93333364526431,19.055
21.000000312924385,18.984
21.066666980584465,18.878
21.13333364824454,19.02
21.200000315904617,18.785
21.266666983564697,18.17
21.333333651224773,18.264
21.40000031888485,18.096
21.46666698654493,17.85
21.53333365420501,17.806
21.60000032186508,17.938
21.66666698952516,18.079
21.73333365718524,18.3
21.800000324845318,18.394
21.866666992505397,18.128
21.93333366016547,18.156
22.000000327825543,18.538
22.066666995485622,18.549
22.133333663145702,18.808
22.20000033080578,18.707
22.26666699846586,18.857
22.33333366612593,19.123
22.40000033378601,19.075
22.46666700144609,18.632
22.533333669106167,18.686
22.600000336766243,18.522
22.666667004426323,18.519
22.7333336720864,18.638
22.800000339746475,18.62
22.866667007406555,18.692
22.93333367506663,18.689
23.000000342726707,18.489
23.066667010386787,18.538
23.133333678046863,18.337
23.20000034570694,17.979
23.26666701336702,18.078
23.333333681027096,18.301
23.40000034868717,18.086
23.46666701634725,17.78
23.533333684007328,18.266
23.600000351667404,18.107
23.666667019327484,17.856
23.73333368698756,17.914
23.80000035464764,17.525
23.86666702230772,17.544
23.933333689967792,17.701
24.00000035762787,17.864
24.06666702528795,18.085
24.133333692948025,18.321
24.2000003606081,18.288
24.26666702826818,18.17
24.333333695928257,18.407
24.400000363588333,18.51
24.466667031248413,18.427
24.53333369890849,18.516
24.600000366568565,18.744
24.666667034228645,19.062
24.73333370188872,19.451
24.8000003695488,19.5
24.86666703720888,19.53
24.933333704868957,19.658
25.00000037252903,19.77
25.06666704018911,19.611
25.133333707849182,19.673
25.200000375509266,19.494
25.266667043169345,19.917
25.333333710829415,20.095
25.40000037848949,20.323
25.46666704614957,20.551
25.53333371380965,20.41
25.600000381469727,20.385
25.666667049129806,20.158
25.733333716789883,19.717
25.80000038444996,19.719
25.86666705211004,19.783
25.933333719770115,19.751
26.00000038743019,19.348
26.06666705509027,19.565
26.133333722750347,19.527
26.200000390410423,19.26
26.266667058070503,19.261
26.33333372573058,18.989
26.400000393390656,18.595
26.46666706105073,18.564
26.53333372871081,18.727
26.600000396370888,18.849
26.666667064030968,18.881
26.733333731691044,18.762
26.80000039935112,18.951
26.8666670670112,18.992
26.93333373467128,19.061
27.000000402331352,18.645
27.066667069991432,18.214
27.13333373765151,18.284
27.200000405311584,18.268
27.266667072971664,18.262
27.33333374063174,18.367
27.400000408291817,18.247
27.466667075951896,18.425
27.533333743611973,18.655
27.60000041127205,18.553
27.66666707893213,18.819
27.733333746592205,19.018
27.80000041425228,19.525
27.86666708191236,19.765
27.93333374957244,19.794
28.000000417232517,20.053
28.066667084892597,20.091
28.13333375255267,20.105
28.200000420212746,20.032
28.266667087872825,20.08
28.3333337555329,19.95
28.400000423192974,19.784
28.466667090853058,19.972
28.53333375851313,20.283
28.60000042617321,20.212
28.66666709383329,20.077
28.73333376149337,20.401
28.80000042915344,20.292
28.86666709681352,20.067
28.9333337644736,20.02
29.000000432133675,20.108
29.066667099793754,19.984
29.13333376745383,19.865
29.200000435113907,20.133
29.266667102773987,20.291
29.333333770434063,20.345
29.40000043809414,20.481
29.46666710575422,20.491
29.53333377341429,20.422
29.60000044107437,20.415
29.66666710873445,20.623
29.733333776394527,20.846
29.800000444054604,20.81
29.866667111714683,20.822
29.93333377937476,21.007
30.00000044703484,21.069
30.06666711469492,21.264
30.133333782354992,21.307
30.200000450015068,21.108
30.266667117675148,21.244
30.333333785335224,21.297
30.4000004529953,21.557
30.46666712065538,21.734
30.533333788315456,22.149
30.600000455975533,22.626
30.66666712363561,22.957
30.73333379129569,23.138
30.800000458955765,23.038
30.866667126615845,22.906
30.93333379427592,22.78
31.000000461936,22.864
31.06666712959608,23.024
31.133333797256157,23.285
31.20000046491623,23.447
31.26666713257631,23.012
31.333333800236385,23.254
31.40000046789646,23.156
31.46666713555654,23.013
31.533333803216617,22.98
31.600000470876694,22.827
31.666667138536774,22.822
31.73333380619685,22.854
31.80000047385693,22.811
31.86666714151701,22.339
31.93333380917708,22.425
32.00000047683716,22.155
32.06666714449724,22.001
32.13333381215731,21.585
32.20000047981739,21.541
32.26666714747747,21.685
32.33333381513754,21.721
32.40000048279762,21.818
32.4666671504577,21.871
32.533333818117775,22.047
32.600000485777855,22.009
32.666667153437935,21.847
32.73333382109801,21.625
32.80000048875809,21.525
32.86666715641817,21.285
32.93333382407824,20.761
33.00000049173832,20.592
33.0666671593984,20.858
33.13333382705847,20.93
33.20000049471855,20.776
33.26666716237863,21.241
33.333333830038704,21.246
33.400000497698784,21.351
33.466667165358864,21.233
33.533333833018936,21.456
33.600000500679016,21.693
33.666667168339096,21.852
33.73333383599917,21.764
33.80000050365925,22.13
33.86666717131933,22.466
33.9333338389794,22.436
34.00000050663948,22.221
34.06666717429956,22.068
34.13333384195963,21.72
34.20000050961971,21.678
34.26666717727979,21.942
34.333333844939865,22.034
34.400000512599945,22.249
34.466667180260025,22.059
34.5333338479201,21.898
34.60000051558018,21.682
34.66666718324026,21.843
34.73333385090033,21.692
34.80000051856041,21.677
34.86666718622049,21.44
34.93333385388056,21.233
35.00000052154064,21.303
35.06666718920072,21.197
35.133333856860794,21.03
35.200000524520874,20.944
35.266667192180954,20.765
35.33333385984103,20.815
35.400000527501106,20.753
35.466667195161186,20.756
35.53333386282126,20.728
35.60000053048134,21.163
35.66666719814142,20.874
35.73333386580149,21.009
35.80000053346157,20.939
35.86666720112165,20.778
35.93333386878172,21.005
36.0000005364418,21.134
36.06666720410188,21.017
36.13333387176196,21.27
36.20000053942204,21.53
36.26666720708212,21.69
36.33333387474219,21.809
36.40000054240227,22.178
36.46666721006235,22.105
36.53333387772243,21.934
36.6000005453825,22.102
36.66666721304258,22.263
36.73333388070266,22.486
36.80000054836273,22.015
36.86666721602281,22.334
36.93333388368289,22.485
37.00000055134296,22.134
37.06666721900304,22.172
37.13333388666312,21.79
37.2000005543232,21.789
37.26666722198328,21.266
37.33333388964336,20.968
37.40000055730343,20.888
37.46666722496351,20.696
37.53333389262359,20.576
37.60000056028366,20.349
37.66666722794374,20.048
37.73333389560382,19.771
37.80000056326389,19.401
37.86666723092397,19.111
37.93333389858405,18.706
38.000000566244125,18.477
38.066667233904205,17.959
38.133333901564285,17.939
38.20000056922436,18.34
38.26666723688444,18.258
38.33333390454452,18.181
38.40000057220459,17.883
38.46666723986467,17.724
38.53333390752475,17.504
38.60000057518482,17.383
38.6666672428449,17.013
38.73333391050498,17.039
38.800000578165054,17.079
38.866667245825134,16.852
38.933333913485214,16.886
39.00000058114529,16.951
39.066667248805366,17.143
39.133333916465446,17.214
39.20000058412552,17.053
39.2666672517856,17.167
39.33333391944568,17.205
39.40000058710575,17.448
39.46666725476583,17.638
39.53333392242591,17.524
39.60000059008598,17.523
39.66666725774606,17.597
39.73333392540614,17.388
39.800000593066216,17.235
39.866667260726295,17.325
39.933333928386375,16.77
40.00000059604645,16.701
40.06666726370653,16.719
40.13333393136661,16.445
40.20000059902668,16.066
40.26666726668676,16.014
40.33333393434684,15.735
40.40000060200691,15.153
40.46666726966699,14.938
40.53333393732707,14.886
40.60000060498714,14.621
40.66666727264722,14.444
40.7333339403073,14.406
40.80000060796738,14.255
40.86666727562746,14.144
40.933333943287536,14.101
41.00000061094761,13.962
41.06666727860769,13.745
41.13333394626777,13.545
41.20000061392784,13.559
41.26666728158792,13.489
41.333333949248,13.49
41.40000061690807,13.477
41.46666728456815,13.506
41.53333395222823,13.323
41.60000061988831,13.216
41.66666728754839,13.174
41.73333395520847,13.164
41.80000062286854,13.063
41.86666729052862,13.097
41.9333339581887,13.242
42.00000062584877,13.393
42.06666729350885,13.532
42.13333396116893,13.623
42.200000628829,13.612
42.26666729648908,13.459
42.33333396414916,13.561
42.40000063180924,13.586
42.466667299469314,13.534
42.533333967129394,13.425
42.60000063478947,13.463
42.66666730244955,13.416
42.733333970109626,13.304
42.8000006377697,13.31
42.86666730542978,13.041
42.93333397308986,12.858
43.00000064074993,12.739
43.06666730841001,12.562
43.13333397607009,12.485
43.20000064373016,12.226
43.26666731139024,12.037
43.33333397905032,11.851
43.4000006467104,11.685
43.46666731437048,11.49
43.53333398203056,11.134
43.60000064969063,10.923
43.66666731735071,10.808
43.73333398501079,10.787
43.80000065267086,10.628
43.86666732033094,10.447
43.93333398799102,10.362
44.00000065565109,10.434
44.06666732331117,10.442
44.13333399097125,10.376
44.200000658631325,10.312
44.266667326291405,10.171
44.33333399395149,9.994
44.40000066161156,9.863
44.46666732927164,9.718
44.53333399693172,9.533
44.60000066459179,9.399
44.66666733225187,9.494
44.73333399991195,9.619
44.80000066757202,9.475
44.8666673352321,9.477
44.93333400289218,9.432
45.000000670552254,9.434
45.06666733821233,9.52
45.13333400587241,9.571
45.200000673532486,9.424
45.266667341192566,9.532
45.333334008852646,9.443
45.40000067651272,9.277
45.4666673441728,9.102
45.53333401183288,9.036
45.60000067949295,9.065
45.66666734715303,9.005
45.73333401481311,9.005
45.80000068247318,8.867
45.86666735013326,8.82
45.93333401779334,8.621
46.000000685453415,8.591
46.066667353113495,8.494
46.13333402077357,8.414
46.20000068843365,8.169
46.26666735609373,8.247
46.33333402375381,8.246
46.40000069141388,8.061
46.46666735907396,8.055
46.53333402673404,7.947
46.60000069439411,7.954
46.66666736205419,7.826
46.73333402971427,7.765
46.80000069737434,7.646
46.86666736503442,7.586
46.9333340326945,7.539
47.000000700354576,7.571
47.066667368014656,7.594
47.133334035674736,7.47
47.20000070333481,7.547
47.26666737099489,7.439
47.33333403865497,7.442
47.40000070631504,7.294
47.46666737397512,7.042
47.5333340416352,7.243
47.60000070929527,7.404
47.66666737695535,7.477
47.73333404461543,7.391
47.80000071227551,7.576
47.86666737993559,7.649
47.93333404759567,7.772
48.00000071525574,7.786
48.06666738291582,7.752
48.1333340505759,7.709
48.20000071823597,7.689
48.26666738589605,7.734
48.33333405355613,7.74
48.4000007212162,7.829
48.46666738887628,7.779
48.53333405653636,7.532
48.600000724196434,7.495
48.666667391856514,7.446
48.733334059516594,7.443
48.800000727176666,7.237
48.866667394836746,7.133
48.933334062496826,7.004
49.0000007301569,6.985
49.06666739781698,6.885
49.13333406547706,6.858
49.20000073313713,6.545
49.26666740079721,6.526
49.33333406845729,6.409
49.40000073611736,6.218
49.46666740377744,6.142
49.53333407143752,6.222
49.6000007390976,6.138
49.66666740675768,6.204
49.73333407441776,6.093
49.80000074207783,5.997
49.86666740973791,5.913
49.93333407739799,5.823
50.00000074505806,5.768
50.06666741271814,5.786
50.13333408037822,5.627
50.20000074803829,5.608
50.26666741569837,5.611
50.33333408335845,5.565
50.40000075101853,5.647
50.46666741867861,5.713
50.53333408633869,5.549
50.60000075399876,5.564
50.66666742165884,5.583
50.73333408931892,5.632
50.80000075697899,5.781
50.86666742463907,5.79
50.93333409229915,5.958
51.00000075995922,5.988
51.0666674276193,5.998
51.13333409527938,5.906
51.20000076293945,5.907
51.26666743059953,5.95
51.33333409825961,5.833
51.400000765919685,5.884
51.466667433579765,5.76
51.533334101239845,5.75
51.60000076889992,5.706
51.66666743656,5.684
51.73333410422008,5.625
51.80000077188015,5.62
51.86666743954023,5.398
51.93333410720031,5.21
52.00000077486038,5.185
52.06666744252046,5.246
52.13333411018054,5.205
52.20000077784061,5.208
52.26666744550069,5.165
52.33333411316077,5.158
52.40000078082085,5.189
52.466667448480926,5.033
52.533334116141006,5.012
52.60000078380108,4.974
52.66666745146116,4.882
52.73333411912124,4.903
52.80000078678131,5.184
52.86666745444139,5.087
52.93333412210147,4.987
53.00000078976154,5.006
53.06666745742162,5.03
53.1333341250817,4.964
53.200000792741776,4.999
53.266667460401855,4.885
53.333334128061935,4.914
53.40000079572201,5.1
53.46666746338209,5.287
53.53333413104217,5.226
53.60000079870224,5.369
53.66666746636232,5.411
53.7333341340224,5.322
53.80000080168247,5.328
53.86666746934255,5.365
53.93333413700263,5.251
54.000000804662704,5.24
54.066667472322784,5.214
54.133334139982864,5.321
54.20000080764294,5.373
54.26666747530302,5.41
54.333334142963096,5.32
54.40000081062317,5.313
54.46666747828325,5.278
54.53333414594333,5.137
54.6000008136034,5.166
54.66666748126348,5.112
54.73333414892356,5.255
54.80000081658363,5.102
54.86666748424371,4.862
54.93333415190379,4.864
55.000000819563866,4.663
55.066667487223945,4.83
55.133334154884025,4.806
55.2000008225441,4.717
55.26666749020418,4.598
55.33333415786426,4.619
55.40000082552433,4.699
55.46666749318441,4.654
55.53333416084449,4.741
55.60000082850456,4.672
55.66666749616464,4.589
55.73333416382472,4.587
55.8000008314848,4.478
55.86666749914488,4.452
55.93333416680496,4.285
56.00000083446503,4.395
56.06666750212511,4.433
56.13333416978519,4.35
56.20000083744526,4.314
56.26666750510534,4.311
56.33333417276542,4.323
56.40000084042549,4.333
56.46666750808557,4.552
56.53333417574565,4.555
56.60000084340573,4.646
56.6666675110658,4.712
56.73333417872588,4.669
56.80000084638596,4.746
56.86666751404604,4.764
56.93333418170612,4.573
57.00000084936619,4.539
57.06666751702627,4.788
57.13333418468635,4.757
57.20000085234642,4.767
57.2666675200065,4.757
57.33333418766658,4.817
57.40000085532665,4.738
57.46666752298673,4.705
57.53333419064681,4.685
57.600000858306885,4.575
57.666667525966965,4.313
57.73333419362704,4.269
57.80000086128712,4.261
57.8666675289472,4.301
57.93333419660728,4.326
58.00000086426735,4.246
58.06666753192743,4.247
58.13333419958751,4.344
58.20000086724758,4.238
58.26666753490766,4.225
58.33333420256774,4.022
58.40000087022781,3.987
58.46666753788789,4.228
58.53333420554797,4.197
58.600000873208046,4.079
58.666667540868126,4.04
58.733334208528206,4.133
58.80000087618828,4.144
58.86666754384836,3.993
58.93333421150844,4.057
59.00000087916851,4.098
59.06666754682859,4.054
59.13333421448867,4.13
59.20000088214874,4.136
59.26666754980882,4.229
59.3333342174689,4.458
59.400000885128975,4.295
59.466667552789055,4.393
59.533334220449134,4.564
59.60000088810921,4.521
59.66666755576929,4.688
59.73333422342937,4.629
59.80000089108944,4.654
59.86666755874952,4.817
59.9333342264096,4.63
60.00000089406967,4.747
60.06666756172975,4.789
60.13333422938983,4.687
60.200000897049904,4.671
60.266667564709984,4.549
60.33333423237006,4.407
60.400000900030136,4.344
60.466667567690216,4.339
60.533334235350296,4.255
60.60000090301037,4.364
60.66666757067045,4.248
60.73333423833053,4.156
60.8000009059906,4.169
60.86666757365068,4.006
60.93333424131076,4.005
61.00000090897083,4.014
61.06666757663091,4.005
61.13333424429099,3.931
61.200000911951065,3.781
61.266667579611145,3.849
61.333334247271225,3.713
61.4000009149313,3.744
61.46666758259138,3.753
61.53333425025146,3.738
61.60000091791153,3.738
61.66666758557161,3.696
61.73333425323169,3.642
61.80000092089176,3.689
61.86666758855184,3.524
61.93333425621192,3.534
62.000000923872,3.692
62.06666759153208,3.716
62.13333425919216,3.681
62.20000092685223,3.641
62.26666759451231,3.613
62.33333426217239,3.845
62.40000092983246,3.839
62.46666759749254,3.737
62.53333426515262,3.773
62.60000093281269,3.794
62.66666760047277,3.79
62.73333426813285,3.738
62.80000093579292,3.788
62.866667603453,3.719
62.93333427111308,3.59
63.00000093877316,3.711
63.06666760643324,3.673
63.13333427409332,3.67
63.20000094175339,3.553
63.26666760941347,3.421
63.33333427707355,3.497
63.40000094473362,3.379
63.4666676123937,3.351
63.53333428005378,3.293
63.60000094771385,3.361
63.66666761537393,3.599
63.73333428303401,3.503
63.80000095069408,3.512
63.86666761835416,3.451
63.93333428601424,3.538
64.00000095367432,3.371
64.06666762133439,3.393
64.13333428899448,3.319
64.20000095665455,3.483
64.26666762431462,3.577
64.33333429197471,3.276
64.40000095963478,3.204
64.46666762729485,3.248
64.53333429495494,3.345
64.60000096261501,3.036
64.66666763027509,3.122
64.73333429793517,3.13
64.80000096559525,3.192
64.86666763325532,3.099
64.9333343009154,3.129
65.00000096857548,3.278
65.06666763623555,3.447
65.13333430389564,3.422
65.20000097155571,3.324
65.26666763921578,3.405
65.33333430687587,3.528
65.40000097453594,3.488
65.46666764219601,3.534
65.5333343098561,3.389
65.60000097751617,3.557
65.66666764517625,3.582
65.73333431283633,3.551
65.8000009804964,3.317
65.86666764815648,3.36
65.93333431581657,3.41
66.00000098347664,3.337
66.06666765113671,3.28
66.1333343187968,3.308
66.20000098645687,3.387
66.26666765411694,3.246
66.33333432177703,3.291
66.4000009894371,3.181
66.46666765709718,3.109
66.53333432475726,3.066
66.60000099241734,3.046
66.66666766007741,3.105
66.7333343277375,2.987
66.80000099539757,2.684
66.86666766305764,2.668
66.93333433071773,2.758
67.0000009983778,2.86
67.06666766603787,2.875
67.13333433369796,2.724
67.20000100135803,2.75
67.2666676690181,2.643
67.33333433667819,2.622
67.40000100433826,2.589
67.46666767199834,2.626
67.53333433965842,2.595
67.6000010073185,2.664
67.66666767497857,2.647
67.73333434263866,2.541
67.80000101029873,2.497
67.8666676779588,2.588
67.93333434561889,2.674
68.00000101327896,2.563
68.06666768093903,2.645
68.13333434859912,2.742
68.2000010162592,2.611
68.26666768391927,2.624
68.33333435157935,2.636
68.40000101923943,2.746
68.4666676868995,2.599
68.53333435455959,2.639
68.60000102221966,2.574
68.66666768987973,2.641
68.73333435753982,2.713
68.80000102519989,2.636
68.86666769285996,2.432
68.93333436052005,2.537
69.00000102818012,2.467
