time_min,absorb_mau
0.0,0.0
0.0133333335320154,0.001
0.0266666670640309,0.095
0.0400000005960464,0.139
0.0533333341280619,0.146
0.0666666676600774,0.155
0.0800000011920929,0.189
0.0933333347241083,0.299
0.1066666682561238,0.414
0.1200000017881393,0.485
0.1333333353201548,0.541
0.1466666688521703,0.662
0.1600000023841858,0.782
0.1733333359162013,0.835
0.1866666694482167,0.826
0.2000000029802322,0.817
0.2133333365122477,0.861
0.2266666700442632,0.9
0.2400000035762786,0.898
0.2533333371082942,0.867
0.2666666706403096,0.867
0.2800000041723251,0.833
0.2933333377043406,0.808
0.3066666712363561,0.792
0.3200000047683716,0.751
0.3333333383003871,0.705
0.3466666718324026,0.627
0.360000005364418,0.548
0.3733333388964335,0.513
0.386666672428449,0.566
0.4000000059604645,0.55
0.4133333394924799,0.614
0.4266666730244954,0.727
0.4400000065565109,0.902
0.4533333400885264,1.153
0.4666666736205419,1.495
0.4800000071525573,2.235
0.4933333406845728,3.493
0.5066666742165884,5.405
0.5200000077486039,8.146
0.5333333412806193,12.189
0.5466666748126348,17.238
0.5600000083446502,23.451
0.5733333418766657,30.895
0.5866666754086812,39.486
0.6000000089406967,49.347
0.6133333424727122,59.887
0.6266666760047277,71.035
0.6400000095367432,82.709
0.6533333430687587,94.389
0.6666666766007742,106.768
0.6800000101327897,119.462
0.6933333436648051,132.4
0.7066666771968206,145.539
0.7200000107288361,158.714
0.7333333442608516,172.144
0.746666677792867,185.206
0.7600000113248825,197.729
0.773333344856898,209.643
0.7866666783889135,220.731
0.800000011920929,231.265
0.8133333454529444,241.052
0.8266666789849599,250.07
0.8400000125169754,258.163
0.8533333460489909,265.252
0.8666666795810064,271.489
0.8800000131130219,276.879
0.8933333466450374,281.379
0.9066666801770528,284.801
0.9200000137090684,287.563
0.933333347241084,289.807
0.9466666807730992,291.675
0.9600000143051148,293.27
0.9733333478371302,294.469
0.9866666813691456,295.744
1.0000000149011612,296.993
1.0133333484331768,298.196
1.0266666819651922,299.42
1.0400000154972078,300.761
1.0533333490292232,302.477
1.0666666825612383,304.352
1.080000016093254,306.326
1.0933333496252695,308.17
1.1066666831572851,310.115
1.1200000166893005,311.735
1.133333350221316,313.106
1.1466666837533317,314.14
1.160000017285347,314.767
1.1733333508173625,315.062
1.186666684349378,314.771
1.2000000178813934,314.067
1.213333351413409,312.862
1.2266666849454244,311.09
1.24000001847744,308.874
1.2533333520094554,306.285
1.266666685541471,303.492
1.2800000190734864,300.457
1.2933333526055018,297.085
1.3066666861375174,293.264
1.3200000196695327,289.268
1.3333333532015483,285.024
1.3466666867335635,280.482
1.360000020265579,275.921
1.3733333537975947,271.306
1.3866666873296103,266.702
1.4000000208616257,262.097
1.4133333543936413,257.421
1.4266666879256569,252.852
1.4400000214576725,248.225
1.4533333549896876,243.526
1.4666666885217032,238.805
1.4800000220537186,234.248
1.493333355585734,229.788
1.5066666891177496,225.266
1.520000022649765,220.824
1.5333333561817806,216.426
1.546666689713796,212.049
1.5600000232458116,207.577
1.573333356777827,203.163
1.5866666903098423,198.844
1.600000023841858,194.602
1.6133333573738735,190.364
1.626666690905889,186.31
1.6400000244379045,182.352
1.65333335796992,178.459
1.6666666915019357,174.571
1.6800000250339509,170.642
1.6933333585659665,166.49
1.7066666920979818,162.507
1.7200000256299972,158.646
1.7333333591620128,154.848
1.7466666926940282,151.189
1.7600000262260438,147.564
1.7733333597580592,144.116
1.7866666932900748,140.766
1.80000002682209,137.315
1.8133333603541055,134.077
1.826666693886121,130.843
1.8400000274181367,127.729
1.853333360950152,124.709
1.866666694482168,121.72
1.880000028014183,118.835
1.8933333615461987,115.98
1.906666695078214,113.121
1.9200000286102292,110.285
1.933333362142245,107.599
1.9466666956742604,105.05
1.960000029206276,102.538
1.9733333627382916,100.107
1.986666696270307,97.747
2.0000000298023224,95.409
2.013333363334338,93.1
2.0266666968663536,90.888
2.0400000303983687,88.695
2.0533333639303843,86.485
2.0666666974624,84.36
2.0800000309944155,82.38
2.0933333645264307,80.4
2.1066666980584463,78.367
2.120000031590462,76.319
2.133333365122477,74.541
2.1466666986544927,72.674
2.1600000321865083,70.828
2.173333365718524,69.054
2.186666699250539,67.383
2.200000032782554,65.794
2.2133333663145702,64.208
2.226666699846586,62.633
2.240000033378601,61.08
2.2533333669106166,59.628
2.266666700442632,58.136
2.280000033974648,56.704
2.293333367506663,55.319
2.3066667010386785,53.973
2.320000034570694,52.679
2.3333333681027097,51.35
2.346666701634725,50.082
2.3600000351667405,48.909
2.373333368698756,47.793
2.3866667022307717,46.648
2.400000035762787,45.506
2.4133333692948025,44.364
2.426666702826818,43.26
2.440000036358833,42.243
2.453333369890849,41.084
2.4666667034228644,40.066
2.48000003695488,39.105
2.493333370486895,38.181
2.506666704018911,37.353
2.5200000375509264,36.481
2.533333371082942,35.571
2.546666704614957,34.691
2.5600000381469727,33.822
2.5733333716789883,33.05
2.5866667052110035,32.245
2.600000038743019,31.444
2.6133333722750347,30.754
2.6266667058070503,30.156
2.640000039339065,29.49
2.653333372871081,28.863
2.6666667064030967,28.279
2.6800000399351123,27.709
2.6933333734671274,27.145
2.706666706999143,26.582
2.720000040531158,26.06
2.7333333740631742,25.518
2.7466667075951894,24.948
2.760000041127205,24.397
2.7733333746592206,23.8
2.786666708191236,23.344
2.800000041723252,22.872
2.813333375255267,22.362
2.8266667087872825,21.882
2.8400000423192977,21.464
2.8533333758513133,21.109
2.866666709383329,20.724
2.8800000429153445,20.247
2.89333337644736,19.855
2.9066667099793757,19.512
2.920000043511391,19.125
2.9333333770434065,18.753
2.9466667105754216,18.417
2.960000044107437,18.123
2.973333377639453,17.806
2.986666711171468,17.462
3.000000044703484,17.085
3.013333378235499,16.706
3.026666711767515,16.262
3.04000004529953,15.885
3.053333378831545,15.525
3.066666712363561,15.188
3.0800000458955767,14.903
3.093333379427592,14.727
3.1066667129596075,14.534
3.120000046491623,14.257
3.1333333800236387,13.94
3.146666713555654,13.731
3.160000047087669,13.459
3.173333380619685,13.141
3.1866667141517007,12.914
3.200000047683716,12.776
3.2133333812157314,12.647
3.226666714747747,12.416
3.240000048279762,12.275
3.253333381811778,12.16
3.2666667153437934,12.018
3.280000048875809,11.776
3.293333382407824,11.624
3.30666671593984,11.478
3.320000049471856,11.303
3.333333383003871,11.095
3.346666716535886,10.996
3.3600000500679017,10.893
3.3733333835999173,10.716
3.386666717131933,10.532
3.400000050663948,10.404
3.413333384195964,10.299
3.4266667177279797,10.084
3.4400000512599944,9.874
3.45333338479201,9.704
3.4666667183240256,9.611
3.480000051856041,9.318
3.4933333853880564,9.071
3.506666718920072,8.906
3.520000052452088,8.796
3.533333385984103,8.605
3.5466667195161183,8.509
3.560000053048134,8.405
3.573333386580149,8.346
3.586666720112165,8.309
3.6000000536441803,8.211
3.613333387176196,8.089
3.626666720708212,7.999
3.640000054240226,7.889
3.653333387772242,7.786
3.666666721304258,7.695
3.6800000548362735,7.504
3.6933333883682886,7.397
3.706666721900304,7.281
3.72000005543232,7.022
3.733333388964336,7.062
3.746666722496351,6.926
3.760000056028366,6.799
3.773333389560382,6.74
3.786666723092397,6.666
3.800000056624413,6.703
3.813333390156428,6.698
3.826666723688444,6.69
3.840000057220459,6.689
3.8533333907524745,6.627
3.86666672428449,6.523
3.8800000578165057,6.446
3.893333391348521,6.37
3.906666724880537,6.264
3.920000058412552,6.135
3.933333391944568,6.092
3.946666725476583,6.044
3.9600000590085984,5.942
3.973333392540614,5.8
3.9866667260726296,5.682
4.000000059604645,5.61
4.01333339313666,5.509
4.026666726668676,5.41
4.040000060200692,5.345
4.053333393732707,5.368
4.066666727264722,5.36
4.0800000607967375,5.277
4.093333394328753,5.179
4.106666727860769,5.146
4.120000061392784,5.129
4.1333333949248,5.06
4.146666728456816,4.999
4.160000061988831,4.959
4.173333395520846,4.972
4.186666729052861,5.058
4.200000062584877,5.023
4.213333396116893,4.97
4.226666729648908,4.927
4.240000063180924,4.788
4.253333396712939,4.742
4.266666730244954,4.658
4.28000006377697,4.562
4.293333397308985,4.516
4.306666730841001,4.477
4.3200000643730165,4.381
4.333333397905032,4.301
4.346666731437048,4.242
4.360000064969063,4.195
4.373333398501078,4.106
4.386666732033094,3.974
4.400000065565109,3.918
4.413333399097125,3.898
4.4266667326291405,3.798
4.440000066161156,3.693
4.453333399693172,3.617
4.466666733225186,3.607
4.480000066757202,3.62
4.493333400289218,3.569
4.506666733821233,3.624
4.520000067353249,3.659
4.533333400885264,3.665
4.54666673441728,3.65
4.560000067949296,3.574
4.57333340148131,3.451
4.586666735013326,3.319
4.6000000685453415,3.167
4.613333402077357,3.007
4.626666735609373,2.912
4.640000069141388,2.903
4.653333402673404,2.902
4.66666673620542,2.918
4.680000069737434,2.94
4.69333340326945,2.973
4.706666736801465,2.99
4.720000070333481,2.977
4.733333403865497,2.932
4.746666737397512,2.903
4.760000070929528,2.868
4.773333404461543,2.855
4.786666737993558,2.811
4.800000071525574,2.754
4.813333405057589,2.721
4.826666738589605,2.675
4.8400000721216205,2.593
4.853333405653636,2.488
4.866666739185652,2.399
4.880000072717666,2.425
4.893333406249682,2.347
4.906666739781698,2.279
4.920000073313713,2.272
4.933333406845729,2.327
4.9466667403777445,2.405
4.96000007390976,2.335
4.973333407441775,2.323
4.98666674097379,2.367
5.000000074505806,2.432
5.013333408037822,2.408
5.026666741569837,2.372
5.040000075101853,2.369
5.053333408633868,2.368
5.066666742165884,2.289
5.080000075697899,2.278
5.093333409229914,2.289
5.10666674276193,2.234
5.1200000762939455,2.144
5.133333409825961,2.118
5.146666743357977,2.172
5.160000076889992,2.15
5.173333410422007,2.113
5.186666743954023,2.098
5.200000077486038,2.137
5.213333411018054,2.092
5.226666744550069,2.057
5.240000078082085,2.032
5.253333411614101,2.011
5.266666745146116,1.942
5.280000078678131,1.957
5.2933334122101465,1.954
5.306666745742162,1.922
5.320000079274178,1.866
5.333333412806193,1.888
5.346666746338209,1.865
5.3600000798702245,1.851
5.373333413402239,1.872
5.386666746934255,1.948
5.4000000804662704,1.968
5.413333413998286,1.887
5.426666747530302,1.818
5.440000081062317,1.791
5.453333414594333,1.771
5.4666667481263485,1.707
5.480000081658363,1.7
5.493333415190379,1.753
5.506666748722394,1.838
5.52000008225441,1.904
5.533333415786426,1.918
5.546666749318441,1.956
5.560000082850457,2.012
5.573333416382472,2.043
5.586666749914487,1.951
5.600000083446503,1.914
5.613333416978518,1.907
5.626666750510534,1.887
5.6400000840425495,1.833
5.653333417574565,1.739
5.666666751106581,1.715
5.680000084638595,1.711
5.693333418170611,1.68
5.706666751702627,1.6
5.720000085234642,1.549
5.733333418766658,1.551
5.746666752298673,1.603
5.760000085830689,1.631
5.773333419362704,1.548
5.786666752894719,1.574
5.800000086426735,1.504
5.813333419958751,1.443
5.826666753490766,1.39
5.840000087022782,1.298
5.853333420554797,1.374
5.866666754086813,1.39
5.880000087618828,1.385
5.893333421150843,1.382
5.906666754682859,1.271
5.920000088214874,1.307
5.93333342174689,1.327
5.946666755278906,1.329
5.960000088810921,1.33
5.973333422342936,1.364
5.986666755874952,1.492
6.000000089406967,1.462
6.013333422938983,1.353
6.026666756470998,1.293
6.040000090003014,1.269
6.05333342353503,1.223
6.066666757067045,1.212
6.08000009059906,1.246
6.093333424131076,1.371
6.106666757663091,1.375
6.120000091195107,1.361
6.133333424727122,1.38
6.146666758259138,1.405
6.1600000917911535,1.314
6.173333425323168,1.193
6.186666758855184,1.143
6.200000092387199,1.124
6.213333425919215,1.137
6.226666759451231,1.213
6.240000092983246,1.23
6.253333426515262,1.287
6.266666760047277,1.358
6.280000093579292,1.408
6.293333427111308,1.419
6.306666760643323,1.298
6.320000094175339,1.242
6.3333334277073545,1.21
6.34666676123937,1.116
6.360000094771386,0.964
6.373333428303401,0.949
6.386666761835416,1.005
6.400000095367432,1.045
6.413333428899447,0.982
6.426666762431463,1.075
6.440000095963478,1.176
6.453333429495494,1.158
6.46666676302751,1.019
6.480000096559524,0.859
6.49333343009154,0.815
6.506666763623556,0.775
6.520000097155571,0.725
6.533333430687587,0.688
6.546666764219602,0.718
6.560000097751618,0.819
6.573333431283634,0.921
6.586666764815648,0.96
6.600000098347664,0.93
6.61333343187968,0.924
6.626666765411695,0.934
6.640000098943711,0.9
6.653333432475726,0.85
6.666666766007742,0.829
6.680000099539757,0.841
6.693333433071772,0.827
6.706666766603788,0.816
6.720000100135803,0.798
6.733333433667819,0.769
6.746666767199835,0.776
6.76000010073185,0.75
6.773333434263866,0.71
6.7866667677958805,0.693
6.800000101327896,0.733
6.813333434859912,0.789
6.826666768391927,0.792
6.840000101923943,0.792
6.853333435455959,0.826
6.866666768987974,0.882
6.880000102519989,0.791
6.893333436052004,0.743
6.90666676958402,0.719
6.920000103116036,0.703
6.933333436648051,0.729
6.946666770180067,0.708
6.960000103712082,0.762
6.973333437244098,0.848
6.986666770776113,0.884
7.000000104308128,0.813
7.013333437840144,0.732
7.02666677137216,0.719
7.040000104904175,0.724
7.053333438436191,0.674
7.066666771968206,0.683
7.080000105500221,0.746
7.093333439032237,0.813
7.106666772564252,0.819
7.120000106096268,0.716
7.133333439628284,0.747
7.146666773160299,0.719
7.160000106692315,0.692
7.17333344022433,0.693
7.186666773756345,0.723
7.200000107288361,0.781
7.213333440820376,0.798
7.226666774352392,0.794
7.240000107884407,0.79
7.253333441416423,0.753
7.266666774948439,0.678
7.280000108480453,0.646
7.293333442012469,0.632
7.306666775544484,0.606
7.3200001090765,0.626
7.333333442608516,0.648
7.346666776140531,0.632
7.360000109672547,0.608
7.373333443204562,0.595
7.386666776736577,0.518
7.400000110268593,0.469
7.413333443800608,0.459
7.426666777332624,0.489
7.44000011086464,0.564
7.453333444396655,0.581
7.466666777928671,0.641
7.480000111460685,0.663
7.493333444992701,0.622
7.506666778524717,0.551
7.520000112056732,0.512
7.533333445588748,0.535
7.546666779120764,0.578
7.560000112652779,0.617
7.573333446184795,0.674
7.5866667797168095,0.717
7.600000113248825,0.703
7.613333446780841,0.654
7.626666780312856,0.579
7.640000113844872,0.504
7.653333447376887,0.461
7.666666780908903,0.47
7.680000114440918,0.517
7.693333447972933,0.607
7.706666781504949,0.674
7.720000115036965,0.717
7.73333344856898,0.741
7.746666782100996,0.734
7.760000115633011,0.66
7.773333449165027,0.658
7.786666782697042,0.583
7.800000116229057,0.511
7.813333449761073,0.452
7.826666783293088,0.374
7.840000116825104,0.416
7.85333345035712,0.334
7.866666783889135,0.292
7.88000011742115,0.351
7.893333450953166,0.353
7.906666784485181,0.406
7.920000118017197,0.43
7.933333451549212,0.495
7.946666785081228,0.658
7.960000118613244,0.665
7.973333452145259,0.739
7.986666785677274,0.828
8.00000011920929,0.889
8.013333452741305,0.893
8.02666678627332,0.884
8.040000119805336,0.896
8.053333453337352,0.866
8.066666786869368,0.785
8.080000120401383,0.693
8.093333453933399,0.648
8.106666787465414,0.607
8.12000012099743,0.552
8.133333454529444,0.517
8.14666678806146,0.556
8.160000121593475,0.562
8.17333345512549,0.573
8.186666788657506,0.554
8.200000122189522,0.472
8.213333455721537,0.369
8.226666789253553,0.435
8.240000122785569,0.499
8.253333456317584,0.523
8.2666667898496,0.511
8.280000123381615,0.563
8.293333456913631,0.701
8.306666790445647,0.697
8.320000123977662,0.601
8.333333457509676,0.565
8.346666791041692,0.642
8.360000124573707,0.644
8.373333458105723,0.59
8.386666791637738,0.561
8.400000125169754,0.643
8.41333345870177,0.64
8.426666792233785,0.538
8.4400001257658,0.444
8.453333459297816,0.39
8.466666792829832,0.361
8.480000126361848,0.2
8.493333459893863,0.173
8.506666793425879,0.241
8.520000126957894,0.355
8.533333460489908,0.431
8.546666794021924,0.464
8.56000012755394,0.494
8.573333461085955,0.489
8.58666679461797,0.413
8.600000128149986,0.308
8.613333461682002,0.316
8.626666795214017,0.358
8.640000128746033,0.421
8.653333462278049,0.48
8.666666795810064,0.478
8.68000012934208,0.539
8.693333462874095,0.508
8.706666796406111,0.397
8.720000129938127,0.319
8.73333346347014,0.228
8.746666797002156,0.194
8.760000130534172,0.151
8.773333464066187,0.108
8.786666797598203,0.164
8.800000131130219,0.19
8.813333464662234,0.265
8.82666679819425,0.285
8.840000131726265,0.246
8.853333465258281,0.259
8.866666798790297,0.208
8.880000132322312,0.216
8.893333465854328,0.219
8.906666799386343,0.179
8.920000132918359,0.203
8.933333466450373,0.266
8.946666799982388,0.293
8.960000133514404,0.281
8.97333346704642,0.226
8.986666800578435,0.219
9.00000013411045,0.285
9.013333467642466,0.324
9.026666801174482,0.331
9.040000134706498,0.377
9.053333468238511,0.442
9.066666801770529,0.419
9.080000135302544,0.432
9.09333346883456,0.479
9.106666802366576,0.503
9.120000135898591,0.47
9.133333469430609,0.363
9.14666680296262,0.271
9.160000136494636,0.228
9.173333470026652,0.136
9.186666803558667,0.051
9.200000137090685,0.012
9.2133334706227,0.04
9.226666804154714,0.126
9.24000013768673,0.214
9.253333471218744,0.195
9.26666680475076,0.185
9.280000138282777,0.207
9.293333471814792,0.254
9.306666805346808,0.224
9.320000138878823,0.258
9.33333347241084,0.294
9.346666805942853,0.312
9.360000139474868,0.287
9.373333473006884,0.23
9.3866668065389,0.238
9.400000140070915,0.238
9.41333347360293,0.216
9.426666807134946,0.226
9.440000140666962,0.307
9.453333474198978,0.356
9.466666807730991,0.37
9.480000141263009,0.336
9.493333474795024,0.235
9.50666680832704,0.196
9.520000141859056,0.175
9.533333475391071,0.163
9.546666808923083,0.146
9.5600001424551,0.068
9.573333475987116,0.032
9.586666809519132,0.015
9.600000143051147,-0.01
9.613333476583165,-0.052
9.62666681011518,-0.079
9.640000143647194,-0.064
9.65333347717921,0.033
9.666666810711224,0.141
9.68000014424324,0.182
9.693333477775257,0.224
9.706666811307272,0.274
9.720000144839288,0.355
9.733333478371303,0.433
9.746666811903316,0.416
9.760000145435331,0.378
9.773333478967348,0.367
9.786666812499364,0.341
9.80000014603138,0.273
9.813333479563395,0.143
9.826666813095413,0.095
9.840000146627428,0.133
9.853333480159442,0.156
9.866666813691458,0.11
9.880000147223472,0.078
9.893333480755487,0.087
9.906666814287505,0.118
9.92000014781952,0.08
9.933333481351536,-0.052
9.94666681488355,-0.103
9.960000148415563,-0.102
9.97333348194758,-0.023
9.986666815479596,0.045
10.000000149011612,0.01
10.013333482543628,0.068
10.026666816075643,0.121
10.04000014960766,0.171
10.053333483139674,0.182
10.06666681667169,0.104
10.080000150203706,0.096
10.09333348373572,0.072
10.106666817267737,0.058
10.120000150799752,0.047
10.133333484331768,0.008
10.146666817863782,-0.025
10.160000151395796,-0.026
10.173333484927811,-0.013
10.186666818459829,0.017
10.200000151991844,0.049
10.21333348552386,0.054
10.226666819055875,0.115
10.240000152587893,0.168
10.253333486119908,0.166
10.266666819651922,0.184
10.280000153183938,0.23
10.293333486715952,0.216
10.306666820247967,0.191
10.320000153779985,0.181
10.333333487312,0.202
10.346666820844014,0.243
10.36000015437603,0.228
10.373333487908043,0.188
10.38666682144006,0.226
10.400000154972076,0.169
10.413333488504092,0.117
10.426666822036108,0.115
10.440000155568123,0.145
10.45333348910014,0.162
10.466666822632154,0.089
10.48000015616417,0.025
10.493333489696186,-0.032
10.5066668232282,-0.082
10.520000156760217,-0.145
10.533333490292232,-0.153
10.546666823824246,-0.083
10.560000157356262,0.024
10.573333490888276,0.114
10.586666824420291,0.187
10.600000157952309,0.177
10.613333491484324,0.134
10.62666682501634,0.076
10.640000158548355,0.004
10.653333492080373,-0.06
10.666666825612388,-0.015
10.680000159144402,-0.01
10.693333492676418,-0.039
10.706666826208432,-0.047
10.720000159740447,0.016
10.733333493272465,0.057
10.746666826804478,0.037
10.760000160336494,-0.013
10.77333349386851,0.055
10.786666827400524,0.082
10.80000016093254,0.066
10.813333494464556,0.029
10.826666827996572,-0.006
10.840000161528588,-0.071
10.853333495060603,-0.125
10.86666682859262,-0.123
10.880000162124634,-0.143
10.89333349565665,-0.242
10.906666829188666,-0.304
10.92000016272068,-0.314
10.933333496252695,-0.266
10.94666682978471,-0.224
10.960000163316726,-0.246
10.973333496848742,-0.211
10.986666830380758,-0.087
11.000000163912771,0.038
11.013333497444789,0.136
11.026666830976804,0.164
11.04000016450882,0.136
11.053333498040836,0.17
11.066666831572851,0.148
11.080000165104869,0.053
11.093333498636882,0.006
11.106666832168898,-0.006
11.120000165700914,-0.04
11.13333349923293,-0.048
11.146666832764945,-0.028
11.16000016629696,0.05
11.173333499828974,0.121
11.18666683336099,0.112
11.200000166893004,0.082
11.21333350042502,0.094
11.226666833957037,0.03
11.240000167489052,-0.009
11.253333501021068,-0.047
11.266666834553083,-0.061
11.2800001680851,-0.013
11.293333501617116,0.075
11.30666683514913,0.214
11.320000168681146,0.305
11.33333350221316,0.347
11.346666835745175,0.378
11.36000016927719,0.428
11.373333502809206,0.371
11.386666836341222,0.277
11.400000169873238,0.183
11.413333503405251,0.145
11.426666836937269,0.152
11.440000170469284,0.103
11.4533335040013,0.105
11.466666837533316,0.178
11.480000171065331,0.163
11.493333504597349,0.172
11.506666838129362,0.169
11.520000171661378,0.154
11.533333505193394,0.148
11.546666838725407,0.107
11.560000172257425,0.136
11.57333350578944,0.177
11.586666839321454,0.164
11.60000017285347,0.082
11.613333506385484,0.093
11.6266668399175,0.055
11.640000173449517,0.011
11.653333506981532,-0.021
11.666666840513548,-0.049
11.680000174045563,-0.066
11.69333350757758,-0.155
11.706666841109596,-0.221
11.72000017464161,-0.221
11.733333508173626,-0.172
11.74666684170564,-0.164
11.760000175237655,-0.117
11.77333350876967,-0.027
11.786666842301686,0.06
11.800000175833702,0.05
11.813333509365718,-0.001
11.826666842897732,-0.04
11.840000176429747,-0.049
11.853333509961764,-0.054
11.86666684349378,-0.157
11.880000177025796,-0.217
11.893333510557811,-0.208
11.906666844089829,-0.165
11.920000177621842,-0.129
11.933333511153858,-0.145
11.946666844685872,-0.096
11.960000178217888,-0.004
11.973333511749903,0.073
11.98666684528192,0.06
12.000000178813934,0.025
12.01333351234595,-0.028
12.026666845877966,-0.058
12.04000017940998,-0.065
12.053333512941997,-0.067
12.066666846474012,-0.098
12.080000180006028,-0.065
12.093333513538044,-0.009
12.10666684707006,0.038
12.120000180602077,0.006
12.13333351413409,-0.04
12.146666847666104,-0.077
12.16000018119812,-0.093
12.173333514730135,-0.107
12.186666848262153,-0.053
12.200000181794168,-0.083
12.213333515326182,-0.133
12.226666848858198,-0.162
12.240000182390212,-0.144
12.253333515922227,-0.228
12.266666849454245,-0.328
12.28000018298626,-0.331
12.293333516518276,-0.266
12.306666850050291,-0.222
12.320000183582309,-0.216
12.333333517114324,-0.157
12.346666850646336,-0.15
12.360000184178352,-0.198
12.373333517710368,-0.256
12.386666851242383,-0.326
12.4000001847744,-0.363
12.413333518306414,-0.378
12.42666685183843,-0.349
12.440000185370446,-0.174
12.45333351890246,-0.086
12.466666852434477,0.02
12.480000185966492,0.151
12.493333519498508,0.276
12.506666853030524,0.364
12.52000018656254,0.239
12.533333520094557,0.145
12.546666853626569,0.104
12.560000187158584,0.091
12.5733335206906,-0.005
12.586666854222615,-0.16
12.600000187754633,-0.155
12.613333521286648,-0.06
12.626666854818662,-0.045
12.640000188350678,-0.149
12.653333521882692,-0.133
12.666666855414707,-0.042
12.680000188946725,0.038
12.69333352247874,-0.036
12.706666856010756,-0.049
12.720000189542771,-0.046
12.733333523074789,-0.066
12.746666856606804,-0.136
12.760000190138816,-0.205
12.773333523670832,-0.279
12.786666857202848,-0.268
12.800000190734863,-0.199
12.81333352426688,-0.097
12.826666857798894,-0.067
12.84000019133091,-0.116
12.853333524862926,-0.118
12.86666685839494,-0.1
12.880000191926957,-0.128
12.893333525458972,-0.171
12.906666858990988,-0.157
12.920000192523004,-0.113
12.93333352605502,-0.051
12.946666859587037,0.002
12.960000193119049,0.02
12.973333526651064,-0.002
12.98666686018308,-0.051
13.000000193715096,-0.116
13.013333527247111,-0.176
13.026666860779128,-0.196
13.040000194311142,-0.217
13.053333527843158,-0.215
13.066666861375174,-0.178
13.08000019490719,-0.124
13.093333528439205,-0.099
13.10666686197122,-0.093
13.120000195503236,-0.077
13.133333529035252,-0.069
13.146666862567267,-0.17
13.16000019609928,-0.187
13.173333529631297,-0.149
13.186666863163312,-0.082
