time_min,absorb_mau
0.0,-0.008
0.0050000000745058,-0.011
0.0100000001490116,0.004
0.0150000002235174,0.027
0.0200000002980232,0.053
0.025000000372529,0.069
0.0300000004470348,0.068
0.0350000005215406,0.066
0.0400000005960464,0.065
0.0450000006705522,0.042
0.050000000745058,0.018
0.0550000008195638,-0.005
0.0600000008940696,-0.017
0.0650000009685754,-0.021
0.0700000010430812,-0.025
0.075000001117587,-0.025
0.0800000011920929,0.003
0.0850000012665987,0.027
0.0900000013411045,0.052
0.0950000014156103,0.061
0.1000000014901161,0.061
0.1050000015646219,0.06
0.1100000016391277,0.058
0.1150000017136335,0.067
0.1200000017881393,0.587
0.1250000018626451,0.571
0.1300000019371509,0.556
0.1350000020116567,0.531
0.1400000020861625,0.489
0.1450000021606683,0.449
0.1500000022351741,0.42
0.15500000230968,0.444
0.1600000023841858,0.466
0.1650000024586916,0.489
0.1700000025331974,0.482
0.1750000026077032,0.473
0.180000002682209,0.465
0.1850000027567148,0.451
0.1900000028312206,0.422
0.1950000029057264,0.391
0.2000000029802322,0.366
0.205000003054738,0.405
0.2100000031292438,0.442
0.2150000032037496,0.484
0.2200000032782554,0.512
0.2250000033527612,0.538
0.2300000034272671,0.563
0.2350000035017728,0.578
0.2400000035762786,0.559
0.2450000036507845,0.54
0.2500000037252903,0.522
0.2550000037997961,0.547
0.2600000038743019,0.575
0.2650000039488077,0.604
0.2700000040233135,0.622
0.2750000040978193,0.636
0.2800000041723251,0.651
0.285000004246831,0.654
0.2900000043213367,0.616
0.2950000043958425,0.574
0.3000000044703483,0.535
0.3050000045448541,0.536
0.31000000461936,0.539
0.3150000046938658,0.542
0.3200000047683716,0.548
0.3250000048428774,0.557
0.3300000049173832,0.566
0.335000004991889,0.566
0.3400000050663948,0.538
0.3450000051409006,0.507
0.3500000052154064,0.476
0.3550000052899122,0.459
0.360000005364418,0.447
0.3650000054389238,0.435
0.3700000055134296,0.439
0.3750000055879354,0.47
0.3800000056624412,0.499
0.3850000057369471,0.517
0.3900000058114529,0.474
0.3950000058859587,0.424
0.4000000059604645,0.375
0.4050000060349703,0.347
0.4100000061094761,0.323
0.4150000061839819,0.298
0.4200000062584877,0.289
0.4250000063329935,0.294
0.4300000064074993,0.304
0.4350000064820051,0.317
0.4400000065565109,0.355
0.4450000066310167,0.393
0.4500000067055225,0.431
0.4550000067800283,0.427
0.4600000068545342,0.4
0.46500000692904,0.372
0.4700000070035457,0.359
0.4750000070780515,0.404
0.4800000071525573,0.449
0.4850000072270632,0.495
0.490000007301569,0.482
0.4950000073760748,0.46
0.5000000074505806,0.438
0.5050000075250864,0.425
0.5100000075995922,0.413
0.515000007674098,0.401
0.5200000077486039,0.383
0.5250000078231096,0.325
0.5300000078976155,0.264
0.5350000079721212,0.203
0.5400000080466271,0.173
0.5450000081211329,0.162
0.5500000081956387,0.15
0.5550000082701445,0.155
0.5600000083446502,0.159
0.5650000084191561,0.165
0.570000008493662,0.164
0.5750000085681677,0.181
0.5800000086426735,0.197
0.5850000087171793,0.214
0.5900000087916851,0.249
0.595000008866191,0.282
0.6000000089406967,0.316
0.6050000090152026,0.378
0.6100000090897083,0.478
0.6150000091642142,0.582
0.62000000923872,0.689
0.6250000093132257,0.92
0.6300000093877316,1.15
0.6350000094622373,1.381
0.6400000095367432,1.763
0.645000009611249,2.209
0.6500000096857548,2.654
0.6550000097602606,3.214
0.6600000098347664,4.056
0.6650000099092722,4.901
0.6700000099837781,5.745
0.6750000100582838,7.087
0.6800000101327897,8.455
0.6850000102072954,9.824
0.6900000102818012,11.683
0.6950000103563071,13.899
0.7000000104308128,16.115
0.7050000105053187,18.567
0.7100000105798244,21.896
0.7150000106543303,25.213
0.7200000107288361,28.53
0.7250000108033419,33.232
0.7300000108778477,38.139
0.7350000109523535,43.047
0.7400000110268593,49.06
0.7450000111013652,56.189
0.7500000111758709,63.306
0.7550000112503767,70.73
0.7600000113248825,80.837
0.7650000113993883,90.832
0.7700000114738942,100.827
0.7750000115483999,113.468
0.7800000116229058,126.782
0.7850000116974115,140.098
0.7900000117719174,154.852
0.7950000118464232,171.486
0.800000011920929,188.072
0.8050000119954348,204.659
0.8100000120699405,225.117
0.8150000121444464,245.143
0.8200000122189522,265.17
0.825000012293458,288.08
0.8300000123679638,311.66
0.8350000124424696,335.258
0.8400000125169754,360.205
0.8450000125914813,386.19
0.850000012665987,412.103
0.8550000127404929,438.017
0.8600000128149986,466.54
0.8650000128895045,494.259
0.8700000129640103,521.978
0.875000013038516,551.528
0.8800000131130219,580.536
0.8850000131875276,609.606
0.8900000132620335,639.579
0.8950000133365393,669.449
0.9000000134110451,698.921
0.9050000134855508,728.393
0.9100000135600568,758.91
0.9150000136345624,787.895
0.9200000137090684,818.811
0.925000013783574,846.707
0.93000001385808,874.399
0.9350000139325856,902.135
0.9400000140070917,930.103
0.9450000140815974,958.735
0.9500000141561032,984.595
0.955000014230609,1008.731
0.9600000143051148,1035.984
0.9650000143796206,1058.055
0.9700000144541264,1083.28
0.9750000145286322,1105.674
0.980000014603138,1126.323
0.9850000146776438,1146.967
0.9900000147521496,1167.611
0.9950000148266556,1186.52
1.0000000149011612,1205.167
1.005000014975667,1222.649
1.010000015050173,1239.419
1.0150000151246787,1253.194
1.0200000151991844,1267.985
1.0250000152736902,1283.101
1.030000015348196,1295.828
1.035000015422702,1306.98
1.0400000154972078,1319.727
1.0450000155717134,1329.318
1.0500000156462193,1337.832
1.055000015720725,1346.346
1.060000015795231,1353.84
1.0650000158697368,1358.99
1.0700000159442424,1364.542
1.0750000160187485,1369.94
1.080000016093254,1372.043
1.08500001616776,1373.68
1.0900000162422658,1375.551
1.0950000163167717,1375.039
1.100000016391277,1373.663
1.1050000164657832,1372.091
1.110000016540289,1369.57
1.1150000166147949,1364.482
1.1200000166893005,1359.391
1.1250000167638063,1354.223
1.1300000168383122,1345.817
1.135000016912818,1337.909
1.140000016987324,1330.001
1.1450000170618295,1319.613
1.1500000171363354,1308.398
1.1550000172108412,1297.188
1.160000017285347,1284.918
1.165000017359853,1271.553
1.1700000174343586,1258.211
1.1750000175088644,1244.87
1.1800000175833705,1228.934
1.185000017657876,1213.328
1.190000017732382,1197.722
1.1950000178068876,1180.547
1.2000000178813934,1163.388
1.2050000179558993,1146.201
1.2100000180304051,1128.142
1.215000018104911,1109.751
1.2200000181794166,1091.406
1.2250000182539225,1073.062
1.2300000183284283,1053.929
1.2350000184029342,1035.637
1.24000001847744,1017.345
1.2450000185519456,998.204
1.2500000186264515,979.977
1.2550000187009571,962.914
1.2600000187754632,942.851
1.265000018849969,924.467
1.270000018924475,906.351
1.2750000189989803,888.235
1.2800000190734864,869.7
1.2850000191479922,852.193
1.290000019222498,834.687
1.2950000192970037,817.7
1.3000000193715096,799.787
1.3050000194460154,782.974
1.3100000195205213,765.974
1.315000019595027,749.124
1.3200000196695327,732.874
1.3250000197440386,716.623
1.3300000198185444,699.958
1.3350000198930505,685.358
1.340000019967556,668.644
1.3450000200420618,652.572
1.3500000201165676,638.108
1.3550000201910737,624.619
1.360000020265579,609.203
1.3650000203400852,594.784
1.3700000204145908,581.158
1.3750000204890966,567.533
1.3800000205636025,553.641
1.3850000206381083,540.795
1.3900000207126142,527.94
1.3950000207871198,515.585
1.4000000208616257,502.531
1.4050000209361315,490.481
1.4100000210106374,478.431
1.4150000210851432,466.317
1.4200000211596489,454.956
1.4250000212341547,443.594
1.4300000213086606,431.855
1.4350000213831664,421.604
1.4400000214576725,409.865
1.445000021532178,398.61
1.4500000216066835,387.738
1.4550000216811896,377.135
1.4600000217556954,366.532
1.4650000218302013,356.432
1.470000021904707,347.189
1.4750000219792128,337.945
1.4800000220537186,328.511
1.4850000221282245,320.003
1.4900000222027303,311.509
1.495000022277236,303.581
1.5000000223517418,294.724
1.5050000224262476,286.911
1.5100000225007535,279.098
1.5150000225752591,271.156
1.520000022649765,263.833
1.5250000227242708,256.508
1.530000022798777,249.012
1.5350000228732823,242.666
1.5400000229477884,236.331
1.545000023022294,229.996
1.5500000230968,223.437
1.5550000231713057,217.098
1.5600000232458116,210.76
1.5650000233203174,204.339
1.570000023394823,198.489
1.5750000234693289,193.011
1.5800000235438347,186.584
1.5850000236183406,181.236
1.5900000236928464,175.947
1.595000023767352,170.658
1.600000023841858,165.53
1.6050000239163638,160.84
1.6100000239908696,156.15
1.6150000240653757,151.654
1.620000024139881,147.075
1.625000024214387,142.762
1.6300000242888928,138.393
1.6350000243633986,134.298
1.6400000244379045,130.334
1.64500002451241,126.371
1.650000024586916,122.474
1.6550000246614218,119.14
1.6600000247359277,115.33
1.6650000248104335,111.724
1.6700000248849391,108.628
1.675000024959445,105.738
1.6800000250339509,102.434
1.6850000251084567,99.487
1.6900000251829626,96.739
1.6950000252574682,93.992
1.700000025331974,91.247
1.70500002540648,88.75
1.7100000254809855,86.256
1.7150000255554916,83.853
1.7200000256299972,81.374
1.725000025704503,79.075
1.730000025779009,76.775
1.7350000258535148,74.513
1.7400000259280206,72.397
1.7450000260025262,70.282
1.750000026077032,68.126
1.755000026151538,66.135
1.7600000262260438,64.136
1.7650000263005496,62.09
1.7700000263750553,60.276
1.7750000264495611,58.495
1.780000026524067,56.714
1.7850000265985728,55.015
1.790000026673079,53.462
1.7950000267475843,51.91
1.80000002682209,50.301
1.805000026896596,48.864
1.8100000269711016,47.419
1.815000027045608,45.962
1.820000027120113,44.623
1.8250000271946192,43.346
1.830000027269125,42.069
1.8350000273436309,40.797
1.8400000274181367,39.621
1.8450000274926424,38.447
1.850000027567148,37.273
1.855000027641654,36.296
1.86000002771616,35.321
1.8650000277906655,34.346
1.8700000278651716,33.37
1.8750000279396768,32.442
1.880000028014183,31.514
1.885000028088689,30.602
1.8900000281631948,29.822
1.8950000282377004,29.04
1.9000000283122065,28.223
1.905000028386712,27.491
1.910000028461218,26.758
1.915000028535724,26.026
1.9200000286102292,25.32
1.9250000286847355,24.668
1.9300000287592407,24.017
1.935000028833747,23.332
1.9400000289082528,22.66
1.9450000289827585,21.987
1.9500000290572643,21.302
1.9550000291317704,20.662
1.960000029206276,20.04
1.9650000292807817,19.418
1.9700000293552875,18.832
1.9750000294297931,18.304
1.9800000295042992,17.776
1.985000029578805,17.253
1.990000029653311,16.811
1.9950000297278163,16.372
2.0000000298023224,15.931
2.0050000298768285,15.498
2.010000029951334,15.087
2.01500003002584,14.676
2.020000030100346,14.29
2.0250000301748514,13.955
2.030000030249357,13.62
2.035000030323863,13.282
2.0400000303983687,13.012
2.045000030472875,12.744
2.0500000305473804,12.475
2.0550000306218865,12.183
2.060000030696392,11.904
2.0650000307708978,11.625
2.070000030845404,11.346
2.075000030919909,11.097
2.0800000309944155,10.846
2.085000031068921,10.586
2.090000031143427,10.363
2.095000031217933,10.144
2.1000000312924385,9.925
2.1050000313669446,9.717
2.11000003144145,9.52
2.115000031515956,9.323
2.120000031590462,9.13
2.1250000316649675,8.972
2.1300000317394736,8.81
2.1350000318139792,8.643
2.140000031888485,8.488
2.145000031962991,8.343
2.150000032037497,8.197
2.155000032112002,8.059
2.1600000321865083,7.937
2.165000032261014,7.813
2.17000003233552,7.674
2.1750000324100256,7.537
2.180000032484532,7.4
2.1850000325590373,7.263
2.190000032633543,7.152
2.195000032708049,7.044
2.200000032782554,6.936
2.2050000328570607,6.792
2.2100000329315663,6.629
2.215000033006072,6.465
2.220000033080578,6.303
2.225000033155084,6.181
2.2300000332295897,6.061
2.235000033304096,5.942
2.240000033378601,5.826
2.245000033453107,5.714
2.2500000335276127,5.601
2.2550000336021188,5.495
2.2600000336766244,5.416
2.26500003375113,5.339
2.270000033825636,5.255
2.2750000339001417,5.117
2.280000033974648,4.995
2.2850000340491534,4.855
2.290000034123659,4.753
2.295000034198165,4.676
2.3000000342726707,4.594
2.305000034347177,4.511
2.3100000344216824,4.442
2.315000034496188,4.369
2.320000034570694,4.298
2.3250000346452,4.21
2.330000034719706,4.13
2.3350000347942115,4.05
2.340000034868717,4.001
2.345000034943223,3.967
2.350000035017729,3.931
2.355000035092235,3.893
2.3600000351667405,3.879
2.365000035241246,3.862
2.370000035315752,3.845
2.375000035390258,3.786
2.380000035464764,3.734
2.385000035539269,3.676
2.390000035613775,3.645
2.395000035688281,3.623
2.400000035762787,3.602
2.405000035837293,3.575
2.4100000359117986,3.549
2.415000035986304,3.524
2.4200000360608103,3.495
2.425000036135316,3.425
2.430000036209822,3.347
2.435000036284328,3.268
2.440000036358833,3.205
2.4450000364333397,3.159
2.450000036507845,3.111
2.455000036582351,3.063
2.4600000366568566,3.043
2.4650000367313623,3.03
2.4700000368058683,3.014
2.475000036880374,2.969
2.48000003695488,2.912
2.4850000370293857,2.846
2.4900000371038917,2.804
2.4950000371783974,2.778
2.500000037252903,2.755
2.505000037327409,2.731
2.5100000374019147,2.69
2.5150000374764203,2.658
2.5200000375509264,2.626
2.525000037625432,2.585
2.530000037699938,2.537
2.535000037774444,2.49
2.5400000378489493,2.452
2.5450000379234554,2.439
2.550000037997961,2.427
2.555000038072467,2.414
2.5600000381469727,2.38
2.5650000382214784,2.349
2.5700000382959844,2.318
2.57500003837049,2.299
2.580000038444996,2.282
2.5850000385195018,2.262
2.5900000385940074,2.236
2.595000038668513,2.218
2.600000038743019,2.203
2.605000038817525,2.185
2.610000038892031,2.218
2.6150000389665364,2.257
2.6200000390410425,2.296
2.625000039115548,2.319
2.630000039190054,2.317
2.63500003926456,2.315
2.640000039339065,2.308
2.6450000394135715,2.304
2.650000039488077,2.303
2.6550000395625832,2.302
2.660000039637089,2.288
2.6650000397115945,2.26
2.670000039786101,2.233
2.675000039860606,2.212
2.6800000399351123,2.221
2.685000040009618,2.23
2.6900000400841235,2.239
2.6950000401586296,2.203
2.7000000402331352,2.16
2.7050000403076413,2.116
2.710000040382147,2.057
2.715000040456653,1.993
2.720000040531158,1.93
2.7250000406056643,1.887
2.7300000406801703,1.899
2.735000040754676,1.912
2.7400000408291816,1.925
2.745000040903688,1.906
2.7500000409781933,1.883
2.7550000410527,1.861
2.760000041127205,1.838
2.7650000412017106,1.815
2.7700000412762167,1.792
2.7750000413507223,1.78
2.7800000414252284,1.785
2.785000041499734,1.794
2.79000004157424,1.803
2.7950000416487457,1.821
2.800000041723252,1.848
2.8050000417977574,1.879
2.810000041872263,1.893
2.8150000419467687,1.875
2.8200000420212747,1.857
2.8250000420957804,1.834
2.8300000421702864,1.813
2.835000042244792,1.795
2.8400000423192977,1.777
2.845000042393804,1.766
2.8500000424683094,1.759
2.8550000425428155,1.752
2.860000042617321,1.755
2.8650000426918267,1.767
2.870000042766333,1.776
2.8750000428408384,1.786
2.8800000429153445,1.746
2.88500004298985,1.709
2.890000043064356,1.673
2.895000043138862,1.634
2.9000000432133675,1.599
2.905000043287873,1.559
2.910000043362379,1.527
2.915000043436885,1.528
2.920000043511391,1.53
2.9250000435858965,1.533
2.9300000436604026,1.549
2.935000043734908,1.565
2.940000043809414,1.58
2.94500004388392,1.575
2.950000043958425,1.528
2.955000044032932,1.482
2.960000044107437,1.438
2.965000044181943,1.477
2.970000044256449,1.52
2.9750000443309546,1.562
2.9800000444054606,1.581
2.9850000444799663,1.596
2.990000044554472,1.612
2.995000044628978,1.605
3.000000044703484,1.57
3.0050000447779897,1.529
3.0100000448524957,1.492
3.015000044927001,1.446
3.020000045001507,1.398
3.0250000450760126,1.35
3.0300000451505187,1.321
3.0350000452250243,1.303
3.04000004529953,1.287
3.045000045374036,1.278
3.0500000454485416,1.258
3.055000045523048,1.241
3.0600000455975533,1.224
3.065000045672059,1.205
3.070000045746565,1.195
3.0750000458210707,1.184
3.0800000458955767,1.204
3.0850000459700824,1.263
3.090000046044588,1.321
3.095000046119094,1.366
3.1000000461936,1.374
3.1050000462681058,1.379
3.1100000463426114,1.384
3.115000046417117,1.381
3.120000046491623,1.372
3.1250000465661287,1.362
3.130000046640635,1.36
3.1350000467151404,1.348
3.140000046789646,1.337
3.145000046864152,1.321
3.1500000469386578,1.306
3.155000047013164,1.291
3.160000047087669,1.277
3.165000047162175,1.251
3.170000047236681,1.214
3.175000047311187,1.176
3.180000047385693,1.141
3.1850000474601985,1.13
3.190000047534704,1.12
3.19500004760921,1.11
3.200000047683716,1.121
3.205000047758222,1.131
3.2100000478327275,1.14
3.215000047907233,1.133
3.220000047981739,1.105
3.225000048056245,1.079
3.230000048130751,1.047
3.235000048205257,1.032
3.240000048279762,1.016
3.2450000483542683,1.001
3.250000048428774,1.014
3.25500004850328,1.028
3.2600000485777856,1.042
3.265000048652291,1.054
3.2700000487267973,1.064
3.275000048801303,1.076
3.280000048875809,1.084
3.2850000489503146,1.048
3.29000004902482,1.012
3.2950000490993263,0.976
3.300000049173832,0.962
3.305000049248338,0.955
3.310000049322844,0.949
3.3150000493973493,0.951
3.320000049471856,0.971
3.325000049546361,0.992
3.330000049620867,1.014
3.3350000496953727,1.006
3.3400000497698783,0.994
3.3450000498443844,0.982
3.35000004991889,0.972
3.355000049993396,0.964
3.3600000500679017,0.958
3.3650000501424078,0.96
3.3700000502169134,0.964
3.375000050291419,0.975
3.380000050365925,0.986
3.3850000504404307,1.005
3.3900000505149364,1.02
3.3950000505894424,1.035
3.400000050663948,1.038
3.405000050738454,1.028
3.41000005081296,1.02
3.4150000508874654,1.012
3.4200000509619715,1.0
3.425000051036477,0.989
3.430000051110983,0.978
3.435000051185489,0.967
3.4400000512599944,0.957
3.4450000513345005,0.948
3.450000051409006,0.947
3.455000051483512,0.969
3.460000051558018,0.987
3.4650000516325234,1.006
3.470000051707029,1.025
3.475000051781535,1.041
3.480000051856041,1.057
3.485000051930547,1.054
3.4900000520050525,1.05
3.4950000520795586,1.046
3.500000052154064,1.043
3.5050000522285703,1.044
3.510000052303076,1.044
3.515000052377581,1.046
3.520000052452088,1.057
3.525000052526593,1.07
3.5300000526010997,1.083
3.535000052675605,1.061
3.5400000527501105,1.018
3.5450000528246166,0.975
3.5500000528991222,0.933
3.5550000529736283,0.89
3.560000053048134,0.845
3.56500005312264,0.8
3.5700000531971456,0.786
3.5750000532716517,0.781
3.5800000533461573,0.777
3.585000053420663,0.784
3.5900000534951686,0.795
3.5950000535696747,0.807
3.6000000536441803,0.809
3.6050000537186864,0.782
3.610000053793192,0.754
3.6150000538676976,0.725
3.620000053942204,0.746
3.625000054016709,0.783
3.630000054091216,0.821
3.635000054165721,0.855
3.640000054240226,0.861
3.6450000543147327,0.873
3.6500000543892384,0.88
3.655000054463744,0.882
3.66000005453825,0.881
3.665000054612756,0.88
3.6700000546872618,0.873
3.675000054761768,0.861
3.6800000548362735,0.846
3.685000054910779,0.842
3.6900000549852847,0.869
3.695000055059791,0.896
3.700000055134296,0.923
3.7050000552088025,0.915
3.710000055283308,0.899
3.7150000553578137,0.885
3.72000005543232,0.869
3.7250000555068254,0.858
3.730000055581332,0.846
3.735000055655837,0.831
3.740000055730343,0.801
3.745000055804849,0.774
3.7500000558793545,0.745
3.755000055953861,0.736
3.760000056028366,0.725
3.765000056102872,0.716
3.770000056177378,0.702
3.775000056251884,0.688
3.7800000563263896,0.672
3.785000056400895,0.661
3.790000056475401,0.673
3.795000056549907,0.685
3.800000056624413,0.698
3.805000056698919,0.704
3.810000056773424,0.711
3.81500005684793,0.717
3.820000056922436,0.728
3.8250000569969416,0.756
3.830000057071448,0.784
3.835000057145953,0.809
3.840000057220459,0.788
3.845000057294965,0.766
3.850000057369471,0.74
3.8550000574439767,0.746
3.8600000575184814,0.759
3.865000057592988,0.773
3.870000057667494,0.784
3.875000057742,0.796
3.8800000578165057,0.804
3.8850000578910113,0.812
3.890000057965517,0.786
3.895000058040023,0.764
3.9000000581145287,0.742
3.9050000581890343,0.715
3.910000058263541,0.69
3.915000058338046,0.664
3.920000058412552,0.645
3.9250000584870577,0.648
3.930000058561564,0.654
3.935000058636069,0.66
3.940000058710575,0.668
3.945000058785081,0.666
3.9500000588595863,0.665
3.955000058934093,0.654
3.9600000590085984,0.627
3.965000059083104,0.603
3.97000005915761,0.573
3.975000059232116,0.58
3.980000059306622,0.586
3.985000059381128,0.592
3.990000059455633,0.589
3.995000059530139,0.586
4.000000059604645,0.583
4.00500005967915,0.576
4.010000059753657,0.554
4.0150000598281625,0.535
4.020000059902668,0.514
4.025000059977174,0.463
4.030000060051679,0.408
4.035000060126186,0.353
4.040000060200692,0.324
4.045000060275197,0.308
4.050000060349703,0.289
4.0550000604242085,0.278
4.060000060498715,0.29
4.065000060573221,0.3
4.070000060647726,0.311
4.075000060722232,0.332
4.0800000607967375,0.356
4.085000060871244,0.38
4.09000006094575,0.388
4.095000061020255,0.395
4.100000061094761,0.401
4.1050000611692665,0.414
4.110000061243773,0.431
4.115000061318279,0.452
4.120000061392784,0.472
4.12500006146729,0.465
4.130000061541796,0.449
4.135000061616302,0.433
4.140000061690808,0.432
4.145000061765313,0.417
4.150000061839819,0.408
4.155000061914325,0.395
4.160000061988831,0.382
4.165000062063337,0.367
4.170000062137842,0.35
4.175000062212348,0.331
4.180000062286854,0.32
4.18500006236136,0.309
4.190000062435866,0.302
4.195000062510371,0.317
4.200000062584877,0.325
4.205000062659383,0.331
4.210000062733889,0.32
4.215000062808395,0.311
4.2200000628829,0.302
4.225000062957406,0.305
4.230000063031912,0.301
4.235000063106418,0.299
4.240000063180924,0.299
4.245000063255429,0.307
4.250000063329935,0.317
4.255000063404441,0.326
4.260000063478947,0.331
4.265000063553453,0.343
4.270000063627959,0.354
4.275000063702464,0.371
4.28000006377697,0.376
4.285000063851476,0.382
4.290000063925982,0.377
4.295000064000488,0.359
4.300000064074993,0.342
4.305000064149499,0.325
4.310000064224005,0.336
4.315000064298511,0.342
4.3200000643730165,0.348
4.325000064447522,0.344
4.330000064522028,0.329
4.335000064596534,0.314
4.34000006467104,0.299
4.345000064745546,0.288
4.350000064820051,0.28
4.355000064894557,0.272
4.360000064969063,0.254
4.365000065043569,0.228
4.370000065118075,0.198
4.37500006519258,0.19
4.380000065267086,0.243
4.385000065341592,0.29
4.390000065416098,0.343
4.395000065490604,0.334
4.400000065565109,0.317
4.405000065639615,0.299
4.410000065714121,0.283
4.415000065788627,0.276
4.420000065863133,0.269
4.425000065937638,0.263
4.430000066012144,0.297
4.43500006608665,0.326
4.440000066161156,0.354
4.445000066235662,0.372
4.450000066310167,0.389
4.455000066384673,0.406
4.46000006645918,0.405
4.465000066533685,0.386
4.470000066608191,0.363
4.475000066682696,0.349
4.480000066757202,0.382
4.4850000668317085,0.413
4.490000066906214,0.445
4.49500006698072,0.472
4.500000067055225,0.5
4.505000067129731,0.529
4.5100000672042375,0.546
4.515000067278743,0.529
4.520000067353249,0.516
4.525000067427754,0.502
4.53000006750226,0.518
4.535000067576767,0.532
4.540000067651272,0.546
4.545000067725778,0.539
4.550000067800283,0.527
4.555000067874789,0.514
4.560000067949296,0.505
4.565000068023801,0.468
4.570000068098307,0.432
4.5750000681728125,0.397
4.580000068247318,0.387
4.585000068321825,0.38
4.59000006839633,0.373
4.595000068470836,0.352
4.6000000685453415,0.337
4.605000068619847,0.319
4.610000068694354,0.305
4.615000068768859,0.278
4.620000068843365,0.253
4.625000068917871,0.228
4.630000068992376,0.24
4.635000069066883,0.265
4.640000069141388,0.291
4.645000069215894,0.302
4.6500000692904,0.3
4.655000069364905,0.297
4.660000069439412,0.3
4.665000069513917,0.317
4.670000069588423,0.334
4.675000069662929,0.352
4.680000069737434,0.345
4.685000069811941,0.341
4.690000069886446,0.338
4.695000069960952,0.348
4.700000070035458,0.364
4.705000070109963,0.382
4.71000007018447,0.396
4.715000070258975,0.386
4.720000070333481,0.372
4.725000070407987,0.357
4.730000070482492,0.359
4.735000070556999,0.374
4.740000070631504,0.388
4.74500007070601,0.389
4.750000070780516,0.344
4.755000070855021,0.298
4.760000070929528,0.251
4.765000071004033,0.246
4.770000071078539,0.256
4.775000071153045,0.265
4.78000007122755,0.272
4.785000071302057,0.267
4.7900000713765625,0.261
4.795000071451068,0.258
4.800000071525574,0.274
4.805000071600079,0.291
4.810000071674586,0.308
4.815000071749092,0.317
4.820000071823597,0.32
4.825000071898103,0.323
4.830000071972608,0.326
4.835000072047115,0.331
4.8400000721216205,0.338
4.845000072196126,0.35
4.850000072270632,0.381
4.855000072345137,0.412
4.860000072419644,0.443
4.86500007249415,0.466
4.870000072568655,0.481
4.875000072643161,0.496
4.880000072717666,0.503
4.885000072792173,0.515
4.890000072866679,0.521
4.895000072941184,0.526
4.90000007301569,0.493
4.905000073090196,0.46
4.910000073164702,0.427
4.915000073239208,0.393
4.920000073313713,0.368
4.925000073388219,0.342
4.9300000734627245,0.331
4.935000073537231,0.322
4.940000073611737,0.315
4.945000073686242,0.309
4.950000073760748,0.272
4.9550000738352535,0.232
4.96000007390976,0.192
4.965000073984266,0.167
4.970000074058771,0.142
4.975000074133277,0.122
4.980000074207783,0.105
4.985000074282289,0.115
4.990000074356795,0.13
4.9950000744313,0.144
5.000000074505806,0.168
5.005000074580312,0.196
5.010000074654818,0.224
5.015000074729324,0.243
5.020000074803829,0.235
5.025000074878335,0.225
5.030000074952841,0.214
5.035000075027347,0.229
5.040000075101853,0.246
5.045000075176358,0.266
5.050000075250864,0.276
5.05500007532537,0.28
5.060000075399876,0.284
5.065000075474382,0.279
5.070000075548887,0.267
5.075000075623393,0.253
5.080000075697899,0.239
5.085000075772405,0.258
5.090000075846911,0.274
5.0950000759214165,0.293
5.100000075995922,0.298
5.105000076070428,0.296
5.110000076144934,0.294
5.11500007621944,0.299
5.1200000762939455,0.322
5.125000076368451,0.343
5.130000076442957,0.365
5.135000076517463,0.36
5.140000076591969,0.352
5.1450000766664745,0.344
5.15000007674098,0.347
5.155000076815486,0.365
5.160000076889992,0.383
5.165000076964498,0.397
5.170000077039004,0.383
5.175000077113509,0.365
5.180000077188015,0.346
5.185000077262521,0.323
5.190000077337027,0.304
5.195000077411533,0.283
5.200000077486038,0.256
5.205000077560544,0.214
5.21000007763505,0.169
5.215000077709556,0.125
5.220000077784062,0.109
5.225000077858567,0.099
5.230000077933073,0.088
5.235000078007579,0.056
5.240000078082085,0.015
5.245000078156591,-0.025
5.250000078231096,-0.048
5.255000078305602,-0.044
5.260000078380108,-0.039
5.265000078454614,-0.034
5.27000007852912,-0.041
5.275000078603625,-0.045
5.280000078678131,-0.048
5.285000078752637,-0.061
5.290000078827143,-0.075
5.295000078901649,-0.091
5.300000078976154,-0.096
5.30500007905066,-0.063
5.310000079125167,-0.034
5.315000079199672,-0.002
5.320000079274178,0.021
5.325000079348683,0.052
5.330000079423189,0.082
5.335000079497696,0.096
5.340000079572201,0.076
5.345000079646707,0.057
5.350000079721212,0.042
5.355000079795718,0.018
5.3600000798702245,0.002
5.36500007994473,-0.013
5.370000080019236,-0.006
5.375000080093741,0.008
5.380000080168247,0.024
5.385000080242754,0.042
5.390000080317259,0.033
5.395000080391765,0.024
5.4000000804662704,0.016
5.405000080540776,0.007
5.410000080615283,0.003
5.415000080689788,0.0
5.420000080764294,-0.006
5.4250000808388,-0.009
5.430000080913305,-0.013
5.435000080987812,-0.02
5.440000081062317,-0.003
5.445000081136823,0.009
5.4500000812113285,0.021
5.455000081285834,0.024
5.460000081360341,0.024
5.465000081434846,0.024
5.470000081509352,0.021
5.4750000815838575,0.002
5.480000081658363,-0.014
5.48500008173287,-0.037
5.490000081807375,-0.05
5.495000081881881,-0.064
5.500000081956387,-0.078
5.505000082030892,-0.09
5.510000082105399,-0.099
5.515000082179904,-0.109
5.52000008225441,-0.121
5.525000082328916,-0.13
5.530000082403421,-0.14
5.535000082477928,-0.15
5.540000082552433,-0.154
5.545000082626939,-0.159
5.550000082701445,-0.164
5.55500008277595,-0.139
5.560000082850457,-0.108
5.565000082924962,-0.078
5.570000082999468,-0.066
5.575000083073974,-0.076
5.580000083148479,-0.085
5.585000083222986,-0.092
5.590000083297491,-0.07
5.595000083371997,-0.048
5.600000083446503,-0.027
5.605000083521008,-0.023
5.610000083595515,-0.028
5.6150000836700205,-0.033
5.620000083744526,-0.035
5.625000083819032,-0.045
5.630000083893537,-0.053
5.635000083968044,-0.062
5.6400000840425495,-0.11
5.645000084117055,-0.171
5.650000084191561,-0.231
5.655000084266066,-0.249
5.660000084340573,-0.214
5.665000084415079,-0.18
5.670000084489584,-0.147
5.67500008456409,-0.165
5.680000084638595,-0.179
5.685000084713102,-0.194
5.690000084787608,-0.174
5.695000084862113,-0.141
5.700000084936619,-0.109
5.705000085011124,-0.094
5.710000085085631,-0.096
5.715000085160137,-0.099
5.720000085234642,-0.103
5.725000085309148,-0.08
5.7300000853836535,-0.06
5.73500008545816,-0.039
5.740000085532666,-0.051
5.745000085607171,-0.085
5.750000085681677,-0.118
5.755000085756183,-0.149
5.760000085830689,-0.142
5.765000085905195,-0.141
5.7700000859797,-0.14
5.775000086054206,-0.149
5.780000086128712,-0.162
5.785000086203218,-0.175
5.790000086277724,-0.186
5.795000086352229,-0.187
5.800000086426735,-0.188
5.8050000865012406,-0.192
5.810000086575747,-0.207
5.815000086650253,-0.225
5.820000086724758,-0.242
5.825000086799264,-0.242
5.83000008687377,-0.236
5.835000086948276,-0.231
5.840000087022782,-0.221
5.845000087097287,-0.212
5.850000087171793,-0.204
5.855000087246299,-0.196
5.860000087320805,-0.191
5.865000087395311,-0.186
5.870000087469816,-0.181
5.875000087544322,-0.172
5.880000087618828,-0.157
5.885000087693334,-0.142
5.89000008776784,-0.122
5.895000087842345,-0.095
5.900000087916851,-0.067
5.905000087991357,-0.038
5.910000088065863,-0.014
5.915000088140369,0.01
5.920000088214874,0.034
5.92500008828938,0.051
5.930000088363886,0.06
5.935000088438392,0.07
5.940000088512898,0.089
5.945000088587404,0.121
5.950000088661909,0.153
5.955000088736415,0.186
5.960000088810921,0.175
5.965000088885427,0.166
5.9700000889599325,0.157
5.975000089034438,0.163
5.980000089108944,0.171
5.98500008918345,0.18
5.990000089257956,0.192
5.9950000893324615,0.202
6.000000089406967,0.214
