time_min,absorb_mau
0.0,0.001
0.1066666682561238,-0.353
0.2133333365122477,-0.008
0.3200000047683716,-0.421
0.4266666730244954,-0.377
0.5333333412806193,-0.287
0.6400000095367432,-0.416
0.746666677792867,0.003
0.8533333460489909,1.212
0.9600000143051148,5.347
1.0666666825612383,11.756
1.1733333508173625,20.176
1.2800000190734864,31.053
1.3866666873296103,43.112
1.493333355585734,56.194
1.600000023841858,69.563
1.7066666920979818,81.663
1.8133333603541055,92.534
1.9200000286102292,100.014
2.0266666968663536,104.603
2.133333365122477,107.624
2.240000033378601,109.487
2.346666701634725,108.574
2.453333369890849,106.479
2.5600000381469727,103.631
2.6666667064030967,99.923
2.7733333746592206,95.644
2.8800000429153445,90.724
2.986666711171468,85.136
3.093333379427592,79.633
3.200000047683716,74.447
3.30666671593984,69.903
3.413333384195964,66.138
3.520000052452088,61.864
3.626666720708212,58.368
3.733333388964336,54.565
3.840000057220459,51.632
3.946666725476583,48.972
4.053333393732707,46.84
4.160000061988831,44.141
4.266666730244954,41.962
4.373333398501078,40.047
4.480000066757202,38.84
4.586666735013326,38.058
4.69333340326945,37.238
4.800000071525574,36.289
4.906666739781698,35.794
5.013333408037822,35.145
5.1200000762939455,34.842
5.226666744550069,34.613
5.333333412806193,34.113
5.440000081062317,33.581
5.546666749318441,33.049
5.653333417574565,32.864
5.760000085830689,32.912
5.866666754086813,33.121
5.973333422342936,32.496
6.08000009059906,32.818
6.186666758855184,32.967
6.293333427111308,34.144
6.400000095367432,34.896
6.506666763623556,35.82
6.61333343187968,36.163
6.720000100135803,36.83
6.826666768391927,37.587
6.933333436648051,38.779
7.040000104904175,39.509
7.146666773160299,40.057
7.253333441416423,40.093
7.360000109672547,39.802
7.466666777928671,39.722
7.573333446184795,40.378
7.680000114440918,40.798
7.786666782697042,40.578
7.893333450953166,40.172
8.00000011920929,39.933
8.106666787465414,39.894
8.213333455721537,40.006
8.320000123977662,39.636
8.426666792233785,38.814
8.533333460489908,38.202
8.640000128746033,37.564
8.746666797002156,37.248
8.853333465258281,36.679
8.960000133514404,35.382
9.066666801770529,34.723
9.173333470026652,33.781
9.280000138282777,32.96
9.3866668065389,32.372
9.493333474795024,31.585
9.600000143051147,30.844
9.706666811307272,30.176
9.813333479563395,29.489
9.92000014781952,28.645
10.026666816075643,28.323
10.133333484331768,27.605
10.240000152587893,26.74
10.346666820844014,25.844
10.45333348910014,25.498
10.560000157356262,24.904
10.666666825612388,24.467
10.77333349386851,24.091
10.880000162124634,23.544
10.986666830380758,23.199
11.093333498636882,22.636
11.200000166893004,22.825
11.30666683514913,23.185
11.413333503405251,23.059
11.520000171661378,22.064
11.6266668399175,21.53
11.733333508173626,21.378
11.840000176429747,20.666
11.946666844685872,19.97
12.053333512941997,19.496
12.16000018119812,19.087
12.266666849454245,18.616
12.373333517710368,18.823
12.480000185966492,18.589
12.586666854222615,18.612
12.69333352247874,18.624
12.800000190734863,18.325
12.906666858990988,18.875
13.013333527247111,18.668
13.120000195503236,18.858
13.22666686375936,18.762
13.333333532015484,18.284
13.440000200271609,18.342
13.546666868527732,18.218
13.653333536783856,18.49
13.760000205039978,18.211
13.866666873296102,18.074
13.973333541552226,17.75
14.08000020980835,17.483
14.186666878064472,17.412
14.293333546320598,17.244
14.40000021457672,17.072
14.506666882832846,16.895
14.613333551088967,16.82
14.720000219345094,16.52
14.826666887601217,16.77
14.933333555857342,16.739
15.040000224113465,16.578
15.14666689236959,16.348
15.253333560625713,16.255
15.360000228881836,16.2
15.46666689713796,16.381
15.573333565394083,16.093
15.680000233650208,15.958
15.786666901906331,15.774
15.893333570162456,15.954
16.00000023841858,16.177
16.106666906674704,16.484
16.21333357493083,16.524
16.32000024318695,16.338
16.426666911443075,16.196
16.5333335796992,16.224
16.640000247955324,16.275
16.746666916211446,16.261
16.85333358446757,16.086
16.960000252723695,15.936
17.066666920979817,15.717
17.17333358923594,15.979
17.280000257492066,15.954
17.38666692574819,16.177
17.493333594004312,15.892
17.600000262260437,15.843
17.706666930516562,15.458
17.813333598772687,15.7
17.920000267028808,16.055
18.026666935284933,15.894
18.133333603541057,15.963
18.240000271797182,16.144
18.346666940053304,16.01
18.45333360830943,15.854
18.560000276565557,16.238
18.66666694482168,16.145
18.7733336130778,16.062
18.880000281333924,15.947
18.98666694959005,15.969
19.09333361784617,16.166
19.20000028610229,15.823
19.30666695435842,15.579
19.413333622614545,15.668
19.520000290870662,15.215
19.62666695912679,15.303
19.733333627382915,15.203
19.84000029563904,15.046
19.94666696389516,14.658
20.053333632151286,14.544
20.16000030040741,14.327
20.266666968663536,14.353
20.373333636919657,14.372
20.480000305175786,13.537
20.586666973431907,13.381
20.693333641688028,13.156
20.800000309944156,12.929
20.90666697820028,13.002
21.0133336464564,12.837
21.120000314712524,12.824
21.22666698296865,12.602
21.333333651224773,12.346
21.440000319480895,12.441
21.54666698773702,12.442
21.653333655993144,12.249
21.76000032424927,12.037
21.866666992505397,12.143
21.973333660761515,12.066
22.08000032901764,12.058
22.186666997273765,11.885
22.29333366552989,11.917
22.40000033378601,11.621
22.506667002042136,11.54
22.61333367029826,11.765
22.72000033855438,12.048
22.826667006810503,12.196
22.93333367506663,11.99
23.04000034332276,12.028
23.14666701157888,11.897
23.253333679835,11.704
23.360000348091127,11.833
23.46666701634725,11.378
23.573333684603373,11.069
23.680000352859494,10.658
23.786667021115623,10.344
23.893333689371744,10.402
24.00000035762787,10.492
24.106667025883997,10.553
24.21333369414012,10.299
24.32000036239624,10.405
24.426667030652364,10.284
24.53333369890849,10.378
24.64000036716461,10.501
24.74666703542073,10.243
24.85333370367686,9.972
24.960000371932985,9.972
25.06666704018911,9.834
25.17333370844523,9.786
25.28000037670136,9.592
25.38666704495748,9.139
25.493333713213605,9.006
25.600000381469727,8.978
25.70666704972585,8.692
25.813333717981976,8.695
25.920000386238097,8.545
26.026667054494222,8.323
26.133333722750347,7.988
26.240000391006472,8.014
26.346667059262597,8.191
26.45333372751872,7.913
26.560000395774843,7.562
26.666667064030968,7.426
26.77333373228709,7.334
26.880000400543214,6.987
26.98666706879934,7.301
27.093333737055463,6.966
27.200000405311584,7.211
27.30666707356771,6.653
27.413333741823838,6.738
27.520000410079955,7.082
27.62666707833608,6.897
27.733333746592205,6.712
27.84000041484833,6.692
27.94666708310445,6.548
28.053333751360576,6.563
28.1600004196167,6.519
28.266667087872825,6.586
28.373333756128947,6.344
28.48000042438507,6.321
28.5866670926412,6.274
28.69333376089732,6.223
28.80000042915344,6.361
28.906667097409567,6.095
29.01333376566569,6.004
29.120000433921813,5.902
29.226667102177935,5.708
29.333333770434063,5.695
29.440000438690188,5.73
29.54666710694631,5.621
29.653333775202437,5.383
29.76000044345856,5.577
29.866667111714683,5.756
29.973333779970805,5.893
30.08000044822693,5.707
30.18666711648305,5.7
30.29333378473918,5.542
30.4000004529953,5.54
30.506667121251425,5.631
30.61333378950755,5.675
30.72000045776367,5.552
30.8266671260198,5.614
30.93333379427592,5.461
31.04000046253205,5.37
31.146667130788167,5.318
31.25333379904429,5.429
31.360000467300416,5.198
31.46666713555654,5.168
31.573333803812663,5.106
31.680000472068787,5.014
31.786667140324912,5.286
31.89333380858104,5.203
32.00000047683716,5.031
32.10666714509328,4.9
32.21333381334941,4.799
32.32000048160553,4.992
32.42666714986166,4.997
32.533333818117775,4.884
32.6400004863739,4.803
32.746667154630025,4.781
32.85333382288615,4.759
32.960000491142274,4.774
33.0666671593984,4.875
33.173333827654524,4.818
33.28000049591065,4.611
33.38666716416677,4.548
33.49333383242289,4.591
33.600000500679016,4.573
33.70666716893514,4.494
33.813333837191266,4.46
33.92000050544739,4.514
34.026667173703515,4.676
34.13333384195963,4.745
34.24000051021576,5.017
34.34666717847188,5.251
34.45333384672801,5.367
34.56000051498413,5.327
34.66666718324026,5.091
34.77333385149638,5.145
34.88000051975251,5.21
34.986667188008624,5.043
35.09333385626475,4.923
35.200000524520874,4.959
35.306667192777,5.018
35.413333861033124,5.045
35.52000052928925,5.14
35.62666719754537,5.058
35.73333386580149,4.952
35.840000534057616,5.078
35.94666720231374,5.105
36.053333870569865,5.035
36.16000053882599,5.101
36.26666720708212,5.161
36.37333387533824,5.188
36.480000543594365,5.204
36.58666721185048,5.322
36.69333388010661,5.295
36.80000054836273,5.072
36.90666721661886,5.165
37.01333388487498,4.978
37.12000055313111,4.968
37.22666722138723,4.845
37.33333388964336,4.846
37.440000557899474,4.625
37.5466672261556,4.592
37.65333389441172,4.377
37.76000056266785,4.496
37.86666723092397,4.572
37.9733338991801,4.429
38.08000056743622,4.248
38.18666723569234,4.121
38.29333390394847,4.09
38.40000057220459,4.181
38.50666724046072,4.09
38.61333390871684,4.126
38.72000057697296,4.162
38.82666724522909,3.915
38.933333913485214,4.163
39.04000058174133,3.999
39.146667249997456,4.009
39.25333391825358,4.139
39.360000586509706,3.961
39.46666725476583,3.974
39.57333392302196,3.962
39.68000059127808,4.021
39.7866672595342,4.059
39.89333392779032,3.869
40.00000059604645,3.795
40.10666726430257,3.922
40.2133339325587,3.837
40.32000060081482,3.822
40.42666726907095,3.658
40.53333393732707,3.691
40.64000060558319,3.608
40.746667273839314,3.59
40.85333394209544,3.702
40.96000061035157,3.778
41.06666727860769,3.759
41.17333394686381,3.903
41.28000061511994,3.79
41.386667283376056,3.84
41.49333395163218,3.866
41.60000061988831,4.087
41.70666728814443,4.03
41.81333395640056,3.97
41.92000062465668,3.949
42.026667292912805,4.063
42.13333396116893,4.177
42.24000062942505,4.016
42.34666729768117,3.986
42.4533339659373,3.938
42.56000063419342,3.911
42.66666730244955,4.0
42.77333397070567,4.008
42.8800006389618,3.825
42.98666730721792,3.77
43.09333397547404,3.631
43.20000064373016,3.831
43.30666731198629,3.873
43.41333398024241,3.631
43.52000064849854,3.651
43.62666731675466,3.477
43.73333398501079,3.626
43.840000653266905,3.517
43.94666732152303,3.731
44.05333398977916,3.565
44.16000065803528,3.422
44.266667326291405,3.595
44.37333399454753,3.448
44.48000066280365,3.518
44.58666733105977,3.502
44.6933339993159,3.4
44.80000066757202,3.317
44.90666733582815,3.508
45.01333400408427,3.544
45.1200006723404,3.506
45.22666734059652,3.617
45.333334008852646,3.614
45.44000067710876,3.592
45.54666734536489,3.597
45.65333401362101,3.949
45.76000068187714,3.872
45.86666735013326,4.006
45.97333401838939,3.969
46.08000068664551,3.959
46.18666735490163,3.935
46.29333402315776,3.954
46.40000069141388,3.999
46.50666735967,3.771
46.61333402792613,3.795
46.720000696182254,3.778
46.82666736443838,3.802
46.9333340326945,4.047
47.04000070095062,3.998
47.146667369206746,3.96
47.25333403746287,4.152
47.360000705719,4.303
47.46666737397512,4.361
47.573334042231245,4.519
47.68000071048737,4.401
47.78666737874349,4.402
47.89333404699961,4.433
48.00000071525574,4.43
48.10666738351186,4.58
48.21333405176799,4.443
48.32000072002411,4.372
48.42666738828024,4.281
48.53333405653636,4.191
48.64000072479248,4.128
48.74666739304861,4.076
48.85333406130473,3.964
48.96000072956085,3.842
49.06666739781698,3.702
49.1733340660731,3.825
49.28000073432923,3.83
49.38666740258535,3.83
49.49333407084147,3.709
49.6000007390976,3.798
49.70666740735372,3.519
49.813334075609845,3.582
49.92000074386597,3.701
50.026667412122094,3.694
50.13333408037822,3.64
50.24000074863434,3.755
50.34666741689046,3.727
50.45333408514659,3.696
50.56000075340271,3.871
50.66666742165884,3.903
50.77333408991496,3.926
50.880000758171086,4.03
50.98666742642721,4.156
51.09333409468333,4.215
51.20000076293945,4.371
51.30666743119558,4.395
51.4133340994517,4.328
51.52000076770783,4.287
51.62666743596395,4.164
51.73333410422008,4.347
51.8400007724762,4.219
51.94666744073232,4.048
52.053334108988444,3.89
52.16000077724457,3.874
52.26666744550069,3.931
52.37333411375682,3.994
52.480000782012944,4.127
52.58666745026907,4.001
52.69333411852519,4.066
52.80000078678131,4.155
52.90666745503744,4.383
53.01333412329356,4.539
53.120000791549685,4.434
53.22666745980581,4.569
53.333334128061935,4.558
53.44000079631805,4.716
53.54666746457418,4.77
53.6533341328303,4.861
53.76000080108643,4.882
53.86666746934255,4.602
53.97333413759868,4.68
54.0800008058548,4.728
54.186667474110926,4.952
54.29333414236704,4.867
54.40000081062317,4.748
54.506667478879294,4.727
54.61333414713542,4.805
54.72000081539154,4.689
54.82666748364767,4.857
54.93333415190379,4.929
55.04000082015991,4.66
55.14666748841604,4.833
55.25333415667216,4.711
55.360000824928285,4.869
55.46666749318441,5.044
55.573334161440535,5.092
55.68000082969666,5.024
55.786667497952784,4.94
55.8933341662089,5.114
56.00000083446503,5.23
56.10666750272115,5.13
56.21333417097728,4.969
56.3200008392334,4.994
56.426667507489526,5.028
56.53333417574565,5.285
56.64000084400177,5.356
56.74666751225789,5.439
56.85333418051402,5.611
56.96000084877014,5.547
57.06666751702627,5.658
57.17333418528239,5.913
57.28000085353852,6.149
57.38666752179464,6.188
57.49333419005076,6.324
57.600000858306885,6.595
57.70666752656301,6.514
57.813334194819134,6.86
57.92000086307526,6.757
58.02666753133138,6.514
58.13333419958751,6.514
58.24000086784363,6.459
58.34666753609975,6.544
58.45333420435588,6.875
58.560000872612,7.131
58.666667540868126,7.049
58.77333420912425,7.32
58.880000877380375,7.218
58.9866675456365,7.416
59.09333421389262,7.571
59.20000088214874,7.68
59.30666755040487,7.795
59.41333421866099,7.562
59.52000088691712,7.757
59.62666755517324,7.711
59.73333422342937,8.004
59.84000089168549,7.93
59.94666755994161,7.75
60.05333422819773,7.792
60.16000089645386,7.945
60.266667564709984,7.872
60.37333423296611,7.697
60.48000090122223,7.446
60.58666756947836,7.457
60.69333423773448,7.418
60.8000009059906,7.411
60.906667574246725,7.509
61.01333424250285,7.493
61.120000910758975,7.156
61.2266675790151,7.197
61.333334247271225,7.442
61.44000091552734,7.39
61.54666758378347,7.429
61.65333425203959,7.176
61.76000092029572,7.248
61.86666758855184,7.273
61.973334256807966,7.382
62.08000092506409,7.713
62.186667593320216,7.81
62.293334261576334,7.687
62.40000092983246,7.586
62.50666759808858,7.667
62.61333426634471,7.805
62.72000093460083,7.918
62.82666760285696,7.913
62.93333427111308,7.938
63.0400009393692,7.947
63.146667607625325,7.883
63.25333427588145,7.988
63.360000944137575,8.027
63.4666676123937,7.997
63.573334280649824,7.697
63.68000094890595,7.6
63.78666761716208,7.533
63.89333428541819,7.737
64.00000095367432,7.953
64.10666762193044,8.046
64.21333429018657,8.201
64.32000095844269,8.225
64.42666762669882,8.295
64.53333429495494,8.691
64.64000096321107,8.77
64.74666763146719,8.691
64.85333429972331,8.983
64.96000096797944,9.055
65.06666763623555,9.269
65.17333430449168,9.472
65.2800009727478,9.306
65.38666764100392,9.236
65.49333430926005,9.225
65.60000097751617,9.213
65.7066676457723,9.323
65.81333431402842,9.378
65.92000098228455,9.255
66.02666765054067,9.33
66.1333343187968,9.15
66.24000098705292,9.177
66.34666765530905,9.417
66.45333432356517,9.213
66.5600009918213,9.249
66.66666766007741,9.122
66.77333432833353,9.013
66.88000099658966,8.947
66.98666766484578,9.137
67.09333433310191,8.954
67.20000100135803,8.853
67.30666766961416,8.737
67.41333433787028,8.918
67.5200010061264,9.059
67.62666767438253,9.002
67.73333434263866,8.798
67.84000101089478,8.829
67.9466676791509,8.74
68.05333434740703,9.023
68.16000101566316,9.232
68.26666768391927,9.161
68.37333435217539,9.125
68.48000102043152,9.201
68.58666768868764,9.319
68.69333435694377,9.709
68.80000102519989,10.44
68.90666769345601,10.567
69.01333436171214,10.442
69.12000102996826,10.393
69.22666769822439,10.396
69.33333436648051,10.422
69.44000103473664,10.536
69.54666770299276,10.187
69.65333437124889,10.197
69.76000103950501,10.123
69.86666770776112,10.389
69.97333437601725,10.59
70.08000104427337,10.769
70.1866677125295,10.756
70.29333438078562,10.813
70.40000104904175,11.017
70.50666771729787,11.163
70.613334385554,11.413
70.72000105381012,11.246
70.82666772206625,11.34
70.93333439032237,11.142
71.0400010585785,11.295
71.14666772683462,11.5
71.25333439509075,11.429
71.36000106334687,11.072
71.46666773160298,10.89
71.5733343998591,10.689
71.68000106811523,10.809
71.78666773637136,10.838
71.89333440462748,10.651
72.0000010728836,10.265
72.10666774113973,10.125
72.21333440939586,10.193
72.32000107765198,10.162
72.4266677459081,10.311
72.53333441416423,10.264
72.64000108242035,9.921
72.74666775067648,9.801
72.8533344189326,9.682
72.96000108718873,9.847
73.06666775544485,9.73
73.17333442370096,9.495
73.28000109195709,9.472
73.38666776021321,9.401
73.49333442846934,9.36
73.60000109672546,9.372
73.70666776498159,9.41
73.81333443323771,9.436
73.92000110149384,9.451
74.02666776974996,9.617
74.13333443800609,9.663
74.24000110626221,9.63
74.34666777451834,9.378
74.45333444277446,9.233
74.56000111103059,9.294
74.66666777928671,9.306
74.77333444754282,9.301
74.88000111579895,9.275
74.98666778405507,9.041
75.0933344523112,8.974
75.20000112056732,8.791
75.30666778882345,8.963
75.41333445707957,9.114
75.5200011253357,9.171
75.62666779359182,9.141
75.73333446184795,9.225
75.84000113010407,9.506
75.9466677983602,9.6
76.05333446661632,9.852
76.16000113487245,9.861
76.26666780312857,9.838
76.37333447138468,9.816
76.4800011396408,9.997
76.58666780789693,10.164
76.69333447615305,10.295
76.80000114440918,10.041
76.9066678126653,9.963
77.01333448092143,9.649
77.12000114917755,9.889
77.22666781743368,9.847
77.3333344856898,9.635
77.44000115394593,9.352
77.54666782220205,9.204
77.65333449045818,9.315
77.7600011587143,9.16
77.86666782697043,9.199
77.97333449522654,9.035
78.08000116348266,8.819
78.18666783173879,8.733
78.29333449999491,8.778
78.40000116825104,8.728
78.50666783650716,8.727
78.61333450476329,8.606
78.72000117301941,8.431
78.82666784127554,8.393
78.93333450953166,8.372
79.04000117778779,8.477
79.14666784604391,8.404
79.25333451430004,8.29
79.36000118255616,8.084
79.46666785081229,7.887
79.5733345190684,8.182
79.68000118732452,8.242
79.78666785558065,8.146
79.89333452383677,8.234
80.0000011920929,8.225
80.10666786034902,8.38
80.21333452860515,8.809
80.32000119686127,9.084
80.4266678651174,9.235
80.53333453337352,9.214
80.64000120162964,9.054
80.74666786988577,9.109
80.8533345381419,9.337
80.96000120639802,8.828
81.06666787465414,8.647
81.17333454291025,8.477
81.28000121116638,8.37
81.3866678794225,8.595
81.49333454767863,8.667
81.60000121593475,8.728
81.70666788419088,8.801
81.813334552447,8.88
81.92000122070313,8.928
82.02666788895925,9.129
82.13333455721538,9.121
82.2400012254715,8.93
82.34666789372763,8.815
82.45333456198375,8.567
82.56000123023988,8.544
82.666667898496,8.801
82.77333456675211,8.873
82.88000123500824,8.495
82.98666790326436,8.385
83.09333457152049,8.363
83.20000123977661,8.336
83.30666790803274,8.266
83.41333457628886,8.017
83.52000124454499,7.787
83.62666791280111,7.674
83.73333458105724,7.535
83.84000124931336,7.439
83.94666791756948,7.328
84.05333458582561,7.124
84.16000125408173,7.171
84.26666792233786,6.847
84.37333459059397,6.905
84.4800012588501,6.959
84.58666792710622,7.038
84.69333459536234,6.83
84.80000126361847,6.73
84.9066679318746,6.542
85.01333460013072,6.795
85.12000126838684,6.658
85.22666793664297,6.592
85.3333346048991,6.506
85.44000127315522,6.456
85.54666794141134,6.515
85.65333460966747,6.684
85.76000127792359,6.558
85.86666794617972,6.394
85.97333461443583,6.246
86.08000128269195,6.178
86.18666795094808,6.11
86.2933346192042,6.09
86.40000128746033,5.878
86.50666795571645,5.907
86.61333462397258,5.708
86.7200012922287,5.481
86.82666796048483,5.626
86.93333462874095,5.623
87.04000129699708,5.634
87.1466679652532,5.624
87.25333463350933,5.658
87.36000130176545,5.678
87.46666797002158,5.805
87.57333463827769,6.101
87.68000130653381,6.052
87.78666797478994,6.017
87.89333464304606,5.914
88.00000131130219,5.998
88.10666797955831,6.026
88.21333464781443,5.928
88.32000131607056,5.949
88.42666798432668,5.904
88.53333465258281,5.758
88.64000132083893,5.976
88.74666798909506,5.897
88.85333465735118,5.736
88.96000132560731,5.714
89.06666799386343,5.519
89.17333466211954,5.46
89.28000133037567,5.57
89.3866679986318,5.493
89.49333466688792,5.392
89.60000133514404,5.086
89.70666800340017,4.959
89.81333467165629,5.055
89.92000133991242,5.122
90.02666800816854,5.094
90.13333467642468,4.974
90.2400013446808,4.847
90.34666801293692,4.89
90.45333468119304,4.87
90.56000134944917,4.963
90.66666801770528,4.835
90.7733346859614,4.639
90.88000135421753,4.415
90.98666802247364,4.466
91.09333469072978,4.516
91.2000013589859,4.639
91.30666802724204,4.556
91.41333469549816,4.401
91.52000136375428,4.329
91.6266680320104,4.603
91.73333470026652,4.798
91.84000136852264,4.915
91.94666803677876,5.061
92.0533347050349,5.027
92.16000137329102,5.105
92.26666804154716,5.116
92.37333470980326,4.953
92.48000137805938,4.769
92.58666804631552,4.77
92.69333471457163,4.638
92.80000138282776,4.501
92.90666805108388,4.609
93.01333471934,4.631
93.12000138759612,4.684
93.22666805585226,4.436
93.33333472410838,4.397
93.44000139236452,4.567
93.54666806062065,4.678
93.65333472887676,4.696
93.76000139713288,4.707
93.866668065389,4.592
93.97333473364512,4.479
94.08000140190124,4.492
94.18666807015737,4.629
94.29333473841348,4.604
94.40000140666962,4.34
94.50666807492574,4.271
94.61333474318188,3.949
94.720001411438,4.262
94.82666807969412,3.945
94.93333474795024,3.794
95.04000141620637,3.67
95.14666808446248,3.397
95.25333475271862,3.34
95.36000142097474,3.339
95.46666808923086,3.293
95.57333475748698,3.347
95.6800014257431,2.984
95.78666809399922,2.998
95.89333476225536,3.099
96.00000143051147,2.953
96.1066680987676,2.885
96.21333476702372,2.915
96.32000143527983,2.939
96.42666810353596,2.767
96.5333347717921,2.973
96.64000144004822,2.92
96.74666810830436,2.773
96.85333477656047,2.83
96.9600014448166,2.797
97.06666811307272,2.821
97.17333478132883,2.723
97.28000144958496,2.907
97.38666811784108,2.641
97.4933347860972,2.608
97.60000145435332,2.468
97.70666812260946,2.494
97.81333479086558,2.373
97.9200014591217,2.55
98.02666812737785,2.502
98.13333479563396,2.238
98.24000146389008,2.169
98.3466681321462,2.175
98.45333480040232,2.05
98.56000146865846,2.055
98.66666813691458,2.06
98.77333480517068,2.005
98.88000147342682,2.184
98.98666814168294,2.225
99.09333480993908,2.214
99.2000014781952,2.275
99.30666814645132,2.328
99.41333481470744,2.184
99.52000148296356,2.372
99.62666815121968,2.436
99.7333348194758,2.266
99.84000148773194,2.364
99.94666815598806,2.113
100.0533348242442,1.98
100.16000149250031,2.151
100.26666816075644,2.085
100.37333482901256,2.003
100.48000149726867,1.879
100.5866681655248,1.787
100.69333483378092,1.905
100.80000150203703,1.812
100.90666817029316,1.902
101.0133348385493,1.732
101.12000150680542,1.652
101.22666817506156,1.772
101.33333484331769,1.545
101.4400015115738,1.677
101.54666817982992,1.568
101.65333484808605,1.453
101.76000151634216,1.33
101.8666681845983,1.346
101.97333485285442,1.309
102.08000152111052,1.443
102.18666818936666,1.257
102.29333485762278,1.24
102.4000015258789,1.25
102.50666819413505,1.215
102.61333486239116,1.204
102.72000153064728,1.207
102.8266681989034,1.164
102.93333486715952,1.113
103.04000153541566,1.121
103.14666820367178,1.349
103.2533348719279,1.335
103.36000154018404,1.454
103.46666820844015,1.503
103.57333487669628,1.483
103.6800015449524,1.505
103.78666821320851,1.466
103.89333488146464,1.311
104.00000154972076,1.353
104.10666821797687,1.289
104.213334886233,1.166
104.32000155448914,1.285
104.42666822274526,1.248
104.5333348910014,1.194
104.64000155925751,1.24
104.74666822751364,1.118
104.85333489576976,1.442
104.96000156402587,1.302
105.066668232282,1.419
105.17333490053814,1.384
105.28000156879423,1.372
105.38666823705036,1.431
105.4933349053065,1.351
105.60000157356262,1.452
105.70666824181876,1.458
105.81333491007489,1.27
105.920001578331,1.355
106.02666824658712,1.262
106.13333491484325,1.087
106.24000158309936,1.103
106.3466682513555,0.937
106.45333491961162,0.845
106.56000158786776,0.901
106.66666825612388,0.725
106.77333492438,0.716
106.8800015926361,0.641
106.98666826089224,0.406
107.09333492914836,0.453
107.20000159740448,0.369
107.3066682656606,0.431
107.41333493391672,0.522
107.52000160217284,0.427
107.62666827042898,0.463
107.7333349386851,0.404
107.84000160694124,0.353
107.94666827519735,0.419
108.05333494345348,0.428
108.1600016117096,0.333
108.26666827996571,0.167
108.37333494822184,0.142
108.48000161647796,0.237
108.58666828473407,0.236
108.6933349529902,0.169
108.80000162124634,0.102
108.90666828950246,0.155
109.0133349577586,-0.037
109.12000162601473,0.076
109.22666829427084,0.214
109.33333496252696,0.054
109.44000163078309,-0.073
109.5466682990392,-0.113
109.65333496729534,-0.137
109.76000163555146,-0.149
109.8666683038076,-0.162
109.97333497206372,-0.055
110.08000164031982,-0.319
110.18666830857596,-0.16
110.29333497683209,-0.163
110.4000016450882,-0.042
110.50666831334432,-0.006
110.61333498160045,-0.139
110.72000164985656,-0.097
110.8266683181127,-0.272
110.93333498636882,-0.244
111.04000165462494,0.059
111.14666832288108,-0.094
111.2533349911372,-0.138
111.36000165939332,-0.153
111.46666832764944,-0.209
111.57333499590555,-0.122
111.68000166416168,-0.137
111.7866683324178,-0.07
111.89333500067391,-0.248
112.00000166893004,-0.298
112.10666833718618,-0.184
112.2133350054423,-0.156
112.32000167369844,-0.214
112.42666834195455,-0.307
112.53333501021068,-0.443
112.6400016784668,-0.679
112.74666834672291,-0.644
112.85333501497904,-0.506
112.96000168323518,-0.642
113.0666683514913,-0.591
113.17333501974744,-0.751
113.28000168800354,-0.714
113.38666835625966,-0.777
113.4933350245158,-0.77
113.60000169277193,-0.697
113.70666836102804,-0.784
113.81333502928416,-0.602
113.92000169754029,-0.871
114.0266683657964,-0.871
114.13333503405254,-0.613
114.24000170230866,-0.682
114.3466683705648,-0.754
114.45333503882092,-0.718
114.56000170707703,-0.685
114.66666837533316,-0.716
114.77333504358928,-0.622
114.8800017118454,-0.688
114.98666838010152,-0.615
115.09333504835764,-0.515
115.20000171661376,-0.463
115.3066683848699,-0.557
115.41333505312602,-0.683
115.52000172138214,-0.677
115.62666838963828,-0.707
115.7333350578944,-0.607
115.84000172615052,-0.652
115.94666839440664,-0.689
116.05333506266275,-0.828
116.16000173091888,-0.653
116.26666839917502,-0.545
116.37333506743114,-0.527
116.48000173568724,-0.57
116.58666840394338,-0.637
116.6933350721995,-0.655
116.80000174045564,-0.662
116.90666840871177,-0.696
117.01333507696788,-0.641
117.120001745224,-0.758
117.22666841348013,-0.683
117.33333508173624,-0.779
117.44000174999238,-0.689
117.5466684182485,-0.82
117.65333508650464,-0.878
117.76000175476076,-0.781
117.86666842301688,-0.868
117.973335091273,-0.974
118.08000175952913,-0.826
118.18666842778524,-0.95
118.29333509604136,-1.063
118.40000176429749,-1.067
