time_min,absorb_mau
0.0,0.0
0.0033333333830038,0.0
0.0066666667660077,0.0
0.0100000001490116,-0.004
0.0133333335320154,-0.009
0.0166666669150193,-0.015
0.0200000002980232,-0.021
0.023333333681027,-0.027
0.0266666670640309,-0.034
0.0300000004470348,-0.036
0.0333333338300387,-0.039
0.0366666672130425,-0.043
0.0400000005960464,-0.046
0.0433333339790503,-0.052
0.0466666673620541,-0.06
0.050000000745058,-0.069
0.0533333341280619,-0.078
0.0566666675110658,-0.087
0.0600000008940696,-0.093
0.0633333342770735,-0.097
0.0666666676600774,-0.1
0.0700000010430812,-0.103
0.0733333344260851,-0.106
0.076666667809089,-0.112
0.0800000011920929,-0.107
0.0833333345750967,-0.105
0.0866666679581006,-0.103
0.0900000013411045,-0.101
0.0933333347241083,-0.105
0.0966666681071122,-0.123
0.1000000014901161,-0.141
0.1033333348731199,-0.159
0.1066666682561238,-0.177
0.1100000016391277,-0.192
0.1133333350221316,-0.208
0.1166666684051354,-0.221
0.1200000017881393,-0.235
0.1233333351711432,-0.249
0.1266666685541471,-0.262
0.1300000019371509,-0.264
0.1333333353201548,-0.261
0.1366666687031587,-0.26
0.1400000020861625,-0.259
0.1433333354691664,-0.257
0.1466666688521703,-0.265
0.1500000022351741,-0.28
0.153333335618178,-0.292
0.1566666690011819,-0.304
0.1600000023841858,-0.316
0.1633333357671896,-0.33
0.1666666691501935,-0.346
0.1700000025331974,-0.361
0.1733333359162013,-0.377
0.1766666692992051,-0.393
0.180000002682209,-0.408
0.1833333360652129,-0.413
0.1866666694482167,-0.418
0.1900000028312206,-0.423
0.1933333362142245,-0.428
0.1966666695972283,-0.422
0.2000000029802322,-0.424
0.2033333363632361,-0.423
0.2066666697462399,-0.422
0.2100000031292438,-0.421
0.2133333365122477,-0.429
0.2166666698952516,-0.44
0.2200000032782554,-0.453
0.2233333366612593,-0.466
0.2266666700442632,-0.479
0.2300000034272671,-0.484
0.2333333368102709,-0.486
0.2366666701932748,-0.487
0.2400000035762786,-0.488
0.2433333369592825,-0.489
0.2466666703422864,-0.491
0.2500000037252903,-0.481
0.2533333371082942,-0.477
0.256666670491298,-0.472
0.2600000038743019,-0.468
0.2633333372573058,-0.469
0.2666666706403096,-0.464
0.2700000040233135,-0.459
0.2733333374063174,-0.454
0.2766666707893213,-0.449
0.2800000041723251,-0.442
0.283333337555329,-0.454
0.2866666709383328,-0.461
0.2900000043213367,-0.468
0.2933333377043406,-0.475
0.2966666710873445,-0.487
0.3000000044703483,-0.492
0.3033333378533522,-0.499
0.3066666712363561,-0.507
0.31000000461936,-0.515
0.3133333380023638,-0.519
0.3166666713853677,-0.532
0.3200000047683716,-0.541
0.3233333381513754,-0.551
0.3266666715343793,-0.561
0.3300000049173832,-0.564
0.3333333383003871,-0.573
0.3366666716833909,-0.579
0.3400000050663948,-0.586
0.3433333384493987,-0.592
0.3466666718324026,-0.598
0.3500000052154064,-0.584
0.3533333385984103,-0.572
0.3566666719814141,-0.559
0.360000005364418,-0.547
0.3633333387474219,-0.536
0.3666666721304258,-0.524
0.3700000055134296,-0.513
0.3733333388964335,-0.503
0.3766666722794374,-0.492
0.3800000056624412,-0.48
0.3833333390454451,-0.471
0.386666672428449,-0.459
0.3900000058114529,-0.447
0.3933333391944567,-0.435
0.3966666725774606,-0.423
0.4000000059604645,-0.414
0.4033333393434684,-0.405
0.4066666727264722,-0.396
0.4100000061094761,-0.387
0.4133333394924799,-0.377
0.4166666728754838,-0.362
0.4200000062584877,-0.353
0.4233333396414916,-0.342
0.4266666730244954,-0.331
0.4300000064074993,-0.322
0.4333333397905032,-0.328
0.436666673173507,-0.333
0.4400000065565109,-0.338
0.4433333399395148,-0.344
0.4466666733225187,-0.346
0.4500000067055225,-0.345
0.4533333400885264,-0.342
0.4566666734715303,-0.338
0.4600000068545342,-0.335
0.463333340237538,-0.331
0.4666666736205419,-0.305
0.4700000070035457,-0.283
0.4733333403865497,-0.256
0.4766666737695535,-0.232
0.4800000071525573,-0.21
0.4833333405355612,-0.184
0.4866666739185651,-0.161
0.490000007301569,-0.135
0.4933333406845728,-0.111
0.4966666740675767,-0.089
0.5000000074505806,-0.067
0.5033333408335845,-0.051
0.5066666742165884,-0.033
0.5100000075995922,-0.016
0.5133333409825961,0.0
0.5166666743656,0.007
0.5200000077486039,0.017
0.5233333411316077,0.027
0.5266666745146116,0.037
0.5300000078976155,0.049
0.5333333412806193,0.063
0.5366666746636232,0.074
0.5400000080466271,0.084
0.543333341429631,0.094
0.5466666748126348,0.106
0.5500000081956387,0.235
0.5533333415786426,0.374
0.5566666749616465,0.511
0.5600000083446502,0.635
0.5633333417276541,0.786
0.566666675110658,1.283
0.570000008493662,1.848
0.5733333418766657,2.411
0.5766666752596696,2.918
0.5800000086426735,3.537
0.5833333420256774,4.962
0.5866666754086812,7.057
0.5900000087916851,8.759
0.593333342174689,10.651
0.5966666755576928,12.732
0.6000000089406967,16.493
0.6033333423237006,22.196
0.6066666757067045,26.823
0.6100000090897083,31.964
0.6133333424727122,37.619
0.6166666758557161,45.677
0.62000000923872,57.848
0.6233333426217238,67.739
0.6266666760047277,78.73
0.6300000093877316,90.819
0.6333333427707355,107.005
0.6366666761537393,126.102
0.6400000095367432,145.123
0.6433333429197471,162.242
0.6466666763027509,183.166
0.6500000096857548,207.536
0.6533333430687587,235.496
0.6566666764517626,263.354
0.6600000098347664,291.213
0.6633333432177703,319.071
0.6666666766007742,351.083
0.6700000099837781,385.878
0.6733333433667819,420.59
0.6766666767497858,455.302
0.6800000101327897,490.015
0.6833333435157936,526.928
0.6866666768987973,563.793
0.6900000102818012,600.654
0.6933333436648051,637.516
0.6966666770478089,674.377
0.7000000104308128,711.418
0.7033333438138167,743.98
0.7066666771968206,776.587
0.7100000105798244,809.193
0.7133333439628283,841.8
0.7166666773458322,873.394
0.7200000107288361,896.051
0.7233333441118399,918.784
0.7266666774948438,941.517
0.7300000108778477,964.251
0.7333333442608516,985.78
0.7366666776438554,995.595
0.7400000110268593,1005.467
0.7433333444098632,1015.338
0.746666677792867,1025.209
0.7500000111758709,1033.707
0.7533333445588748,1030.925
0.7566666779418787,1027.803
0.7600000113248825,1024.68
0.7633333447078864,1021.557
0.7666666780908903,1017.296
0.7700000114738942,1004.467
0.773333344856898,991.162
0.7766666782399019,977.857
0.7800000116229058,964.551
0.7833333450059097,950.474
0.7866666783889135,931.714
0.7900000117719174,912.752
0.7933333451549213,893.79
0.7966666785379252,874.827
0.800000011920929,855.385
0.8033333453039329,834.409
0.8066666786869368,813.796
0.8100000120699405,793.182
0.8133333454529444,772.569
0.8166666788359483,751.689
0.8200000122189522,730.969
0.823333345601956,711.189
0.8266666789849599,691.395
0.8300000123679638,671.602
0.8333333457509677,651.692
0.8366666791339715,632.768
0.8400000125169754,615.347
0.8433333458999793,597.9
0.8466666792829832,580.452
0.850000012665987,563.004
0.8533333460489909,546.627
0.8566666794319948,532.025
0.8600000128149986,517.376
0.8633333461980025,502.727
0.8666666795810064,488.078
0.8700000129640103,474.243
0.8733333463470141,462.046
0.876666679730018,449.799
0.8800000131130219,437.552
0.8833333464960258,425.305
0.8866666798790296,413.581
0.8900000132620335,403.294
0.8933333466450374,392.97
0.8966666800280413,382.647
0.9000000134110451,372.324
0.903333346794049,362.381
0.9066666801770528,353.717
0.9100000135600568,345.022
0.9133333469430606,336.327
0.9166666803260644,327.632
0.9200000137090684,319.233
0.9233333470920722,312.063
0.926666680475076,305.579
0.93000001385808,297.653
0.933333347241084,290.448
0.9366666806240876,283.377
0.9400000140070917,277.339
0.9433333473900954,271.278
0.9466666807730992,265.217
0.9500000141561032,259.156
0.953333347539107,253.16
0.9566666809221108,248.069
0.9600000143051148,242.957
0.9633333476881186,237.845
0.9666666810711224,232.733
0.9700000144541264,227.576
0.9733333478371302,223.208
0.976666681220134,218.823
0.980000014603138,214.437
0.983333347986142,210.051
0.9866666813691456,205.609
0.9900000147521496,201.809
0.9933333481351536,198.006
0.9966666815181574,194.204
1.0000000149011612,190.401
1.003333348284165,186.499
1.006666681667169,183.134
1.010000015050173,179.77
1.0133333484331768,176.405
1.0166666818161805,173.04
1.0200000151991844,169.635
1.0233333485821885,166.819
1.0266666819651922,163.994
1.030000015348196,161.168
1.0333333487312,158.343
1.036666682114204,155.367
1.0400000154972078,152.759
1.0433333488802117,150.148
1.0466666822632154,147.538
1.0500000156462193,144.928
1.0533333490292232,142.188
1.056666682412227,139.842
1.060000015795231,137.503
1.0633333491782349,135.164
1.0666666825612383,132.826
1.0700000159442424,130.373
1.0733333493272463,128.258
1.0766666827102502,126.148
1.080000016093254,124.038
1.083333349476258,121.928
1.086666682859262,119.731
1.0900000162422658,117.822
1.0933333496252695,115.943
1.0966666830082734,114.064
1.100000016391277,112.184
1.1033333497742812,110.252
1.1066666831572851,108.417
1.110000016540289,106.62
1.113333349923293,104.824
1.1166666833062966,103.027
1.1200000166893005,101.181
1.1233333500723044,99.529
1.1266666834553083,97.955
1.1300000168383122,96.38
1.133333350221316,94.805
1.13666668360432,93.195
1.140000016987324,91.716
1.1433333503703276,90.325
1.1466666837533317,88.933
1.1500000171363354,87.542
1.1533333505193393,86.129
1.1566666839023432,84.774
1.160000017285347,83.506
1.163333350668351,82.237
1.1666666840513549,80.968
1.1700000174343586,79.689
1.1733333508173625,78.443
1.1766666842003664,77.29
1.1800000175833705,76.136
1.1833333509663742,74.981
1.186666684349378,73.827
1.190000017732382,72.652
1.1933333511153856,71.564
1.1966666844983895,70.475
1.2000000178813934,69.385
1.203333351264397,68.296
1.2066666846474012,67.191
1.2100000180304051,66.191
1.213333351413409,65.188
1.216666684796413,64.184
1.2200000181794166,63.18
1.2233333515624203,62.191
1.2266666849454244,61.3
1.2300000183284283,60.409
1.2333333517114322,59.518
1.236666685094436,58.626
1.24000001847744,57.706
1.2433333518604437,56.876
1.2466666852434476,56.043
1.2500000186264515,55.21
1.2533333520094554,54.377
1.2566666853924593,53.542
1.2600000187754632,52.795
1.263333352158467,52.045
1.266666685541471,51.296
1.270000018924475,50.546
1.2733333523074786,49.773
1.2766666856904825,49.072
1.2800000190734864,48.372
1.2833333524564905,47.672
1.2866666858394942,46.971
1.290000019222498,46.266
1.2933333526055018,45.646
1.2966666859885057,45.026
1.3000000193715096,44.407
1.3033333527545137,43.788
1.3066666861375174,43.148
1.3100000195205213,42.588
1.3133333529035252,42.02
1.316666686286529,41.452
1.3200000196695327,40.885
1.3233333530525366,40.298
1.3266666864355403,39.806
1.3300000198185444,39.309
1.3333333532015483,38.812
1.3366666865845522,38.314
1.340000019967556,37.77
1.3433333533505598,37.265
1.3466666867335635,36.756
1.3500000201165676,36.247
1.3533333534995715,35.738
1.3566666868825754,35.218
1.360000020265579,34.778
1.3633333536485832,34.337
1.3666666870315871,33.896
1.3700000204145908,33.454
1.3733333537975947,32.994
1.3766666871805986,32.581
1.3800000205636025,32.17
1.3833333539466064,31.76
1.3866666873296103,31.349
1.3900000207126142,30.92
1.393333354095618,30.535
1.3966666874786218,30.15
1.4000000208616257,29.765
1.4033333542446296,29.38
1.4066666876276337,28.965
1.4100000210106374,28.578
1.4133333543936413,28.191
1.4166666877766452,27.805
1.4200000211596489,27.419
1.4233333545426528,27.025
1.4266666879256569,26.711
1.4300000213086606,26.405
1.4333333546916645,26.1
1.4366666880746684,25.794
1.4400000214576725,25.477
1.443333354840676,25.188
1.4466666882236798,24.901
1.4500000216066835,24.615
1.4533333549896876,24.329
1.4566666883726915,24.031
1.4600000217556954,23.732
1.463333355138699,23.444
1.4666666885217032,23.157
1.470000021904707,22.87
1.4733333552877108,22.581
1.4766666886707147,22.322
1.4800000220537186,22.075
1.4833333554367223,21.828
1.4866666888197264,21.581
1.4900000222027303,21.331
1.493333355585734,21.112
1.496666688968738,20.916
1.5000000223517418,20.721
1.5033333557347457,20.526
1.5066666891177496,20.328
1.5100000225007535,20.11
1.5133333558837574,19.91
1.5166666892667613,19.706
1.520000022649765,19.502
1.5233333560327689,19.299
1.5266666894157728,19.092
1.530000022798777,18.901
1.5333333561817806,18.708
1.5366666895647845,18.515
1.5400000229477884,18.322
1.543333356330792,18.127
1.546666689713796,17.954
1.5500000230968,17.783
1.5533333564798038,17.611
1.5566666898628077,17.44
1.5600000232458116,17.238
1.5633333566288157,17.045
1.5666666900118194,16.848
1.570000023394823,16.652
1.573333356777827,16.456
1.5766666901608308,16.267
1.5800000235438347,16.108
1.5833333569268386,15.943
1.5866666903098423,15.778
1.5900000236928464,15.613
1.5933333570758503,15.453
1.596666690458854,15.317
1.600000023841858,15.18
1.6033333572248618,15.042
1.6066666906078657,14.905
1.6100000239908696,14.759
1.6133333573738735,14.622
1.6166666907568774,14.485
1.620000024139881,14.348
1.623333357522885,14.21
1.626666690905889,14.072
1.6300000242888928,13.961
1.6333333576718967,13.848
1.6366666910549006,13.735
1.6400000244379045,13.623
1.6433333578209084,13.508
1.646666691203912,13.406
1.650000024586916,13.308
1.65333335796992,13.209
1.6566666913529238,13.111
1.6600000247359277,12.997
1.6633333581189316,12.884
1.6666666915019357,12.768
1.6700000248849391,12.653
1.673333358267943,12.537
1.676666691650947,12.415
1.6800000250339509,12.305
1.6833333584169548,12.193
1.6866666917999589,12.08
1.6900000251829626,11.968
1.6933333585659665,11.848
1.69666669194897,11.745
1.700000025331974,11.64
1.703333358714978,11.536
1.7066666920979818,11.431
1.7100000254809855,11.306
1.7133333588639896,11.184
1.7166666922469935,11.059
1.7200000256299972,10.934
1.723333359013001,10.809
1.726666692396005,10.691
1.730000025779009,10.606
1.7333333591620128,10.521
1.7366666925450167,10.436
1.7400000259280206,10.343
1.7433333593110245,10.26
1.7466666926940282,10.176
1.750000026077032,10.106
1.753333359460036,10.029
1.75666669284304,9.952
1.7600000262260438,9.86
1.7633333596090477,9.741
1.7666666929920516,9.625
1.7700000263750553,9.508
1.7733333597580592,9.38
1.776666693141063,9.281
1.780000026524067,9.208
1.7833333599070709,9.148
1.7866666932900748,9.081
1.790000026673079,9.015
1.7933333600560826,8.937
1.7966666934390862,8.875
1.80000002682209,8.816
1.803333360205094,8.758
1.806666693588098,8.693
1.8100000269711016,8.643
1.8133333603541055,8.581
1.8166666937371097,8.528
1.820000027120113,8.47
1.8233333605031168,8.412
1.826666693886121,8.352
1.830000027269125,8.29
1.833333360652129,8.233
1.8366666940351328,8.176
1.8400000274181367,8.113
1.8433333608011409,8.06
1.8466666941841443,7.991
1.850000027567148,7.948
1.853333360950152,7.895
1.856666694333156,7.847
1.86000002771616,7.804
1.863333361099164,7.758
1.866666694482168,7.71
1.8700000278651716,7.653
1.8733333612481755,7.601
1.8766666946311792,7.554
1.880000028014183,7.489
1.883333361397187,7.44
1.886666694780191,7.384
1.8900000281631948,7.334
1.8933333615461987,7.283
1.8966666949292024,7.22
1.9000000283122065,7.154
1.9033333616952104,7.087
1.906666695078214,7.027
1.910000028461218,6.953
1.9133333618442216,6.876
1.9166666952272255,6.809
1.9200000286102292,6.74
1.9233333619932331,6.678
1.9266666953762368,6.601
1.9300000287592407,6.559
1.933333362142245,6.541
1.936666695525249,6.521
1.9400000289082528,6.503
1.9433333622912567,6.481
1.9466666956742604,6.434
1.9500000290572643,6.375
1.953333362440268,6.314
1.956666695823272,6.26
1.960000029206276,6.193
1.96333336258928,6.149
1.966666695972284,6.121
1.9700000293552875,6.098
1.9733333627382916,6.069
1.9766666961212955,6.043
1.9800000295042992,6.01
1.983333362887303,5.983
1.986666696270307,5.952
1.990000029653311,5.925
1.9933333630363148,5.892
1.9966666964193185,5.849
2.0000000298023224,5.798
2.0033333631853263,5.755
2.00666669656833,5.703
2.010000029951334,5.656
2.013333363334338,5.625
2.016666696717342,5.591
2.020000030100346,5.561
2.0233333634833497,5.534
2.0266666968663536,5.501
2.030000030249357,5.473
2.033333363632361,5.448
2.036666697015365,5.427
2.0400000303983687,5.402
2.0433333637813726,5.38
2.0466666971643765,5.342
2.0500000305473804,5.283
2.0533333639303843,5.226
2.056666697313388,5.175
2.060000030696392,5.112
2.063333364079396,5.067
2.0666666974624,5.027
2.070000030845404,4.995
2.073333364228408,4.956
2.076666697611412,4.921
2.0800000309944155,4.875
2.083333364377419,4.852
2.086666697760423,4.827
2.090000031143427,4.805
2.0933333645264307,4.777
2.0966666979094346,4.762
2.1000000312924385,4.731
2.1033333646754424,4.705
2.1066666980584463,4.674
2.11000003144145,4.646
2.113333364824454,4.616
2.116666698207458,4.585
2.120000031590462,4.555
2.123333364973466,4.528
2.1266666983564697,4.495
2.1300000317394736,4.466
2.133333365122477,4.453
2.136666698505481,4.447
2.140000031888485,4.44
2.1433333652714888,4.433
2.1466666986544927,4.419
2.150000032037497,4.365
2.1533333654205005,4.309
2.1566666988035044,4.252
2.1600000321865083,4.195
2.163333365569512,4.145
2.166666698952516,4.137
2.17000003233552,4.137
2.173333365718524,4.136
2.176666699101528,4.135
2.180000032484532,4.133
2.183333365867535,4.115
2.186666699250539,4.093
2.190000032633543,4.07
2.193333366016547,4.048
2.1966666993995507,4.027
2.200000032782554,3.974
2.2033333661655585,3.931
2.2066666995485624,3.879
2.2100000329315663,3.832
2.2133333663145702,3.785
2.216666699697574,3.764
2.220000033080578,3.747
2.223333366463582,3.73
2.226666699846586,3.713
2.2300000332295897,3.696
2.233333366612593,3.689
2.236666699995597,3.704
2.240000033378601,3.715
2.243333366761605,3.724
2.246666700144609,3.736
2.2500000335276127,3.713
2.2533333669106166,3.667
2.2566667002936205,3.625
2.2600000336766244,3.582
2.2633333670596283,3.54
2.266666700442632,3.512
2.270000033825636,3.485
2.27333336720864,3.459
2.276666700591644,3.435
2.280000033974648,3.406
2.283333367357652,3.37
2.286666700740655,3.343
2.290000034123659,3.319
2.293333367506663,3.29
2.296666700889667,3.264
2.3000000342726707,3.252
2.303333367655674,3.23
2.3066667010386785,3.21
2.3100000344216824,3.193
2.3133333678046863,3.171
2.3166667011876902,3.161
2.320000034570694,3.142
2.323333367953698,3.132
2.326666701336702,3.118
2.330000034719706,3.106
2.3333333681027097,3.101
2.336666701485713,3.111
2.340000034868717,3.121
2.343333368251721,3.13
2.346666701634725,3.141
2.350000035017729,3.142
2.3533333684007327,3.123
2.3566667017837366,3.107
2.3600000351667405,3.088
2.3633333685497444,3.071
2.3666667019327483,3.059
2.370000035315752,3.074
2.373333368698756,3.088
2.37666670208176,3.1
2.380000035464764,3.115
2.383333368847768,3.13
2.3866667022307717,3.125
2.390000035613775,3.122
2.393333368996779,3.117
2.396666702379783,3.113
2.400000035762787,3.094
2.4033333691457908,3.073
2.4066667025287947,3.047
2.4100000359117986,3.024
2.4133333692948025,2.996
2.4166667026778064,2.97
2.4200000360608103,2.943
2.423333369443814,2.919
2.426666702826818,2.889
2.430000036209822,2.863
2.433333369592826,2.836
2.4366667029758293,2.822
2.440000036358833,2.807
2.443333369741837,2.794
2.446666703124841,2.778
2.450000036507845,2.764
2.453333369890849,2.733
2.4566667032738527,2.709
2.4600000366568566,2.679
2.4633333700398605,2.652
2.4666667034228644,2.628
2.4700000368058683,2.592
2.473333370188872,2.557
2.476666703571876,2.526
2.48000003695488,2.487
2.483333370337884,2.457
2.4866667037208874,2.453
2.4900000371038917,2.454
2.493333370486895,2.455
2.496666703869899,2.455
2.500000037252903,2.452
2.503333370635907,2.434
2.506666704018911,2.415
2.5100000374019147,2.397
2.5133333707849186,2.378
2.5166667041679225,2.361
2.5200000375509264,2.354
2.5233333709339303,2.351
2.526666704316934,2.345
2.530000037699938,2.34
2.533333371082942,2.335
2.536666704465945,2.326
2.5400000378489493,2.318
2.543333371231953,2.311
2.546666704614957,2.305
2.550000037997961,2.298
2.553333371380965,2.301
2.556666704763969,2.305
2.5600000381469727,2.308
2.5633333715299766,2.312
2.5666667049129805,2.315
2.5700000382959844,2.305
2.5733333716789883,2.288
2.576666705061992,2.271
2.580000038444996,2.254
2.583333371828,2.238
2.5866667052110035,2.227
2.5900000385940074,2.22
2.5933333719770117,2.215
2.596666705360015,2.21
2.600000038743019,2.206
2.603333372126023,2.197
2.606666705509027,2.184
2.610000038892031,2.17
2.6133333722750347,2.156
2.6166667056580386,2.141
2.6200000390410425,2.109
2.6233333724240464,2.082
2.6266667058070503,2.053
2.630000039190054,2.024
2.633333372573058,1.995
2.6366667059560616,1.969
2.640000039339065,1.941
2.6433333727220694,1.912
2.6466667061050733,1.884
2.650000039488077,1.855
2.653333372871081,1.83
2.656666706254085,1.805
2.660000039637089,1.782
2.6633333730200928,1.759
2.6666667064030967,1.736
2.670000039786101,1.722
2.6733333731691045,1.728
2.6766667065521084,1.73
2.6800000399351123,1.732
2.683333373318116,1.734
2.68666670670112,1.724
2.6900000400841235,1.709
2.6933333734671274,1.692
2.6966667068501318,1.675
2.7000000402331352,1.658
2.703333373616139,1.655
2.706666706999143,1.674
2.710000040382147,1.695
2.713333373765151,1.717
2.7166667071481547,1.739
2.720000040531158,1.749
2.7233333739141625,1.749
2.7266667072971664,1.745
2.7300000406801703,1.742
2.7333333740631742,1.739
2.7366667074461777,1.737
2.7400000408291816,1.742
2.743333374212185,1.745
2.7466667075951894,1.748
2.7500000409781933,1.751
2.753333374361197,1.75
2.756666707744201,1.72
2.760000041127205,1.692
2.763333374510209,1.664
2.766666707893213,1.636
2.7700000412762167,1.609
2.7733333746592206,1.611
2.7766667080422245,1.609
2.7800000414252284,1.607
2.7833333748082323,1.606
2.786666708191236,1.603
2.79000004157424,1.595
2.7933333749572435,1.586
2.7966667083402474,1.577
2.800000041723252,1.567
2.8033333751062552,1.556
2.806666708489259,1.545
2.810000041872263,1.537
2.813333375255267,1.529
2.816666708638271,1.52
2.8200000420212747,1.513
2.823333375404278,1.504
2.8266667087872825,1.493
2.8300000421702864,1.483
2.8333333755532903,1.472
2.836666708936294,1.461
2.8400000423192977,1.472
2.8433333757023016,1.483
2.846666709085305,1.495
2.8500000424683094,1.506
2.8533333758513133,1.517
2.856666709234317,1.524
2.860000042617321,1.527
2.863333376000325,1.53
2.866666709383329,1.533
2.870000042766333,1.535
2.8733333761493367,1.524
2.8766667095323406,1.513
2.8800000429153445,1.502
2.8833333762983484,1.491
2.886666709681352,1.48
2.890000043064356,1.461
2.89333337644736,1.452
2.896666709830364,1.44
2.9000000432133675,1.428
2.903333376596372,1.416
2.9066667099793757,1.403
2.910000043362379,1.391
2.913333376745383,1.378
2.916666710128387,1.366
2.920000043511391,1.353
2.9233333768943948,1.34
2.9266667102773987,1.322
2.9300000436604026,1.305
2.9333333770434065,1.289
2.93666671042641,1.272
2.940000043809414,1.252
2.9433333771924177,1.226
2.9466667105754216,1.202
2.950000043958425,1.178
2.953333377341429,1.153
2.9566667107244333,1.133
2.960000044107437,1.122
2.963333377490441,1.11
2.966666710873445,1.098
2.970000044256449,1.086
2.973333377639453,1.079
2.9766667110224567,1.074
2.9800000444054606,1.071
2.9833333777884645,1.069
2.986666711171468,1.067
2.990000044554472,1.083
2.993333377937476,1.096
2.99666671132048,1.113
3.000000044703484,1.13
3.0033333780864875,1.147
3.0066667114694914,1.143
3.0100000448524957,1.131
3.013333378235499,1.117
3.016666711618503,1.103
3.020000045001507,1.089
3.023333378384511,1.082
3.026666711767515,1.079
3.0300000451505187,1.076
3.0333333785335226,1.074
3.036666711916526,1.072
3.04000004529953,1.064
3.043333378682534,1.05
3.0466667120655377,1.036
3.0500000454485416,1.022
3.053333378831545,1.009
3.056666712214549,1.014
3.0600000455975533,1.033
3.063333378980557,1.054
3.066666712363561,1.075
3.070000045746565,1.097
3.073333379129569,1.113
3.076666712512573,1.104
3.0800000458955767,1.096
3.0833333792785806,1.088
3.086666712661584,1.08
3.090000046044588,1.069
3.093333379427592,1.086
3.096666712810596,1.101
3.1000000461936,1.117
3.103333379576604,1.132
3.1066667129596075,1.133
3.1100000463426114,1.101
3.1133333797256157,1.069
3.116666713108619,1.038
3.120000046491623,1.003
3.123333379874627,0.987
3.126666713257631,1.017
3.130000046640635,1.041
3.1333333800236387,1.067
3.136666713406642,1.097
3.140000046789646,1.121
3.14333338017265,1.119
3.146666713555654,1.116
3.1500000469386578,1.112
3.1533333803216617,1.107
3.1566667137046656,1.103
3.160000047087669,1.08
3.1633333804706734,1.065
3.1666667138536773,1.049
3.170000047236681,1.03
3.173333380619685,1.015
3.176666714002689,1.009
3.180000047385693,1.004
3.1833333807686968,0.999
3.1866667141517007,0.993
3.190000047534704,0.986
3.193333380917708,1.004
3.196666714300712,1.025
3.200000047683716,1.052
3.20333338106672,1.076
3.206666714449724,1.098
3.2100000478327275,1.104
3.2133333812157314,1.097
3.2166667145987358,1.089
3.220000047981739,1.081
3.223333381364743,1.074
3.226666714747747,1.037
3.230000048130751,1.005
3.233333381513755,0.968
3.2366667148967587,0.933
3.240000048279762,0.902
3.243333381662766,0.895
3.24666671504577,0.898
3.250000048428774,0.9
3.253333381811778,0.902
3.2566667151947817,0.904
3.2600000485777856,0.901
3.263333381960789,0.89
3.2666667153437934,0.882
3.2700000487267973,0.874
3.273333382109801,0.865
3.276666715492805,0.868
3.280000048875809,0.877
3.283333382258813,0.886
3.286666715641817,0.893
3.29000004902482,0.903
3.293333382407824,0.9
3.296666715790828,0.895
3.300000049173832,0.888
3.303333382556836,0.882
3.30666671593984,0.874
3.310000049322844,0.878
3.3133333827058475,0.891
3.3166667160888514,0.905
3.320000049471856,0.918
3.3233333828548592,0.935
3.326666716237863,0.94
3.330000049620867,0.938
3.333333383003871,0.935
3.336666716386875,0.931
3.3400000497698783,0.928
3.343333383152882,0.913
3.346666716535886,0.902
3.35000004991889,0.888
3.353333383301894,0.874
3.356666716684898,0.86
3.3600000500679017,0.852
3.3633333834509056,0.852
3.366666716833909,0.849
3.3700000502169134,0.845
3.3733333835999173,0.842
3.376666716982921,0.822
3.380000050365925,0.796
3.383333383748929,0.769
3.386666717131933,0.742
3.3900000505149364,0.715
3.3933333838979403,0.706
3.396666717280944,0.707
3.400000050663948,0.709
3.403333384046952,0.712
3.406666717429956,0.714
3.41000005081296,0.722
3.413333384195964,0.723
3.416666717578968,0.728
3.4200000509619715,0.733
3.423333384344976,0.738
3.4266667177279797,0.737
3.430000051110983,0.743
3.433333384493987,0.748
3.436666717876991,0.753
3.4400000512599944,0.757
3.4433333846429983,0.769
3.446666718026002,0.768
3.450000051409006,0.769
3.45333338479201,0.771
3.456666718175014,0.772
3.460000051558018,0.771
3.4633333849410217,0.799
3.4666667183240256,0.824
3.470000051707029,0.849
3.4733333850900334,0.873
3.4766667184730373,0.895
3.480000051856041,0.883
3.483333385239045,0.871
3.486666718622049,0.86
3.4900000520050525,0.848
3.4933333853880564,0.837
3.4966667187710603,0.824
3.500000052154064,0.81
3.503333385537068,0.797
3.506666718920072,0.783
3.510000052303076,0.774
3.51333338568608,0.779
3.516666719069084,0.788
3.520000052452088,0.796
3.5233333858350915,0.805
3.5266667192180954,0.808
3.5300000526010997,0.775
3.533333385984103,0.741
3.536666719367107,0.706
3.5400000527501105,0.671
3.5433333861331144,0.643
3.5466667195161183,0.624
3.5500000528991222,0.609
3.553333386282126,0.594
3.55666671966513,0.579
3.560000053048134,0.565
3.563333386431138,0.565
3.5666667198141417,0.567
3.5700000531971456,0.569
3.573333386580149,0.571
3.576666719963153,0.572
3.5800000533461573,0.57
3.583333386729161,0.562
3.586666720112165,0.557
3.5900000534951686,0.552
3.5933333868781725,0.547
3.5966667202611764,0.54
3.6000000536441803,0.532
3.603333387027184,0.523
3.606666720410188,0.514
3.610000053793192,0.506
3.613333387176196,0.504
3.6166667205592,0.517
3.620000053942204,0.529
3.623333387325208,0.54
3.626666720708212,0.551
3.630000054091216,0.54
3.6333333874742193,0.53
3.636666720857223,0.514
3.640000054240226,0.499
3.643333387623231,0.483
3.6466667210062345,0.476
3.6500000543892384,0.47
3.653333387772242,0.463
3.656666721155246,0.456
3.66000005453825,0.449
3.663333387921254,0.45
3.666666721304258,0.457
3.6700000546872618,0.464
3.6733333880702657,0.47
3.6766667214532696,0.477
3.6800000548362735,0.468
3.683333388219277,0.458
3.686666721602281,0.445
3.6900000549852847,0.433
3.6933333883682886,0.42
3.696666721751293,0.399
3.700000055134296,0.387
3.7033333885173,0.372
3.706666721900304,0.357
3.710000055283308,0.342
3.713333388666312,0.339
3.716666722049316,0.352
3.72000005543232,0.363
3.723333388815324,0.374
3.726666722198328,0.385
3.730000055581332,0.392
3.733333388964336,0.39
3.7366667223473393,0.386
3.740000055730343,0.382
3.7433333891133462,0.379
3.746666722496351,0.374
3.7500000558793545,0.362
3.7533333892623584,0.35
3.7566667226453614,0.339
3.760000056028366,0.327
3.76333338941137,0.317
3.766666722794374,0.306
3.770000056177378,0.3
3.773333389560382,0.293
3.7766667229433857,0.287
3.7800000563263896,0.29
3.7833333897093935,0.312
3.786666723092397,0.336
3.790000056475401,0.36
3.7933333898584047,0.384
3.7966667232414086,0.41
3.800000056624413,0.417
3.803333390007416,0.425
3.80666672339042,0.433
3.810000056773424,0.441
3.813333390156428,0.448
3.816666723539432,0.447
3.820000056922436,0.447
3.82333339030544,0.447
3.826666723688444,0.447
3.830000057071448,0.445
3.833333390454452,0.449
3.836666723837456,0.452
3.840000057220459,0.454
3.843333390603463,0.456
3.8466667239864663,0.46
3.850000057369471,0.473
3.8533333907524745,0.489
3.8566667241354784,0.504
3.8600000575184814,0.52
3.863333390901486,0.535
3.86666672428449,0.532
3.870000057667494,0.525
3.873333391050498,0.518
3.876666724433502,0.511
3.8800000578165057,0.502
3.8833333911995096,0.494
3.8866667245825135,0.485
3.890000057965517,0.475
3.893333391348521,0.465
3.8966667247315248,0.456
3.9000000581145287,0.445
3.903333391497533,0.435
3.906666724880537,0.426
3.910000058263541,0.417
3.913333391646544,0.409
3.916666725029548,0.412
3.920000058412552,0.412
3.923333391795556,0.414
3.92666672517856,0.416
3.930000058561564,0.417
3.933333391944568,0.408
3.936666725327572,0.402
3.940000058710575,0.393
3.943333392093579,0.385
3.946666725476583,0.377
3.9500000588595863,0.372
3.953333392242591,0.371
3.9566667256255945,0.369
3.9600000590085984,0.367
3.9633333923916014,0.365
3.966666725774606,0.366
3.97000005915761,0.367
3.973333392540614,0.368
3.976666725923618,0.369
3.980000059306622,0.371
3.9833333926896257,0.37
3.9866667260726296,0.372
3.990000059455633,0.375
3.993333392838637,0.377
3.996666726221641,0.379
4.000000059604645,0.357
4.003333392987649,0.325
4.006666726370653,0.292
4.010000059753657,0.258
4.01333339313666,0.225
4.016666726519664,0.21
4.020000059902668,0.208
4.023333393285672,0.205
4.026666726668676,0.203
4.030000060051679,0.2
4.033333393434684,0.201
4.036666726817687,0.189
4.040000060200692,0.182
4.043333393583695,0.175
4.046666726966699,0.167
4.050000060349703,0.166
4.053333393732707,0.165
4.056666727115711,0.164
4.060000060498715,0.163
4.063333393881718,0.162
4.066666727264722,0.167
4.070000060647726,0.167
4.07333339403073,0.171
4.076666727413734,0.175
4.0800000607967375,0.18
4.083333394179742,0.177
4.086666727562745,0.177
4.09000006094575,0.179
4.093333394328753,0.182
4.096666727711757,0.184
4.100000061094761,0.19
4.103333394477765,0.192
4.106666727860769,0.191
4.110000061243773,0.191
4.1133333946267765,0.19
4.11666672800978,0.188
4.120000061392784,0.19
4.123333394775788,0.191
4.126666728158792,0.192
4.130000061541796,0.193
4.1333333949248,0.191
4.136666728307803,0.185
4.140000061690808,0.176
4.143333395073811,0.167
4.146666728456816,0.158
4.150000061839819,0.146
4.153333395222823,0.131
4.156666728605827,0.116
4.160000061988831,0.101
4.1633333953718346,0.085
4.166666728754838,0.074
4.170000062137842,0.102
4.173333395520846,0.132
4.17666672890385,0.162
4.180000062286854,0.192
4.183333395669858,0.221
4.186666729052861,0.221
4.190000062435866,0.219
4.193333395818869,0.217
4.196666729201874,0.215
4.200000062584877,0.213
4.203333395967881,0.199
4.206666729350885,0.187
4.210000062733889,0.174
4.213333396116893,0.162
4.216666729499896,0.15
4.2200000628829,0.16
4.223333396265904,0.163
4.226666729648908,0.169
4.230000063031912,0.175
4.233333396414916,0.18
4.23666672979792,0.186
4.240000063180924,0.192
4.243333396563927,0.199
4.246666729946932,0.206
4.250000063329935,0.213
4.253333396712939,0.187
4.256666730095943,0.153
4.260000063478947,0.12
4.263333396861951,0.086
4.266666730244954,0.053
4.270000063627959,0.047
4.273333397010962,0.045
4.276666730393966,0.043
4.28000006377697,0.042
4.283333397159974,0.04
4.2866667305429775,0.047
4.290000063925982,0.061
4.293333397308985,0.073
4.29666673069199,0.086
4.300000064074993,0.099
4.3033333974579975,0.117
4.306666730841001,0.124
4.310000064224005,0.134
4.313333397607009,0.144
4.316666730990012,0.153
4.3200000643730165,0.142
4.32333339775602,0.131
4.326666731139024,0.119
4.330000064522028,0.107
4.333333397905032,0.095
4.336666731288036,0.103
4.34000006467104,0.119
4.343333398054043,0.138
4.346666731437048,0.158
4.350000064820051,0.178
4.353333398203056,0.185
4.356666731586059,0.175
4.360000064969063,0.165
4.363333398352067,0.156
4.36666673173507,0.147
4.370000065118075,0.138
4.373333398501078,0.131
4.376666731884082,0.122
4.380000065267086,0.114
4.38333339865009,0.106
4.386666732033094,0.1
4.390000065416098,0.079
4.3933333987991015,0.06
4.396666732182106,0.042
4.400000065565109,0.024
4.403333398948114,0.02
4.406666732331117,0.038
4.410000065714121,0.058
4.413333399097125,0.078
4.416666732480128,0.099
4.420000065863133,0.109
4.423333399246136,0.105
4.4266667326291405,0.1
4.430000066012144,0.095
4.433333399395148,0.09
4.436666732778152,0.09
4.440000066161156,0.099
4.44333339954416,0.109
4.446666732927164,0.119
4.450000066310167,0.128
4.453333399693172,0.136
4.456666733076175,0.146
4.46000006645918,0.153
4.463333399842183,0.16
4.466666733225186,0.167
4.470000066608191,0.161
4.473333399991194,0.137
4.476666733374199,0.111
4.480000066757202,0.084
4.483333400140206,0.057
4.48666673352321,0.033
4.490000066906214,0.011
4.493333400289218,-0.012
4.496666733672222,-0.036
4.500000067055225,-0.06
4.50333340043823,-0.081
4.506666733821233,-0.08
4.5100000672042375,-0.077
4.513333400587241,-0.074
4.516666733970244,-0.07
4.520000067353249,-0.068
4.523333400736252,-0.076
4.526666734119257,-0.082
4.53000006750226,-0.089
4.533333400885264,-0.096
4.536666734268268,-0.103
4.540000067651272,-0.117
4.543333401034276,-0.129
4.54666673441728,-0.142
4.550000067800283,-0.156
4.553333401183288,-0.165
4.556666734566291,-0.147
4.560000067949296,-0.125
4.563333401332299,-0.097
4.566666734715303,-0.075
4.570000068098307,-0.051
4.57333340148131,-0.032
4.576666734864315,-0.023
4.580000068247318,-0.011
4.583333401630322,0.0
4.586666735013326,0.011
4.59000006839633,0.016
4.593333401779334,0.016
4.596666735162338,0.017
4.6000000685453415,0.017
4.603333401928346,0.018
4.606666735311349,0.016
4.610000068694354,0.009
4.613333402077357,0.005
4.616666735460361,0.001
4.620000068843365,-0.002
4.623333402226368,-0.002
4.626666735609373,-0.008
4.630000068992376,-0.01
4.6333334023753805,-0.013
4.636666735758384,-0.015
4.640000069141388,-0.013
4.643333402524392,-0.013
4.646666735907396,-0.014
4.6500000692904,-0.014
4.653333402673404,-0.015
4.656666736056407,-0.004
4.660000069439412,0.002
4.663333402822415,0.012
4.66666673620542,0.021
4.670000069588423,0.031
4.673333402971426,0.025
4.676666736354431,0.019
4.680000069737434,0.012
4.683333403120439,0.005
4.686666736503442,-0.002
4.690000069886446,-0.015
4.69333340326945,-0.023
4.696666736652454,-0.03
4.700000070035458,-0.039
4.703333403418462,-0.048
4.706666736801465,-0.04
4.71000007018447,-0.019
4.713333403567473,-0.002
4.716666736950478,0.016
4.720000070333481,0.037
4.7233334037164845,0.05
4.726666737099489,0.053
4.730000070482492,0.058
4.733333403865497,0.061
4.7366667372485,0.066
4.740000070631504,0.067
4.743333404014508,0.061
4.746666737397512,0.056
4.750000070780516,0.049
4.75333340416352,0.043
4.756666737546524,0.028
4.760000070929528,0.015
4.763333404312531,0.002
4.766666737695536,-0.008
4.770000071078539,-0.022
4.773333404461543,-0.033
4.776666737844547,-0.046
4.78000007122755,-0.055
4.783333404610555,-0.066
4.786666737993558,-0.077
4.7900000713765625,-0.078
4.793333404759566,-0.093
4.79666673814257,-0.106
4.800000071525574,-0.118
4.803333404908578,-0.133
4.8066667382915815,-0.141
4.810000071674586,-0.144
4.813333405057589,-0.146
4.816666738440594,-0.148
4.820000071823597,-0.15
4.823333405206601,-0.16
4.826666738589605,-0.181
4.830000071972608,-0.202
4.833333405355613,-0.222
4.836666738738616,-0.245
4.8400000721216205,-0.259
4.843333405504624,-0.244
4.846666738887628,-0.228
4.850000072270632,-0.21
4.853333405653636,-0.192
4.85666673903664,-0.177
4.860000072419644,-0.16
4.863333405802647,-0.142
4.866666739185652,-0.126
4.870000072568655,-0.107
4.873333405951659,-0.091
4.876666739334663,-0.081
4.880000072717666,-0.077
4.883333406100671,-0.073
4.886666739483674,-0.069
4.890000072866679,-0.068
4.893333406249682,-0.088
4.896666739632686,-0.108
4.90000007301569,-0.129
4.903333406398694,-0.15
4.906666739781698,-0.169
4.910000073164702,-0.156
4.9133334065477055,-0.141
4.91666673993071,-0.123
4.920000073313713,-0.107
4.923333406696717,-0.09
4.926666740079721,-0.096
4.9300000734627245,-0.104
4.933333406845729,-0.112
4.936666740228732,-0.12
4.940000073611737,-0.127
4.94333340699474,-0.13
4.9466667403777445,-0.125
4.950000073760748,-0.123
4.953333407143752,-0.12
4.956666740526756,-0.118
4.96000007390976,-0.116
4.963333407292764,-0.118
4.966666740675768,-0.119
4.970000074058771,-0.12
4.973333407441775,-0.121
4.976666740824779,-0.107
4.980000074207783,-0.084
4.983333407590787,-0.062
4.98666674097379,-0.042
4.990000074356795,-0.018
4.993333407739798,-0.009
4.9966667411228025,-0.009
5.000000074505806,-0.009
5.00333340788881,-0.008
5.006666741271814,-0.008
5.010000074654818,-0.007
5.013333408037822,-0.002
5.016666741420826,0.002
5.020000074803829,0.006
5.023333408186833,0.012
5.026666741569837,0.001
5.030000074952841,-0.011
5.033333408335845,-0.024
5.036666741718848,-0.04
5.040000075101853,-0.054
5.043333408484856,-0.044
5.046666741867861,-0.04
5.050000075250864,-0.03
5.053333408633868,-0.021
5.056666742016872,-0.011
5.060000075399876,-0.006
5.06333340878288,-0.007
5.066666742165884,-0.008
5.070000075548887,-0.009
5.073333408931891,-0.01
5.076666742314895,-0.021
5.080000075697899,-0.027
5.083333409080903,-0.037
5.0866667424639065,-0.046
5.090000075846911,-0.057
5.093333409229914,-0.057
5.096666742612919,-0.053
5.100000075995922,-0.047
5.103333409378926,-0.041
5.10666674276193,-0.035
5.110000076144934,-0.033
5.113333409527938,-0.018
5.116666742910942,-0.005
5.1200000762939455,0.006
5.123333409676949,0.02
5.126666743059953,0.035
5.130000076442957,0.025
5.133333409825961,0.019
5.1366667432089645,0.011
5.140000076591969,0.004
5.143333409974972,0.0
5.146666743357977,-0.009
5.15000007674098,-0.015
5.1533334101239845,-0.02
5.156666743506988,-0.027
5.160000076889992,-0.031
5.163333410272996,-0.019
5.166666743656,-0.008
5.170000077039004,0.003
5.173333410422007,0.015
5.176666743805011,0.024
5.180000077188015,0.017
5.183333410571019,0.01
5.186666743954023,0.004
5.190000077337027,-0.002
5.19333341072003,-0.004
5.196666744103035,0.005
5.200000077486038,0.016
5.2033334108690426,0.029
5.206666744252046,0.041
5.21000007763505,0.056
5.213333411018054,0.05
5.216666744401058,0.047
5.220000077784062,0.045
5.223333411167065,0.042
5.226666744550069,0.04
5.230000077933073,0.041
5.233333411316077,0.043
5.236666744699081,0.045
5.240000078082085,0.047
5.2433334114650885,0.047
5.246666744848093,0.042
5.250000078231096,0.034
5.253333411614101,0.026
5.256666744997104,0.019
5.260000078380108,0.012
5.263333411763112,0.015
5.266666745146116,0.024
5.27000007852912,0.032
5.273333411912123,0.039
5.276666745295128,0.046
5.280000078678131,0.037
5.283333412061135,0.021
5.286666745444139,0.007
5.290000078827143,-0.006
5.2933334122101465,-0.019
5.296666745593151,-0.033
5.300000078976154,-0.04
5.303333412359159,-0.049
5.306666745742162,-0.058
5.310000079125167,-0.066
5.31333341250817,-0.073
5.316666745891174,-0.074
5.320000079274178,-0.077
5.323333412657181,-0.081
5.3266667460401855,-0.085
5.330000079423189,-0.102
5.333333412806193,-0.117
5.336666746189197,-0.133
5.340000079572201,-0.147
5.343333412955205,-0.164
5.346666746338209,-0.167
5.350000079721212,-0.179
5.353333413104217,-0.187
5.35666674648722,-0.195
5.3600000798702245,-0.204
5.363333413253228,-0.202
5.366666746636232,-0.195
5.370000080019236,-0.189
5.373333413402239,-0.181
5.376666746785244,-0.173
5.380000080168247,-0.172
5.383333413551251,-0.167
5.386666746934255,-0.165
5.390000080317259,-0.163
5.393333413700263,-0.16
5.396666747083267,-0.16
5.4000000804662704,-0.157
5.403333413849275,-0.156
5.406666747232278,-0.156
5.410000080615283,-0.156
5.413333413998286,-0.162
5.41666674738129,-0.162
5.420000080764294,-0.162
5.423333414147297,-0.162
5.426666747530302,-0.162
5.430000080913305,-0.142
5.433333414296309,-0.132
5.436666747679313,-0.117
5.440000081062317,-0.104
5.443333414445321,-0.088
5.446666747828325,-0.078
5.4500000812113285,-0.073
5.453333414594333,-0.07
5.456666747977336,-0.065
5.460000081360341,-0.061
5.463333414743344,-0.063
5.4666667481263485,-0.069
5.470000081509352,-0.073
5.473333414892355,-0.077
5.47666674827536,-0.082
5.480000081658363,-0.08
5.483333415041368,-0.081
5.486666748424371,-0.08
5.490000081807375,-0.079
5.493333415190379,-0.078
5.496666748573383,-0.076
5.500000081956387,-0.062
5.503333415339391,-0.046
5.506666748722394,-0.032
5.510000082105399,-0.015
5.513333415488402,-0.003
5.516666748871407,-0.013
5.52000008225441,-0.025
5.523333415637413,-0.039
5.526666749020418,-0.052
5.530000082403421,-0.065
5.533333415786426,-0.081
5.536666749169429,-0.094
5.540000082552433,-0.106
5.543333415935437,-0.121
5.546666749318441,-0.132
5.550000082701445,-0.133
5.553333416084449,-0.13
5.556666749467452,-0.127
5.560000082850457,-0.124
5.56333341623346,-0.129
5.566666749616465,-0.154
5.570000082999468,-0.184
5.573333416382472,-0.214
5.576666749765476,-0.244
5.580000083148479,-0.269
5.583333416531484,-0.275
5.586666749914487,-0.277
5.590000083297491,-0.28
5.593333416680495,-0.283
5.596666750063499,-0.288
5.600000083446503,-0.281
5.603333416829507,-0.279
5.606666750212511,-0.276
5.610000083595515,-0.273
5.613333416978518,-0.271
5.616666750361523,-0.265
5.620000083744526,-0.258
5.6233334171275295,-0.249
5.626666750510534,-0.241
5.630000083893537,-0.233
5.633333417276542,-0.231
5.636666750659545,-0.232
5.6400000840425495,-0.231
5.643333417425553,-0.231
5.646666750808557,-0.23
5.650000084191561,-0.214
5.653333417574565,-0.197
5.6566667509575685,-0.176
5.660000084340573,-0.156
5.663333417723576,-0.133
5.666666751106581,-0.115
5.670000084489584,-0.101
5.673333417872588,-0.09
5.676666751255592,-0.079
5.680000084638595,-0.068
5.6833334180216,-0.065
5.686666751404603,-0.075
5.690000084787608,-0.081
5.693333418170611,-0.086
5.696666751553615,-0.092
5.700000084936619,-0.109
5.703333418319623,-0.128
5.706666751702627,-0.145
5.710000085085631,-0.166
5.713333418468634,-0.185
5.716666751851639,-0.189
5.720000085234642,-0.188
5.723333418617646,-0.186
