time_min,absorb_mau
0.0,-0.002
0.0016666666915019,-0.004
0.0033333333830038,-0.005
0.0050000000745058,-0.003
0.0066666667660077,-0.003
0.0083333334575096,-0.003
0.0100000001490116,-0.003
0.0116666668405135,-0.003
0.0133333335320154,-0.003
0.0150000002235174,-0.004
0.0166666669150193,-0.004
0.0183333336065212,-0.005
0.0200000002980232,0.002
0.0216666669895251,0.008
0.023333333681027,0.014
0.025000000372529,0.02
0.0266666670640309,0.026
0.0283333337555329,0.032
0.0300000004470348,0.038
0.0316666671385367,0.044
0.0333333338300387,0.05
0.0350000005215406,0.056
0.0366666672130425,0.06
0.0383333339045445,0.066
0.0400000005960464,0.07
0.0416666672875483,0.075
0.0433333339790503,0.08
0.0450000006705522,0.084
0.0466666673620541,0.089
0.0483333340535561,0.094
0.050000000745058,0.098
0.0516666674365599,0.103
0.0533333341280619,0.095
0.0550000008195638,0.088
0.0566666675110658,0.08
0.0583333342025677,0.071
0.0600000008940696,0.063
0.0616666675855716,0.055
0.0633333342770735,0.047
0.0650000009685754,0.039
0.0666666676600774,0.03
0.0683333343515793,0.022
0.0700000010430812,0.019
0.0716666677345832,0.025
0.0733333344260851,0.028
0.075000001117587,0.031
0.076666667809089,0.034
0.0783333345005909,0.037
0.0800000011920929,0.04
0.0816666678835948,0.042
0.0833333345750967,0.045
0.0850000012665987,0.048
0.0866666679581006,0.045
0.0883333346496025,0.04
0.0900000013411045,0.03
0.0916666680326064,0.023
0.0933333347241083,0.016
0.0950000014156103,0.01
0.0966666681071122,0.003
0.0983333347986141,-0.003
0.1000000014901161,-0.01
0.101666668181618,-0.017
0.1033333348731199,-0.022
0.1050000015646219,-0.036
0.1066666682561238,-0.049
0.1083333349476258,-0.062
0.1100000016391277,-0.074
0.1116666683306296,-0.087
0.1133333350221316,-0.1
0.1150000017136335,-0.113
0.1166666684051354,-0.126
0.1183333350966374,-0.138
0.1200000017881393,-0.146
0.1216666684796412,-0.147
0.1233333351711432,-0.147
0.1250000018626451,-0.148
0.1266666685541471,-0.149
0.128333335245649,-0.149
0.1300000019371509,-0.15
0.1316666686286529,-0.15
0.1333333353201548,-0.151
0.1350000020116567,-0.152
0.1366666687031587,-0.152
0.1383333353946606,-0.142
0.1400000020861625,-0.125
0.1416666687776645,-0.111
0.1433333354691664,-0.096
0.1450000021606683,-0.081
0.1466666688521703,-0.066
0.1483333355436722,-0.051
0.1500000022351741,-0.037
0.1516666689266761,-0.022
0.153333335618178,-0.007
0.15500000230968,-0.003
0.1566666690011819,-0.006
0.1583333356926838,-0.007
0.1600000023841858,-0.008
0.1616666690756877,-0.008
0.1633333357671896,-0.009
0.1650000024586916,-0.01
0.1666666691501935,-0.011
0.1683333358416954,-0.012
0.1700000025331974,-0.016
0.1716666692246993,-0.015
0.1733333359162013,-0.006
0.1750000026077032,0.0
0.1766666692992051,0.005
0.178333335990707,0.011
0.180000002682209,0.017
0.1816666693737109,0.023
0.1833333360652129,0.029
0.1850000027567148,0.035
0.1866666694482167,0.04
0.1883333361397187,0.042
0.1900000028312206,0.049
0.1916666695227225,0.053
0.1933333362142245,0.057
0.1950000029057264,0.06
0.1966666695972283,0.064
0.1983333362887303,0.068
0.2000000029802322,0.072
0.2016666696717342,0.076
0.2033333363632361,0.079
0.205000003054738,0.087
0.2066666697462399,0.093
0.2083333364377419,0.093
0.2100000031292438,0.095
0.2116666698207458,0.097
0.2133333365122477,0.099
0.2150000032037496,0.101
0.2166666698952516,0.104
0.2183333365867535,0.106
0.2200000032782554,0.108
0.2216666699697574,0.095
0.2233333366612593,0.078
0.2250000033527612,0.057
0.2266666700442632,0.039
0.2283333367357651,0.021
0.2300000034272671,0.003
0.231666670118769,-0.014
0.2333333368102709,-0.032
0.2350000035017728,-0.05
0.2366666701932748,-0.068
0.2383333368847767,-0.077
0.2400000035762786,-0.079
0.2416666702677806,-0.08
0.2433333369592825,-0.082
0.2450000036507845,-0.083
0.2466666703422864,-0.085
0.2483333370337883,-0.087
0.2500000037252903,-0.088
0.2516666704167922,-0.09
0.2533333371082942,-0.092
0.2550000037997961,-0.096
0.256666670491298,-0.101
0.2583333371828,-0.11
0.2600000038743019,-0.116
0.2616666705658038,-0.122
0.2633333372573058,-0.128
0.2650000039488077,-0.134
0.2666666706403096,-0.14
0.2683333373318116,-0.145
0.2700000040233135,-0.151
0.2716666707148155,-0.15
0.2733333374063174,-0.138
0.2750000040978193,-0.134
0.2766666707893213,-0.126
0.2783333374808232,-0.118
0.2800000041723251,-0.11
0.2816666708638271,-0.101
0.283333337555329,-0.093
0.285000004246831,-0.085
0.2866666709383328,-0.077
0.2883333376298348,-0.074
0.2900000043213367,-0.078
0.2916666710128387,-0.091
0.2933333377043406,-0.101
0.2950000043958425,-0.111
0.2966666710873445,-0.12
0.2983333377788464,-0.13
0.3000000044703483,-0.14
0.3016666711618503,-0.15
0.3033333378533522,-0.159
0.3050000045448541,-0.166
0.3066666712363561,-0.158
0.308333337927858,-0.146
0.31000000461936,-0.134
0.3116666713108619,-0.121
0.3133333380023638,-0.108
0.3150000046938658,-0.095
0.3166666713853677,-0.082
0.3183333380768696,-0.069
0.3200000047683716,-0.056
0.3216666714598735,-0.045
0.3233333381513754,-0.047
0.3250000048428774,-0.061
0.3266666715343793,-0.071
0.3283333382258813,-0.081
0.3300000049173832,-0.091
0.3316666716088851,-0.1
0.3333333383003871,-0.11
0.335000004991889,-0.12
0.3366666716833909,-0.13
0.3383333383748929,-0.138
0.3400000050663948,-0.135
0.3416666717578968,-0.13
0.3433333384493987,-0.124
0.3450000051409006,-0.119
0.3466666718324026,-0.113
0.3483333385239044,-0.108
0.3500000052154064,-0.102
0.3516666719069083,-0.096
0.3533333385984103,-0.091
0.3550000052899122,-0.085
0.3566666719814141,-0.075
0.3583333386729161,-0.081
0.360000005364418,-0.082
0.3616666720559199,-0.083
0.3633333387474219,-0.085
0.3650000054389238,-0.086
0.3666666721304258,-0.088
0.3683333388219277,-0.089
0.3700000055134296,-0.091
0.3716666722049316,-0.092
0.3733333388964335,-0.101
0.3750000055879354,-0.113
0.3766666722794374,-0.119
0.3783333389709393,-0.126
0.3800000056624412,-0.132
0.3816666723539432,-0.139
0.3833333390454451,-0.146
0.3850000057369471,-0.154
0.386666672428449,-0.161
0.3883333391199509,-0.166
0.3900000058114529,-0.164
0.3916666725029548,-0.166
0.3933333391944567,-0.166
0.3950000058859587,-0.167
0.3966666725774606,-0.168
0.3983333392689626,-0.169
0.4000000059604645,-0.17
0.4016666726519664,-0.171
0.4033333393434684,-0.172
0.4050000060349703,-0.173
0.4066666727264722,-0.176
0.4083333394179742,-0.174
0.4100000061094761,-0.164
0.411666672800978,-0.159
0.4133333394924799,-0.154
0.4150000061839819,-0.149
0.4166666728754838,-0.143
0.4183333395669857,-0.137
0.4200000062584877,-0.131
0.4216666729499896,-0.126
0.4233333396414916,-0.124
0.4250000063329935,-0.133
0.4266666730244954,-0.142
0.4283333397159974,-0.148
0.4300000064074993,-0.156
0.4316666730990012,-0.165
0.4333333397905032,-0.172
0.4350000064820051,-0.18
0.436666673173507,-0.189
0.438333339865009,-0.197
0.4400000065565109,-0.191
0.4416666732480129,-0.185
0.4433333399395148,-0.177
0.4450000066310167,-0.171
0.4466666733225187,-0.165
0.4483333400140206,-0.159
0.4500000067055225,-0.153
0.4516666733970245,-0.146
0.4533333400885264,-0.138
0.4550000067800283,-0.133
0.4566666734715303,-0.133
0.4583333401630322,-0.127
0.4600000068545342,-0.119
0.4616666735460361,-0.113
0.463333340237538,-0.105
0.46500000692904,-0.095
0.4666666736205419,-0.089
0.4683333403120438,-0.081
0.4700000070035457,-0.072
0.4716666736950477,-0.064
0.4733333403865497,-0.054
0.4750000070780515,-0.039
0.4766666737695535,-0.023
0.4783333404610554,-0.011
0.4800000071525573,-0.002
0.4816666738440593,0.009
0.4833333405355612,0.02
0.4850000072270632,0.032
0.4866666739185651,0.046
0.488333340610067,0.055
0.490000007301569,0.065
0.4916666739930709,0.073
0.4933333406845728,0.09
0.4950000073760748,0.102
0.4966666740675767,0.112
0.4983333407590787,0.124
0.5000000074505806,0.136
0.5016666741420825,0.148
0.5033333408335845,0.162
0.5050000075250864,0.174
0.5066666742165884,0.182
0.5083333409080902,0.198
0.5100000075995922,0.221
0.5116666742910941,0.239
0.5133333409825961,0.254
0.515000007674098,0.272
0.5166666743656,0.293
0.5183333410571019,0.308
0.5200000077486039,0.329
0.5216666744401057,0.348
0.5233333411316077,0.362
0.5250000078231096,0.363
0.5266666745146116,0.358
0.5283333412061135,0.35
0.5300000078976155,0.345
0.5316666745891174,0.338
0.5333333412806193,0.329
0.5350000079721212,0.324
0.5366666746636232,0.315
0.5383333413551251,0.308
0.5400000080466271,0.303
0.541666674738129,0.308
0.543333341429631,0.334
0.5450000081211329,0.351
0.5466666748126348,0.365
0.5483333415041367,0.383
0.5500000081956387,0.405
0.5516666748871406,0.419
0.5533333415786426,0.441
0.5550000082701445,0.459
0.5566666749616465,0.473
0.5583333416531483,0.532
0.5600000083446502,0.605
0.5616666750361522,0.662
0.5633333417276541,0.707
0.5650000084191561,0.764
0.566666675110658,0.832
0.56833334180216,0.878
0.570000008493662,0.946
0.5716666751851638,1.003
0.5733333418766657,1.06
0.5750000085681677,1.173
0.5766666752596696,1.361
0.5783333419511716,1.513
0.5800000086426735,1.666
0.5816666753341755,1.787
0.5833333420256774,1.97
0.5850000087171793,2.092
0.5866666754086812,2.244
0.5883333421001832,2.427
0.5900000087916851,2.579
0.5916666754831871,2.815
0.593333342174689,3.216
0.595000008866191,3.544
0.5966666755576928,3.871
0.5983333422491948,4.132
0.6000000089406967,4.525
0.6016666756321987,4.787
0.6033333423237006,5.114
0.6050000090152026,5.506
0.6066666757067045,5.834
0.6083333423982065,6.271
0.6100000090897083,7.067
0.6116666757812103,7.714
0.6133333424727122,8.364
0.6150000091642142,8.884
0.6166666758557161,9.664
0.6183333425472181,10.314
0.62000000923872,10.963
0.6216666759302218,11.613
0.6233333426217238,12.263
0.6250000093132257,13.242
0.6266666760047277,14.394
0.6283333426962296,15.521
0.6300000093877316,16.653
0.6316666760792335,17.784
0.6333333427707355,18.916
0.6350000094622373,19.821
0.6366666761537393,21.179
0.6383333428452412,22.31
0.6400000095367432,23.442
0.6416666762282451,24.595
0.6433333429197471,26.383
0.645000009611249,28.5
0.6466666763027509,30.257
0.6483333429942528,31.662
0.6500000096857548,33.419
0.6516666763772567,35.527
0.6533333430687587,37.283
0.6550000097602606,39.04
0.6566666764517626,40.797
0.6583333431432645,42.974
0.6600000098347664,45.591
0.6616666765262683,48.161
0.6633333432177703,50.729
0.6650000099092722,53.298
0.6666666766007742,55.867
0.6683333432922761,57.922
0.6700000099837781,61.004
0.6716666766752799,63.573
0.6733333433667819,66.141
0.6750000100582838,68.408
0.6766666767497858,72.729
0.6783333434412877,76.27
0.6800000101327897,79.797
0.6816666768242916,82.618
0.6833333435157936,86.851
0.6850000102072954,90.377
0.6866666768987973,93.904
0.6883333435902993,97.431
0.6900000102818012,100.958
0.6916666769733032,104.843
0.6933333436648051,109.467
0.6950000103563071,113.976
0.6966666770478089,118.467
0.6983333437393109,122.957
0.7000000104308128,127.448
0.7016666771223148,131.938
0.7033333438138167,136.428
0.7050000105053187,140.919
0.7066666771968206,145.409
0.7083333438883226,149.002
0.7100000105798244,155.773
0.7116666772713264,161.183
0.7133333439628283,166.557
0.7150000106543303,170.859
0.7166666773458322,177.313
0.7183333440373342,182.691
0.7200000107288361,188.069
0.721666677420338,193.447
0.7233333441118399,198.825
0.7250000108033419,204.327
0.7266666774948438,210.775
0.7283333441863458,216.84
0.7300000108778477,222.87
0.7316666775693497,228.911
0.7333333442608516,234.953
0.7350000109523535,240.994
0.7366666776438554,247.036
0.7383333443353574,253.078
0.7400000110268593,259.119
0.7416666777183613,265.161
0.7433333444098632,272.21
0.7450000111013652,278.676
0.746666677792867,285.087
0.748333344484369,291.518
0.7500000111758709,297.95
0.7516666778673728,304.381
0.7533333445588748,310.812
0.7550000112503767,315.958
0.7566666779418787,323.675
0.7583333446333806,330.107
0.7600000113248825,337.329
0.7616666780163844,343.847
0.7633333447078864,350.272
0.7650000113993883,356.73
0.7666666780908903,363.189
0.7683333447823922,369.647
0.7700000114738942,376.105
0.771666678165396,382.563
0.773333344856898,389.021
0.7750000115483999,395.48
0.7766666782399019,402.59
0.7783333449314038,408.834
0.7800000116229058,414.972
0.7816666783144077,421.152
0.7833333450059097,427.332
0.7850000116974115,433.512
0.7866666783889135,439.692
0.7883333450804154,444.636
0.7900000117719174,452.052
0.7916666784634193,458.232
0.7933333451549213,464.892
0.7950000118464232,470.476
0.7966666785379252,475.945
0.798333345229427,481.461
0.800000011920929,486.977
0.8016666786124309,492.492
0.8033333453039329,498.008
0.8050000119954348,503.524
0.8066666786869368,509.04
0.8083333453784387,514.555
0.8100000120699405,520.303
0.8116666787614425,525.088
0.8133333454529444,529.642
0.8150000121444464,534.235
0.8166666788359483,538.827
0.8183333455274503,543.42
0.8200000122189522,548.012
0.8216666789104542,551.686
0.823333345601956,557.197
0.825000012293458,561.79
0.8266666789849599,566.517
0.8283333456764619,569.718
0.8300000123679638,574.03
0.8316666790594658,577.645
0.8333333457509677,581.261
0.8350000124424696,584.153
0.8366666791339715,588.491
0.8383333458254735,592.107
0.8400000125169754,595.722
0.8416666792084774,599.338
0.8433333458999793,602.983
0.8450000125914813,605.875
0.8466666792829832,608.326
0.8483333459744851,610.829
0.850000012665987,613.332
0.851666679357489,615.834
0.8533333460489909,618.337
0.8550000127404929,620.339
0.8566666794319948,623.342
0.8583333461234968,625.845
0.8600000128149986,628.296
0.8616666795065006,629.749
0.8633333461980025,631.27
0.8650000128895045,632.562
0.8666666795810064,633.854
0.8683333462725084,634.887
0.8700000129640103,636.437
0.8716666796555123,637.729
0.8733333463470141,639.021
0.875000013038516,640.313
0.876666679730018,641.53
0.87833334642152,642.089
0.8800000131130219,642.231
0.8816666798045238,642.398
0.8833333464960258,642.57
0.8850000131875276,642.742
0.8866666798790296,642.913
0.8883333465705315,643.051
0.8900000132620335,643.257
0.8916666799535354,643.428
0.8933333466450374,643.6
0.8950000133365393,643.234
0.8966666800280413,642.263
0.8983333467195431,641.454
0.9000000134110451,640.655
0.901666680102547,640.016
0.903333346794049,639.057
0.9050000134855508,638.258
0.9066666801770528,637.459
0.9083333468685548,636.66
0.9100000135600568,635.861
0.9116666802515586,634.41
0.9133333469430606,632.613
0.9150000136345624,630.834
0.9166666803260644,629.063
0.9183333470175664,627.292
0.9200000137090684,625.521
0.9216666804005704,624.104
0.9233333470920722,621.978
0.925000013783574,620.207
0.926666680475076,618.436
0.928333347166578,616.607
0.93000001385808,613.55
0.931666680549582,611.031
0.933333347241084,608.502
0.9350000139325856,606.479
0.9366666806240876,603.445
0.9383333473155896,600.916
0.9400000140070917,598.388
0.9416666806985936,595.859
0.9433333473900954,593.331
0.9450000140815974,590.298
0.9466666807730992,587.182
0.9483333474646012,584.098
0.9500000141561032,581.005
0.9516666808476052,577.913
0.953333347539107,574.821
0.955000014230609,572.347
0.9566666809221108,568.636
0.9583333476136128,565.543
0.9600000143051148,562.451
0.9616666809966168,559.686
0.9633333476881186,555.402
0.9650000143796206,551.949
0.9666666810711224,548.479
0.9683333477626244,545.703
0.9700000144541264,541.538
0.9716666811456284,538.068
0.9733333478371302,534.597
0.9750000145286322,531.127
0.976666681220134,527.656
0.978333347911636,523.821
0.980000014603138,519.984
0.98166668129464,516.297
0.983333347986142,512.602
0.9850000146776438,508.907
0.9866666813691456,505.212
0.9883333480606477,502.256
0.9900000147521496,497.821
0.9916666814436516,494.126
0.9933333481351536,490.431
0.9950000148266556,487.335
0.9966666815181574,482.446
0.9983333482096592,478.679
1.0000000149011612,474.898
1.0016666815926631,471.873
1.003333348284165,467.335
1.005000014975667,463.554
1.006666681667169,459.772
1.008333348358671,455.991
1.010000015050173,452.209
1.0116666817416748,448.232
1.0133333484331768,444.156
1.0150000151246787,440.378
1.0166666818161805,436.601
1.0183333485076824,432.824
1.0200000151991844,429.046
1.0216666818906863,425.269
1.0233333485821885,421.492
1.0250000152736902,417.714
1.0266666819651922,413.937
1.028333348656694,410.915
1.030000015348196,406.006
1.031666682039698,402.362
1.0333333487312,398.725
1.035000015422702,395.812
1.036666682114204,391.444
1.0383333488057058,387.803
1.0400000154972078,384.162
1.0416666821887095,380.522
1.0433333488802117,376.881
1.0450000155717134,373.183
1.0466666822632154,369.249
1.0483333489547173,365.794
1.0500000156462193,362.35
1.0516666823377212,358.895
1.0533333490292232,355.441
1.055000015720725,351.987
1.056666682412227,348.532
1.058333349103729,345.078
1.060000015795231,341.624
1.061666682486733,338.169
1.0633333491782349,334.378
1.0650000158697368,331.111
1.0666666825612383,327.882
1.0683333492527405,324.634
1.0700000159442424,321.386
1.0716666826357444,318.137
1.0733333493272463,314.889
1.0750000160187485,311.641
1.0766666827102502,308.393
1.0783333494017522,305.145
1.080000016093254,301.608
1.081666682784756,298.582
1.083333349476258,295.6
1.08500001616776,292.6
1.086666682859262,289.6
1.088333349550764,286.6
1.0900000162422658,283.6
1.0916666829337676,280.599
1.0933333496252695,277.599
1.0950000163167717,274.599
1.0966666830082734,271.338
1.0983333496997754,268.583
1.100000016391277,265.873
1.1016666830827793,263.147
1.1033333497742812,260.421
1.1050000164657832,257.695
1.1066666831572851,254.969
1.108333349848787,252.789
1.110000016540289,249.517
1.111666683231791,246.791
1.113333349923293,243.76
1.1150000166147949,241.195
1.1166666833062966,238.67
1.1183333499977983,236.129
1.1200000166893005,233.589
1.1216666833808024,231.048
1.1233333500723044,228.508
1.1250000167638063,225.967
1.1266666834553083,223.427
1.1283333501468102,220.886
1.1300000168383122,218.095
1.131666683529814,215.625
1.133333350221316,213.257
1.135000016912818,210.874
1.13666668360432,208.49
1.138333350295822,206.107
1.140000016987324,203.723
1.1416666836788258,201.817
1.1433333503703276,198.957
1.1450000170618295,196.573
1.1466666837533317,194.015
1.1483333504448334,192.138
1.1500000171363354,189.541
1.151666683827837,187.365
1.1533333505193393,185.188
1.1550000172108412,183.447
1.1566666839023432,180.835
1.1583333505938451,178.658
1.160000017285347,176.482
1.161666683976849,174.305
1.163333350668351,172.029
1.165000017359853,169.906
1.1666666840513549,167.957
1.1683333507428566,166.001
1.1700000174343586,164.044
1.1716666841258605,162.088
1.1733333508173625,160.131
1.1750000175088644,158.175
1.1766666842003664,156.218
1.1783333508918683,154.262
1.1800000175833705,152.234
1.1816666842748722,150.26
1.1833333509663742,148.478
1.185000017657876,146.69
1.186666684349378,144.902
1.18833335104088,143.115
1.190000017732382,141.327
1.191666684423884,139.539
1.1933333511153856,137.751
1.1950000178068876,135.963
1.1966666844983895,134.132
1.1983333511898917,132.334
1.2000000178813934,130.767
1.2016666845728954,129.203
1.203333351264397,127.636
1.2050000179558993,126.069
1.2066666846474012,124.502
1.2083333513389032,122.935
1.2100000180304051,121.368
1.211666684721907,119.801
1.213333351413409,118.214
1.215000018104911,116.622
1.216666684796413,115.286
1.2183333514879149,113.973
1.2200000181794166,112.646
1.2216666848709186,111.32
1.2233333515624203,109.994
1.2250000182539225,108.668
1.2266666849454244,107.341
1.2283333516369264,106.015
1.2300000183284283,104.689
1.2316666850199305,103.291
1.2333333517114322,102.139
1.2350000184029342,100.993
1.236666685094436,99.846
1.238333351785938,98.698
1.24000001847744,97.551
1.241666685168942,96.404
1.2433333518604437,95.257
1.2450000185519456,94.11
1.2466666852434476,92.962
1.2483333519349495,91.718
1.2500000186264515,90.677
1.2516666853179534,89.651
1.2533333520094554,88.615
1.2550000187009571,87.579
1.2566666853924593,86.543
1.2583333520839612,85.508
1.2600000187754632,84.472
1.2616666854669651,83.436
1.263333352158467,82.4
1.265000018849969,81.277
1.266666685541471,80.348
1.2683333522329727,79.438
1.270000018924475,78.519
1.2716666856159766,77.601
1.2733333523074786,76.682
1.2750000189989803,75.764
1.2766666856904825,74.846
1.2783333523819844,73.927
1.2800000190734864,73.009
1.2816666857649883,72.007
1.2833333524564905,71.188
1.2850000191479922,70.383
1.2866666858394942,69.572
1.288333352530996,68.761
1.290000019222498,67.951
1.291666685914,67.14
1.2933333526055018,66.329
1.2950000192970037,65.518
1.2966666859885057,64.707
1.2983333526800076,63.832
1.3000000193715096,63.071
1.3016666860630115,62.344
1.3033333527545137,61.613
1.3050000194460154,60.883
1.3066666861375174,60.152
1.3083333528290193,59.421
1.3100000195205213,58.69
1.3116666862120232,57.959
1.3133333529035252,57.228
1.315000019595027,56.451
1.316666686286529,55.759
1.3183333529780308,55.127
1.3200000196695327,54.484
1.321666686361035,53.841
1.3233333530525366,53.198
1.3250000197440386,52.555
1.3266666864355403,51.912
1.3283333531270425,51.269
1.3300000198185444,50.627
1.3316666865100464,49.952
1.3333333532015483,49.343
1.3350000198930505,48.782
1.3366666865845522,48.222
1.3383333532760542,47.662
1.340000019967556,47.102
1.341666686659058,46.542
1.3433333533505598,45.982
1.3450000200420618,45.421
1.3466666867335635,44.861
1.3483333534250657,44.281
1.3500000201165676,43.724
1.3516666868080696,43.233
1.3533333534995715,42.739
1.3550000201910737,42.246
1.3566666868825754,41.752
1.3583333535740774,41.259
1.360000020265579,40.765
1.3616666869570813,40.271
1.3633333536485832,39.778
1.3650000203400852,39.273
1.3666666870315871,38.776
1.3683333537230888,38.336
1.3700000204145908,37.901
1.3716666871060927,37.464
1.3733333537975947,37.028
1.3750000204890966,36.591
1.3766666871805986,36.154
1.3783333538721003,35.718
1.3800000205636025,35.281
1.3816666872551044,34.84
1.3833333539466064,34.393
1.3850000206381083,34.015
1.3866666873296103,33.641
1.3883333540211122,33.265
1.3900000207126142,32.89
1.391666687404116,32.514
1.393333354095618,32.138
1.3950000207871198,31.762
1.3966666874786218,31.386
1.3983333541701235,31.01
1.4000000208616257,30.601
1.4016666875531276,30.258
1.4033333542446296,29.918
1.4050000209361315,29.576
1.4066666876276337,29.234
1.4083333543191354,28.892
1.4100000210106374,28.551
1.411666687702139,28.209
1.4133333543936413,27.867
1.4150000210851432,27.525
1.4166666877766452,27.154
1.418333354468147,26.84
1.4200000211596489,26.531
1.4216666878511508,26.219
1.4233333545426528,25.908
1.4250000212341547,25.596
1.4266666879256569,25.284
1.4283333546171586,24.973
1.4300000213086606,24.661
1.4316666880001625,24.349
1.4333333546916645,24.002
1.4350000213831664,23.713
1.4366666880746684,23.429
1.4383333547661703,23.142
1.4400000214576725,22.855
1.4416666881491742,22.568
1.443333354840676,22.281
1.445000021532178,21.994
1.4466666882236798,21.707
1.4483333549151818,21.42
1.4500000216066835,21.112
1.4516666882981857,20.852
1.4533333549896876,20.597
1.4550000216811896,20.341
1.4566666883726915,20.085
1.4583333550641937,19.828
1.4600000217556954,19.572
1.4616666884471974,19.316
1.463333355138699,19.06
1.4650000218302013,18.804
1.4666666885217032,18.535
1.468333355213205,18.303
1.470000021904707,18.084
1.4716666885962089,17.862
1.4733333552877108,17.64
1.4750000219792128,17.418
1.4766666886707147,17.196
1.4783333553622169,16.973
1.4800000220537186,16.751
1.4816666887452206,16.529
1.4833333554367223,16.293
1.4850000221282245,16.085
1.4866666888197264,15.896
1.4883333555112284,15.704
1.4900000222027303,15.513
1.4916666888942325,15.321
1.493333355585734,15.129
1.495000022277236,14.938
1.496666688968738,14.746
1.4983333556602398,14.555
1.5000000223517418,14.349
1.5016666890432435,14.165
1.5033333557347457,13.998
1.5050000224262476,13.828
1.5066666891177496,13.659
1.5083333558092515,13.489
1.5100000225007535,13.32
1.5116666891922554,13.151
1.5133333558837574,12.981
1.5150000225752591,12.812
1.5166666892667613,12.633
1.518333355958263,12.474
1.520000022649765,12.338
1.521666689341267,12.199
1.5233333560327689,12.061
1.5250000227242708,11.923
1.5266666894157728,11.785
1.5283333561072747,11.647
1.530000022798777,11.508
1.5316666894902786,11.37
1.5333333561817806,11.226
1.5350000228732823,11.068
1.5366666895647845,10.938
1.5383333562562864,10.802
1.5400000229477884,10.667
1.5416666896392903,10.531
1.543333356330792,10.396
1.545000023022294,10.26
1.546666689713796,10.125
1.548333356405298,9.989
1.5500000230968,9.852
1.5516666897883018,9.723
1.5533333564798038,9.599
1.5550000231713057,9.48
1.5566666898628077,9.36
1.5583333565543096,9.24
1.5600000232458116,9.12
1.5616666899373135,9.0
1.5633333566288157,8.88
1.5650000233203174,8.761
1.5666666900118194,8.641
1.568333356703321,8.498
1.570000023394823,8.385
1.571666690086325,8.27
1.573333356777827,8.154
1.5750000234693289,8.037
1.5766666901608308,7.921
1.5783333568523328,7.805
1.5800000235438347,7.689
1.581666690235337,7.572
1.5833333569268386,7.456
1.5850000236183406,7.335
1.5866666903098423,7.24
1.5883333570013445,7.14
1.5900000236928464,7.043
1.5916666903843484,6.945
1.5933333570758503,6.847
1.595000023767352,6.749
1.596666690458854,6.651
1.598333357150356,6.553
1.600000023841858,6.455
1.60166669053336,6.349
1.6033333572248618,6.261
1.6050000239163638,6.173
1.6066666906078657,6.085
1.6083333572993677,5.996
1.6100000239908696,5.908
1.6116666906823716,5.82
1.6133333573738735,5.732
1.6150000240653757,5.644
1.6166666907568774,5.556
1.6183333574483794,5.459
1.620000024139881,5.389
1.621666690831383,5.321
1.623333357522885,5.252
1.625000024214387,5.183
1.626666690905889,5.114
1.6283333575973908,5.045
1.6300000242888928,4.976
1.6316666909803947,4.907
1.6333333576718967,4.838
1.6350000243633986,4.763
1.6366666910549006,4.698
1.6383333577464023,4.63
1.6400000244379045,4.562
1.6416666911294064,4.494
1.6433333578209084,4.427
1.64500002451241,4.359
1.646666691203912,4.291
1.648333357895414,4.223
1.650000024586916,4.156
1.651666691278418,4.081
1.65333335796992,4.029
1.6550000246614218,3.978
1.6566666913529238,3.928
1.6583333580444255,3.878
1.6600000247359277,3.828
1.6616666914274296,3.778
1.6633333581189316,3.728
1.6650000248104335,3.678
1.6666666915019357,3.629
1.6683333581934374,3.579
1.6700000248849391,3.523
1.671666691576441,3.474
1.673333358267943,3.424
1.675000024959445,3.375
1.676666691650947,3.326
1.678333358342449,3.277
1.6800000250339509,3.228
1.6816666917254528,3.179
1.6833333584169548,3.129
1.6850000251084567,3.077
1.6866666917999589,3.04
1.6883333584914606,3.001
1.6900000251829626,2.964
1.6916666918744645,2.927
1.6933333585659665,2.89
1.6950000252574682,2.853
1.69666669194897,2.816
1.698333358640472,2.779
1.700000025331974,2.742
1.701666692023476,2.701
1.703333358714978,2.653
1.70500002540648,2.616
1.7066666920979818,2.577
1.7083333587894838,2.537
1.7100000254809855,2.498
1.7116666921724877,2.458
1.7133333588639896,2.418
1.7150000255554916,2.378
1.7166666922469935,2.339
1.7183333589384957,2.3
1.7200000256299972,2.257
1.7216666923214992,2.217
1.723333359013001,2.174
1.725000025704503,2.133
1.726666692396005,2.093
1.728333359087507,2.052
1.730000025779009,2.012
1.7316666924705109,1.971
1.7333333591620128,1.93
1.7350000258535148,1.89
1.7366666925450167,1.851
1.7383333592365189,1.824
1.7400000259280206,1.789
1.7416666926195226,1.758
1.7433333593110245,1.727
1.7450000260025262,1.689
1.7466666926940282,1.664
1.74833335938553,1.627
1.750000026077032,1.602
1.751666692768534,1.57
1.753333359460036,1.535
1.755000026151538,1.504
1.75666669284304,1.474
1.7583333595345418,1.452
1.7600000262260438,1.424
1.7616666929175455,1.391
1.7633333596090477,1.369
1.7650000263005496,1.335
1.7666666929920516,1.313
1.7683333596835535,1.285
1.7700000263750553,1.256
1.7716666930665572,1.216
1.7733333597580592,1.192
1.7750000264495611,1.155
1.776666693141063,1.13
1.778333359832565,1.093
1.780000026524067,1.068
1.781666693215569,1.037
1.7833333599070709,0.999
1.7850000265985728,0.968
1.7866666932900748,0.939
1.7883333599815767,0.925
1.790000026673079,0.908
1.7916666933645806,0.892
1.7933333600560826,0.88
1.7950000267475843,0.86
1.7966666934390862,0.848
1.7983333601305882,0.832
1.80000002682209,0.816
1.801666693513592,0.796
1.803333360205094,0.784
1.805000026896596,0.764
1.806666693588098,0.756
1.8083333602796,0.74
1.8100000269711016,0.73
1.811666693662604,0.714
1.8133333603541055,0.704
1.815000027045608,0.691
1.8166666937371097,0.676
1.818333360428612,0.663
1.820000027120113,0.656
1.8216666938116155,0.643
1.8233333605031168,0.63
1.8250000271946192,0.619
1.826666693886121,0.611
1.828333360577623,0.598
1.830000027269125,0.589
1.831666693960627,0.578
1.833333360652129,0.567
1.8350000273436309,0.555
1.8366666940351328,0.544
1.8383333607266348,0.535
1.8400000274181367,0.525
1.841666694109639,0.515
1.8433333608011409,0.508
1.8450000274926424,0.499
1.8466666941841443,0.49
1.8483333608756465,0.481
1.850000027567148,0.471
1.8516666942586504,0.462
1.853333360950152,0.457
1.855000027641654,0.445
1.856666694333156,0.445
1.858333361024658,0.441
1.86000002771616,0.438
1.8616666944076616,0.434
1.863333361099164,0.43
1.8650000277906655,0.426
1.866666694482168,0.422
1.8683333611736697,0.417
1.8700000278651716,0.412
1.8716666945566731,0.406
1.8733333612481755,0.39
1.8750000279396768,0.379
1.8766666946311792,0.371
1.8783333613226807,0.36
1.880000028014183,0.35
1.881666694705685,0.34
1.883333361397187,0.327
1.885000028088689,0.317
1.886666694780191,0.307
1.8883333614716928,0.301
1.8900000281631948,0.29
1.8916666948546967,0.282
1.8933333615461987,0.276
1.8950000282377004,0.269
1.8966666949292024,0.26
1.8983333616207043,0.254
1.9000000283122065,0.245
1.901666695003708,0.237
1.9033333616952104,0.231
1.905000028386712,0.223
1.906666695078214,0.213
1.908333361769716,0.202
1.910000028461218,0.195
1.91166669515272,0.185
1.9133333618442216,0.174
1.915000028535724,0.167
1.9166666952272255,0.155
1.918333361918728,0.146
1.9200000286102292,0.139
1.9216666953017316,0.126
1.9233333619932331,0.118
1.9250000286847355,0.109
1.9266666953762368,0.102
1.9283333620677392,0.094
1.9300000287592407,0.083
1.931666695450743,0.077
1.933333362142245,0.066
1.935000028833747,0.058
1.936666695525249,0.05
1.938333362216751,0.038
1.9400000289082528,0.028
1.9416666955997548,0.015
1.9433333622912567,0.003
1.9450000289827585,-0.006
1.9466666956742604,-0.02
1.9483333623657624,-0.029
1.9500000290572643,-0.041
1.9516666957487665,-0.056
1.953333362440268,-0.067
1.9550000291317704,-0.075
1.956666695823272,-0.084
1.958333362514774,-0.089
1.960000029206276,-0.095
1.961666695897778,-0.1
1.96333336258928,-0.106
1.9650000292807817,-0.111
1.966666695972284,-0.117
1.9683333626637856,-0.124
1.9700000293552875,-0.129
1.9716666960467892,-0.141
1.9733333627382916,-0.154
1.9750000294297931,-0.163
1.9766666961212955,-0.174
1.9783333628127973,-0.186
1.9800000295042992,-0.197
1.9816666961958007,-0.209
1.983333362887303,-0.218
1.985000029578805,-0.232
1.986666696270307,-0.243
1.988333362961809,-0.249
1.990000029653311,-0.261
1.9916666963448129,-0.268
1.9933333630363148,-0.276
1.9950000297278163,-0.284
1.9966666964193185,-0.291
1.9983333631108204,-0.299
2.0000000298023224,-0.305
2.001666696493825,-0.315
2.0033333631853263,-0.323
2.0050000298768285,-0.327
2.00666669656833,-0.319
2.008333363259832,-0.324
2.010000029951334,-0.322
2.011666696642836,-0.321
2.013333363334338,-0.32
2.01500003002584,-0.318
2.016666696717342,-0.317
2.018333363408844,-0.315
2.020000030100346,-0.314
2.0216666967918475,-0.319
2.0233333634833497,-0.325
2.0250000301748514,-0.336
2.0266666968663536,-0.345
2.0283333635578558,-0.353
2.030000030249357,-0.362
2.031666696940859,-0.37
2.033333363632361,-0.377
2.035000030323863,-0.387
2.036666697015365,-0.396
2.038333363706867,-0.403
2.0400000303983687,-0.408
2.041666697089871,-0.411
2.0433333637813726,-0.415
2.045000030472875,-0.419
2.0466666971643765,-0.423
2.0483333638558787,-0.428
2.0500000305473804,-0.432
2.0516666972388826,-0.436
2.0533333639303843,-0.44
2.0550000306218865,-0.448
2.056666697313388,-0.448
2.05833336400489,-0.451
2.060000030696392,-0.453
2.061666697387894,-0.455
2.063333364079396,-0.456
2.0650000307708978,-0.458
2.0666666974624,-0.459
2.0683333641539017,-0.461
2.070000030845404,-0.463
2.0716666975369056,-0.464
2.073333364228408,-0.461
2.075000030919909,-0.457
2.076666697611412,-0.452
2.0783333643029134,-0.448
2.0800000309944155,-0.446
2.0816666976859173,-0.442
2.083333364377419,-0.439
2.085000031068921,-0.435
2.086666697760423,-0.432
2.088333364451925,-0.429
2.090000031143427,-0.436
2.091666697834929,-0.454
2.0933333645264307,-0.462
2.095000031217933,-0.474
2.0966666979094346,-0.486
2.098333364600937,-0.499
2.1000000312924385,-0.508
2.1016666979839407,-0.523
2.1033333646754424,-0.535
2.1050000313669446,-0.547
2.1066666980584463,-0.551
2.108333364749948,-0.545
2.11000003144145,-0.542
2.111666698132952,-0.537
2.113333364824454,-0.533
2.115000031515956,-0.527
2.116666698207458,-0.523
2.11833336489896,-0.518
