time_min,absorb_mau
0.0,-0.005
0.023333333681027,-0.044
0.0466666673620541,-0.107
0.0700000010430812,-0.211
0.0933333347241083,-0.221
0.1166666684051354,-0.232
0.1400000020861625,-0.173
0.1633333357671896,-0.183
0.1866666694482167,-0.234
0.2100000031292438,-0.197
0.2333333368102709,-0.336
0.256666670491298,-0.324
0.2800000041723251,-0.32
0.3033333378533522,-0.456
0.3266666715343793,-0.355
0.3500000052154064,-0.314
0.3733333388964335,-0.31
0.3966666725774606,-0.187
0.4200000062584877,-0.297
0.4433333399395148,-0.385
0.4666666736205419,-0.336
0.490000007301569,-0.321
0.5133333409825961,-0.279
0.5366666746636232,-0.125
0.5600000083446502,-0.037
0.5833333420256774,0.257
0.6066666757067045,1.536
0.6300000093877316,4.336
0.6533333430687587,10.117
0.6766666767497858,20.181
0.7000000104308128,35.379
0.7233333441118399,57.664
0.746666677792867,85.464
0.7700000114738942,117.857
0.7933333451549213,151.637
0.8166666788359483,185.087
0.8400000125169754,215.406
0.8633333461980025,241.083
0.8866666798790296,261.926
0.9100000135600568,276.419
0.933333347241084,286.764
0.9566666809221108,293.275
0.980000014603138,296.472
1.003333348284165,297.63
1.0266666819651922,296.673
1.0500000156462193,294.462
1.0733333493272463,291.413
1.0966666830082734,287.719
1.1200000166893005,283.491
1.1433333503703276,279.088
1.1666666840513549,274.371
1.190000017732382,269.163
1.213333351413409,264.07
1.236666685094436,258.918
1.2600000187754632,253.944
1.2833333524564905,249.298
1.3066666861375174,244.332
1.3300000198185444,239.461
1.3533333534995715,234.227
1.3766666871805986,228.722
1.4000000208616257,223.3
1.4233333545426528,217.725
1.4466666882236798,211.911
1.470000021904707,206.125
1.493333355585734,200.197
1.5166666892667613,194.577
1.5400000229477884,188.758
1.5633333566288157,183.076
1.5866666903098423,177.264
1.6100000239908696,171.779
1.6333333576718967,166.378
1.6566666913529238,161.278
1.6800000250339509,156.23
1.703333358714978,151.375
1.726666692396005,146.642
1.750000026077032,142.101
1.7733333597580592,137.821
1.7966666934390862,133.683
1.820000027120113,129.408
1.8433333608011409,125.291
1.866666694482168,121.337
1.8900000281631948,117.625
1.9133333618442216,114.033
1.936666695525249,110.491
1.960000029206276,106.934
1.983333362887303,103.644
2.00666669656833,100.538
2.030000030249357,97.693
2.0533333639303843,94.948
2.076666697611412,92.281
2.1000000312924385,89.637
2.123333364973466,87.09
2.1466666986544927,84.556
2.17000003233552,82.066
2.193333366016547,79.758
2.216666699697574,77.657
2.240000033378601,75.638
2.2633333670596283,73.66
2.286666700740655,71.732
2.3100000344216824,69.778
2.3333333681027097,67.898
2.3566667017837366,66.006
2.380000035464764,64.178
2.4033333691457908,62.344
2.426666702826818,60.721
2.450000036507845,59.034
2.473333370188872,57.571
2.496666703869899,56.161
2.5200000375509264,54.774
2.543333371231953,53.414
2.5666667049129805,52.086
2.5900000385940074,50.84
2.6133333722750347,49.626
2.6366667059560616,48.345
2.660000039637089,47.125
2.683333373318116,45.887
2.706666706999143,44.782
2.7300000406801703,43.671
2.753333374361197,42.61
2.7766667080422245,41.515
2.800000041723252,40.555
2.823333375404278,39.536
2.846666709085305,38.597
2.870000042766333,37.586
2.89333337644736,36.569
2.916666710128387,35.63
2.940000043809414,34.671
2.963333377490441,33.922
2.986666711171468,33.043
3.0100000448524957,32.307
3.0333333785335226,31.487
3.056666712214549,30.676
3.0800000458955767,29.955
3.103333379576604,29.192
3.126666713257631,28.394
3.1500000469386578,27.616
3.173333380619685,27.029
3.196666714300712,26.329
3.220000047981739,25.694
3.243333381662766,25.133
3.2666667153437934,24.366
3.29000004902482,23.795
3.3133333827058475,23.177
3.336666716386875,22.56
3.3600000500679017,22.055
3.383333383748929,21.379
3.406666717429956,20.749
3.430000051110983,20.22
3.45333338479201,19.689
3.4766667184730373,19.376
3.500000052154064,18.983
3.5233333858350915,18.625
3.5466667195161183,18.229
3.5700000531971456,17.786
3.5933333868781725,17.323
3.6166667205592,16.902
3.640000054240226,16.528
3.663333387921254,16.226
3.686666721602281,15.89
3.710000055283308,15.573
3.733333388964336,15.177
3.7566667226453614,14.892
3.7800000563263896,14.692
3.803333390007416,14.404
3.826666723688444,14.016
3.850000057369471,13.708
3.873333391050498,13.307
3.8966667247315248,13.0
3.920000058412552,12.843
3.943333392093579,12.6
3.966666725774606,12.514
3.990000059455633,12.286
4.01333339313666,12.04
4.036666726817687,11.697
4.060000060498715,11.431
4.083333394179742,11.233
4.106666727860769,10.967
4.130000061541796,10.725
4.153333395222823,10.387
4.17666672890385,10.117
4.200000062584877,9.877
4.223333396265904,9.679
4.246666729946932,9.591
4.270000063627959,9.291
4.293333397308985,9.208
4.316666730990012,9.032
4.34000006467104,8.768
4.363333398352067,8.653
4.386666732033094,8.43
4.410000065714121,8.291
4.433333399395148,8.137
4.456666733076175,7.938
4.480000066757202,7.759
4.50333340043823,7.51
4.526666734119257,7.225
4.550000067800283,7.026
4.57333340148131,6.869
4.596666735162338,6.797
4.620000068843365,6.725
4.643333402524392,6.602
4.66666673620542,6.399
4.690000069886446,6.262
4.713333403567473,6.122
4.7366667372485,5.954
4.760000070929528,5.801
4.783333404610555,5.639
4.8066667382915815,5.481
4.830000071972608,5.404
4.853333405653636,5.32
4.876666739334663,5.232
4.90000007301569,5.109
4.923333406696717,4.98
4.9466667403777445,4.823
4.970000074058771,4.676
4.993333407739798,4.687
5.016666741420826,4.522
5.040000075101853,4.464
5.06333340878288,4.422
5.0866667424639065,4.252
5.110000076144934,4.282
5.133333409825961,4.187
5.156666743506988,4.057
5.180000077188015,4.123
5.2033334108690426,3.991
5.226666744550069,3.903
5.250000078231096,3.856
5.273333411912123,3.715
5.296666745593151,3.638
5.320000079274178,3.554
5.343333412955205,3.504
5.366666746636232,3.387
5.390000080317259,3.404
5.413333413998286,3.372
5.436666747679313,3.168
5.460000081360341,3.098
5.483333415041368,2.96
5.506666748722394,3.031
5.530000082403421,3.048
5.553333416084449,2.997
5.576666749765476,2.972
5.600000083446503,2.982
5.6233334171275295,2.979
5.646666750808557,2.978
5.670000084489584,2.83
5.693333418170611,2.669
5.716666751851639,2.577
5.740000085532666,2.479
5.7633334192136925,2.46
5.786666752894719,2.554
5.810000086575747,2.443
5.833333420256774,2.394
5.856666753937801,2.329
5.880000087618828,2.292
5.903333421299855,2.267
5.926666754980882,2.192
5.950000088661909,2.14
5.973333422342936,2.042
5.996666756023964,2.048
6.020000089704991,1.991
6.043333423386017,2.005
6.066666757067045,1.909
6.090000090748072,1.951
6.113333424429099,1.85
6.136666758110126,1.799
6.1600000917911535,1.723
6.18333342547218,1.637
6.206666759153207,1.674
6.230000092834234,1.728
6.253333426515262,1.709
6.276666760196289,1.689
6.300000093877316,1.653
6.323333427558342,1.637
6.34666676123937,1.644
6.370000094920397,1.558
6.393333428601424,1.482
6.416666762282452,1.367
6.440000095963478,1.259
6.463333429644505,1.302
6.486666763325532,1.327
6.51000009700656,1.283
6.533333430687587,1.334
6.556666764368614,1.188
6.5800000980496405,1.181
6.603333431730668,1.168
6.626666765411695,1.055
6.650000099092722,1.187
6.67333343277375,1.205
6.6966667664547765,1.198
6.720000100135803,1.238
6.74333343381683,1.143
6.766666767497858,1.167
6.790000101178885,1.065
6.813333434859912,1.128
6.836666768540939,1.069
6.860000102221966,1.04
6.883333435902993,1.158
6.90666676958402,1.127
6.930000103265047,1.181
6.953333436946075,1.154
6.9766667706271015,1.133
7.000000104308128,1.044
7.023333437989156,0.983
7.046666771670183,0.86
7.07000010535121,0.895
7.093333439032237,0.945
7.116666772713264,0.816
7.140000106394291,0.763
7.163333440075318,0.756
7.186666773756345,0.713
7.210000107437373,0.801
7.2333334411184,0.769
7.256666774799426,0.667
7.280000108480453,0.6
7.303333442161481,0.564
7.326666775842508,0.523
7.350000109523535,0.586
7.373333443204562,0.686
7.396666776885589,0.71
7.420000110566616,0.734
7.443333444247643,0.619
7.466666777928671,0.571
7.490000111609698,0.472
7.513333445290723,0.411
7.536666778971751,0.41
7.560000112652779,0.385
7.583333446333806,0.396
7.606666780014833,0.297
7.63000011369586,0.272
7.653333447376887,0.224
7.676666781057914,0.208
7.700000114738941,0.259
7.723333448419969,0.255
7.746666782100996,0.301
7.770000115782023,0.233
7.7933334494630495,0.222
7.816666783144077,0.212
7.840000116825104,0.242
7.863333450506131,0.271
7.886666784187158,0.143
7.910000117868186,0.089
7.933333451549212,-0.048
7.956666785230239,0.073
7.980000118911266,0.043
8.003333452592294,-0.004
8.02666678627332,0.096
8.050000119954348,-0.061
8.073333453635374,0.002
8.096666787316401,-0.095
8.12000012099743,-0.021
8.143333454678457,0.038
8.166666788359484,-0.02
8.19000012204051,-0.007
8.213333455721537,-0.174
8.236666789402564,-0.13
8.260000123083591,-0.12
8.283333456764618,-0.03
8.306666790445647,0.132
8.330000124126673,0.077
8.3533334578077,0.097
8.376666791488727,-0.021
8.400000125169754,-0.118
8.42333345885078,-0.065
8.446666792531808,-0.079
8.470000126212836,0.0
8.493333459893863,0.004
8.51666679357489,-0.07
8.540000127255917,-0.088
8.563333460936944,-0.048
8.58666679461797,-0.014
8.610000128298998,-0.046
8.633333461980024,-0.093
8.656666795661053,-0.132
8.68000012934208,-0.16
8.703333463023107,-0.224
8.726666796704134,-0.21
8.75000013038516,-0.16
8.773333464066187,-0.149
8.796666797747214,-0.203
8.820000131428243,-0.296
8.84333346510927,-0.436
8.866666798790297,-0.36
8.890000132471323,-0.34
8.91333346615235,-0.273
8.936666799833377,-0.274
8.960000133514404,-0.329
8.98333346719543,-0.396
9.00666680087646,-0.428
9.030000134557486,-0.421
9.053333468238511,-0.388
9.07666680191954,-0.334
9.100000135600569,-0.274
9.123333469281594,-0.185
9.14666680296262,-0.148
9.17000013664365,-0.143
9.193333470324676,-0.217
9.216666804005705,-0.213
9.24000013768673,-0.226
9.263333471367757,-0.285
9.286666805048784,-0.308
9.31000013872981,-0.373
9.33333347241084,-0.377
9.356666806091866,-0.388
9.380000139772893,-0.348
9.40333347345392,-0.323
9.426666807134946,-0.272
9.450000140815972,-0.124
9.473333474497,-0.262
9.496666808178029,-0.32
9.520000141859056,-0.281
9.543333475540082,-0.254
9.56666680922111,-0.207
9.590000142902136,-0.258
9.613333476583165,-0.373
9.63666681026419,-0.402
9.660000143945217,-0.38
9.683333477626244,-0.501
9.706666811307272,-0.57
9.7300001449883,-0.614
9.753333478669326,-0.579
9.776666812350353,-0.518
9.80000014603138,-0.512
9.823333479712408,-0.459
9.846666813393432,-0.415
9.870000147074462,-0.428
9.893333480755487,-0.496
9.916666814436516,-0.5
9.940000148117544,-0.533
9.96333348179857,-0.467
9.986666815479596,-0.505
10.010000149160623,-0.52
10.033333482841652,-0.555
10.05666681652268,-0.575
10.080000150203706,-0.623
10.103333483884732,-0.674
10.12666681756576,-0.685
10.150000151246786,-0.684
10.173333484927811,-0.653
10.19666681860884,-0.651
10.220000152289868,-0.628
10.243333485970895,-0.635
10.266666819651922,-0.663
10.290000153332947,-0.798
10.313333487013976,-0.816
10.336666820695005,-0.826
10.36000015437603,-0.863
10.383333488057058,-0.862
10.406666821738083,-0.93
10.430000155419112,-0.85
10.45333348910014,-0.929
10.476666822781166,-0.918
10.500000156462193,-0.962
10.52333349014322,-0.968
10.546666823824246,-0.876
10.570000157505277,-0.798
10.593333491186302,-0.719
10.616666824867329,-0.782
10.640000158548355,-0.764
10.663333492229382,-0.796
10.68666682591041,-0.769
10.710000159591436,-0.729
10.733333493272465,-0.763
10.756666826953492,-0.735
10.780000160634518,-0.804
10.803333494315543,-0.775
10.826666827996572,-0.751
10.8500001616776,-0.781
10.873333495358626,-0.796
10.896666829039653,-0.816
10.92000016272068,-0.89
10.943333496401708,-0.835
10.966666830082737,-0.82
10.990000163763762,-0.838
11.013333497444789,-0.893
11.036666831125816,-1.003
11.060000164806842,-1.042
11.083333498487873,-1.084
11.106666832168898,-0.984
11.130000165849925,-0.94
11.153333499530952,-0.913
11.17666683321198,-0.894
11.200000166893004,-0.908
11.223333500574032,-0.793
11.24666683425506,-0.686
11.270000167936088,-0.753
11.293333501617116,-0.77
11.31666683529814,-0.834
11.340000168979168,-0.886
11.363333502660195,-0.763
11.386666836341222,-0.793
11.410000170022249,-0.792
11.433333503703278,-0.802
11.456666837384304,-0.783
11.480000171065331,-0.839
11.503333504746358,-0.825
11.526666838427383,-0.835
11.550000172108412,-0.874
11.57333350578944,-0.848
11.596666839470466,-0.843
11.620000173151494,-0.807
11.64333350683252,-0.771
11.666666840513548,-0.806
11.690000174194576,-0.832
11.713333507875602,-0.852
11.736666841556628,-0.935
11.760000175237655,-0.856
11.783333508918684,-0.909
11.80666684259971,-0.795
11.830000176280738,-0.624
11.853333509961764,-0.578
11.876666843642791,-0.547
11.900000177323818,-0.607
11.923333511004843,-0.796
11.946666844685872,-0.842
11.9700001783669,-0.849
11.993333512047927,-0.845
12.016666845728954,-0.79
12.04000017940998,-0.948
12.063333513091008,-1.001
12.086666846772037,-1.079
12.110000180453062,-1.15
12.13333351413409,-1.063
12.156666847815115,-0.963
12.180000181496144,-0.843
12.203333515177173,-0.699
12.226666848858198,-0.692
12.250000182539225,-0.675
12.273333516220251,-0.773
12.296666849901278,-0.833
12.320000183582309,-0.98
12.343333517263334,-1.087
12.36666685094436,-1.032
12.390000184625388,-1.03
12.413333518306414,-0.973
12.43666685198744,-0.89
12.460000185668468,-0.846
12.483333519349497,-0.794
12.506666853030524,-0.759
12.53000018671155,-0.851
12.553333520392576,-0.856
12.576666854073604,-0.874
12.600000187754633,-0.838
12.623333521435658,-0.85
12.646666855116685,-0.951
12.670000188797712,-0.976
12.69333352247874,-1.017
12.716666856159769,-0.984
12.740000189840794,-0.987
12.76333352352182,-1.052
12.786666857202848,-1.07
12.810000190883876,-1.148
12.833333524564903,-1.097
12.85666685824593,-1.109
12.880000191926957,-1.096
12.903333525607984,-1.037
12.92666685928901,-1.057
12.950000192970036,-1.018
12.973333526651064,-1.02
12.996666860332091,-1.033
13.02000019401312,-0.912
13.043333527694148,-0.916
13.066666861375174,-0.918
13.0900001950562,-0.938
13.113333528737227,-0.999
13.136666862418254,-1.051
13.16000019609928,-1.161
13.18333352978031,-1.165
13.206666863461336,-1.181
13.230000197142363,-1.151
13.25333353082339,-1.19
13.276666864504415,-1.267
13.300000198185444,-1.22
13.32333353186647,-1.274
13.3466668655475,-1.145
13.370000199228526,-1.182
13.393333532909551,-1.223
13.41666686659058,-1.249
13.440000200271609,-1.288
13.463333533952634,-1.191
13.48666686763366,-1.158
13.510000201314687,-1.015
13.533333534995716,-1.05
13.556666868676745,-1.033
13.58000020235777,-1.06
13.603333536038797,-1.054
13.626666869719823,-0.973
13.65000020340085,-1.022
13.673333537081875,-1.029
13.696666870762906,-1.118
13.720000204443933,-1.187
13.74333353812496,-1.169
13.766666871805986,-1.12
13.790000205487011,-1.068
13.81333353916804,-1.109
13.836666872849069,-1.125
13.860000206530094,-1.223
13.883333540211122,-1.314
13.90666687389215,-1.262
13.930000207573176,-1.215
13.953333541254205,-1.13
13.97666687493523,-1.101
14.000000208616257,-1.182
14.023333542297284,-1.169
14.046666875978312,-1.217
14.07000020965934,-1.165
14.093333543340366,-1.218
14.116666877021393,-1.236
14.14000021070242,-1.211
14.163333544383446,-1.142
14.186666878064472,-1.15
14.2100002117455,-1.169
14.233333545426529,-1.217
14.256666879107556,-1.311
14.280000212788584,-1.344
14.30333354646961,-1.45
14.326666880150636,-1.398
14.350000213831663,-1.257
14.37333354751269,-1.202
14.39666688119372,-1.173
14.420000214874744,-1.173
14.443333548555772,-1.255
14.4666668822368,-1.241
14.490000215917826,-1.134
14.513333549598851,-1.142
14.53666688327988,-1.098
14.560000216960908,-1.171
14.583333550641935,-1.302
14.606666884322962,-1.313
14.630000218003987,-1.252
14.653333551685016,-1.081
14.676666885366044,-1.059
14.70000021904707,-1.137
14.723333552728096,-1.158
14.746666886409123,-1.187
14.770000220090152,-1.228
14.79333355377118,-1.203
14.816666887452206,-1.29
14.840000221133232,-1.37
14.86333355481426,-1.197
14.886666888495286,-1.138
14.910000222176311,-0.991
14.933333555857342,-0.956
14.956666889538369,-1.049
14.980000223219395,-1.048
15.003333556900422,-1.094
15.026666890581447,-1.086
15.050000224262476,-1.097
15.073333557943505,-1.219
15.096666891624531,-1.342
15.120000225305558,-1.367
15.143333558986583,-1.339
15.166666892667612,-1.406
15.19000022634864,-1.392
15.213333560029666,-1.386
15.236666893710693,-1.239
15.26000022739172,-1.159
15.283333561072748,-1.045
15.306666894753777,-1.143
15.330000228434802,-1.235
15.353333562115829,-1.27
15.376666895796856,-1.22
15.400000229477882,-1.111
15.42333356315891,-1.107
15.446666896839938,-1.133
15.470000230520965,-1.24
15.493333564201992,-1.296
15.516666897883018,-1.375
15.540000231564044,-1.372
15.563333565245072,-1.348
15.5866668989261,-1.324
15.610000232607126,-1.316
15.633333566288156,-1.273
15.65666689996918,-1.326
15.680000233650208,-1.312
15.703333567331237,-1.341
15.726666901012262,-1.456
15.750000234693289,-1.427
15.773333568374316,-1.427
15.796666902055344,-1.307
15.820000235736371,-1.231
15.843333569417398,-1.174
15.866666903098425,-1.208
15.890000236779452,-1.271
15.91333357046048,-1.231
15.936666904141504,-1.308
15.960000237822532,-1.278
15.98333357150356,-1.317
16.006666905184588,-1.331
16.030000238865615,-1.31
16.05333357254664,-1.413
16.07666690622767,-1.405
16.100000239908695,-1.492
16.123333573589722,-1.441
16.14666690727075,-1.42
16.170000240951776,-1.475
16.193333574632803,-1.641
16.21666690831383,-1.748
16.24000024199486,-1.732
16.263333575675887,-1.528
16.286666909356914,-1.393
16.31000024303794,-1.422
16.333333576718967,-1.549
16.356666910399994,-1.561
16.38000024408102,-1.527
16.403333577762048,-1.393
16.426666911443075,-1.269
16.4500002451241,-1.367
16.47333357880513,-1.431
16.496666912486155,-1.493
16.520000246167182,-1.51
16.54333357984821,-1.455
16.566666913529236,-1.398
16.590000247210266,-1.416
16.613333580891293,-1.474
16.63666691457232,-1.501
16.660000248253347,-1.542
16.683333581934374,-1.531
16.7066669156154,-1.454
16.730000249296427,-1.491
16.753333582977454,-1.491
16.77666691665848,-1.6
16.800000250339508,-1.565
16.823333584020535,-1.536
16.84666691770156,-1.463
16.87000025138259,-1.479
16.893333585063615,-1.529
16.916666918744642,-1.642
16.940000252425673,-1.577
16.9633335861067,-1.474
16.986666919787726,-1.455
17.010000253468753,-1.336
17.03333358714978,-1.383
17.056666920830807,-1.388
17.080000254511834,-1.308
17.10333358819286,-1.388
17.126666921873888,-1.507
17.150000255554914,-1.552
17.17333358923594,-1.693
17.196666922916968,-1.603
17.220000256597995,-1.439
17.243333590279022,-1.425
17.26666692396005,-1.438
17.29000025764108,-1.423
17.313333591322106,-1.524
17.336666925003133,-1.527
17.36000025868416,-1.504
17.383333592365187,-1.499
17.406666926046213,-1.356
17.43000025972724,-1.314
17.453333593408267,-1.339
17.476666927089294,-1.422
17.50000026077032,-1.545
17.523333594451348,-1.625
17.546666928132375,-1.684
17.5700002618134,-1.724
17.59333359549443,-1.514
17.616666929175455,-1.433
17.640000262856486,-1.388
17.663333596537512,-1.377
17.68666693021854,-1.517
17.710000263899566,-1.619
17.733333597580593,-1.678
17.75666693126162,-1.641
17.780000264942647,-1.626
17.803333598623674,-1.623
17.8266669323047,-1.631
17.850000265985727,-1.605
17.873333599666754,-1.63
17.89666693334778,-1.553
17.920000267028808,-1.579
17.943333600709835,-1.574
17.96666693439086,-1.457
17.990000268071892,-1.438
18.01333360175292,-1.35
18.036666935433946,-1.326
18.060000269114973,-1.463
18.083333602796,-1.455
18.106666936477023,-1.528
18.130000270158053,-1.506
18.15333360383908,-1.4
18.176666937520107,-1.385
18.200000271201134,-1.375
18.22333360488216,-1.431
18.246666938563187,-1.619
18.27000027224421,-1.602
18.29333360592524,-1.636
18.31666693960627,-1.623
18.3400002732873,-1.611
18.363333606968325,-1.552
18.386666940649352,-1.598
18.41000027433038,-1.557
18.43333360801141,-1.546
18.456666941692436,-1.543
18.48000027537346,-1.556
18.503333609054486,-1.535
18.526666942735517,-1.517
18.55000027641654,-1.481
18.573333610097567,-1.468
18.596666943778597,-1.538
18.62000027745962,-1.671
18.643333611140648,-1.734
18.66666694482168,-1.682
18.690000278502705,-1.645
18.71333361218373,-1.582
18.73666694586476,-1.601
18.760000279545785,-1.595
18.78333361322681,-1.602
18.80666694690784,-1.604
18.830000280588862,-1.656
18.853333614269893,-1.703
18.87666694795092,-1.707
18.900000281631947,-1.525
18.923333615312973,-1.472
18.946666948994,-1.438
18.970000282675027,-1.45
18.99333361635605,-1.525
19.016666950037084,-1.635
19.04000028371811,-1.766
19.063333617399135,-1.709
19.086666951080165,-1.756
19.110000284761192,-1.64
19.13333361844222,-1.65
19.15666695212325,-1.704
19.180000285804272,-1.7
19.2033336194853,-1.732
19.22666695316633,-1.713
19.250000286847357,-1.789
19.27333362052838,-1.851
19.296666954209407,-1.824
19.320000287890437,-1.782
19.34333362157146,-1.891
19.36666695525249,-1.861
19.39000028893352,-1.874
19.413333622614545,-1.775
19.43666695629557,-1.563
19.4600002899766,-1.529
19.483333623657625,-1.616
19.50666695733865,-1.732
19.53000029101968,-1.818
19.553333624700706,-1.813
19.576666958381733,-1.789
19.60000029206276,-1.815
19.623333625743783,-1.76
19.646666959424813,-1.671
19.67000029310584,-1.605
19.693333626786867,-1.507
19.716666960467897,-1.531
19.740000294148924,-1.558
19.76333362782995,-1.662
19.786666961510974,-1.664
19.810000295192005,-1.765
19.83333362887303,-1.727
19.85666696255406,-1.741
19.880000296235085,-1.716
19.903333629916112,-1.696
19.92666696359714,-1.71
19.95000029727817,-1.711
19.973333630959196,-1.841
19.99666696464022,-1.993
20.020000298321246,-1.953
20.043333632002277,-1.847
20.066666965683304,-1.693
20.09000029936433,-1.628
20.11333363304536,-1.615
20.136666966726384,-1.661
20.16000030040741,-1.728
20.18333363408844,-1.831
20.206666967769465,-1.826
20.23000030145049,-1.792
20.25333363513152,-1.733
20.276666968812545,-1.718
20.30000030249357,-1.871
20.3233336361746,-1.859
20.346666969855622,-1.846
20.370000303536653,-1.89
20.39333363721768,-1.831
20.41666697089871,-1.862
20.440000304579737,-1.874
20.463333638260764,-1.757
20.48666697194179,-1.832
20.510000305622818,-1.792
20.533333639303844,-1.821
20.55666697298487,-1.878
20.580000306665895,-1.83
20.603333640346925,-1.81
20.626666974027952,-1.916
20.65000030770898,-1.892
20.67333364139001,-1.921
20.696666975071032,-1.81
20.72000030875206,-1.704
20.74333364243309,-1.723
20.76666697611412,-1.775
20.790000309795143,-1.777
20.81333364347617,-1.728
20.8366669771572,-1.683
20.860000310838224,-1.836
20.88333364451925,-1.828
20.90666697820028,-1.856
20.930000311881304,-1.802
20.95333364556233,-1.69
20.97666697924336,-1.676
21.000000312924385,-1.638
21.02333364660541,-1.624
21.04666698028644,-1.767
21.070000313967466,-1.873
21.093333647648493,-1.86
21.116666981329523,-1.859
21.14000031501055,-1.863
21.163333648691577,-1.889
21.186666982372603,-1.883
21.21000031605363,-1.859
21.233333649734657,-1.751
21.256666983415684,-1.817
21.28000031709671,-1.792
21.303333650777738,-1.719
21.326666984458765,-1.761
21.35000031813979,-1.737
21.37333365182082,-1.8
21.396666985501845,-1.793
21.420000319182872,-1.77
21.4433336528639,-1.679
21.46666698654493,-1.76
21.49000032022596,-1.747
21.513333653906983,-1.789
21.53666698758801,-1.823
21.56000032126904,-1.821
21.583333654950064,-1.939
21.60666698863109,-2.025
21.63000032231212,-1.956
21.653333655993144,-1.955
21.67666698967417,-1.891
21.7000003233552,-1.927
21.723333657036225,-2.013
21.74666699071725,-2.012
21.77000032439828,-1.868
21.793333658079305,-1.767
21.816666991760336,-1.726
21.840000325441363,-1.74
21.86333365912239,-1.79
21.886666992803416,-1.884
21.910000326484443,-1.915
21.93333366016547,-2.004
21.956666993846497,-1.936
21.980000327527524,-1.985
22.00333366120855,-1.968
22.026666994889577,-1.962
22.050000328570604,-1.971
22.07333366225163,-1.893
22.096666995932654,-1.913
22.120000329613685,-1.858
22.14333366329471,-1.886
22.166666996975746,-1.857
22.19000033065677,-1.824
22.2133336643378,-1.91
22.236666998018823,-1.97
22.26000033169985,-2.071
22.28333366538088,-2.126
22.306666999061903,-2.047
22.33000033274293,-1.969
22.35333366642396,-1.894
22.376667000104984,-1.85
22.40000033378601,-1.889
22.42333366746704,-2.055
22.446667001148064,-2.045
22.47000033482909,-1.929
22.49333366851012,-1.886
22.51666700219115,-1.78
22.540000335872172,-1.855
22.5633336695532,-1.979
22.58666700323423,-2.029
22.610000336915256,-2.149
22.633333670596283,-2.081
22.65666700427731,-2.089
22.680000337958337,-2.039
22.703333671639363,-2.0
22.72666700532039,-1.905
22.750000339001417,-1.864
22.773333672682444,-1.885
22.79666700636347,-1.842
22.820000340044498,-1.945
22.843333673725525,-2.009
22.866667007406555,-2.048
22.890000341087585,-2.074
22.91333367476861,-2.024
22.93666700844964,-2.103
22.960000342130662,-2.127
22.98333367581169,-2.22
23.00666700949272,-2.176
23.030000343173743,-2.082
23.05333367685477,-1.995
23.0766670105358,-1.978
23.100000344216824,-2.042
23.12333367789785,-2.212
23.14666701157888,-2.159
23.170000345259904,-2.1
23.19333367894093,-1.971
23.21666701262196,-1.943
23.24000034630299,-1.91
23.26333367998401,-2.014
23.28666701366504,-1.954
23.31000034734607,-1.948
23.333333681027096,-2.046
