time_min,absorb_mau
0.0,0.017
0.023333333681027,0.076
0.0466666673620541,0.25
0.0700000010430812,0.396
0.0933333347241083,0.508
0.1166666684051354,0.549
0.1400000020861625,0.649
0.1633333357671896,0.851
0.1866666694482167,0.929
0.2100000031292438,0.919
0.2333333368102709,0.792
0.256666670491298,0.726
0.2800000041723251,0.763
0.3033333378533522,0.818
0.3266666715343793,0.843
0.3500000052154064,0.79
0.3733333388964335,0.717
0.3966666725774606,0.679
0.4200000062584877,0.644
0.4433333399395148,0.645
0.4666666736205419,0.587
0.490000007301569,0.779
0.5133333409825961,1.101
0.5366666746636232,1.785
0.5600000083446502,2.916
0.5833333420256774,4.51
0.6066666757067045,6.73
0.6300000093877316,9.272
0.6533333430687587,12.147
0.6766666767497858,15.419
0.7000000104308128,18.847
0.7233333441118399,22.587
0.746666677792867,26.34
0.7700000114738942,30.274
0.7933333451549213,34.145
0.8166666788359483,38.003
0.8400000125169754,41.252
0.8633333461980025,44.24
0.8866666798790296,46.915
0.9100000135600568,49.151
0.933333347241084,51.28
0.9566666809221108,53.344
0.980000014603138,55.242
1.003333348284165,57.291
1.0266666819651922,59.434
1.0500000156462193,61.716
1.0733333493272463,64.253
1.0966666830082734,66.876
1.1200000166893005,69.389
1.1433333503703276,71.679
1.1666666840513549,73.636
1.190000017732382,75.062
1.213333351413409,76.212
1.236666685094436,77.201
1.2600000187754632,78.052
1.2833333524564905,78.695
1.3066666861375174,79.154
1.3300000198185444,79.466
1.3533333534995715,79.629
1.3766666871805986,79.741
1.4000000208616257,79.705
1.4233333545426528,79.691
1.4466666882236798,79.561
1.470000021904707,79.3
1.493333355585734,79.058
1.5166666892667613,78.686
1.5400000229477884,78.416
1.5633333566288157,78.093
1.5866666903098423,77.667
1.6100000239908696,77.195
1.6333333576718967,76.738
1.6566666913529238,76.333
1.6800000250339509,76.078
1.703333358714978,75.672
1.726666692396005,75.213
1.750000026077032,74.592
1.7733333597580592,74.058
1.7966666934390862,73.645
1.820000027120113,73.249
1.8433333608011409,72.832
1.866666694482168,72.293
1.8900000281631948,71.812
1.9133333618442216,71.351
1.936666695525249,70.863
1.960000029206276,70.424
1.983333362887303,70.03
2.00666669656833,69.677
2.030000030249357,69.406
2.0533333639303843,69.289
2.076666697611412,69.006
2.1000000312924385,68.706
2.123333364973466,68.32
2.1466666986544927,67.851
2.17000003233552,67.51
2.193333366016547,67.206
2.216666699697574,66.943
2.240000033378601,66.747
2.2633333670596283,66.527
2.286666700740655,66.292
2.3100000344216824,66.075
2.3333333681027097,65.607
2.3566667017837366,65.338
2.380000035464764,64.86
2.4033333691457908,64.528
2.426666702826818,64.183
2.450000036507845,63.598
2.473333370188872,63.18
2.496666703869899,62.758
2.5200000375509264,62.29
2.543333371231953,61.834
2.5666667049129805,61.186
2.5900000385940074,60.635
2.6133333722750347,60.283
2.6366667059560616,59.954
2.660000039637089,59.617
2.683333373318116,59.316
2.706666706999143,58.879
2.7300000406801703,58.5
2.753333374361197,58.368
2.7766667080422245,58.131
2.800000041723252,58.09
2.823333375404278,58.043
2.846666709085305,58.024
2.870000042766333,57.837
2.89333337644736,57.785
2.916666710128387,57.571
2.940000043809414,57.347
2.963333377490441,57.286
2.986666711171468,57.131
3.0100000448524957,57.094
3.0333333785335226,56.932
3.056666712214549,56.685
3.0800000458955767,56.542
3.103333379576604,56.46
3.126666713257631,56.283
3.1500000469386578,56.094
3.173333380619685,55.986
3.196666714300712,55.731
3.220000047981739,55.655
3.243333381662766,55.593
3.2666667153437934,55.489
3.29000004902482,55.407
3.3133333827058475,55.134
3.336666716386875,54.99
3.3600000500679017,54.762
3.383333383748929,54.719
3.406666717429956,54.571
3.430000051110983,54.383
3.45333338479201,54.17
3.4766667184730373,53.856
3.500000052154064,53.722
3.5233333858350915,53.671
3.5466667195161183,53.58
3.5700000531971456,53.423
3.5933333868781725,53.146
3.6166667205592,52.823
3.640000054240226,52.549
3.663333387921254,52.37
3.686666721602281,52.137
3.710000055283308,51.835
3.733333388964336,51.379
3.7566667226453614,50.931
3.7800000563263896,50.422
3.803333390007416,49.972
3.826666723688444,49.501
3.850000057369471,49.036
3.873333391050498,48.649
3.8966667247315248,48.332
3.920000058412552,47.937
3.943333392093579,47.503
3.966666725774606,47.027
3.990000059455633,46.524
4.01333339313666,46.213
4.036666726817687,45.684
4.060000060498715,45.21
4.083333394179742,44.86
4.106666727860769,44.458
4.130000061541796,44.214
4.153333395222823,43.786
4.17666672890385,43.472
4.200000062584877,43.32
4.223333396265904,43.147
4.246666729946932,42.93
4.270000063627959,42.609
4.293333397308985,42.131
4.316666730990012,41.749
4.34000006467104,41.358
4.363333398352067,41.04
4.386666732033094,40.59
4.410000065714121,40.189
4.433333399395148,39.62
4.456666733076175,39.35
4.480000066757202,39.193
4.50333340043823,38.951
4.526666734119257,38.577
4.550000067800283,38.13
4.57333340148131,37.671
4.596666735162338,37.187
4.620000068843365,36.948
4.643333402524392,36.493
4.66666673620542,36.168
4.690000069886446,35.885
4.713333403567473,35.431
4.7366667372485,35.101
4.760000070929528,34.714
4.783333404610555,34.364
4.8066667382915815,33.985
4.830000071972608,33.676
4.853333405653636,33.408
4.876666739334663,33.234
4.90000007301569,32.964
4.923333406696717,32.694
4.9466667403777445,32.463
4.970000074058771,32.327
4.993333407739798,31.962
5.016666741420826,31.603
5.040000075101853,31.04
5.06333340878288,30.546
5.0866667424639065,30.201
5.110000076144934,29.785
5.133333409825961,29.459
5.156666743506988,29.021
5.180000077188015,28.73
5.2033334108690426,28.321
5.226666744550069,27.976
5.250000078231096,27.634
5.273333411912123,27.243
5.296666745593151,26.922
5.320000079274178,26.595
5.343333412955205,26.301
5.366666746636232,26.009
5.390000080317259,25.674
5.413333413998286,25.363
5.436666747679313,25.066
5.460000081360341,24.691
5.483333415041368,24.225
5.506666748722394,23.906
5.530000082403421,23.491
5.553333416084449,23.175
5.576666749765476,22.92
5.600000083446503,22.575
5.6233334171275295,22.308
5.646666750808557,22.087
5.670000084489584,21.862
5.693333418170611,21.599
5.716666751851639,21.457
5.740000085532666,21.162
5.7633334192136925,20.78
5.786666752894719,20.478
5.810000086575747,20.071
5.833333420256774,19.697
5.856666753937801,19.501
5.880000087618828,19.21
5.903333421299855,19.121
5.926666754980882,18.889
5.950000088661909,18.685
5.973333422342936,18.431
5.996666756023964,18.146
6.020000089704991,17.985
6.043333423386017,17.751
6.066666757067045,17.598
6.090000090748072,17.431
6.113333424429099,17.243
6.136666758110126,17.083
6.1600000917911535,17.031
6.18333342547218,16.752
6.206666759153207,16.497
6.230000092834234,16.206
6.253333426515262,15.861
6.276666760196289,15.602
6.300000093877316,15.339
6.323333427558342,14.967
6.34666676123937,14.777
6.370000094920397,14.665
6.393333428601424,14.645
6.416666762282452,14.543
6.440000095963478,14.302
6.463333429644505,14.0
6.486666763325532,13.73
6.51000009700656,13.413
6.533333430687587,13.282
6.556666764368614,13.097
6.5800000980496405,12.941
6.603333431730668,12.877
6.626666765411695,12.77
6.650000099092722,12.644
6.67333343277375,12.539
6.6966667664547765,12.321
6.720000100135803,12.185
6.74333343381683,12.048
6.766666767497858,11.945
6.790000101178885,11.753
6.813333434859912,11.686
6.836666768540939,11.649
6.860000102221966,11.583
6.883333435902993,11.541
6.90666676958402,11.436
6.930000103265047,11.301
6.953333436946075,11.252
6.9766667706271015,11.163
7.000000104308128,11.072
7.023333437989156,11.005
7.046666771670183,10.863
7.07000010535121,10.733
7.093333439032237,10.611
7.116666772713264,10.41
7.140000106394291,10.301
7.163333440075318,10.159
7.186666773756345,10.019
7.210000107437373,9.99
7.2333334411184,9.855
7.256666774799426,9.765
7.280000108480453,9.639
7.303333442161481,9.377
7.326666775842508,9.226
7.350000109523535,9.109
7.373333443204562,9.037
7.396666776885589,8.997
7.420000110566616,8.813
7.443333444247643,8.645
7.466666777928671,8.551
7.490000111609698,8.481
7.513333445290723,8.391
7.536666778971751,8.255
7.560000112652779,8.087
7.583333446333806,8.009
7.606666780014833,7.917
7.63000011369586,7.809
7.653333447376887,7.795
7.676666781057914,7.744
7.700000114738941,7.73
7.723333448419969,7.596
7.746666782100996,7.429
7.770000115782023,7.316
7.7933334494630495,7.243
7.816666783144077,7.143
7.840000116825104,7.055
7.863333450506131,6.937
7.886666784187158,6.825
7.910000117868186,6.732
7.933333451549212,6.61
7.956666785230239,6.524
7.980000118911266,6.492
8.003333452592294,6.504
8.02666678627332,6.501
8.050000119954348,6.484
8.073333453635374,6.435
8.096666787316401,6.412
8.12000012099743,6.332
8.143333454678457,6.347
8.166666788359484,6.257
8.19000012204051,6.124
8.213333455721537,6.086
8.236666789402564,6.025
8.260000123083591,5.922
8.283333456764618,5.887
8.306666790445647,5.868
8.330000124126673,5.849
8.3533334578077,5.879
8.376666791488727,5.808
8.400000125169754,5.758
8.42333345885078,5.703
8.446666792531808,5.622
8.470000126212836,5.598
8.493333459893863,5.449
8.51666679357489,5.391
8.540000127255917,5.314
8.563333460936944,5.274
8.58666679461797,5.268
8.610000128298998,5.27
8.633333461980024,5.225
8.656666795661053,5.198
8.68000012934208,5.141
8.703333463023107,5.049
8.726666796704134,4.936
8.75000013038516,4.906
8.773333464066187,4.936
8.796666797747214,4.954
8.820000131428243,5.043
8.84333346510927,5.02
8.866666798790297,4.934
8.890000132471323,4.862
8.91333346615235,4.734
8.936666799833377,4.75
8.960000133514404,4.713
8.98333346719543,4.694
9.00666680087646,4.686
9.030000134557486,4.651
9.053333468238511,4.636
9.07666680191954,4.576
9.100000135600569,4.45
9.123333469281594,4.356
9.14666680296262,4.298
9.17000013664365,4.268
9.193333470324676,4.254
9.216666804005705,4.24
9.24000013768673,4.192
9.263333471367757,4.116
9.286666805048784,4.14
9.31000013872981,4.154
9.33333347241084,4.15
9.356666806091866,4.063
9.380000139772893,3.949
9.40333347345392,3.916
9.426666807134946,3.939
9.450000140815972,3.905
9.473333474497,3.933
9.496666808178029,3.872
9.520000141859056,3.731
9.543333475540082,3.736
9.56666680922111,3.645
9.590000142902136,3.646
9.613333476583165,3.704
9.63666681026419,3.678
9.660000143945217,3.693
9.683333477626244,3.667
9.706666811307272,3.531
9.7300001449883,3.527
9.753333478669326,3.424
9.776666812350353,3.455
9.80000014603138,3.486
9.823333479712408,3.503
9.846666813393432,3.518
9.870000147074462,3.502
9.893333480755487,3.529
9.916666814436516,3.489
9.940000148117544,3.434
9.96333348179857,3.335
9.986666815479596,3.243
10.010000149160623,3.247
10.033333482841652,3.221
10.05666681652268,3.198
10.080000150203706,3.144
10.103333483884732,3.153
10.12666681756576,3.086
10.150000151246786,3.054
10.173333484927811,3.06
10.19666681860884,3.011
10.220000152289868,3.055
10.243333485970895,3.034
10.266666819651922,3.005
10.290000153332947,2.928
10.313333487013976,2.858
10.336666820695005,2.844
10.36000015437603,2.822
10.383333488057058,2.815
10.406666821738083,2.808
10.430000155419112,2.839
10.45333348910014,2.842
10.476666822781166,2.873
10.500000156462193,2.787
10.52333349014322,2.693
10.546666823824246,2.687
10.570000157505277,2.615
10.593333491186302,2.605
10.616666824867329,2.605
10.640000158548355,2.632
10.663333492229382,2.656
10.68666682591041,2.67
10.710000159591436,2.703
10.733333493272465,2.785
10.756666826953492,2.788
10.780000160634518,2.783
10.803333494315543,2.709
10.826666827996572,2.648
10.8500001616776,2.628
10.873333495358626,2.591
10.896666829039653,2.585
10.92000016272068,2.613
10.943333496401708,2.654
10.966666830082737,2.703
10.990000163763762,2.687
11.013333497444789,2.713
11.036666831125816,2.695
11.060000164806842,2.679
11.083333498487873,2.573
11.106666832168898,2.503
11.130000165849925,2.37
11.153333499530952,2.373
11.17666683321198,2.401
11.200000166893004,2.344
11.223333500574032,2.382
11.24666683425506,2.287
11.270000167936088,2.26
11.293333501617116,2.297
11.31666683529814,2.314
11.340000168979168,2.275
11.363333502660195,2.222
11.386666836341222,2.2
11.410000170022249,2.196
11.433333503703278,2.183
11.456666837384304,2.149
11.480000171065331,2.1
11.503333504746358,2.071
11.526666838427383,2.144
11.550000172108412,2.17
11.57333350578944,2.103
11.596666839470466,2.025
11.620000173151494,1.966
11.64333350683252,1.955
11.666666840513548,1.951
11.690000174194576,1.985
11.713333507875602,2.025
11.736666841556628,2.039
11.760000175237655,2.035
11.783333508918684,1.989
11.80666684259971,1.885
11.830000176280738,1.868
11.853333509961764,1.882
11.876666843642791,1.908
11.900000177323818,1.866
11.923333511004843,1.814
11.946666844685872,1.79
11.9700001783669,1.828
11.993333512047927,1.849
12.016666845728954,1.825
12.04000017940998,1.747
12.063333513091008,1.72
12.086666846772037,1.757
12.110000180453062,1.739
12.13333351413409,1.728
12.156666847815115,1.706
12.180000181496144,1.717
12.203333515177173,1.801
12.226666848858198,1.781
12.250000182539225,1.691
12.273333516220251,1.6
12.296666849901278,1.511
12.320000183582309,1.563
12.343333517263334,1.594
12.36666685094436,1.639
12.390000184625388,1.63
12.413333518306414,1.647
12.43666685198744,1.592
12.460000185668468,1.582
12.483333519349497,1.597
12.506666853030524,1.556
12.53000018671155,1.557
12.553333520392576,1.521
12.576666854073604,1.504
12.600000187754633,1.541
12.623333521435658,1.581
12.646666855116685,1.599
12.670000188797712,1.527
12.69333352247874,1.467
12.716666856159769,1.484
12.740000189840794,1.482
12.76333352352182,1.52
12.786666857202848,1.504
12.810000190883876,1.527
12.833333524564903,1.552
12.85666685824593,1.639
12.880000191926957,1.612
12.903333525607984,1.636
12.92666685928901,1.631
12.950000192970036,1.561
12.973333526651064,1.603
12.996666860332091,1.559
13.02000019401312,1.557
13.043333527694148,1.552
13.066666861375174,1.466
13.0900001950562,1.475
13.113333528737227,1.53
13.136666862418254,1.585
13.16000019609928,1.579
13.18333352978031,1.445
13.206666863461336,1.366
13.230000197142363,1.288
13.25333353082339,1.253
13.276666864504415,1.313
13.300000198185444,1.253
13.32333353186647,1.328
13.3466668655475,1.304
13.370000199228526,1.3
13.393333532909551,1.269
13.41666686659058,1.285
13.440000200271609,1.268
13.463333533952634,1.246
13.48666686763366,1.151
13.510000201314687,1.081
13.533333534995716,1.078
13.556666868676745,1.062
13.58000020235777,1.103
13.603333536038797,1.142
13.626666869719823,1.156
13.65000020340085,1.241
13.673333537081875,1.288
13.696666870762906,1.271
13.720000204443933,1.315
13.74333353812496,1.336
13.766666871805986,1.348
13.790000205487011,1.29
13.81333353916804,1.254
13.836666872849069,1.238
13.860000206530094,1.209
13.883333540211122,1.208
13.90666687389215,1.192
13.930000207573176,1.154
13.953333541254205,1.121
13.97666687493523,1.081
14.000000208616257,0.954
14.023333542297284,0.947
14.046666875978312,0.951
14.07000020965934,0.978
14.093333543340366,1.008
14.116666877021393,1.084
14.14000021070242,1.072
14.163333544383446,1.035
14.186666878064472,1.035
14.2100002117455,0.996
14.233333545426529,1.038
14.256666879107556,1.051
14.280000212788584,1.061
14.30333354646961,1.147
14.326666880150636,1.166
14.350000213831663,1.129
14.37333354751269,1.12
14.39666688119372,1.114
14.420000214874744,1.083
14.443333548555772,1.023
14.4666668822368,0.962
14.490000215917826,0.911
14.513333549598851,0.928
14.53666688327988,0.976
14.560000216960908,0.972
14.583333550641935,1.001
14.606666884322962,0.953
14.630000218003987,1.0
14.653333551685016,0.96
14.676666885366044,1.011
14.70000021904707,1.002
14.723333552728096,0.982
14.746666886409123,0.99
14.770000220090152,0.972
14.79333355377118,0.941
14.816666887452206,0.979
14.840000221133232,0.994
14.86333355481426,0.999
14.886666888495286,0.991
14.910000222176311,0.97
14.933333555857342,0.956
14.956666889538369,0.926
14.980000223219395,0.932
15.003333556900422,0.867
15.026666890581447,0.854
15.050000224262476,0.915
15.073333557943505,0.883
15.096666891624531,0.921
15.120000225305558,0.875
15.143333558986583,0.862
15.166666892667612,0.804
15.19000022634864,0.797
15.213333560029666,0.811
15.236666893710693,0.833
15.26000022739172,0.872
15.283333561072748,0.843
15.306666894753777,0.798
15.330000228434802,0.737
15.353333562115829,0.702
15.376666895796856,0.707
15.400000229477882,0.708
15.42333356315891,0.698
15.446666896839938,0.672
15.470000230520965,0.671
15.493333564201992,0.739
15.516666897883018,0.749
15.540000231564044,0.696
15.563333565245072,0.732
15.5866668989261,0.75
15.610000232607126,0.768
15.633333566288156,0.784
15.65666689996918,0.734
15.680000233650208,0.692
15.703333567331237,0.771
15.726666901012262,0.787
15.750000234693289,0.824
15.773333568374316,0.79
15.796666902055344,0.706
15.820000235736371,0.74
15.843333569417398,0.73
15.866666903098425,0.745
15.890000236779452,0.694
15.91333357046048,0.697
15.936666904141504,0.73
15.960000237822532,0.761
15.98333357150356,0.791
16.006666905184588,0.72
16.030000238865615,0.679
16.05333357254664,0.673
16.07666690622767,0.708
16.100000239908695,0.684
16.123333573589722,0.676
16.14666690727075,0.612
16.170000240951776,0.618
16.193333574632803,0.657
16.21666690831383,0.579
16.24000024199486,0.674
16.263333575675887,0.625
16.286666909356914,0.689
16.31000024303794,0.725
16.333333576718967,0.709
16.356666910399994,0.754
16.38000024408102,0.747
16.403333577762048,0.696
16.426666911443075,0.682
16.4500002451241,0.7
16.47333357880513,0.683
16.496666912486155,0.737
16.520000246167182,0.76
16.54333357984821,0.824
16.566666913529236,0.758
16.590000247210266,0.748
16.613333580891293,0.63
16.63666691457232,0.551
16.660000248253347,0.617
16.683333581934374,0.576
16.7066669156154,0.646
16.730000249296427,0.59
16.753333582977454,0.562
16.77666691665848,0.54
16.800000250339508,0.486
16.823333584020535,0.471
16.84666691770156,0.496
16.87000025138259,0.558
16.893333585063615,0.601
16.916666918744642,0.668
16.940000252425673,0.669
16.9633335861067,0.638
16.986666919787726,0.608
17.010000253468753,0.549
17.03333358714978,0.576
17.056666920830807,0.724
17.080000254511834,0.747
17.10333358819286,0.746
17.126666921873888,0.694
17.150000255554914,0.574
17.17333358923594,0.497
17.196666922916968,0.493
17.220000256597995,0.504
17.243333590279022,0.564
17.26666692396005,0.613
17.29000025764108,0.519
17.313333591322106,0.47
17.336666925003133,0.405
17.36000025868416,0.363
17.383333592365187,0.427
17.406666926046213,0.404
17.43000025972724,0.405
17.453333593408267,0.402
17.476666927089294,0.408
17.50000026077032,0.511
17.523333594451348,0.528
17.546666928132375,0.557
17.5700002618134,0.507
17.59333359549443,0.49
17.616666929175455,0.505
17.640000262856486,0.502
17.663333596537512,0.493
17.68666693021854,0.491
17.710000263899566,0.514
17.733333597580593,0.574
17.75666693126162,0.567
17.780000264942647,0.577
17.803333598623674,0.589
17.8266669323047,0.578
17.850000265985727,0.534
17.873333599666754,0.518
17.89666693334778,0.496
17.920000267028808,0.497
17.943333600709835,0.453
17.96666693439086,0.435
17.990000268071892,0.415
18.01333360175292,0.395
18.036666935433946,0.384
18.060000269114973,0.42
18.083333602796,0.45
18.106666936477023,0.544
18.130000270158053,0.571
18.15333360383908,0.553
18.176666937520107,0.546
18.200000271201134,0.591
18.22333360488216,0.58
18.246666938563187,0.555
18.27000027224421,0.573
18.29333360592524,0.59
18.31666693960627,0.65
18.3400002732873,0.652
18.363333606968325,0.603
18.386666940649352,0.491
18.41000027433038,0.474
18.43333360801141,0.46
18.456666941692436,0.423
18.48000027537346,0.473
18.503333609054486,0.443
18.526666942735517,0.531
18.55000027641654,0.456
18.573333610097567,0.424
18.596666943778597,0.335
18.62000027745962,0.374
18.643333611140648,0.555
18.66666694482168,0.596
18.690000278502705,0.661
18.71333361218373,0.492
18.73666694586476,0.435
18.760000279545785,0.35
18.78333361322681,0.361
18.80666694690784,0.379
18.830000280588862,0.377
18.853333614269893,0.393
18.87666694795092,0.402
18.900000281631947,0.383
18.923333615312973,0.372
18.946666948994,0.382
18.970000282675027,0.324
18.99333361635605,0.293
19.016666950037084,0.277
19.04000028371811,0.279
19.063333617399135,0.369
19.086666951080165,0.394
19.110000284761192,0.409
19.13333361844222,0.405
19.15666695212325,0.405
19.180000285804272,0.408
19.2033336194853,0.384
19.22666695316633,0.378
19.250000286847357,0.353
19.27333362052838,0.354
19.296666954209407,0.357
19.320000287890437,0.332
19.34333362157146,0.265
19.36666695525249,0.209
19.39000028893352,0.158
19.413333622614545,0.156
19.43666695629557,0.174
19.4600002899766,0.209
19.483333623657625,0.292
19.50666695733865,0.26
19.53000029101968,0.296
19.553333624700706,0.282
19.576666958381733,0.27
19.60000029206276,0.246
19.623333625743783,0.182
19.646666959424813,0.177
19.67000029310584,0.192
19.693333626786867,0.204
19.716666960467897,0.255
19.740000294148924,0.277
19.76333362782995,0.325
19.786666961510974,0.408
19.810000295192005,0.418
19.83333362887303,0.384
19.85666696255406,0.303
19.880000296235085,0.273
19.903333629916112,0.251
19.92666696359714,0.278
19.95000029727817,0.249
19.973333630959196,0.103
19.99666696464022,0.085
20.020000298321246,-0.007
20.043333632002277,0.123
20.066666965683304,0.23
20.09000029936433,0.357
20.11333363304536,0.415
20.136666966726384,0.357
20.16000030040741,0.325
20.18333363408844,0.247
20.206666967769465,0.245
20.23000030145049,0.189
20.25333363513152,0.155
20.276666968812545,0.212
20.30000030249357,0.231
20.3233336361746,0.285
20.346666969855622,0.25
20.370000303536653,0.265
20.39333363721768,0.298
20.41666697089871,0.279
20.440000304579737,0.256
20.463333638260764,0.238
20.48666697194179,0.232
20.510000305622818,0.239
20.533333639303844,0.274
20.55666697298487,0.254
20.580000306665895,0.238
20.603333640346925,0.236
20.626666974027952,0.262
20.65000030770898,0.255
20.67333364139001,0.248
20.696666975071032,0.223
20.72000030875206,0.242
20.74333364243309,0.237
20.76666697611412,0.2
20.790000309795143,0.151
20.81333364347617,0.15
20.8366669771572,0.146
20.860000310838224,0.168
20.88333364451925,0.176
20.90666697820028,0.169
20.930000311881304,0.176
20.95333364556233,0.178
20.97666697924336,0.138
21.000000312924385,0.129
21.02333364660541,0.11
21.04666698028644,0.155
21.070000313967466,0.119
21.093333647648493,0.203
21.116666981329523,0.211
21.14000031501055,0.234
21.163333648691577,0.3
21.186666982372603,0.27
21.21000031605363,0.274
21.233333649734657,0.218
21.256666983415684,0.234
21.28000031709671,0.207
21.303333650777738,0.223
21.326666984458765,0.228
21.35000031813979,0.166
21.37333365182082,0.132
21.396666985501845,0.057
21.420000319182872,0.161
21.4433336528639,0.25
21.46666698654493,0.3
21.49000032022596,0.341
21.513333653906983,0.309
21.53666698758801,0.261
21.56000032126904,0.212
21.583333654950064,0.179
21.60666698863109,0.119
21.63000032231212,0.127
21.653333655993144,0.17
21.67666698967417,0.172
21.7000003233552,0.122
21.723333657036225,0.088
21.74666699071725,0.032
21.77000032439828,0.013
21.793333658079305,0.086
21.816666991760336,0.123
21.840000325441363,0.206
21.86333365912239,0.228
21.886666992803416,0.181
21.910000326484443,0.221
21.93333366016547,0.175
21.956666993846497,0.142
21.980000327527524,0.143
22.00333366120855,0.158
22.026666994889577,0.241
22.050000328570604,0.267
22.07333366225163,0.196
22.096666995932654,0.148
22.120000329613685,0.101
22.14333366329471,0.161
22.166666996975746,0.21
22.19000033065677,0.24
22.2133336643378,0.266
22.236666998018823,0.269
22.26000033169985,0.214
22.28333366538088,0.166
22.306666999061903,0.15
22.33000033274293,0.097
22.35333366642396,0.092
22.376667000104984,0.097
22.40000033378601,0.113
22.42333366746704,0.143
22.446667001148064,0.178
22.47000033482909,0.162
22.49333366851012,0.141
22.51666700219115,0.128
22.540000335872172,0.136
22.5633336695532,0.117
22.58666700323423,0.073
22.610000336915256,0.077
22.633333670596283,0.102
22.65666700427731,0.187
22.680000337958337,0.221
22.703333671639363,0.202
22.72666700532039,0.159
22.750000339001417,0.169
22.773333672682444,0.125
22.79666700636347,0.181
22.820000340044498,0.089
22.843333673725525,0.079
22.866667007406555,0.122
22.890000341087585,0.07
22.91333367476861,0.107
22.93666700844964,0.157
22.960000342130662,0.08
22.98333367581169,0.145
23.00666700949272,0.107
23.030000343173743,0.127
23.05333367685477,0.197
23.0766670105358,0.178
23.100000344216824,0.102
23.12333367789785,0.077
23.14666701157888,0.082
23.170000345259904,0.089
23.19333367894093,0.085
23.21666701262196,0.117
