time_min,absorb_mau
0.0,0.0
0.0733333344260851,-0.168
0.1466666688521703,-0.284
0.2200000032782554,-0.243
0.2933333377043406,-0.208
0.3666666721304258,-0.034
0.4400000065565109,-0.224
0.5133333409825961,-0.17
0.5866666754086812,-0.274
0.6600000098347664,-0.269
0.7333333442608516,0.513
0.8066666786869368,4.215
0.8800000131130219,14.743
0.953333347539107,35.262
1.0266666819651922,63.799
1.100000016391277,94.557
1.1733333508173625,126.592
1.2466666852434476,156.685
1.3200000196695327,182.821
1.393333354095618,202.169
1.4666666885217032,215.588
1.5400000229477884,223.718
1.6133333573738735,227.176
1.6866666917999589,225.005
1.7600000262260438,218.057
1.833333360652129,207.643
1.906666695078214,195.941
1.9800000295042992,184.325
2.0533333639303843,173.437
2.1266666983564697,164.019
2.200000032782554,156.543
2.27333336720864,150.782
2.346666701634725,146.431
2.4200000360608103,142.921
2.493333370486895,140.172
2.5666667049129805,138.087
2.640000039339065,137.307
2.713333373765151,136.626
2.786666708191236,136.331
2.860000042617321,136.698
2.9333333770434065,137.217
3.0066667114694914,137.515
3.0800000458955767,136.765
3.1533333803216617,135.415
3.226666714747747,133.587
3.300000049173832,131.158
3.3733333835999173,128.527
3.446666718026002,126.081
3.520000052452088,123.439
3.5933333868781725,120.158
3.666666721304258,116.472
3.740000055730343,112.361
3.813333390156428,108.327
3.8866667245825135,104.581
3.9600000590085984,101.026
4.033333393434684,97.771
4.106666727860769,95.153
4.180000062286854,93.014
4.253333396712939,90.563
4.326666731139024,88.044
4.400000065565109,85.373
4.473333399991194,82.932
4.54666673441728,80.799
4.620000068843365,78.956
4.69333340326945,77.555
4.766666737695536,76.328
4.8400000721216205,75.057
4.9133334065477055,73.549
4.98666674097379,71.973
5.060000075399876,70.275
5.133333409825961,68.72
5.206666744252046,67.277
5.280000078678131,66.254
5.353333413104217,65.62
5.426666747530302,64.854
5.500000081956387,63.948
5.573333416382472,62.961
5.646666750808557,61.977
5.720000085234642,60.93
5.793333419660727,60.103
5.866666754086813,59.328
5.940000088512898,58.985
6.013333422938983,58.859
6.086666757365068,58.352
6.1600000917911535,57.692
6.233333426217238,56.552
6.306666760643323,55.389
6.380000095069408,54.127
6.453333429495494,52.876
6.526666763921579,51.849
6.600000098347664,51.072
6.67333343277375,50.168
6.746666767199835,49.215
6.82000010162592,47.889
6.893333436052004,46.911
6.96666677047809,45.998
7.040000104904175,45.432
7.11333343933026,44.927
7.186666773756345,44.595
7.260000108182431,44.416
7.333333442608516,44.015
7.406666777034601,43.396
7.480000111460685,42.715
7.553333445886771,42.132
7.626666780312856,41.548
7.700000114738941,40.921
7.773333449165027,40.579
7.846666783591112,40.291
7.920000118017197,39.942
7.993333452443282,39.396
8.066666786869368,38.591
8.140000121295452,37.836
8.213333455721537,37.161
8.286666790147622,36.63
8.360000124573707,36.235
8.433333458999792,35.902
8.506666793425879,35.689
8.580000127851964,35.533
8.653333462278049,35.089
8.726666796704134,34.583
8.800000131130219,34.008
8.873333465556303,33.583
8.946666799982388,33.074
9.020000134408477,32.629
9.09333346883456,32.481
9.166666803260645,32.453
9.24000013768673,32.249
9.313333472112816,32.167
9.3866668065389,31.901
9.460000140964985,31.639
9.533333475391071,31.394
9.606666809817156,31.444
9.68000014424324,31.283
9.753333478669326,31.378
9.826666813095413,31.214
9.900000147521496,31.019
9.97333348194758,30.754
10.046666816373666,30.866
10.120000150799752,30.999
10.193333485225835,30.952
10.266666819651922,31.396
10.340000154078009,31.946
10.413333488504092,32.623
10.486666822930175,33.111
10.560000157356262,33.417
10.633333491782349,33.801
10.706666826208432,34.234
10.780000160634518,34.444
10.853333495060603,34.89
10.926666829486688,35.707
11.000000163912771,36.098
11.073333498338858,36.403
11.146666832764945,36.544
11.22000016719103,36.581
11.293333501617116,36.751
11.3666668360432,36.969
11.440000170469284,37.121
11.51333350489537,37.69
11.586666839321454,38.487
11.66000017374754,39.293
11.733333508173626,39.58
11.80666684259971,39.796
11.880000177025796,39.921
11.95333351145188,40.083
12.026666845877966,40.02
12.10000018030405,40.345
12.173333514730135,40.944
12.24666684915622,41.191
12.320000183582309,41.663
12.393333518008392,41.586
12.466666852434477,41.776
12.540000186860562,41.859
12.613333521286648,41.825
12.686666855712732,41.943
12.760000190138816,42.177
12.833333524564903,42.679
12.906666858990988,43.135
12.980000193417071,43.357
13.053333527843158,43.202
13.126666862269245,43.455
13.200000196695328,43.409
13.273333531121413,43.563
13.3466668655475,43.898
13.420000199973584,44.48
13.49333353439967,45.287
13.566666868825754,45.751
13.64000020325184,46.101
13.713333537677924,46.407
13.786666872104009,46.457
13.860000206530094,46.595
13.93333354095618,46.7
14.006666875382264,47.037
14.08000020980835,47.451
14.153333544234435,47.832
14.22666687866052,47.94
14.300000213086603,47.691
14.37333354751269,47.454
14.446666881938777,47.47
14.520000216364862,47.382
14.593333550790948,48.047
14.666666885217031,48.976
14.740000219643116,49.782
14.8133335540692,50.856
14.886666888495286,51.486
14.960000222921373,51.626
15.033333557347458,51.546
15.106666891773544,51.816
15.180000226199628,51.976
15.253333560625713,52.677
15.326666895051796,53.274
15.400000229477882,53.724
15.473333563903967,54.032
15.546666898330054,53.982
15.62000023275614,53.902
15.693333567182224,53.95
15.766666901608309,54.078
15.840000236034394,54.29
15.91333357046048,54.817
15.986666904886564,55.378
16.06000023931265,55.327
16.133333573738735,54.937
16.20666690816482,54.217
16.280000242590905,53.45
16.35333357701699,52.756
16.426666911443075,52.434
16.50000024586916,52.376
16.573333580295245,52.405
16.64666691472133,52.473
16.720000249147414,52.342
16.7933335835735,51.965
16.866666917999584,51.829
16.940000252425673,51.523
17.013333586851758,51.32
17.086666921277843,51.505
17.160000255703928,51.884
17.233333590130012,52.205
17.306666924556097,52.1
17.380000258982182,51.773
17.453333593408267,51.178
17.526666927834352,50.557
17.600000262260437,50.002
17.673333596686522,49.65
17.746666931112607,49.574
17.82000026553869,49.793
17.893333599964777,49.664
17.96666693439086,49.657
18.04000026881695,49.436
18.113333603243035,49.483
18.18666693766912,49.844
18.260000272095205,49.983
18.33333360652129,50.325
18.40666694094737,50.492
18.48000027537346,50.592
18.553333609799544,50.511
18.62666694422563,49.904
18.700000278651714,49.074
18.7733336130778,48.656
18.846666947503884,48.187
18.92000028192997,47.747
18.99333361635605,47.606
19.066666950782142,47.512
19.140000285208227,47.113
19.213333619634312,46.486
19.2866669540604,45.83
19.36000028848648,45.02
19.433333622912567,44.117
19.50666695733865,43.254
19.580000291764737,42.773
19.653333626190825,42.322
19.726666960616907,42.062
19.80000029504299,41.353
19.87333362946908,40.537
19.94666696389516,39.612
20.020000298321246,38.658
20.09333363274733,37.691
20.16666696717342,37.113
20.240000301599505,36.681
20.31333363602559,36.386
20.386666970451675,35.871
20.46000030487776,35.137
20.533333639303844,34.396
20.60666697372993,33.498
20.68000030815601,32.774
20.7533336425821,32.017
20.826666977008184,31.549
20.90000031143427,31.236
20.973333645860357,31.263
21.04666698028644,31.014
21.120000314712524,30.731
21.19333364913861,30.229
21.266666983564697,29.757
21.340000317990786,29.317
21.413333652416867,28.868
21.486666986842952,28.519
21.56000032126904,28.341
21.63333365569512,27.99
21.706666990121207,27.367
21.78000032454729,26.686
21.853333658973376,26.304
21.92666699339946,25.813
22.000000327825543,25.029
22.07333366225163,24.528
22.14666699667772,24.242
22.2200003311038,24.058
22.29333366552989,23.926
22.36666699995597,23.661
22.44000033438206,23.608
22.513333668808144,23.557
22.58666700323423,23.44
22.660000337660318,23.61
22.7333336720864,23.874
22.806667006512484,23.988
22.88000034093857,23.888
22.953333675364654,23.541
23.02666700979074,23.307
23.100000344216824,22.919
23.17333367864291,22.563
23.246667013068997,22.122
23.32000034749508,22.101
23.393333681921163,21.966
23.46666701634725,21.835
23.540000350773337,21.504
23.61333368519942,21.077
23.686667019625503,20.618
23.76000035405159,20.066
23.83333368847768,19.729
23.90666702290376,19.351
23.98000035732985,19.272
24.05333369175593,19.065
24.126667026182016,18.881
24.2000003606081,18.654
24.273333695034182,18.532
24.34666702946027,18.338
24.42000036388636,18.024
24.49333369831244,17.761
24.56666703273853,17.786
24.64000036716461,17.969
24.7133337015907,17.593
24.786667036016784,17.268
24.86000037044287,17.095
24.933333704868957,16.863
25.00666703929504,16.417
25.080000373721123,16.301
25.15333370814721,16.29
25.226667042573293,16.193
25.300000376999375,16.474
25.373333711425463,16.518
25.446667045851548,16.59
25.520000380277637,16.692
25.59333371470372,16.716
25.666667049129806,16.766
25.74000038355589,16.891
25.813333717981976,17.12
25.88666705240806,17.227
25.960000386834142,17.435
26.03333372126023,17.307
26.10666705568632,17.273
26.1800003901124,17.05
26.25333372453849,16.892
26.32666705896457,16.645
26.400000393390656,16.519
26.47333372781674,16.502
26.546667062242825,16.491
26.62000039666891,16.555
26.693333731095,16.349
26.766667065521084,15.994
26.84000039994717,16.045
26.913333734373253,15.758
26.98666706879934,15.623
27.060000403225423,15.462
27.13333373765151,15.58
27.206667072077597,15.358
27.28000040650368,15.054
27.353333740929763,14.9
27.426667075355848,14.588
27.500000409781933,14.423
27.573333744208018,14.313
27.646667078634103,13.978
27.720000413060188,14.015
27.79333374748628,14.052
27.86666708191236,13.891
27.94000041633845,13.527
28.01333375076453,13.211
28.086667085190616,12.953
28.1600004196167,12.868
28.233333754042786,12.61
28.30666708846887,12.766
28.380000422894955,12.826
28.45333375732104,12.752
28.526667091747125,12.591
28.60000042617321,12.639
28.67333376059929,12.509
28.74666709502538,12.349
28.820000429451465,12.231
28.893333763877557,12.286
28.96666709830364,12.252
29.040000432729723,12.365
29.113333767155808,12.398
29.186667101581893,12.425
29.260000436007974,12.273
29.333333770434063,12.143
29.406667104860148,11.743
29.480000439286236,11.592
29.55333377371232,11.511
29.626667108138403,11.393
29.700000442564487,11.517
29.77333377699057,11.379
29.846667111416657,11.339
29.920000445842746,11.334
29.99333378026883,11.496
30.06666711469492,11.573
30.140000449121,11.763
30.213333783547085,11.986
30.28666711797317,12.291
30.36000045239925,12.39
30.43333378682534,12.315
30.506667121251425,12.274
30.58000045567751,12.031
30.653333790103595,11.878
30.72666712452968,11.83
30.800000458955765,11.949
30.87333379338185,11.995
30.94666712780793,11.964
31.02000046223402,12.052
31.093333796660108,11.948
31.166667131086196,11.731
31.24000046551228,11.661
31.313333799938363,11.627
31.386667134364448,11.37
31.460000468790533,11.532
31.533333803216617,11.582
31.606667137642702,11.536
31.680000472068787,11.328
31.753333806494872,11.235
31.82666714092096,11.02
31.90000047534704,10.901
31.973333809773127,10.874
32.04666714419921,10.833
32.1200004786253,10.842
32.19333381305138,10.814
32.26666714747747,10.782
32.34000048190355,10.574
32.41333381632964,10.624
32.48666715075572,10.639
32.56000048518181,10.497
32.63333381960789,10.62
32.70666715403398,10.641
32.78000048846007,10.822
32.85333382288615,10.698
32.92666715731224,10.743
33.00000049173832,10.759
33.07333382616441,10.751
33.14666716059049,10.58
33.22000049501658,10.58
33.29333382944266,10.65
33.36666716386875,10.927
33.44000049829483,10.989
33.51333383272092,11.146
33.586667167147,11.379
33.66000050157309,11.378
33.73333383599917,11.245
33.80666717042526,11.304
33.880000504851346,11.335
33.95333383927743,11.483
34.026667173703515,11.462
34.1000005081296,11.621
34.173333842555685,11.598
34.24666717698177,11.378
34.320000511407855,11.336
34.393333845833936,11.344
34.466667180260025,11.311
34.540000514686106,11.403
34.613333849112195,11.57
34.68666718353828,11.629
34.760000517964365,11.556
34.833333852390446,11.077
34.906667186816534,10.962
34.98000052124262,10.697
35.053333855668704,10.586
35.12666719009479,10.415
35.200000524520874,10.518
35.27333385894696,10.421
35.346667193373044,10.342
35.42000052779913,10.042
35.493333862225214,9.963
35.5666671966513,9.888
35.64000053107738,9.661
35.71333386550347,9.525
35.78666719992955,9.458
35.86000053435564,9.42
35.93333386878172,9.484
36.00666720320781,9.314
36.0800005376339,9.066
36.15333387205998,9.019
36.22666720648607,8.721
36.30000054091215,8.695
36.37333387533824,8.71
36.44666720976432,8.632
36.52000054419041,8.611
36.59333387861649,8.831
36.66666721304258,8.6
36.74000054746866,8.601
36.81333388189475,8.493
36.88666721632083,8.523
36.96000055074692,8.338
37.03333388517301,8.304
37.10666721959909,8.081
37.18000055402518,7.856
37.25333388845126,7.756
37.32666722287735,7.663
37.40000055730343,7.67
37.47333389172952,7.578
37.5466672261556,7.556
37.62000056058169,7.732
37.69333389500777,7.897
37.76666722943386,7.951
37.84000056385994,8.161
37.91333389828603,8.262
37.98666723271211,8.153
38.0600005671382,8.181
38.133333901564285,8.164
38.206667235990366,8.181
38.280000570416455,8.259
38.353333904842536,8.314
38.42666723926863,8.239
38.50000057369471,8.33
38.5733339081208,8.1
38.64666724254688,7.826
38.72000057697296,7.721
38.793333911399046,7.613
38.866667245825134,7.712
38.940000580251215,7.437
39.0133339146773,7.492
39.086667249103385,7.404
39.160000583529474,7.301
39.23333391795556,7.257
39.30666725238165,7.221
39.38000058680773,7.038
39.45333392123381,6.92
39.5266672556599,7.1
39.60000059008598,7.14
39.67333392451207,6.963
39.74666725893815,7.009
39.82000059336424,6.74
39.89333392779032,6.472
39.96666726221641,6.533
40.04000059664249,6.478
40.11333393106858,6.562
40.18666726549466,6.569
40.26000059992075,6.586
40.33333393434684,6.708
40.40666726877292,6.611
40.48000060319901,6.666
40.55333393762509,6.497
40.62666727205118,6.327
40.70000060647726,6.504
40.77333394090335,6.533
40.84666727532943,6.726
40.92000060975552,6.654
40.9933339441816,6.738
41.06666727860769,6.937
41.14000061303377,6.914
41.21333394745986,7.073
41.28666728188594,6.854
41.36000061631203,6.929
41.43333395073812,7.079
41.5066672851642,7.147
41.58000061959029,7.063
41.65333395401637,6.87
41.72666728844246,6.764
41.80000062286854,6.814
41.87333395729463,6.735
41.94666729172071,6.744
42.0200006261468,6.648
42.09333396057288,6.725
42.166667294998966,6.66
42.24000062942505,6.499
42.313333963851136,6.416
42.38666729827722,6.275
42.460000632703306,6.217
42.533333967129394,6.086
42.60666730155548,5.974
42.68000063598157,5.933
42.753333970407645,5.871
42.82666730483373,5.81
42.900000639259815,5.698
42.973333973685904,5.669
43.04666730811199,5.32
43.12000064253807,5.45
43.19333397696416,5.368
43.26666731139024,5.2
43.340000645816325,5.141
43.41333398024241,5.051
43.486667314668495,4.931
43.56000064909458,4.874
43.63333398352067,4.705
43.70666731794675,4.769
43.78000065237284,4.641
43.85333398679892,4.774
43.92666732122501,4.652
44.00000065565109,4.561
44.07333399007718,4.58
44.14666732450326,4.636
44.22000065892935,4.579
44.29333399335543,4.481
44.36666732778152,4.354
44.4400006622076,4.439
44.51333399663369,4.38
44.58666733105977,4.374
44.66000066548586,4.189
44.73333399991195,4.143
44.80666733433803,4.101
44.88000066876412,3.911
44.9533340031902,3.754
45.02666733761629,3.955
45.10000067204237,3.889
45.17333400646846,3.787
45.24666734089454,3.917
45.32000067532063,4.017
45.39333400974671,3.996
45.4666673441728,3.945
45.54000067859888,3.789
45.61333401302497,3.876
45.68666734745105,4.045
45.76000068187714,4.152
45.833334016303226,4.139
45.90666735072931,4.217
45.9800006851554,4.099
46.05333401958148,3.914
46.126667354007566,3.744
46.20000068843365,3.779
46.273334022859736,3.903
46.34666735728582,3.746
46.42000069171191,3.736
46.49333402613799,3.879
46.56666736056408,3.853
46.64000069499016,3.763
46.713334029416245,3.638
46.78666736384233,3.761
46.860000698268415,3.559
46.9333340326945,3.564
47.006667367120585,3.492
47.08000070154667,3.603
47.15333403597276,3.56
47.22666737039884,3.523
47.300000704824924,3.433
47.37333403925101,3.394
47.44666737367709,3.319
47.52000070810318,3.261
47.593334042529264,3.265
47.66666737695535,3.288
47.74000071138144,3.217
47.81333404580752,3.271
47.8866673802336,3.154
47.96000071465969,3.147
48.03333404908578,3.146
48.10666738351186,3.099
48.18000071793795,3.039
48.25333405236403,3.224
48.32666738679012,3.365
48.4000007212162,3.402
48.47333405564229,3.198
48.54666739006837,3.167
48.62000072449446,3.257
48.69333405892054,3.362
48.76666739334663,3.352
48.84000072777271,3.408
48.9133340621988,3.512
48.98666739662488,3.465
49.06000073105097,3.356
49.13333406547706,3.375
49.20666739990314,3.387
49.28000073432923,3.413
49.35333406875531,3.339
49.4266674031814,3.193
49.50000073760748,3.288
49.57333407203357,3.301
49.64666740645965,3.284
49.72000074088574,3.202
49.79333407531182,3.27
49.86666740973791,3.128
49.94000074416399,3.067
50.01333407859008,3.1
50.08666741301616,3.071
50.16000074744225,2.898
50.233334081868335,2.799
50.30666741629442,2.782
50.380000750720505,2.581
50.45333408514659,2.638
50.52666741957268,2.502
50.60000075399876,2.487
50.673334088424845,2.483
50.746667422850926,2.52
50.820000757277015,2.607
50.893334091703096,2.295
50.96666742612919,2.255
51.04000076055527,2.335
51.11333409498136,2.071
51.18666742940744,2.035
51.26000076383352,2.126
51.33333409825961,2.017
51.406667432685694,2.023
51.48000076711178,2.016
51.55333410153786,2.097
51.62666743596395,2.022
51.700000770390034,2.047
51.77333410481612,2.025
51.84666743924221,2.025
51.92000077366829,2.079
51.99333410809437,2.033
52.06666744252046,2.043
52.14000077694654,1.91
52.21333411137263,1.955
52.28666744579872,1.77
52.3600007802248,1.726
52.43333411465089,1.775
52.50666744907697,1.709
52.58000078350306,1.71
52.65333411792914,1.667
52.72666745235523,1.723
52.80000078678131,1.6
52.8733341212074,1.823
52.94666745563348,1.789
53.02000079005957,1.815
53.09333412448565,1.82
53.16666745891174,1.986
53.24000079333782,1.945
53.31333412776391,1.868
53.38666746219,1.825
53.46000079661608,1.843
53.53333413104217,1.962
53.60666746546825,1.877
53.68000079989434,1.806
53.75333413432042,1.701
53.82666746874651,1.927
53.90000080317259,1.949
53.97333413759868,1.753
54.04666747202476,1.706
54.12000080645085,1.812
54.19333414087693,1.742
54.26666747530302,1.703
54.3400008097291,1.7
54.41333414415519,1.608
54.48666747858128,1.651
54.56000081300736,1.662
54.633334147433445,1.542
54.706667481859526,1.452
54.780000816285614,1.362
54.853334150711696,1.402
54.92666748513778,1.39
55.000000819563866,1.274
55.073334153989954,1.406
55.14666748841604,1.46
55.22000082284213,1.395
55.293334157268205,1.512
55.36666749169429,1.464
55.440000826120375,1.325
55.513334160546464,1.385
55.58666749497255,1.336
55.66000082939863,1.389
55.73333416382472,1.569
55.8066674982508,1.492
55.88000083267689,1.426
55.95333416710297,1.448
56.02666750152906,1.526
56.10000083595514,1.458
56.17333417038123,1.539
56.24666750480731,1.619
56.3200008392334,1.671
56.39333417365948,1.836
56.46666750808557,1.767
56.54000084251165,1.861
56.61333417693774,1.748
56.68666751136383,1.7
56.76000084578991,1.563
56.833334180216,1.541
56.90666751464208,1.581
56.98000084906817,1.675
57.05333418349425,1.689
57.12666751792034,1.716
57.20000085234642,1.676
57.27333418677251,1.533
57.34666752119859,1.602
57.42000085562468,1.587
57.49333419005076,1.598
57.56666752447685,1.677
57.64000085890293,1.609
57.71333419332902,1.494
57.78666752775511,1.414
57.86000086218119,1.44
57.93333419660728,1.434
58.00666753103336,1.275
58.080000865459446,1.261
58.15333419988553,1.461
58.226667534311616,1.409
58.3000008687377,1.197
58.373334203163786,1.165
58.44666753758987,1.131
58.52000087201596,1.142
58.59333420644204,1.103
58.666667540868126,1.064
58.74000087529421,1.082
58.813334209720296,1.066
58.886667544146384,1.011
58.96000087857247,0.979
59.03333421299856,0.893
59.10666754742464,0.931
59.18000088185072,0.823
59.253334216276805,0.952
59.32666755070289,1.036
59.400000885128975,0.974
59.47333421955506,1.019
59.546667553981145,1.124
59.62000088840723,1.038
59.69333422283332,1.019
59.7666675572594,0.801
59.84000089168549,0.713
59.91333422611157,0.912
59.98666756053766,0.713
60.06000089496374,0.783
60.13333422938983,0.711
60.20666756381591,0.747
60.280000898242,0.744
60.35333423266808,0.788
60.42666756709417,0.678
60.50000090152025,0.765
60.57333423594634,0.883
60.64666757037242,0.916
60.72000090479851,0.847
60.79333423922459,0.77
60.86666757365068,0.793
60.94000090807676,0.893
61.01333424250285,0.789
61.08666757692894,0.908
61.16000091135502,0.944
61.23333424578111,0.894
61.30666758020719,0.918
61.38000091463328,1.022
61.45333424905936,1.046
61.52666758348545,0.978
61.60000091791153,0.687
61.67333425233762,0.786
61.7466675867637,0.83
61.82000092118979,0.764
61.89333425561587,0.841
61.96666759004196,0.813
62.04000092446804,0.773
62.11333425889413,0.856
62.186667593320216,0.743
62.2600009277463,0.645
62.33333426217239,0.668
62.40666759659847,0.542
62.48000093102456,0.678
62.55333426545064,0.777
62.626667599876725,0.678
62.70000093430281,0.788
62.773334268728895,0.687
62.84666760315498,0.582
62.920000937581065,0.535
62.99333427200715,0.577
63.06666760643324,0.51
63.14000094085932,0.679
63.213334275285405,0.519
63.28666760971149,0.474
63.360000944137575,0.455
63.43333427856366,0.496
63.506667612989744,0.648
63.58000094741583,0.605
63.65333428184192,0.534
63.726667616268,0.737
63.80000095069408,0.677
63.87333428512017,0.92
63.946667619546254,0.948
64.02000095397234,0.852
64.09333428839842,0.883
64.1666676228245,0.898
64.2400009572506,0.872
64.31333429167668,0.677
64.38666762610276,0.778
64.46000096052886,0.942
64.53333429495494,0.967
64.60666762938102,0.973
64.6800009638071,0.98
64.7533342982332,0.951
64.82666763265928,0.785
64.90000096708536,0.934
64.97333430151144,0.935
65.04666763593754,0.939
65.12000097036362,0.94
65.1933343047897,0.788
65.26666763921578,0.895
65.34000097364188,0.874
65.41333430806796,0.72
65.48666764249404,0.669
65.56000097692014,0.678
65.63333431134622,0.706
65.7066676457723,0.649
65.78000098019838,0.706
65.85333431462448,0.759
65.92666764905056,0.687
66.00000098347664,0.717
66.07333431790272,0.543
66.14666765232882,0.593
66.2200009867549,0.651
66.29333432118098,0.681
66.36666765560706,0.576
66.44000099003316,0.441
66.51333432445924,0.49
66.58666765888532,0.557
66.66000099331141,0.405
66.7333343277375,0.451
66.80666766216358,0.38
66.88000099658966,0.386
66.95333433101575,0.324
67.02666766544183,0.301
67.10000099986792,0.258
67.173334334294,0.385
67.2466676687201,0.3
67.32000100314617,0.285
67.39333433757226,0.257
67.46666767199834,0.368
67.54000100642443,0.258
67.61333434085051,0.182
67.6866676752766,0.123
67.76000100970269,0.164
67.83333434412877,0.335
67.90666767855485,0.236
67.98000101298094,0.251
68.05333434740703,0.192
68.12666768183311,0.26
68.2000010162592,0.304
68.27333435068527,0.233
68.34666768511137,0.233
68.42000101953745,0.346
68.49333435396353,0.269
68.56666768838961,0.38
68.64000102281571,0.228
68.71333435724179,0.345
68.78666769166787,0.329
68.86000102609397,0.357
68.93333436052005,0.315
69.00666769494613,0.263
69.08000102937221,0.253
69.15333436379831,0.249
69.22666769822439,0.359
69.30000103265047,0.287
69.37333436707655,0.313
69.44666770150265,0.43
69.52000103592873,0.286
69.59333437035481,0.331
69.66666770478089,0.273
69.74000103920699,0.428
69.81333437363307,0.459
69.88666770805915,0.281
69.96000104248525,0.285
70.03333437691133,0.217
70.10666771133741,0.248
70.18000104576349,0.269
70.25333438018959,0.226
70.32666771461567,0.104
70.40000104904175,0.215
70.47333438346783,0.096
70.54666771789392,0.069
70.62000105232,0.164
70.69333438674609,0.237
70.76666772117217,0.135
70.84000105559826,0.125
70.91333439002435,0.091
70.98666772445043,0.206
71.06000105887652,0.057
71.1333343933026,0.02
71.20666772772869,0.092
71.28000106215477,0.21
71.35333439658086,0.155
71.42666773100694,0.24
71.50000106543303,0.173
71.5733343998591,0.125
71.6466677342852,0.207
71.72000106871128,0.266
71.79333440313737,0.369
71.86666773756345,0.341
71.94000107198954,0.473
72.01333440641562,0.392
72.0866677408417,0.302
72.1600010752678,0.291
72.23333440969388,0.417
72.30666774411996,0.424
72.38000107854604,0.27
72.45333441297214,0.242
72.52666774739822,0.336
72.6000010818243,0.385
72.67333441625038,0.328
72.74666775067648,0.248
72.82000108510256,0.231
72.89333441952864,0.306
72.96666775395474,0.12
73.04000108838082,0.177
73.1133344228069,0.32
73.18666775723298,0.32
73.26000109165908,0.24
73.33333442608516,0.082
73.40666776051124,0.027
73.48000109493732,0.032
73.55333442936342,-0.081
73.6266677637895,-0.038
73.70000109821558,0.117
73.77333443264166,0.251
73.84666776706776,0.041
73.92000110149384,0.064
73.99333443591992,-0.096
74.06666777034602,0.007
74.1400011047721,0.206
74.21333443919818,0.049
74.28666777362426,0.025
74.36000110805035,-0.113
74.43333444247644,-0.068
74.50666777690252,0.072
74.5800011113286,-0.001
74.6533344457547,-0.054
74.72666778018078,-0.066
74.80000111460686,-0.14
74.87333444903294,-0.119
74.94666778345903,-0.118
75.02000111788512,-0.162
75.0933344523112,-0.213
75.16666778673729,-0.178
75.24000112116337,-0.216
75.31333445558946,-0.24
75.38666779001554,-0.343
75.46000112444163,-0.267
75.53333445886771,-0.355
75.6066677932938,-0.268
75.68000112771988,-0.426
75.75333446214597,-0.216
75.82666779657205,-0.248
75.90000113099813,-0.246
75.97333446542422,-0.177
76.04666779985031,-0.118
76.1200011342764,-0.116
76.19333446870247,-0.2
76.26666780312857,-0.228
76.34000113755465,-0.193
76.41333447198073,-0.002
76.48666780640681,-0.086
76.56000114083291,-0.262
76.63333447525899,-0.114
76.70666780968507,-0.085
76.78000114411115,-0.199
76.85333447853725,-0.251
76.92666781296333,-0.145
77.00000114738941,-0.186
77.0733344818155,-0.176
77.14666781624159,-0.285
77.22000115066767,-0.27
77.29333448509375,-0.125
77.36666781951985,-0.227
77.44000115394593,-0.26
77.51333448837201,-0.311
77.58666782279809,-0.291
77.66000115722419,-0.278
77.73333449165027,-0.307
77.80666782607635,-0.394
77.88000116050243,-0.462
77.95333449492853,-0.284
78.02666782935461,-0.358
78.10000116378069,-0.249
78.17333449820677,-0.221
78.24666783263287,-0.136
78.32000116705895,-0.313
78.39333450148503,-0.23
78.46666783591112,-0.26
78.5400011703372,-0.438
78.61333450476329,-0.312
78.68666783918937,-0.369
78.76000117361546,-0.315
78.83333450804155,-0.28
78.90666784246763,-0.282
78.98000117689371,-0.115
79.0533345113198,-0.006
79.12666784574589,-0.203
79.20000118017197,-0.206
79.27333451459805,-0.263
79.34666784902414,-0.136
79.42000118345022,-0.154
79.4933345178763,-0.311
79.5666678523024,-0.302
79.64000118672848,-0.298
79.71333452115456,-0.155
79.78666785558065,-0.195
79.86000119000674,-0.092
79.93333452443282,-0.23
80.0066678588589,-0.112
80.08000119328499,-0.209
80.15333452771108,-0.246
80.22666786213716,-0.203
80.30000119656324,-0.211
80.37333453098933,-0.2
80.44666786541542,-0.099
80.5200011998415,-0.246
80.59333453426758,-0.176
80.66666786869368,-0.121
80.74000120311976,-0.19
80.81333453754584,-0.122
80.88666787197192,-0.202
80.96000120639802,-0.284
