time_min,absorb_mau
0.0,-0.002
0.0050000000745058,0.006
0.0100000001490116,0.014
0.0150000002235174,0.023
0.0200000002980232,0.01
0.025000000372529,-0.005
0.0300000004470348,-0.023
0.0350000005215406,-0.026
0.0400000005960464,-0.015
0.0450000006705522,-0.003
0.050000000745058,0.007
0.0550000008195638,0.0
0.0600000008940696,-0.006
0.0650000009685754,-0.013
0.0700000010430812,-0.014
0.075000001117587,-0.013
0.0800000011920929,-0.011
0.0850000012665987,-0.01
0.0900000013411045,-0.024
0.0950000014156103,-0.035
0.1000000014901161,-0.048
0.1050000015646219,-0.036
0.1100000016391277,-0.016
0.1150000017136335,0.002
0.1200000017881393,0.003
0.1250000018626451,-0.01
0.1300000019371509,-0.028
0.1350000020116567,-0.047
0.1400000020861625,-0.084
0.1450000021606683,-0.112
0.1500000022351741,-0.145
0.15500000230968,-0.16
0.1600000023841858,-0.175
0.1650000024586916,-0.19
0.1700000025331974,-0.199
0.1750000026077032,-0.206
0.180000002682209,-0.212
0.1850000027567148,-0.222
0.1900000028312206,-0.229
0.1950000029057264,-0.24
0.2000000029802322,-0.252
0.205000003054738,-0.245
0.2100000031292438,-0.232
0.2150000032037496,-0.218
0.2200000032782554,-0.21
0.2250000033527612,-0.18
0.2300000034272671,-0.152
0.2350000035017728,-0.125
0.2400000035762786,-0.12
0.2450000036507845,-0.12
0.2500000037252903,-0.12
0.2550000037997961,-0.115
0.2600000038743019,-0.108
0.2650000039488077,-0.103
0.2700000040233135,-0.096
0.2750000040978193,-0.1
0.2800000041723251,-0.102
0.285000004246831,-0.103
0.2900000043213367,-0.127
0.2950000043958425,-0.155
0.3000000044703483,-0.184
0.3050000045448541,-0.198
0.31000000461936,-0.193
0.3150000046938658,-0.189
0.3200000047683716,-0.188
0.3250000048428774,-0.193
0.3300000049173832,-0.199
0.335000004991889,-0.204
0.3400000050663948,-0.217
0.3450000051409006,-0.232
0.3500000052154064,-0.25
0.3550000052899122,-0.262
0.360000005364418,-0.273
0.3650000054389238,-0.281
0.3700000055134296,-0.294
0.3750000055879354,-0.298
0.3800000056624412,-0.303
0.3850000057369471,-0.308
0.3900000058114529,-0.303
0.3950000058859587,-0.3
0.4000000059604645,-0.296
0.4050000060349703,-0.297
0.4100000061094761,-0.296
0.4150000061839819,-0.294
0.4200000062584877,-0.293
0.4250000063329935,-0.31
0.4300000064074993,-0.327
0.4350000064820051,-0.344
0.4400000065565109,-0.348
0.4450000066310167,-0.345
0.4500000067055225,-0.342
0.4550000067800283,-0.337
0.4600000068545342,-0.325
0.46500000692904,-0.312
0.4700000070035457,-0.298
0.4750000070780515,-0.323
0.4800000071525573,-0.355
0.4850000072270632,-0.388
0.490000007301569,-0.405
0.4950000073760748,-0.403
0.5000000074505806,-0.402
0.5050000075250864,-0.401
0.5100000075995922,-0.372
0.515000007674098,-0.345
0.5200000077486039,-0.318
0.5250000078231096,-0.279
0.5300000078976155,-0.244
0.5350000079721212,-0.208
0.5400000080466271,-0.099
0.5450000081211329,0.086
0.5500000081956387,0.295
0.5550000082701445,0.556
0.5600000083446502,1.466
0.5650000084191561,2.375
0.570000008493662,3.285
0.5750000085681677,5.845
0.5800000086426735,8.997
0.5850000087171793,12.151
0.5900000087916851,17.453
0.595000008866191,26.758
0.6000000089406967,35.985
0.6050000090152026,45.211
0.6100000090897083,65.842
0.6150000091642142,86.467
0.62000000923872,107.092
0.6250000093132257,139.47
0.6300000093877316,178.584
0.6350000094622373,217.701
0.6400000095367432,263.218
0.645000009611249,326.995
0.6500000096857548,390.507
0.6550000097602606,454.018
0.6600000098347664,541.785
0.6650000099092722,631.66
0.6700000099837781,721.536
0.6750000100582838,824.182
0.6800000101327897,935.077
0.6850000102072954,1038.666
0.6900000102818012,1160.126
0.6950000103563071,1280.982
0.7000000104308128,1400.777
0.7050000105053187,1520.572
0.7100000105798244,1635.611
0.7150000106543303,1744.019
0.7200000107288361,1852.428
0.7250000108033419,1951.436
0.7300000108778477,2044.473
0.7350000109523535,2131.516
0.7400000110268593,2218.293
0.7450000111013652,2275.904
0.7500000111758709,2328.845
0.7550000112503767,2381.785
0.7600000113248825,2417.523
0.7650000113993883,2435.312
0.7700000114738942,2455.753
0.7750000115483999,2469.849
0.7800000116229058,2457.63
0.7850000116974115,2446.697
0.7900000117719174,2434.201
0.7950000118464232,2405.125
0.800000011920929,2373.695
0.8050000119954348,2342.265
0.8100000120699405,2301.687
0.8150000121444464,2252.559
0.8200000122189522,2203.808
0.825000012293458,2152.28
0.8300000123679638,2096.825
0.8350000124424696,2041.422
0.8400000125169754,1986.019
0.8450000125914813,1925.642
0.850000012665987,1866.271
0.8550000127404929,1806.901
0.8600000128149986,1745.493
0.8650000128895045,1686.84
0.8700000129640103,1628.245
0.875000013038516,1568.642
0.8800000131130219,1513.025
0.8850000131875276,1458.731
0.8900000132620335,1404.437
0.8950000133365393,1352.296
0.9000000134110451,1304.949
0.9050000134855508,1257.603
0.9100000135600568,1210.113
0.9150000136345624,1169.581
0.9200000137090684,1129.021
0.925000013783574,1088.308
0.93000001385808,1051.083
0.9350000139325856,1015.984
0.9400000140070917,980.885
0.9450000140815974,947.048
0.9500000141561032,917.451
0.955000014230609,887.791
0.9600000143051148,857.545
0.9650000143796206,832.333
0.9700000144541264,807.105
0.9750000145286322,781.877
0.980000014603138,758.132
0.9850000146776438,736.156
0.9900000147521496,714.181
0.9950000148266556,692.251
1.0000000149011612,672.748
1.005000014975667,653.176
1.010000015050173,633.123
1.0150000151246787,615.927
1.0200000151991844,598.925
1.0250000152736902,581.922
1.030000015348196,565.682
1.035000015422702,550.834
1.0400000154972078,535.986
1.0450000155717134,520.999
1.0500000156462193,507.801
1.055000015720725,494.574
1.060000015795231,481.177
1.0650000158697368,469.074
1.0700000159442424,457.436
1.0750000160187485,445.798
1.080000016093254,434.419
1.08500001616776,424.085
1.0900000162422658,413.744
1.0950000163167717,403.141
1.100000016391277,393.726
1.1050000164657832,384.302
1.110000016540289,374.877
1.1150000166147949,365.948
1.1200000166893005,357.549
1.1250000167638063,349.15
1.1300000168383122,340.842
1.135000016912818,333.396
1.140000016987324,325.934
1.1450000170618295,318.178
1.1500000171363354,311.165
1.1550000172108412,304.159
1.160000017285347,297.153
1.165000017359853,290.008
1.1700000174343586,283.273
1.1750000175088644,276.538
1.1800000175833705,269.801
1.185000017657876,263.796
1.190000017732382,257.78
1.1950000178068876,251.649
1.2000000178813934,246.024
1.2050000179558993,240.493
1.2100000180304051,234.962
1.215000018104911,229.407
1.2200000181794166,224.183
1.2250000182539225,218.959
1.2300000183284283,213.668
1.2350000184029342,209.039
1.24000001847744,204.405
1.2450000185519456,199.723
1.2500000186264515,195.499
1.2550000187009571,191.503
1.2600000187754632,187.508
1.265000018849969,183.42
1.270000018924475,179.602
1.2750000189989803,175.779
1.2800000190734864,171.827
1.2850000191479922,168.164
1.290000019222498,164.499
1.2950000192970037,160.834
1.3000000193715096,157.271
1.3050000194460154,153.916
1.3100000195205213,150.561
1.315000019595027,147.176
1.3200000196695327,144.091
1.3250000197440386,140.997
1.3300000198185444,137.804
1.3350000198930505,134.978
1.340000019967556,132.159
1.3450000200420618,129.339
1.3500000201165676,126.613
1.3550000201910737,124.093
1.360000020265579,121.573
1.3650000203400852,119.013
1.3700000204145908,116.707
1.3750000204890966,114.396
1.3800000205636025,112.043
1.3850000206381083,109.741
1.3900000207126142,107.776
1.3950000207871198,105.53
1.4000000208616257,103.44
1.4050000209361315,101.625
1.4100000210106374,99.68
1.4150000210851432,97.705
1.4200000211596489,95.96
1.4250000212341547,94.213
1.4300000213086606,92.456
1.4350000213831664,90.631
1.4400000214576725,88.998
1.445000021532178,87.365
1.4500000216066835,85.81
1.4550000216811896,84.276
1.4600000217556954,82.636
1.4650000218302013,81.157
1.470000021904707,79.732
1.4750000219792128,78.306
1.4800000220537186,76.786
1.4850000221282245,75.432
1.4900000222027303,74.158
1.495000022277236,72.883
1.5000000223517418,71.576
1.5050000224262476,70.434
1.5100000225007535,69.207
1.5150000225752591,67.945
1.520000022649765,66.741
1.5250000227242708,65.699
1.530000022798777,64.508
1.5350000228732823,63.444
1.5400000229477884,62.464
1.545000023022294,61.483
1.5500000230968,60.54
1.5550000231713057,59.625
1.5600000232458116,58.704
1.5650000233203174,57.77
1.570000023394823,56.825
1.5750000234693289,56.019
1.5800000235438347,55.099
1.5850000236183406,54.246
1.5900000236928464,53.509
1.595000023767352,52.666
1.600000023841858,51.856
1.6050000239163638,51.12
1.6100000239908696,50.434
1.6150000240653757,49.641
1.620000024139881,48.918
1.625000024214387,48.222
1.6300000242888928,47.526
1.6350000243633986,46.837
1.6400000244379045,46.206
1.64500002451241,45.575
1.650000024586916,44.968
1.6550000246614218,44.329
1.6600000247359277,43.734
1.6650000248104335,43.138
1.6700000248849391,42.539
1.675000024959445,41.974
1.6800000250339509,41.409
1.6850000251084567,40.836
1.6900000251829626,40.351
1.6950000252574682,39.794
1.700000025331974,39.259
1.70500002540648,38.806
1.7100000254809855,38.383
1.7150000255554916,37.899
1.7200000256299972,37.43
1.725000025704503,36.986
1.730000025779009,36.541
1.7350000258535148,36.071
1.7400000259280206,35.628
1.7450000260025262,35.183
1.750000026077032,34.762
1.755000026151538,34.324
1.7600000262260438,33.928
1.7650000263005496,33.533
1.7700000263750553,33.149
1.7750000264495611,32.796
1.780000026524067,32.444
1.7850000265985728,32.068
1.790000026673079,31.719
1.7950000267475843,31.319
1.80000002682209,30.944
1.805000026896596,30.587
1.8100000269711016,30.25
1.815000027045608,29.913
1.820000027120113,29.59
1.8250000271946192,29.316
1.830000027269125,29.058
1.8350000273436309,28.744
1.8400000274181367,28.432
1.8450000274926424,28.124
1.850000027567148,27.816
1.855000027641654,27.493
1.86000002771616,27.18
1.8650000277906655,26.868
1.8700000278651716,26.561
1.8750000279396768,26.289
1.880000028014183,26.018
1.885000028088689,25.732
1.8900000281631948,25.43
1.8950000282377004,25.131
1.9000000283122065,24.832
1.905000028386712,24.525
1.910000028461218,24.248
1.915000028535724,23.931
1.9200000286102292,23.633
1.9250000286847355,23.384
1.9300000287592407,23.15
1.935000028833747,22.881
1.9400000289082528,22.645
1.9450000289827585,22.418
1.9500000290572643,22.19
1.9550000291317704,21.949
1.960000029206276,21.714
1.9650000292807817,21.479
1.9700000293552875,21.254
1.9750000294297931,21.045
1.9800000295042992,20.849
1.985000029578805,20.653
1.990000029653311,20.468
1.9950000297278163,20.293
2.0000000298023224,20.117
2.0050000298768285,19.935
2.010000029951334,19.779
2.01500003002584,19.6
2.020000030100346,19.419
2.0250000301748514,19.224
2.030000030249357,19.042
2.035000030323863,18.834
2.0400000303983687,18.646
2.045000030472875,18.469
2.0500000305473804,18.293
2.0550000306218865,18.113
2.060000030696392,17.944
2.0650000307708978,17.777
2.070000030845404,17.618
2.075000030919909,17.43
2.0800000309944155,17.256
2.085000031068921,17.082
2.090000031143427,16.897
2.095000031217933,16.721
2.1000000312924385,16.545
2.1050000313669446,16.373
2.11000003144145,16.241
2.115000031515956,16.092
2.120000031590462,15.951
2.1250000316649675,15.814
2.1300000317394736,15.682
2.1350000318139792,15.549
2.140000031888485,15.412
2.145000031962991,15.282
2.150000032037497,15.152
2.155000032112002,15.023
2.1600000321865083,14.919
2.165000032261014,14.814
2.17000003233552,14.709
2.1750000324100256,14.615
2.180000032484532,14.531
2.1850000325590373,14.447
2.190000032633543,14.335
2.195000032708049,14.22
2.200000032782554,14.102
2.2050000328570607,13.977
2.2100000329315663,13.843
2.215000033006072,13.71
2.220000033080578,13.577
2.225000033155084,13.446
2.2300000332295897,13.323
2.235000033304096,13.2
2.240000033378601,13.069
2.245000033453107,12.928
2.2500000335276127,12.788
2.2550000336021188,12.647
2.2600000336766244,12.508
2.26500003375113,12.372
2.270000033825636,12.236
2.2750000339001417,12.111
2.280000033974648,12.006
2.2850000340491534,11.902
2.290000034123659,11.805
2.295000034198165,11.733
2.3000000342726707,11.664
2.305000034347177,11.593
2.3100000344216824,11.52
2.315000034496188,11.45
2.320000034570694,11.38
2.3250000346452,11.29
2.330000034719706,11.197
2.3350000347942115,11.103
2.340000034868717,11.005
2.345000034943223,10.918
2.350000035017729,10.829
2.355000035092235,10.74
2.3600000351667405,10.651
2.365000035241246,10.569
2.370000035315752,10.486
2.375000035390258,10.391
2.380000035464764,10.294
2.385000035539269,10.193
2.390000035613775,10.097
2.395000035688281,10.019
2.400000035762787,9.944
2.405000035837293,9.869
2.4100000359117986,9.795
2.415000035986304,9.733
2.4200000360608103,9.671
2.425000036135316,9.606
2.430000036209822,9.539
2.435000036284328,9.473
2.440000036358833,9.406
2.4450000364333397,9.358
2.450000036507845,9.31
2.455000036582351,9.263
2.4600000366568566,9.213
2.4650000367313623,9.166
2.4700000368058683,9.12
2.475000036880374,9.061
2.48000003695488,8.982
2.4850000370293857,8.901
2.4900000371038917,8.82
2.4950000371783974,8.761
2.500000037252903,8.708
2.505000037327409,8.656
2.5100000374019147,8.601
2.5150000374764203,8.544
2.5200000375509264,8.489
2.525000037625432,8.435
2.530000037699938,8.362
2.535000037774444,8.294
2.5400000378489493,8.225
2.5450000379234554,8.154
2.550000037997961,8.087
2.555000038072467,8.019
2.5600000381469727,7.951
2.5650000382214784,7.892
2.5700000382959844,7.834
2.57500003837049,7.783
2.580000038444996,7.718
2.5850000385195018,7.66
2.5900000385940074,7.602
2.595000038668513,7.546
2.600000038743019,7.496
2.605000038817525,7.445
2.610000038892031,7.382
2.6150000389665364,7.318
2.6200000390410425,7.251
2.625000039115548,7.185
2.630000039190054,7.138
2.63500003926456,7.094
2.640000039339065,7.05
2.6450000394135715,7.016
2.650000039488077,6.99
2.6550000395625832,6.965
2.660000039637089,6.938
2.6650000397115945,6.914
2.670000039786101,6.889
2.675000039860606,6.863
2.6800000399351123,6.802
2.685000040009618,6.739
2.6900000400841235,6.677
2.6950000401586296,6.653
2.7000000402331352,6.668
2.7050000403076413,6.683
2.710000040382147,6.687
2.715000040456653,6.639
2.720000040531158,6.591
2.7250000406056643,6.544
2.7300000406801703,6.493
2.735000040754676,6.442
2.7400000408291816,6.388
2.745000040903688,6.351
2.7500000409781933,6.33
2.7550000410527,6.307
2.760000041127205,6.28
2.7650000412017106,6.252
2.7700000412762167,6.232
2.7750000413507223,6.211
2.7800000414252284,6.173
2.785000041499734,6.122
2.79000004157424,6.064
2.7950000416487457,6.02
2.800000041723252,6.024
2.8050000417977574,6.027
2.810000041872263,6.03
2.8150000419467687,6.027
2.8200000420212747,6.024
2.8250000420957804,6.021
2.8300000421702864,5.995
2.835000042244792,5.951
2.8400000423192977,5.901
2.845000042393804,5.853
2.8500000424683094,5.812
2.8550000425428155,5.778
2.860000042617321,5.74
2.8650000426918267,5.698
2.870000042766333,5.652
2.8750000428408384,5.606
2.8800000429153445,5.551
2.88500004298985,5.492
2.890000043064356,5.43
2.895000043138862,5.372
2.9000000432133675,5.32
2.905000043287873,5.278
2.910000043362379,5.23
2.915000043436885,5.181
2.920000043511391,5.137
2.9250000435858965,5.087
2.9300000436604026,5.048
2.935000043734908,5.036
2.940000043809414,5.022
2.94500004388392,5.009
2.950000043958425,4.98
2.955000044032932,4.953
2.960000044107437,4.927
2.965000044181943,4.917
2.970000044256449,4.916
2.9750000443309546,4.915
2.9800000444054606,4.904
2.9850000444799663,4.871
2.990000044554472,4.841
2.995000044628978,4.808
3.000000044703484,4.733
3.0050000447779897,4.665
3.0100000448524957,4.597
3.015000044927001,4.556
3.020000045001507,4.526
3.0250000450760126,4.5
3.0300000451505187,4.458
3.0350000452250243,4.416
3.04000004529953,4.369
3.045000045374036,4.323
3.0500000454485416,4.246
3.055000045523048,4.163
3.0600000455975533,4.08
3.065000045672059,4.023
3.070000045746565,3.998
3.0750000458210707,3.974
3.0800000458955767,3.941
3.0850000459700824,3.937
3.090000046044588,3.935
3.095000046119094,3.933
3.1000000461936,3.891
3.1050000462681058,3.829
3.1100000463426114,3.767
3.115000046417117,3.732
3.120000046491623,3.732
3.1250000465661287,3.735
3.130000046640635,3.735
3.1350000467151404,3.745
3.140000046789646,3.758
3.145000046864152,3.771
3.1500000469386578,3.778
3.155000047013164,3.773
3.160000047087669,3.767
3.165000047162175,3.749
3.170000047236681,3.734
3.175000047311187,3.719
3.180000047385693,3.701
3.1850000474601985,3.705
3.190000047534704,3.714
3.19500004760921,3.724
3.200000047683716,3.727
3.205000047758222,3.718
3.2100000478327275,3.707
3.215000047907233,3.69
3.220000047981739,3.645
3.225000048056245,3.604
3.230000048130751,3.564
3.235000048205257,3.523
3.240000048279762,3.477
3.2450000483542683,3.431
3.250000048428774,3.401
3.25500004850328,3.402
3.2600000485777856,3.403
3.265000048652291,3.403
3.2700000487267973,3.363
3.275000048801303,3.329
3.280000048875809,3.29
3.2850000489503146,3.272
3.29000004902482,3.251
3.2950000490993263,3.231
3.300000049173832,3.213
3.305000049248338,3.243
3.310000049322844,3.267
3.3150000493973493,3.289
3.320000049471856,3.282
3.325000049546361,3.273
3.330000049620867,3.264
3.3350000496953727,3.234
3.3400000497698783,3.194
3.3450000498443844,3.153
3.35000004991889,3.126
3.355000049993396,3.136
3.3600000500679017,3.149
3.3650000501424078,3.162
3.3700000502169134,3.126
3.375000050291419,3.08
3.380000050365925,3.034
3.3850000504404307,2.999
3.3900000505149364,2.962
3.3950000505894424,2.93
3.400000050663948,2.892
3.405000050738454,2.883
3.41000005081296,2.871
3.4150000508874654,2.86
3.4200000509619715,2.866
3.425000051036477,2.882
3.430000051110983,2.897
3.435000051185489,2.904
3.4400000512599944,2.9
3.4450000513345005,2.893
3.450000051409006,2.879
3.455000051483512,2.873
3.460000051558018,2.867
3.4650000516325234,2.86
3.470000051707029,2.861
3.475000051781535,2.86
3.480000051856041,2.859
3.485000051930547,2.844
3.4900000520050525,2.806
3.4950000520795586,2.77
3.500000052154064,2.73
3.5050000522285703,2.71
3.510000052303076,2.688
3.515000052377581,2.667
3.520000052452088,2.622
3.525000052526593,2.563
3.5300000526010997,2.505
3.535000052675605,2.464
3.5400000527501105,2.476
3.5450000528246166,2.488
3.5500000528991222,2.5
3.5550000529736283,2.499
3.560000053048134,2.493
3.56500005312264,2.487
3.5700000531971456,2.464
3.5750000532716517,2.446
3.5800000533461573,2.427
3.585000053420663,2.414
3.5900000534951686,2.409
3.5950000535696747,2.402
3.6000000536441803,2.396
3.6050000537186864,2.406
3.610000053793192,2.429
3.6150000538676976,2.452
3.620000053942204,2.462
3.625000054016709,2.435
3.630000054091216,2.407
3.635000054165721,2.376
3.640000054240226,2.318
3.6450000543147327,2.26
3.6500000543892384,2.202
3.655000054463744,2.186
3.66000005453825,2.198
3.665000054612756,2.212
3.6700000546872618,2.22
3.675000054761768,2.2
3.6800000548362735,2.18
3.685000054910779,2.159
3.6900000549852847,2.113
3.695000055059791,2.068
3.700000055134296,2.024
3.7050000552088025,2.002
3.710000055283308,1.996
3.7150000553578137,1.99
3.72000005543232,1.974
3.7250000555068254,1.973
3.730000055581332,1.968
3.735000055655837,1.963
3.740000055730343,1.977
3.745000055804849,1.988
3.7500000558793545,1.998
3.755000055953861,1.999
3.760000056028366,1.997
3.765000056102872,1.992
3.770000056177378,1.987
3.775000056251884,2.009
3.7800000563263896,2.033
3.785000056400895,2.057
3.790000056475401,2.049
3.795000056549907,2.023
3.800000056624413,1.997
3.805000056698919,1.983
3.810000056773424,1.989
3.81500005684793,1.998
3.820000056922436,2.008
3.8250000569969416,1.976
3.830000057071448,1.939
3.835000057145953,1.901
3.840000057220459,1.889
3.845000057294965,1.897
3.850000057369471,1.903
3.8550000574439767,1.913
3.8600000575184814,1.918
3.865000057592988,1.928
3.870000057667494,1.938
3.875000057742,1.948
3.8800000578165057,1.963
3.8850000578910113,1.977
3.890000057965517,1.985
3.895000058040023,1.98
3.9000000581145287,1.978
3.9050000581890343,1.975
3.910000058263541,1.981
3.915000058338046,1.987
3.920000058412552,1.993
3.9250000584870577,1.976
3.930000058561564,1.949
3.935000058636069,1.922
3.940000058710575,1.885
3.945000058785081,1.852
3.9500000588595863,1.814
3.955000058934093,1.778
3.9600000590085984,1.771
3.965000059083104,1.763
3.97000005915761,1.755
3.975000059232116,1.752
3.980000059306622,1.753
3.985000059381128,1.755
3.990000059455633,1.75
3.995000059530139,1.72
4.000000059604645,1.694
4.00500005967915,1.668
4.010000059753657,1.677
4.0150000598281625,1.686
4.020000059902668,1.694
4.025000059977174,1.692
4.030000060051679,1.68
4.035000060126186,1.671
4.040000060200692,1.667
4.045000060275197,1.656
4.050000060349703,1.645
4.0550000604242085,1.635
4.060000060498715,1.605
4.065000060573221,1.574
4.070000060647726,1.543
4.075000060722232,1.503
4.0800000607967375,1.481
4.085000060871244,1.454
4.09000006094575,1.439
4.095000061020255,1.407
4.100000061094761,1.379
4.1050000611692665,1.351
4.110000061243773,1.341
4.115000061318279,1.343
4.120000061392784,1.344
4.12500006146729,1.337
4.130000061541796,1.313
4.135000061616302,1.288
4.140000061690808,1.264
4.145000061765313,1.267
4.150000061839819,1.273
4.155000061914325,1.279
4.160000061988831,1.3
4.165000062063337,1.333
4.170000062137842,1.369
4.175000062212348,1.392
4.180000062286854,1.375
4.18500006236136,1.361
4.190000062435866,1.347
4.195000062510371,1.35
4.200000062584877,1.353
4.205000062659383,1.356
4.210000062733889,1.354
4.215000062808395,1.353
4.2200000628829,1.351
4.225000062957406,1.344
4.230000063031912,1.327
4.235000063106418,1.31
4.240000063180924,1.29
4.245000063255429,1.279
4.250000063329935,1.267
4.255000063404441,1.255
4.260000063478947,1.247
4.265000063553453,1.261
4.270000063627959,1.27
4.275000063702464,1.282
4.28000006377697,1.254
4.285000063851476,1.232
4.290000063925982,1.207
4.295000064000488,1.208
4.300000064074993,1.215
4.305000064149499,1.223
4.310000064224005,1.223
4.315000064298511,1.214
4.3200000643730165,1.207
4.325000064447522,1.199
4.330000064522028,1.201
4.335000064596534,1.201
4.34000006467104,1.202
4.345000064745546,1.177
4.350000064820051,1.142
4.355000064894557,1.107
4.360000064969063,1.078
4.365000065043569,1.104
4.370000065118075,1.121
4.37500006519258,1.137
4.380000065267086,1.122
4.385000065341592,1.104
4.390000065416098,1.086
4.395000065490604,1.06
4.400000065565109,1.036
4.405000065639615,1.011
4.410000065714121,0.997
4.415000065788627,1.003
4.420000065863133,1.007
4.425000065937638,1.011
4.430000066012144,1.022
4.43500006608665,1.042
4.440000066161156,1.062
4.445000066235662,1.057
4.450000066310167,1.002
4.455000066384673,0.952
4.46000006645918,0.907
4.465000066533685,0.915
4.470000066608191,0.922
4.475000066682696,0.93
4.480000066757202,0.917
4.4850000668317085,0.907
4.490000066906214,0.897
4.49500006698072,0.904
4.500000067055225,0.899
4.505000067129731,0.897
4.5100000672042375,0.895
4.515000067278743,0.896
4.520000067353249,0.9
4.525000067427754,0.905
4.53000006750226,0.921
4.535000067576767,0.954
4.540000067651272,0.988
4.545000067725778,1.015
4.550000067800283,1.005
4.555000067874789,0.995
4.560000067949296,0.984
4.565000068023801,0.972
4.570000068098307,0.971
4.5750000681728125,0.97
4.580000068247318,0.975
4.585000068321825,0.966
4.59000006839633,0.957
4.595000068470836,0.941
4.6000000685453415,0.92
4.605000068619847,0.897
4.610000068694354,0.875
4.615000068768859,0.843
4.620000068843365,0.812
4.625000068917871,0.778
4.630000068992376,0.767
4.635000069066883,0.771
4.640000069141388,0.777
4.645000069215894,0.777
4.6500000692904,0.793
4.655000069364905,0.81
4.660000069439412,0.827
4.665000069513917,0.839
4.670000069588423,0.836
4.675000069662929,0.833
4.680000069737434,0.823
4.685000069811941,0.811
4.690000069886446,0.8
4.695000069960952,0.791
4.700000070035458,0.816
4.705000070109963,0.845
4.71000007018447,0.874
4.715000070258975,0.884
4.720000070333481,0.879
4.725000070407987,0.87
4.730000070482492,0.859
4.735000070556999,0.86
4.740000070631504,0.862
4.74500007070601,0.864
4.750000070780516,0.868
4.755000070855021,0.864
4.760000070929528,0.861
4.765000071004033,0.861
4.770000071078539,0.873
4.775000071153045,0.887
4.78000007122755,0.898
4.785000071302057,0.874
4.7900000713765625,0.85
4.795000071451068,0.825
4.800000071525574,0.802
4.805000071600079,0.779
4.810000071674586,0.755
4.815000071749092,0.743
4.820000071823597,0.742
4.825000071898103,0.744
4.830000071972608,0.749
4.835000072047115,0.733
4.8400000721216205,0.717
4.845000072196126,0.701
4.850000072270632,0.694
4.855000072345137,0.697
4.860000072419644,0.699
4.86500007249415,0.698
4.870000072568655,0.709
4.875000072643161,0.718
4.880000072717666,0.727
4.885000072792173,0.735
4.890000072866679,0.744
4.895000072941184,0.752
4.90000007301569,0.758
4.905000073090196,0.759
4.910000073164702,0.759
4.915000073239208,0.756
4.920000073313713,0.759
4.925000073388219,0.758
4.9300000734627245,0.757
4.935000073537231,0.733
4.940000073611737,0.706
4.945000073686242,0.679
4.950000073760748,0.657
4.9550000738352535,0.641
4.96000007390976,0.625
4.965000073984266,0.612
4.970000074058771,0.594
4.975000074133277,0.579
4.980000074207783,0.563
4.985000074282289,0.556
4.990000074356795,0.551
4.9950000744313,0.545
5.000000074505806,0.545
5.005000074580312,0.544
5.010000074654818,0.545
5.015000074729324,0.546
5.020000074803829,0.561
5.025000074878335,0.581
5.030000074952841,0.6
5.035000075027347,0.618
5.040000075101853,0.636
5.045000075176358,0.652
5.050000075250864,0.669
5.05500007532537,0.681
5.060000075399876,0.693
5.065000075474382,0.706
5.070000075548887,0.697
5.075000075623393,0.684
5.080000075697899,0.671
5.085000075772405,0.664
5.090000075846911,0.665
5.0950000759214165,0.664
5.100000075995922,0.663
5.105000076070428,0.659
5.110000076144934,0.658
5.11500007621944,0.656
5.1200000762939455,0.619
5.125000076368451,0.576
5.130000076442957,0.533
5.135000076517463,0.512
5.140000076591969,0.517
5.1450000766664745,0.521
5.15000007674098,0.519
5.155000076815486,0.501
5.160000076889992,0.484
5.165000076964498,0.467
5.170000077039004,0.469
5.175000077113509,0.472
5.180000077188015,0.476
5.185000077262521,0.474
5.190000077337027,0.475
5.195000077411533,0.474
5.200000077486038,0.472
5.205000077560544,0.465
5.21000007763505,0.466
5.215000077709556,0.468
5.220000077784062,0.474
5.225000077858567,0.464
5.230000077933073,0.455
5.235000078007579,0.449
5.240000078082085,0.482
5.245000078156591,0.513
5.250000078231096,0.545
5.255000078305602,0.54
5.260000078380108,0.522
5.265000078454614,0.503
5.27000007852912,0.477
5.275000078603625,0.438
5.280000078678131,0.403
5.285000078752637,0.376
5.290000078827143,0.405
5.295000078901649,0.437
5.300000078976154,0.469
5.30500007905066,0.48
5.310000079125167,0.477
5.315000079199672,0.473
5.320000079274178,0.471
5.325000079348683,0.462
5.330000079423189,0.455
5.335000079497696,0.448
5.340000079572201,0.442
5.345000079646707,0.438
5.350000079721212,0.435
5.355000079795718,0.421
5.3600000798702245,0.41
5.36500007994473,0.4
5.370000080019236,0.403
5.375000080093741,0.404
5.380000080168247,0.407
5.385000080242754,0.409
5.390000080317259,0.383
5.395000080391765,0.358
5.4000000804662704,0.333
5.405000080540776,0.326
5.410000080615283,0.331
5.415000080689788,0.335
5.420000080764294,0.34
5.4250000808388,0.349
5.430000080913305,0.359
5.435000080987812,0.369
5.440000081062317,0.388
5.445000081136823,0.416
5.4500000812113285,0.445
5.455000081285834,0.459
5.460000081360341,0.448
5.465000081434846,0.434
5.470000081509352,0.419
5.4750000815838575,0.445
5.480000081658363,0.47
5.48500008173287,0.495
5.490000081807375,0.491
5.495000081881881,0.473
5.500000081956387,0.452
5.505000082030892,0.437
5.510000082105399,0.428
5.515000082179904,0.417
5.52000008225441,0.405
5.525000082328916,0.397
5.530000082403421,0.389
5.535000082477928,0.382
5.540000082552433,0.389
5.545000082626939,0.4
5.550000082701445,0.413
5.55500008277595,0.415
5.560000082850457,0.388
5.565000082924962,0.363
5.570000082999468,0.338
5.575000083073974,0.351
5.580000083148479,0.368
5.585000083222986,0.384
5.590000083297491,0.367
5.595000083371997,0.331
5.600000083446503,0.293
5.605000083521008,0.262
5.610000083595515,0.266
5.6150000836700205,0.269
5.620000083744526,0.273
5.625000083819032,0.256
5.630000083893537,0.233
5.635000083968044,0.209
5.6400000840425495,0.192
5.645000084117055,0.192
5.650000084191561,0.191
5.655000084266066,0.19
5.660000084340573,0.115
5.665000084415079,0.05
5.670000084489584,-0.023
5.67500008456409,-0.023
5.680000084638595,0.001
5.685000084713102,0.03
5.690000084787608,0.061
5.695000084862113,0.071
5.700000084936619,0.084
5.705000085011124,0.096
5.710000085085631,0.089
