time_min,absorb_mau
0.0,-0.017
0.0466666673620541,-0.204
0.0933333347241083,-0.209
0.1400000020861625,-0.132
0.1866666694482167,-0.177
0.2333333368102709,-0.169
0.2800000041723251,-0.157
0.3266666715343793,-0.213
0.3733333388964335,-0.246
0.4200000062584877,-0.246
0.4666666736205419,-0.238
0.5133333409825961,-0.193
0.5600000083446502,-0.108
0.6066666757067045,-0.067
0.6533333430687587,0.078
0.7000000104308128,0.889
0.746666677792867,4.034
0.7933333451549213,11.427
0.8400000125169754,24.777
0.8866666798790296,45.618
0.933333347241084,73.573
0.980000014603138,110.305
1.0266666819651922,161.616
1.0733333493272463,227.33
1.1200000166893005,299.3
1.1666666840513549,364.686
1.213333351413409,417.999
1.2600000187754632,454.362
1.3066666861375174,471.598
1.3533333534995715,474.461
1.4000000208616257,465.365
1.4466666882236798,447.867
1.493333355585734,426.596
1.5400000229477884,403.477
1.5866666903098423,380.868
1.6333333576718967,360.56
1.6800000250339509,342.694
1.726666692396005,327.072
1.7733333597580592,313.785
1.820000027120113,302.143
1.866666694482168,291.896
1.9133333618442216,283.749
1.960000029206276,276.626
2.00666669656833,270.502
2.0533333639303843,264.49
2.1000000312924385,258.282
2.1466666986544927,252.279
2.193333366016547,245.919
2.240000033378601,239.661
2.286666700740655,233.613
2.3333333681027097,227.844
2.380000035464764,222.066
2.426666702826818,215.891
2.473333370188872,209.612
2.5200000375509264,203.329
2.5666667049129805,197.454
2.6133333722750347,191.708
2.660000039637089,186.217
2.706666706999143,181.457
2.753333374361197,177.251
2.800000041723252,173.67
2.846666709085305,170.58
2.89333337644736,168.36
2.940000043809414,166.905
2.986666711171468,166.008
3.0333333785335226,165.296
3.0800000458955767,164.687
3.126666713257631,164.146
3.173333380619685,163.613
3.220000047981739,163.411
3.2666667153437934,163.168
3.3133333827058475,162.672
3.3600000500679017,162.251
3.406666717429956,161.942
3.45333338479201,161.47
3.500000052154064,161.049
3.5466667195161183,160.768
3.5933333868781725,160.442
3.640000054240226,160.175
3.686666721602281,159.856
3.733333388964336,159.606
3.7800000563263896,159.749
3.826666723688444,159.916
3.873333391050498,160.376
3.920000058412552,161.295
3.966666725774606,161.917
4.01333339313666,162.549
4.060000060498715,163.238
4.106666727860769,163.883
4.153333395222823,164.468
4.200000062584877,164.913
4.246666729946932,165.228
4.293333397308985,165.69
4.34000006467104,166.031
4.386666732033094,166.179
4.433333399395148,166.539
4.480000066757202,167.072
4.526666734119257,167.843
4.57333340148131,168.452
4.620000068843365,168.899
4.66666673620542,169.438
4.713333403567473,169.834
4.760000070929528,169.984
4.8066667382915815,169.801
4.853333405653636,169.4
4.90000007301569,168.862
4.9466667403777445,168.201
4.993333407739798,167.489
5.040000075101853,166.182
5.0866667424639065,164.566
5.133333409825961,163.306
5.180000077188015,162.094
5.226666744550069,160.877
5.273333411912123,159.665
5.320000079274178,158.267
5.366666746636232,156.695
5.413333413998286,154.797
5.460000081360341,152.571
5.506666748722394,150.196
5.553333416084449,147.875
5.600000083446503,145.481
5.646666750808557,142.818
5.693333418170611,140.307
5.740000085532666,138.205
5.786666752894719,136.512
5.833333420256774,135.301
5.880000087618828,134.532
5.926666754980882,133.848
5.973333422342936,133.498
6.020000089704991,133.364
6.066666757067045,133.161
6.113333424429099,132.834
6.1600000917911535,132.441
6.206666759153207,131.813
6.253333426515262,131.035
6.300000093877316,130.371
6.34666676123937,129.248
6.393333428601424,127.879
6.440000095963478,126.484
6.486666763325532,125.061
6.533333430687587,123.381
6.5800000980496405,121.581
6.626666765411695,119.652
6.67333343277375,117.44
6.720000100135803,115.229
6.766666767497858,112.93
6.813333434859912,110.713
6.860000102221966,108.463
6.90666676958402,106.112
6.953333436946075,103.636
7.000000104308128,101.243
7.046666771670183,99.079
7.093333439032237,96.884
7.140000106394291,94.828
7.186666773756345,93.02
7.2333334411184,91.458
7.280000108480453,89.629
7.326666775842508,87.849
7.373333443204562,86.099
7.420000110566616,84.357
7.466666777928671,82.714
7.513333445290723,81.011
7.560000112652779,79.49
7.606666780014833,77.854
7.653333447376887,76.24
7.700000114738941,74.811
7.746666782100996,73.306
7.7933334494630495,71.816
7.840000116825104,70.489
7.886666784187158,69.243
7.933333451549212,67.802
7.980000118911266,66.417
8.02666678627332,65.296
8.073333453635374,64.196
8.12000012099743,63.144
8.166666788359484,62.084
8.213333455721537,61.027
8.260000123083591,60.166
8.306666790445647,59.425
8.3533334578077,58.586
8.400000125169754,57.872
8.446666792531808,57.208
8.493333459893863,56.674
8.540000127255917,56.215
8.58666679461797,55.719
8.633333461980024,55.299
8.68000012934208,54.974
8.726666796704134,54.761
8.773333464066187,54.606
8.820000131428243,54.313
8.866666798790297,54.071
8.91333346615235,53.875
8.960000133514404,53.722
9.00666680087646,53.493
9.053333468238511,53.288
9.100000135600569,53.049
9.14666680296262,52.788
9.193333470324676,52.475
9.24000013768673,52.242
9.286666805048784,51.955
9.33333347241084,51.447
9.380000139772893,50.88
9.426666807134946,50.25
9.473333474497,49.549
9.520000141859056,48.735
9.56666680922111,47.99
9.613333476583165,47.278
9.660000143945217,46.523
9.706666811307272,45.873
9.753333478669326,45.175
9.80000014603138,44.494
9.846666813393432,43.929
9.893333480755487,43.206
9.940000148117544,42.431
9.986666815479596,41.635
10.033333482841652,40.944
10.080000150203706,40.312
10.12666681756576,39.573
10.173333484927811,38.633
10.220000152289868,37.711
10.266666819651922,36.961
10.313333487013976,36.106
10.36000015437603,35.494
10.406666821738083,34.861
10.45333348910014,34.258
10.500000156462193,33.789
10.546666823824246,33.207
10.593333491186302,32.66
10.640000158548355,32.106
10.68666682591041,31.532
10.733333493272465,31.127
10.780000160634518,30.658
10.826666827996572,30.0
10.873333495358626,29.436
10.92000016272068,29.059
10.966666830082737,28.6
11.013333497444789,28.152
11.060000164806842,27.74
11.106666832168898,27.412
11.153333499530952,26.986
11.200000166893004,26.339
11.24666683425506,25.723
11.293333501617116,25.165
11.340000168979168,24.682
11.386666836341222,24.162
11.433333503703278,23.734
11.480000171065331,23.346
11.526666838427383,23.0
11.57333350578944,22.848
11.620000173151494,22.567
11.666666840513548,22.484
11.713333507875602,22.539
11.760000175237655,22.448
11.80666684259971,22.418
11.853333509961764,22.354
11.900000177323818,22.19
11.946666844685872,22.145
11.993333512047927,22.226
12.04000017940998,22.167
12.086666846772037,22.038
12.13333351413409,21.99
12.180000181496144,22.02
12.226666848858198,21.858
12.273333516220251,21.614
12.320000183582309,21.507
12.36666685094436,21.466
12.413333518306414,21.326
12.460000185668468,21.054
12.506666853030524,20.853
12.553333520392576,20.693
12.600000187754633,20.364
12.646666855116685,20.004
12.69333352247874,19.842
12.740000189840794,19.703
12.786666857202848,19.406
12.833333524564903,19.145
12.880000191926957,18.735
12.92666685928901,18.506
12.973333526651064,18.324
13.02000019401312,18.067
13.066666861375174,17.908
13.113333528737227,17.774
13.16000019609928,17.602
13.206666863461336,17.327
13.25333353082339,16.969
13.300000198185444,16.716
13.3466668655475,16.4
13.393333532909551,16.094
13.440000200271609,15.798
13.48666686763366,15.473
13.533333534995716,15.269
13.58000020235777,15.016
13.626666869719823,14.935
13.673333537081875,14.835
13.720000204443933,14.541
13.766666871805986,14.353
13.81333353916804,14.228
13.860000206530094,14.107
13.90666687389215,13.949
13.953333541254205,13.934
14.000000208616257,13.947
14.046666875978312,13.761
14.093333543340366,13.55
14.14000021070242,13.422
14.186666878064472,13.333
14.233333545426529,13.322
14.280000212788584,13.239
14.326666880150636,13.196
14.37333354751269,13.129
14.420000214874744,13.142
14.4666668822368,13.21
14.513333549598851,13.247
14.560000216960908,13.368
14.606666884322962,13.413
14.653333551685016,13.492
14.70000021904707,13.486
14.746666886409123,13.483
14.79333355377118,13.67
14.840000221133232,13.774
14.886666888495286,13.664
14.933333555857342,13.642
14.980000223219395,13.586
15.026666890581447,13.357
15.073333557943505,13.231
15.120000225305558,13.189
15.166666892667612,13.14
15.213333560029666,12.967
15.26000022739172,12.739
15.306666894753777,12.577
15.353333562115829,12.401
15.400000229477882,12.232
15.446666896839938,12.055
15.493333564201992,11.986
15.540000231564044,11.913
15.5866668989261,11.712
15.633333566288156,11.665
15.680000233650208,11.567
15.726666901012262,11.311
15.773333568374316,11.052
15.820000235736371,10.885
15.866666903098425,10.721
15.91333357046048,10.447
15.960000237822532,10.207
16.006666905184588,10.019
16.05333357254664,9.816
16.100000239908695,9.701
16.14666690727075,9.508
16.193333574632803,9.476
16.24000024199486,9.372
16.286666909356914,9.249
16.333333576718967,9.158
16.38000024408102,8.905
16.426666911443075,8.908
16.47333357880513,8.832
16.520000246167182,8.543
16.566666913529236,8.461
16.613333580891293,8.449
16.660000248253347,8.338
16.7066669156154,8.325
16.753333582977454,8.344
16.800000250339508,8.134
16.84666691770156,7.972
16.893333585063615,7.911
16.940000252425673,7.757
16.986666919787726,7.726
17.03333358714978,7.538
17.080000254511834,7.39
17.126666921873888,7.258
17.17333358923594,7.109
17.220000256597995,6.981
17.26666692396005,6.898
17.313333591322106,6.921
17.36000025868416,6.883
17.406666926046213,6.787
17.453333593408267,6.728
17.50000026077032,6.723
17.546666928132375,6.849
17.59333359549443,7.008
17.640000262856486,7.102
17.68666693021854,7.132
17.733333597580593,7.002
17.780000264942647,6.973
17.8266669323047,7.051
17.873333599666754,7.083
17.920000267028808,7.054
17.96666693439086,7.005
18.01333360175292,7.052
18.060000269114973,7.061
18.106666936477023,7.059
18.15333360383908,7.063
18.200000271201134,6.969
18.246666938563187,6.956
18.29333360592524,6.989
18.3400002732873,6.92
18.386666940649352,6.719
18.43333360801141,6.571
18.48000027537346,6.61
18.526666942735517,6.577
18.573333610097567,6.433
18.62000027745962,6.305
18.66666694482168,6.195
18.71333361218373,6.14
18.760000279545785,6.141
18.80666694690784,6.149
18.853333614269893,6.052
18.900000281631947,6.06
18.946666948994,6.005
18.99333361635605,5.88
19.04000028371811,5.772
19.086666951080165,5.681
19.13333361844222,5.633
19.180000285804272,5.613
19.22666695316633,5.551
19.27333362052838,5.528
19.320000287890437,5.46
19.36666695525249,5.38
19.413333622614545,5.438
19.4600002899766,5.491
19.50666695733865,5.384
19.553333624700706,5.311
19.60000029206276,5.319
19.646666959424813,5.287
19.693333626786867,5.276
19.740000294148924,5.314
19.786666961510974,5.243
19.83333362887303,5.161
19.880000296235085,5.114
19.92666696359714,5.063
19.973333630959196,5.123
20.020000298321246,5.123
20.066666965683304,5.113
20.11333363304536,5.267
20.16000030040741,5.379
20.206666967769465,5.37
20.25333363513152,5.371
20.30000030249357,5.502
20.346666969855622,5.459
20.39333363721768,5.444
20.440000304579737,5.538
20.48666697194179,5.544
20.533333639303844,5.485
20.580000306665895,5.603
20.626666974027952,5.784
20.67333364139001,5.771
20.72000030875206,5.635
20.76666697611412,5.479
20.81333364347617,5.406
20.860000310838224,5.449
20.90666697820028,5.548
20.95333364556233,5.406
21.000000312924385,5.318
21.04666698028644,5.302
21.093333647648493,5.229
21.14000031501055,5.184
21.186666982372603,5.171
21.233333649734657,5.167
21.28000031709671,5.068
21.326666984458765,4.858
21.37333365182082,4.789
21.420000319182872,4.841
21.46666698654493,4.754
21.513333653906983,4.625
21.56000032126904,4.548
21.60666698863109,4.441
21.653333655993144,4.387
21.7000003233552,4.285
21.74666699071725,4.162
21.793333658079305,4.181
21.840000325441363,4.096
21.886666992803416,4.027
21.93333366016547,3.993
21.980000327527524,3.9
22.026666994889577,3.953
22.07333366225163,3.936
22.120000329613685,3.864
22.166666996975746,3.852
22.2133336643378,3.779
22.26000033169985,3.668
22.306666999061903,3.657
22.35333366642396,3.572
22.40000033378601,3.489
22.446667001148064,3.514
22.49333366851012,3.372
22.540000335872172,3.305
22.58666700323423,3.471
22.633333670596283,3.404
22.680000337958337,3.212
22.72666700532039,3.147
22.773333672682444,3.152
22.820000340044498,3.055
22.866667007406555,3.007
22.91333367476861,3.011
22.960000342130662,2.818
23.00666700949272,2.69
23.05333367685477,2.713
23.100000344216824,2.735
23.14666701157888,2.702
23.19333367894093,2.694
23.24000034630299,2.833
23.28666701366504,2.89
23.333333681027096,2.999
23.38000034838915,2.94
23.426667015751203,3.001
23.473333683113257,3.139
23.52000035047531,3.149
23.566667017837368,3.049
23.61333368519942,2.987
23.660000352561475,3.094
23.70666701992353,3.185
23.753333687285583,3.254
23.80000035464764,3.156
23.84666702200969,3.133
23.893333689371744,3.145
23.9400003567338,3.119
23.98666702409585,3.17
24.03333369145791,3.14
24.08000035881996,2.974
24.126667026182016,3.012
24.17333369354407,3.062
24.220000360906123,2.943
24.26666702826818,2.923
24.313333695630234,2.912
24.360000362992288,2.912
24.406667030354345,2.918
24.4533336977164,2.915
24.50000036507845,2.97
24.546667032440503,3.036
24.59333369980256,2.898
24.64000036716461,2.802
24.686667034526668,2.739
24.73333370188872,2.734
24.78000036925077,2.736
24.82666703661283,2.695
24.873333703974883,2.678
24.920000371336936,2.501
24.966667038698997,2.429
25.013333706061047,2.506
25.0600003734231,2.462
25.106667040785155,2.43
25.15333370814721,2.415
25.200000375509266,2.353
25.24666704287132,2.454
25.29333371023337,2.451
25.340000377595427,2.482
25.38666704495748,2.463
25.43333371231953,2.389
25.480000379681588,2.32
25.52666704704364,2.267
25.573333714405692,2.368
25.62000038176775,2.381
25.666667049129806,2.301
25.71333371649186,2.352
25.760000383853917,2.459
25.806667051215967,2.535
25.85333371857802,2.59
25.900000385940075,2.652
25.94666705330213,2.693
25.993333720664182,2.753
26.04000038802624,2.786
26.086667055388293,2.711
26.133333722750347,2.77
26.1800003901124,2.891
26.22666705747445,2.838
26.273333724836508,2.827
26.32000039219856,2.838
26.36666705956062,2.789
26.413333726922676,2.882
26.460000394284727,2.912
26.50666706164678,2.962
26.553333729008838,2.967
26.600000396370888,2.943
26.64666706373294,2.916
26.693333731095,2.803
26.74000039845705,2.681
26.786667065819103,2.708
26.83333373318116,2.706
26.880000400543214,2.654
26.926667067905267,2.617
26.97333373526732,2.616
27.02000040262937,2.716
27.066667069991432,2.718
27.11333373735349,2.688
27.16000040471554,2.549
27.206667072077597,2.427
27.253333739439647,2.395
27.3000004068017,2.362
27.346667074163754,2.275
27.39333374152581,2.156
27.440000408887865,2.178
27.48666707624992,2.174
27.533333743611973,2.109
27.580000410974023,2.005
27.62666707833608,2.028
27.67333374569813,2.204
27.720000413060188,2.162
27.766667080422245,2.108
27.8133337477843,2.107
27.860000415146352,2.034
27.90666708250841,1.944
27.95333374987046,1.913
28.000000417232517,1.87
28.046667084594567,1.807
28.093333751956624,1.788
28.14000041931868,1.746
28.18666708668073,1.571
28.233333754042786,1.588
28.28000042140484,1.655
28.326667088766893,1.669
28.373333756128947,1.747
28.420000423491,1.758
28.466667090853058,1.57
28.51333375821511,1.479
28.560000425577165,1.571
28.60666709293922,1.53
28.653333760301276,1.509
28.700000427663326,1.465
28.74666709502538,1.502
28.79333376238744,1.478
28.84000042974949,1.362
28.886667097111545,1.424
28.9333337644736,1.488
28.98000043183565,1.512
29.026667099197702,1.542
29.07333376655976,1.529
29.120000433921813,1.57
29.16666710128387,1.588
29.213333768645924,1.626
29.260000436007974,1.563
29.30666710337003,1.575
29.353333770732085,1.613
29.40000043809414,1.573
29.446667105456196,1.633
29.49333377281825,1.651
29.540000440180304,1.704
29.58666710754236,1.624
29.63333377490441,1.559
29.680000442266465,1.61
29.72666710962852,1.623
29.77333377699057,1.505
29.820000444352623,1.525
29.866667111714683,1.555
29.913333779076737,1.5
29.96000044643879,1.513
30.006667113800845,1.383
30.053333781162895,1.337
30.100000448524952,1.456
30.14666711588701,1.401
30.193333783249063,1.247
30.24000045061112,1.245
30.28666711797317,1.168
30.333333785335224,1.154
30.38000045269728,1.319
30.42666712005933,1.215
30.473333787421385,1.242
30.52000045478344,1.254
30.566667122145496,1.08
30.61333378950755,1.116
30.660000456869604,1.255
30.706667124231657,1.235
30.75333379159371,1.128
30.800000458955765,1.014
30.84666712631782,0.973
30.89333379367988,1.025
30.94000046104193,1.031
30.986667128403983,1.099
31.03333379576604,1.141
31.08000046312809,1.205
31.126667130490144,1.164
31.1733337978522,1.039
31.22000046521425,1.058
31.26666713257631,1.051
31.313333799938363,1.143
31.360000467300416,1.171
31.40666713466247,1.038
31.453333802024524,0.931
31.500000469386578,0.932
31.54666713674863,1.02
31.59333380411069,1.104
31.640000471472742,1.104
31.6866671388348,0.948
31.73333380619685,0.953
31.780000473558903,1.114
31.82666714092096,1.113
31.87333380828301,1.068
31.920000475645065,1.165
31.96666714300712,1.256
32.013333810369176,1.333
32.06000047773123,1.332
32.10666714509328,1.391
32.15333381245534,1.524
32.20000047981739,1.414
32.246667147179444,1.343
32.2933338145415,1.493
32.34000048190355,1.579
32.386667149265605,1.483
32.43333381662766,1.322
32.48000048398972,1.262
32.526667151351774,1.249
32.57333381871383,1.177
32.62000048607588,1.15
32.666667153437935,1.172
32.71333382079999,1.054
32.76000048816204,1.162
32.806667155524096,1.299
32.85333382288615,1.192
32.9000004902482,1.144
32.94666715761026,1.116
32.99333382497231,1.063
33.040000492334364,0.983
33.08666715969642,1.031
33.13333382705847,1.054
33.18000049442053,0.97
33.226667161782586,0.955
33.27333382914464,0.929
33.320000496506694,0.915
33.36666716386875,0.882
33.4133338312308,0.808
33.460000498592855,0.916
33.50666716595491,0.862
33.55333383331696,0.782
33.600000500679016,0.92
33.64666716804107,0.96
33.69333383540312,0.771
33.74000050276518,0.73
33.78666717012723,0.76
33.833333837489285,0.803
33.880000504851346,0.874
33.9266671722134,0.785
33.97333383957545,0.573
34.02000050693751,0.607
34.06666717429956,0.74
34.113333841661614,0.769
34.16000050902367,0.765
34.20666717638572,0.677
34.253333843747775,0.675
34.30000051110983,0.54
34.34666717847188,0.553
34.393333845833936,0.57
34.44000051319599,0.432
34.486667180558044,0.37
34.5333338479201,0.271
34.58000051528216,0.327
34.62666718264421,0.429
34.673333850006266,0.449
34.72000051736832,0.511
34.76666718473037,0.555
34.81333385209243,0.585
34.86000051945448,0.47
34.906667186816534,0.479
34.95333385417859,0.568
35.00000052154064,0.534
35.046667188902696,0.492
35.09333385626475,0.446
35.1400005236268,0.438
35.18666719098886,0.522
35.23333385835091,0.575
35.28000052571297,0.496
35.326667193075025,0.486
35.37333386043708,0.537
35.42000052779913,0.648
35.466667195161186,0.665
35.51333386252324,0.672
35.56000052988529,0.734
35.60666719724735,0.763
35.6533338646094,0.764
35.700000531971455,0.63
35.74666719933351,0.643
35.79333386669556,0.668
35.840000534057616,0.697
35.88666720141967,0.608
35.93333386878172,0.529
35.980000536143784,0.545
36.02666720350584,0.541
36.07333387086789,0.526
36.120000538229945,0.535
36.166667205592,0.57
36.21333387295405,0.581
36.260000540316106,0.506
36.30666720767816,0.446
36.35333387504021,0.488
36.40000054240227,0.489
36.44666720976432,0.387
36.493333877126375,0.315
36.54000054448843,0.291
36.58666721185048,0.335
36.63333387921254,0.355
36.6800005465746,0.336
36.72666721393665,0.465
36.773333881298704,0.523
36.82000054866076,0.478
36.86666721602281,0.352
36.91333388338487,0.424
36.96000055074692,0.38
37.00666721810897,0.39
37.05333388547103,0.391
37.10000055283308,0.278
37.146667220195134,0.225
37.19333388755719,0.29
37.24000055491924,0.438
37.286667222281295,0.541
37.33333388964336,0.642
37.38000055700541,0.574
37.42666722436746,0.548
37.47333389172952,0.624
37.52000055909157,0.676
37.566667226453625,0.669
37.61333389381568,0.74
37.66000056117773,0.945
37.706667228539786,0.897
37.75333389590184,0.814
37.80000056326389,0.792
37.84666723062595,0.819
37.893333897988,0.898
37.94000056535005,0.867
37.98666723271211,0.893
38.03333390007417,0.793
38.08000056743622,0.734
38.12666723479828,0.78
38.17333390216033,0.758
38.220000569522384,0.721
38.26666723688444,0.716
38.31333390424649,0.785
38.36000057160855,0.745
38.4066672389706,0.634
38.45333390633265,0.66
38.50000057369471,0.673
38.54666724105676,0.711
38.59333390841881,0.655
38.64000057578087,0.612
38.68666724314292,0.563
38.73333391050498,0.562
38.78000057786704,0.547
38.82666724522909,0.548
38.87333391259114,0.599
38.9200005799532,0.569
38.96666724731525,0.492
39.0133339146773,0.47
39.06000058203936,0.406
39.10666724940141,0.269
39.153333916763465,0.257
39.20000058412552,0.27
39.24666725148757,0.198
39.293333918849626,0.127
39.34000058621168,0.156
39.38666725357373,0.129
39.433333920935794,0.063
39.48000058829785,0.191
39.5266672556599,0.183
39.57333392302196,0.088
39.62000059038401,0.106
39.66666725774606,0.179
39.71333392510812,0.19
39.76000059247017,0.068
39.806667259832224,0.126
39.85333392719428,0.225
39.90000059455633,0.233
39.94666726191839,0.183
39.99333392928044,0.134
40.04000059664249,0.098
40.08666726400455,0.1
40.13333393136661,0.127
40.18000059872866,0.167
40.22666726609072,0.252
40.27333393345277,0.249
40.32000060081482,0.213
40.36666726817688,0.081
40.41333393553893,0.098
40.46000060290098,0.087
40.50666727026304,0.136
40.55333393762509,0.128
40.60000060498714,0.139
40.6466672723492,0.205
40.69333393971125,0.086
40.740000607073306,0.068
40.78666727443536,0.056
40.83333394179742,0.054
40.880000609159474,0.155
40.92666727652153,0.198
40.97333394388358,0.2
41.02000061124564,0.183
41.06666727860769,0.206
41.11333394596974,0.27
41.1600006133318,0.162
41.20666728069385,0.093
41.253333948055904,0.213
41.30000061541796,0.27
41.34666728278001,0.186
41.39333395014207,0.08
41.44000061750412,0.118
41.48666728486617,0.138
41.53333395222823,0.11
41.58000061959029,0.088
41.62666728695234,0.0
41.6733339543144,0.164
41.72000062167645,0.134
41.7666672890385,-0.088
41.81333395640056,-0.11
41.86000062376261,-0.029
41.90666729112466,-0.051
41.95333395848672,-0.035
42.00000062584877,-0.139
42.04666729321082,-0.106
42.09333396057288,-0.039
42.14000062793493,-0.087
42.186667295296985,0.002
42.233333962659046,-0.038
42.2800006300211,-0.085
42.32666729738315,-0.078
42.37333396474521,-0.179
42.42000063210726,-0.227
42.466667299469314,-0.153
42.51333396683137,-0.05
42.56000063419342,-0.006
42.60666730155548,-0.091
42.65333396891753,-0.156
42.70000063627958,-0.099
42.74666730364164,-0.127
42.79333397100369,-0.078
42.840000638365744,-0.016
42.8866673057278,-0.168
42.93333397308986,-0.22
42.98000064045191,-0.176
43.026667307813966,-0.152
43.07333397517602,-0.012
43.12000064253807,0.047
43.16666730990013,-0.059
43.21333397726218,-0.046
43.26000064462424,0.064
43.30666731198629,-0.057
43.35333397934834,-0.01
43.4000006467104,0.075
43.44666731407245,0.015
43.4933339814345,0.009
43.54000064879656,0.107
43.58666731615861,0.118
43.63333398352067,0.131
43.680000650882725,0.07
43.72666731824478,0.049
43.77333398560683,0.061
43.820000652968886,0.019
43.86666732033094,0.014
43.913333987692994,-0.074
43.96000065505505,-0.097
44.0066673224171,-0.026
44.05333398977916,-0.117
44.10000065714121,-0.065
44.14666732450326,-0.005
44.19333399186532,0.025
44.24000065922737,-0.035
44.28666732658942,-0.166
44.33333399395149,-0.11
44.38000066131354,-0.056
44.42666732867559,-0.091
44.473333996037645,-0.116
44.5200006633997,-0.106
44.56666733076175,-0.21
44.61333399812381,-0.343
44.66000066548586,-0.348
44.70666733284792,-0.488
44.75333400020997,-0.389
44.80000066757202,-0.156
44.84666733493408,-0.165
44.89333400229613,-0.292
44.94000066965818,-0.374
44.98666733702024,-0.337
45.0333340043823,-0.375
45.08000067174435,-0.351
45.126667339106405,-0.353
45.17333400646846,-0.409
45.22000067383051,-0.433
45.266667341192566,-0.444
45.31333400855462,-0.413
45.36000067591667,-0.353
45.40666734327873,-0.494
45.45333401064078,-0.564
45.500000678002834,-0.521
45.54666734536489,-0.596
45.59333401272694,-0.583
45.640000680089,-0.543
45.68666734745105,-0.48
45.73333401481311,-0.338
45.78000068217517,-0.394
45.82666734953722,-0.56
45.87333401689927,-0.558
