time_min,absorb_mau
0.0,0.03
0.0666666676600774,0.455
0.1333333353201548,0.722
0.2000000029802322,1.002
0.2666666706403096,0.759
0.3333333383003871,0.545
0.4000000059604645,0.546
0.4666666736205419,0.751
0.5333333412806193,0.728
0.6000000089406967,0.816
0.6666666766007742,0.977
0.7333333442608516,1.166
0.800000011920929,1.492
0.8666666795810064,1.821
0.933333347241084,1.855
1.0000000149011612,3.113
1.0666666825612383,5.501
1.133333350221316,7.606
1.2000000178813934,8.973
1.266666685541471,10.154
1.3333333532015483,10.568
1.4000000208616257,11.157
1.4666666885217032,11.443
1.5333333561817806,12.044
1.600000023841858,12.205
1.6666666915019357,12.222
1.7333333591620128,12.549
1.80000002682209,12.689
1.866666694482168,12.564
1.933333362142245,12.547
2.0000000298023224,12.75
2.0666666974624,12.519
2.133333365122477,12.616
2.200000032782554,12.971
2.266666700442632,12.838
2.3333333681027097,12.695
2.400000035762787,12.569
2.4666667034228644,12.451
2.533333371082942,12.237
2.600000038743019,12.549
2.6666667064030967,12.227
2.7333333740631742,11.718
2.800000041723252,11.738
2.866666709383329,11.767
2.9333333770434065,11.55
3.000000044703484,11.653
3.066666712363561,11.353
3.1333333800236387,11.208
3.200000047683716,10.973
3.2666667153437934,10.713
3.333333383003871,10.406
3.400000050663948,10.177
3.4666667183240256,9.49
3.533333385984103,9.156
3.6000000536441803,9.098
3.666666721304258,8.968
3.733333388964336,8.695
3.800000056624413,8.606
3.86666672428449,8.331
3.933333391944568,8.349
4.000000059604645,8.433
4.066666727264722,8.085
4.1333333949248,7.895
4.200000062584877,7.752
4.266666730244954,7.487
4.333333397905032,7.627
4.400000065565109,7.53
4.466666733225186,7.436
4.533333400885264,7.49
4.6000000685453415,7.189
4.66666673620542,7.035
4.733333403865497,6.895
4.800000071525574,6.84
4.866666739185652,6.749
4.933333406845729,6.651
5.000000074505806,6.566
5.066666742165884,6.573
5.133333409825961,6.738
5.200000077486038,6.527
5.266666745146116,6.463
5.333333412806193,6.483
5.4000000804662704,6.261
5.4666667481263485,6.195
5.533333415786426,6.056
5.600000083446503,6.075
5.666666751106581,6.176
5.733333418766658,6.234
5.800000086426735,6.012
5.866666754086813,6.118
5.93333342174689,6.174
6.000000089406967,6.136
6.066666757067045,6.121
6.133333424727122,6.363
6.200000092387199,6.787
6.266666760047277,6.722
6.3333334277073545,6.867
6.400000095367432,7.173
6.46666676302751,7.603
6.533333430687587,7.765
6.600000098347664,7.683
6.666666766007742,7.703
6.733333433667819,7.594
6.800000101327896,7.597
6.866666768987974,7.846
6.933333436648051,7.904
7.000000104308128,7.485
7.066666771968206,7.53
7.133333439628284,7.306
7.200000107288361,7.495
7.266666774948439,7.245
7.333333442608516,7.267
7.400000110268593,7.011
7.466666777928671,7.078
7.533333445588748,7.147
7.600000113248825,7.1
7.666666780908903,6.796
7.73333344856898,6.719
7.800000116229057,6.838
7.866666783889135,6.771
7.933333451549212,6.673
8.00000011920929,6.695
8.066666786869368,6.564
8.133333454529444,6.51
8.200000122189522,6.43
8.2666667898496,6.346
8.333333457509676,6.209
8.400000125169754,6.238
8.466666792829832,6.093
8.533333460489908,5.928
8.600000128149986,5.955
8.666666795810064,5.955
8.73333346347014,5.844
8.800000131130219,5.871
8.866666798790297,6.102
8.933333466450373,5.91
9.00000013411045,5.907
9.066666801770529,5.812
9.133333469430609,5.93
9.200000137090685,5.815
9.26666680475076,5.849
9.33333347241084,5.834
9.400000140070915,5.517
9.466666807730991,5.828
9.533333475391071,5.872
9.600000143051147,5.678
9.666666810711224,5.663
9.733333478371303,5.591
9.80000014603138,5.794
9.866666813691458,5.53
9.933333481351536,5.501
10.000000149011612,5.531
10.06666681667169,5.294
10.133333484331768,5.007
10.200000151991844,5.123
10.266666819651922,4.834
10.333333487312,4.895
10.400000154972076,4.735
10.466666822632154,4.884
10.533333490292232,5.006
10.600000157952309,4.629
10.666666825612388,4.521
10.733333493272465,4.461
10.80000016093254,4.566
10.86666682859262,4.382
10.933333496252695,4.369
11.000000163912771,4.404
11.066666831572851,4.27
11.13333349923293,4.173
11.200000166893004,4.065
11.266666834553083,4.022
11.33333350221316,4.198
11.400000169873238,3.997
11.466666837533316,3.846
11.533333505193394,4.008
11.60000017285347,3.855
11.666666840513548,3.999
11.733333508173626,3.945
11.800000175833702,3.697
11.86666684349378,3.614
11.933333511153858,4.007
12.000000178813934,3.945
12.066666846474012,3.948
12.13333351413409,4.088
12.200000181794168,4.346
12.266666849454245,4.353
12.333333517114324,4.458
12.4000001847744,4.29
12.466666852434477,4.154
12.533333520094557,4.099
12.600000187754633,3.99
12.666666855414707,4.167
12.733333523074789,4.371
12.800000190734863,4.249
12.86666685839494,4.208
12.93333352605502,4.187
13.000000193715096,4.045
13.066666861375174,4.045
13.133333529035252,4.238
13.200000196695328,4.187
13.266666864355406,3.915
13.333333532015484,3.931
13.40000019967556,3.716
13.466666867335638,3.749
13.533333534995716,3.82
13.600000202655792,3.78
13.66666687031587,3.352
13.733333537975948,3.442
13.800000205636024,3.615
13.866666873296102,3.45
13.93333354095618,3.702
14.000000208616257,3.456
14.066666876276336,3.389
14.133333543936413,3.334
14.200000211596487,3.049
14.266666879256569,3.283
14.333333546916643,3.159
14.40000021457672,2.996
14.4666668822368,3.133
14.533333549896875,3.124
14.600000217556952,3.297
14.666666885217031,3.122
14.73333355287711,3.331
14.800000220537186,3.251
14.866666888197264,3.333
14.933333555857342,3.427
15.000000223517418,3.369
15.066666891177496,3.323
15.133333558837574,3.382
15.20000022649765,3.383
15.266666894157728,3.241
15.333333561817806,3.4
15.400000229477882,3.466
15.46666689713796,3.201
15.533333564798038,3.04
15.600000232458116,3.325
15.666666900118193,3.175
15.73333356777827,3.053
15.800000235438349,3.152
15.866666903098425,3.081
15.933333570758505,3.091
16.00000023841858,3.228
16.066666906078655,3.17
16.133333573738735,3.04
16.20000024139881,2.799
16.266666909058888,2.834
16.333333576718967,2.927
16.400000244379044,2.792
16.46666691203912,2.965
16.5333335796992,2.945
16.600000247359276,2.859
16.666666915019352,2.506
16.733333582679432,2.889
16.800000250339508,2.719
16.866666917999584,2.555
16.933333585659664,2.3
17.00000025331974,2.463
17.066666920979817,2.482
17.133333588639896,2.437
17.200000256299973,2.474
17.26666692396005,2.495
17.33333359162013,2.38
17.400000259280205,2.476
17.46666692694028,2.47
17.53333359460036,2.343
17.600000262260437,2.252
17.666666929920513,2.652
17.733333597580593,2.424
17.80000026524067,2.421
17.866666932900745,2.391
17.933333600560825,2.335
18.0000002682209,2.421
18.066666935880978,2.406
18.133333603541057,2.44
18.200000271201134,2.283
18.266666938861214,2.228
18.33333360652129,2.226
18.40000027418137,2.332
18.46666694184145,2.287
18.53333360950152,2.317
18.6000002771616,2.277
18.66666694482168,2.264
18.733333612481758,2.298
18.80000028014183,2.078
18.86666694780191,2.197
18.933333615461983,2.309
19.000000283122063,2.078
19.066666950782142,2.1
19.13333361844222,2.329
19.20000028610229,2.226
19.26666695376237,2.171
19.33333362142245,2.185
19.400000289082527,1.969
19.466666956742607,1.942
19.533333624402683,1.777
19.60000029206276,1.843
19.66666695972284,1.914
19.733333627382915,1.877
19.80000029504299,1.85
19.86666696270307,1.95
19.933333630363148,2.075
20.000000298023224,1.935
20.066666965683304,1.991
20.13333363334338,1.787
20.200000301003456,1.821
20.266666968663536,1.862
20.33333363632361,1.963
20.40000030398369,2.031
20.466666971643768,1.921
20.533333639303844,2.034
20.60000030696392,2.069
20.666666974624,2.019
20.73333364228408,2.111
20.800000309944156,1.992
20.866666977604236,2.101
20.93333364526431,1.973
21.000000312924385,1.975
21.066666980584465,2.026
21.13333364824454,2.057
21.200000315904617,2.099
21.266666983564697,1.951
21.333333651224773,1.931
21.40000031888485,1.875
21.46666698654493,1.913
21.53333365420501,2.018
21.60000032186508,1.879
21.66666698952516,1.917
21.73333365718524,1.865
21.800000324845318,1.884
21.866666992505397,1.75
21.93333366016547,1.822
22.000000327825543,1.883
22.066666995485622,1.65
22.133333663145702,1.599
22.20000033080578,1.608
22.26666699846586,1.636
22.33333366612593,1.647
22.40000033378601,1.702
22.46666700144609,1.691
22.533333669106167,1.708
22.600000336766243,1.663
22.666667004426323,1.664
22.7333336720864,1.687
22.800000339746475,1.558
22.866667007406555,1.569
22.93333367506663,1.6
23.000000342726707,1.475
23.066667010386787,1.395
23.133333678046863,1.418
23.20000034570694,1.538
23.26666701336702,1.565
23.333333681027096,1.652
23.40000034868717,1.678
23.46666701634725,1.67
23.533333684007328,1.718
23.600000351667404,1.958
23.666667019327484,1.968
23.73333368698756,1.978
23.80000035464764,2.02
23.86666702230772,2.008
23.933333689967792,1.96
24.00000035762787,1.921
24.06666702528795,2.014
24.133333692948025,1.909
24.2000003606081,1.99
24.26666702826818,1.914
24.333333695928257,1.966
24.400000363588333,1.951
24.466667031248413,1.929
24.53333369890849,1.962
24.600000366568565,1.748
24.666667034228645,1.763
24.73333370188872,1.767
24.8000003695488,1.812
24.86666703720888,1.863
24.933333704868957,1.78
25.00000037252903,1.88
25.06666704018911,1.762
25.133333707849182,1.561
25.200000375509266,1.623
25.266667043169345,1.609
25.333333710829415,1.667
25.40000037848949,1.628
25.46666704614957,1.589
25.53333371380965,1.67
25.600000381469727,1.663
25.666667049129806,1.679
25.733333716789883,1.546
25.80000038444996,1.526
25.86666705211004,1.621
25.933333719770115,1.669
26.00000038743019,1.54
26.06666705509027,1.685
26.133333722750347,1.682
26.200000390410423,1.682
26.266667058070503,1.714
26.33333372573058,1.827
26.400000393390656,1.859
26.46666706105073,1.819
26.53333372871081,1.693
26.600000396370888,1.731
26.666667064030968,1.721
26.733333731691044,1.944
26.80000039935112,2.075
26.8666670670112,1.788
26.93333373467128,1.765
27.000000402331352,1.77
27.066667069991432,1.765
27.13333373765151,1.732
27.200000405311584,1.644
27.266667072971664,1.612
27.33333374063174,1.664
27.400000408291817,1.784
27.466667075951896,1.774
27.533333743611973,1.802
27.60000041127205,1.796
27.66666707893213,1.795
27.733333746592205,1.74
27.80000041425228,1.614
27.86666708191236,1.593
27.93333374957244,1.72
28.000000417232517,1.694
28.066667084892597,1.605
28.13333375255267,1.623
28.200000420212746,1.694
28.266667087872825,1.774
28.3333337555329,1.761
28.400000423192974,1.79
28.466667090853058,1.784
28.53333375851313,1.691
28.60000042617321,1.707
28.66666709383329,1.718
28.73333376149337,1.593
28.80000042915344,1.723
28.86666709681352,1.6
28.9333337644736,1.494
29.000000432133675,1.633
29.066667099793754,1.663
29.13333376745383,1.811
29.200000435113907,1.853
29.266667102773987,1.784
29.333333770434063,1.971
29.40000043809414,1.983
29.46666710575422,2.02
29.53333377341429,2.104
29.60000044107437,2.136
29.66666710873445,2.123
29.733333776394527,1.952
29.800000444054604,2.011
29.866667111714683,2.107
29.93333377937476,2.096
30.00000044703484,2.312
30.06666711469492,2.254
30.133333782354992,2.41
30.200000450015068,2.322
30.266667117675148,2.209
30.333333785335224,2.126
30.4000004529953,2.104
30.46666712065538,1.99
30.533333788315456,2.091
30.600000455975533,2.037
30.66666712363561,1.998
30.73333379129569,2.076
30.800000458955765,2.105
30.866667126615845,1.826
30.93333379427592,1.891
31.000000461936,1.903
31.06666712959608,1.921
31.133333797256157,2.03
31.20000046491623,2.052
31.26666713257631,1.962
31.333333800236385,2.011
31.40000046789646,2.11
31.46666713555654,2.119
31.533333803216617,1.949
31.600000470876694,1.909
31.666667138536774,1.931
31.73333380619685,1.981
31.80000047385693,1.997
31.86666714151701,1.961
31.93333380917708,2.155
32.00000047683716,1.989
32.06666714449724,2.146
32.13333381215731,2.23
32.20000047981739,2.248
32.26666714747747,2.134
32.33333381513754,2.208
32.40000048279762,2.118
32.4666671504577,2.146
32.533333818117775,2.241
32.600000485777855,2.336
32.666667153437935,2.285
32.73333382109801,2.309
32.80000048875809,2.312
32.86666715641817,2.376
32.93333382407824,2.269
33.00000049173832,2.285
33.0666671593984,2.344
33.13333382705847,2.157
33.20000049471855,2.127
33.26666716237863,2.261
33.333333830038704,2.308
33.400000497698784,2.305
33.466667165358864,2.267
33.533333833018936,2.037
33.600000500679016,2.138
33.666667168339096,2.271
33.73333383599917,2.162
33.80000050365925,2.24
33.86666717131933,2.196
33.9333338389794,2.042
34.00000050663948,2.16
34.06666717429956,2.185
34.13333384195963,2.098
34.20000050961971,2.022
34.26666717727979,2.015
34.333333844939865,2.027
34.400000512599945,1.993
34.466667180260025,1.897
34.5333338479201,1.97
34.60000051558018,1.91
34.66666718324026,1.91
34.73333385090033,2.002
34.80000051856041,1.938
34.86666718622049,2.2
34.93333385388056,2.185
35.00000052154064,2.278
35.06666718920072,2.362
35.133333856860794,2.322
35.200000524520874,2.448
35.266667192180954,2.474
35.33333385984103,2.55
35.400000527501106,2.468
35.466667195161186,2.465
35.53333386282126,2.46
35.60000053048134,2.489
35.66666719814142,2.478
35.73333386580149,2.412
35.80000053346157,2.503
35.86666720112165,2.413
35.93333386878172,2.293
36.0000005364418,2.408
36.06666720410188,2.322
36.13333387176196,2.464
36.20000053942204,2.333
36.26666720708212,2.252
36.33333387474219,2.306
36.40000054240227,2.254
36.46666721006235,2.258
36.53333387772243,2.207
36.6000005453825,2.172
36.66666721304258,2.062
36.73333388070266,2.023
36.80000054836273,2.196
36.86666721602281,1.951
36.93333388368289,2.021
37.00000055134296,2.085
37.06666721900304,2.007
37.13333388666312,1.939
37.2000005543232,2.023
37.26666722198328,1.971
37.33333388964336,1.927
37.40000055730343,1.845
37.46666722496351,1.921
37.53333389262359,2.022
37.60000056028366,1.931
37.66666722794374,2.026
37.73333389560382,1.958
37.80000056326389,1.962
37.86666723092397,1.918
37.93333389858405,2.079
38.000000566244125,2.048
38.066667233904205,2.051
38.133333901564285,2.171
38.20000056922436,2.26
38.26666723688444,2.192
38.33333390454452,2.113
38.40000057220459,2.133
38.46666723986467,2.205
38.53333390752475,2.107
38.60000057518482,1.967
38.6666672428449,2.021
38.73333391050498,2.007
38.800000578165054,2.083
38.866667245825134,2.051
38.933333913485214,1.964
39.00000058114529,1.98
39.066667248805366,2.081
39.133333916465446,1.964
39.20000058412552,1.887
39.2666672517856,1.847
39.33333391944568,1.964
39.40000058710575,1.848
39.46666725476583,1.921
39.53333392242591,1.946
39.60000059008598,1.992
39.66666725774606,2.108
39.73333392540614,2.205
39.800000593066216,2.179
39.866667260726295,2.084
39.933333928386375,2.116
40.00000059604645,2.054
40.06666726370653,1.968
40.13333393136661,2.095
40.20000059902668,2.118
40.26666726668676,1.924
40.33333393434684,2.086
40.40000060200691,1.969
40.46666726966699,1.852
40.53333393732707,1.781
40.60000060498714,1.752
40.66666727264722,1.855
40.7333339403073,1.832
40.80000060796738,1.995
40.86666727562746,2.003
40.933333943287536,1.987
41.00000061094761,2.178
41.06666727860769,2.092
41.13333394626777,2.235
41.20000061392784,2.054
41.26666728158792,2.0
41.333333949248,2.178
41.40000061690807,2.006
41.46666728456815,1.975
41.53333395222823,1.981
41.60000061988831,2.02
41.66666728754839,1.918
41.73333395520847,1.737
41.80000062286854,1.698
41.86666729052862,1.824
41.9333339581887,1.65
42.00000062584877,1.617
42.06666729350885,1.607
42.13333396116893,1.707
42.200000628829,1.764
42.26666729648908,1.712
42.33333396414916,1.557
42.40000063180924,1.486
42.466667299469314,1.427
42.533333967129394,1.35
42.60000063478947,1.364
42.66666730244955,1.342
42.733333970109626,1.326
42.8000006377697,1.149
42.86666730542978,1.28
42.93333397308986,1.285
43.00000064074993,1.136
43.06666730841001,1.058
43.13333397607009,1.05
43.20000064373016,1.24
43.26666731139024,1.064
43.33333397905032,0.972
43.4000006467104,1.038
43.46666731437048,1.164
43.53333398203056,1.17
43.60000064969063,1.232
43.66666731735071,1.104
43.73333398501079,0.838
43.80000065267086,0.889
43.86666732033094,0.99
43.93333398799102,1.026
44.00000065565109,1.314
44.06666732331117,1.358
44.13333399097125,1.395
44.200000658631325,1.325
44.266667326291405,1.142
44.33333399395149,0.944
44.40000066161156,1.096
44.46666732927164,0.92
44.53333399693172,0.937
44.60000066459179,0.965
44.66666733225187,0.901
44.73333399991195,0.835
44.80000066757202,0.863
44.8666673352321,0.846
44.93333400289218,0.854
45.000000670552254,0.779
45.06666733821233,0.784
45.13333400587241,0.801
45.200000673532486,0.661
45.266667341192566,0.706
45.333334008852646,0.733
45.40000067651272,0.663
45.4666673441728,0.536
45.53333401183288,0.573
45.60000067949295,0.598
45.66666734715303,0.465
45.73333401481311,0.446
45.80000068247318,0.499
45.86666735013326,0.543
45.93333401779334,0.467
46.000000685453415,0.515
46.066667353113495,0.484
46.13333402077357,0.404
46.20000068843365,0.372
46.26666735609373,0.428
46.33333402375381,0.482
46.40000069141388,0.349
46.46666735907396,0.487
46.53333402673404,0.404
46.60000069439411,0.471
46.66666736205419,0.423
46.73333402971427,0.449
46.80000069737434,0.414
46.86666736503442,0.554
46.9333340326945,0.41
47.000000700354576,0.415
47.066667368014656,0.501
47.133334035674736,0.401
47.20000070333481,0.311
47.26666737099489,0.49
47.33333403865497,0.378
47.40000070631504,0.415
47.46666737397512,0.266
47.5333340416352,0.305
47.60000070929527,0.245
47.66666737695535,0.236
47.73333404461543,0.123
47.80000071227551,0.19
47.86666737993559,0.215
47.93333404759567,0.314
48.00000071525574,0.253
48.06666738291582,0.273
48.1333340505759,0.14
48.20000071823597,0.081
48.26666738589605,0.1
48.33333405355613,0.131
48.4000007212162,0.139
48.46666738887628,0.116
48.53333405653636,-0.021
48.600000724196434,-0.009
48.666667391856514,0.088
48.733334059516594,0.001
48.800000727176666,-0.018
48.866667394836746,-0.015
48.933334062496826,-0.052
49.0000007301569,-0.031
49.06666739781698,-0.015
49.13333406547706,-0.123
49.20000073313713,0.05
49.26666740079721,0.066
49.33333406845729,0.043
49.40000073611736,-0.107
49.46666740377744,-0.132
49.53333407143752,-0.066
49.6000007390976,0.088
49.66666740675768,-0.051
49.73333407441776,-0.052
49.80000074207783,0.037
49.86666740973791,0.055
49.93333407739799,0.123
50.00000074505806,0.005
50.06666741271814,-0.135
50.13333408037822,-0.047
50.20000074803829,0.026
50.26666741569837,-0.048
50.33333408335845,-0.038
50.40000075101853,-0.099
50.46666741867861,-0.283
50.53333408633869,-0.153
50.60000075399876,-0.298
50.66666742165884,-0.359
50.73333408931892,-0.374
50.80000075697899,-0.361
50.86666742463907,-0.37
50.93333409229915,-0.46
51.00000075995922,-0.418
51.0666674276193,-0.411
51.13333409527938,-0.498
51.20000076293945,-0.297
51.26666743059953,-0.309
51.33333409825961,-0.195
51.400000765919685,-0.162
51.466667433579765,-0.272
51.533334101239845,-0.298
51.60000076889992,-0.183
51.66666743656,-0.24
51.73333410422008,-0.114
51.80000077188015,-0.218
51.86666743954023,-0.239
51.93333410720031,-0.421
52.00000077486038,-0.308
52.06666744252046,-0.322
52.13333411018054,-0.313
52.20000077784061,-0.065
52.26666744550069,-0.003
52.33333411316077,-0.046
52.40000078082085,-0.196
52.466667448480926,-0.131
52.533334116141006,-0.175
52.60000078380108,-0.071
52.66666745146116,-0.108
52.73333411912124,-0.116
52.80000078678131,-0.188
52.86666745444139,-0.234
52.93333412210147,-0.054
53.00000078976154,-0.109
53.06666745742162,-0.19
53.1333341250817,-0.171
53.200000792741776,-0.336
53.266667460401855,-0.3
53.333334128061935,-0.323
53.40000079572201,-0.299
53.46666746338209,-0.296
53.53333413104217,-0.318
53.60000079870224,-0.362
53.66666746636232,-0.469
53.7333341340224,-0.412
53.80000080168247,-0.467
53.86666746934255,-0.4
53.93333413700263,-0.559
54.000000804662704,-0.542
54.066667472322784,-0.493
54.133334139982864,-0.663
54.20000080764294,-0.561
54.26666747530302,-0.587
54.333334142963096,-0.499
54.40000081062317,-0.667
54.46666747828325,-0.707
54.53333414594333,-0.741
54.6000008136034,-0.907
54.66666748126348,-0.869
54.73333414892356,-0.866
54.80000081658363,-0.689
54.86666748424371,-0.796
54.93333415190379,-0.882
55.000000819563866,-0.821
55.066667487223945,-0.878
55.133334154884025,-0.839
55.2000008225441,-0.955
55.26666749020418,-1.024
55.33333415786426,-0.901
55.40000082552433,-0.782
55.46666749318441,-0.961
55.53333416084449,-0.873
55.60000082850456,-0.748
55.66666749616464,-0.736
55.73333416382472,-0.634
55.8000008314848,-0.84
55.86666749914488,-0.891
55.93333416680496,-0.819
56.00000083446503,-0.8
56.06666750212511,-0.757
56.13333416978519,-0.792
56.20000083744526,-0.837
56.26666750510534,-0.856
56.33333417276542,-0.97
56.40000084042549,-0.946
56.46666750808557,-1.064
56.53333417574565,-1.061
56.60000084340573,-0.996
56.6666675110658,-0.95
56.73333417872588,-0.826
56.80000084638596,-0.972
56.86666751404604,-0.971
56.93333418170612,-1.043
57.00000084936619,-1.125
57.06666751702627,-1.177
57.13333418468635,-1.016
57.20000085234642,-1.18
57.2666675200065,-1.199
57.33333418766658,-1.096
57.40000085532665,-1.107
57.46666752298673,-1.068
57.53333419064681,-1.205
57.600000858306885,-1.145
57.666667525966965,-1.174
57.73333419362704,-1.222
57.80000086128712,-1.192
57.8666675289472,-1.135
57.93333419660728,-1.101
58.00000086426735,-1.022
58.06666753192743,-1.001
58.13333419958751,-0.987
58.20000086724758,-0.799
58.26666753490766,-0.609
58.33333420256774,-0.681
58.40000087022781,-0.672
58.46666753788789,-0.727
58.53333420554797,-0.525
58.600000873208046,-0.714
58.666667540868126,-0.646
58.733334208528206,-0.614
58.80000087618828,-0.659
58.86666754384836,-0.832
58.93333421150844,-0.875
59.00000087916851,-0.868
59.06666754682859,-0.831
59.13333421448867,-0.902
59.20000088214874,-1.041
59.26666754980882,-1.009
59.3333342174689,-1.049
59.400000885128975,-1.084
59.466667552789055,-0.975
59.533334220449134,-1.072
59.60000088810921,-1.071
59.66666755576929,-1.104
59.73333422342937,-1.06
59.80000089108944,-1.13
59.86666755874952,-1.124
59.9333342264096,-1.087
60.00000089406967,-1.01
60.06666756172975,-1.099
60.13333422938983,-1.133
60.200000897049904,-1.108
60.266667564709984,-0.998
60.33333423237006,-1.052
60.400000900030136,-1.217
60.466667567690216,-1.113
60.533334235350296,-1.177
60.60000090301037,-1.179
60.66666757067045,-1.092
60.73333423833053,-1.135
60.8000009059906,-1.191
60.86666757365068,-1.028
60.93333424131076,-1.236
61.00000090897083,-1.084
61.06666757663091,-1.083
61.13333424429099,-1.159
61.200000911951065,-1.211
61.266667579611145,-1.141
61.333334247271225,-1.194
61.4000009149313,-1.035
61.46666758259138,-1.288
61.53333425025146,-1.294
61.60000091791153,-1.138
61.66666758557161,-1.246
61.73333425323169,-1.256
61.80000092089176,-1.286
61.86666758855184,-1.059
61.93333425621192,-1.05
62.000000923872,-1.132
62.06666759153208,-1.176
62.13333425919216,-1.167
62.20000092685223,-1.161
62.26666759451231,-1.189
62.33333426217239,-1.253
62.40000092983246,-1.262
62.46666759749254,-1.158
62.53333426515262,-1.233
62.60000093281269,-1.096
62.66666760047277,-1.135
62.73333426813285,-1.088
62.80000093579292,-1.11
62.866667603453,-1.231
62.93333427111308,-1.257
63.00000093877316,-1.425
63.06666760643324,-1.325
63.13333427409332,-1.352
63.20000094175339,-1.281
63.26666760941347,-1.376
63.33333427707355,-1.444
63.40000094473362,-1.357
63.4666676123937,-1.225
63.53333428005378,-1.303
63.60000094771385,-1.365
63.66666761537393,-1.205
63.73333428303401,-1.107
63.80000095069408,-1.091
63.86666761835416,-0.957
63.93333428601424,-1.076
64.00000095367432,-1.135
64.06666762133439,-1.255
64.13333428899448,-1.168
64.20000095665455,-1.218
64.26666762431462,-1.183
64.33333429197471,-1.15
64.40000095963478,-1.128
64.46666762729485,-1.125
64.53333429495494,-1.205
64.60000096261501,-1.193
64.66666763027509,-1.257
64.73333429793517,-1.181
64.80000096559525,-1.362
64.86666763325532,-1.317
64.9333343009154,-1.266
65.00000096857548,-1.381
65.06666763623555,-1.271
65.13333430389564,-1.297
65.20000097155571,-1.345
65.26666763921578,-1.204
65.33333430687587,-1.259
65.40000097453594,-1.136
65.46666764219601,-1.244
65.5333343098561,-1.167
65.60000097751617,-1.332
65.66666764517625,-1.219
65.73333431283633,-1.327
65.8000009804964,-1.406
65.86666764815648,-1.35
65.93333431581657,-1.408
66.00000098347664,-1.337
66.06666765113671,-1.224
66.1333343187968,-1.179
