time_min,absorb_mau
0.0,0.0
0.0166666669150193,0.017
0.0333333338300387,0.053
0.050000000745058,0.1
0.0666666676600774,0.108
0.0833333345750967,0.133
0.1000000014901161,0.163
0.1166666684051354,0.205
0.1333333353201548,0.185
0.1500000022351741,0.363
0.1666666691501935,0.725
0.1833333360652129,1.037
0.2000000029802322,1.263
0.2166666698952516,1.463
0.2333333368102709,1.505
0.2500000037252903,1.32
0.2666666706403096,1.032
0.283333337555329,0.811
0.3000000044703483,0.57
0.3166666713853677,0.44
0.3333333383003871,0.315
0.3500000052154064,0.321
0.3666666721304258,0.342
0.3833333390454451,0.35
0.4000000059604645,0.315
0.4166666728754838,0.381
0.4333333397905032,0.566
0.4500000067055225,1.163
0.4666666736205419,3.077
0.4833333405355612,7.547
0.5000000074505806,15.914
0.5166666743656,29.649
0.5333333412806193,50.565
0.5500000081956387,79.395
0.566666675110658,115.331
0.5833333420256774,157.033
0.6000000089406967,204.875
0.6166666758557161,258.393
0.6333333427707355,317.874
0.6500000096857548,383.587
0.6666666766007742,455.736
0.6833333435157936,532.019
0.7000000104308128,611.785
0.7166666773458322,694.643
0.7333333442608516,778.058
0.7500000111758709,859.113
0.7666666780908903,935.183
0.7833333450059097,1003.005
0.800000011920929,1057.022
0.8166666788359483,1095.5
0.8333333457509677,1118.418
0.850000012665987,1126.912
0.8666666795810064,1122.205
0.8833333464960258,1106.867
0.9000000134110451,1083.014
0.9166666803260644,1053.211
0.933333347241084,1019.436
0.9500000141561032,983.111
0.9666666810711224,946.26
0.983333347986142,910.087
1.0000000149011612,875.563
1.0166666818161805,841.815
1.0333333487312,812.485
1.0500000156462193,784.977
1.0666666825612383,761.248
1.083333349476258,739.036
1.100000016391277,718.767
1.1166666833062966,697.184
1.133333350221316,674.857
1.1500000171363354,649.546
1.1666666840513549,623.347
1.1833333509663742,594.571
1.2000000178813934,566.133
1.216666684796413,536.488
1.2333333517114322,508.517
1.2500000186264515,479.913
1.266666685541471,452.545
1.2833333524564905,425.901
1.3000000193715096,400.194
1.316666686286529,375.424
1.3333333532015483,352.282
1.3500000201165676,331.358
1.3666666870315871,311.708
1.3833333539466064,292.932
1.4000000208616257,275.044
1.4166666877766452,258.043
1.4333333546916645,241.226
1.4500000216066835,225.641
1.4666666885217032,211.452
1.4833333554367223,198.555
1.5000000223517418,186.626
1.5166666892667613,175.533
1.5333333561817806,165.082
1.5500000230968,155.184
1.5666666900118194,145.972
1.5833333569268386,137.524
1.600000023841858,129.75
1.6166666907568774,122.234
1.6333333576718967,115.305
1.650000024586916,108.848
1.6666666915019357,102.838
1.6833333584169548,97.084
1.700000025331974,91.802
1.7166666922469935,86.679
1.7333333591620128,82.116
1.750000026077032,77.75
1.7666666929920516,73.666
1.7833333599070709,69.707
1.80000002682209,66.219
1.8166666937371097,62.603
1.833333360652129,59.331
1.850000027567148,56.44
1.866666694482168,53.841
1.883333361397187,51.308
1.9000000283122065,48.919
1.9166666952272255,46.749
1.933333362142245,44.584
1.9500000290572643,42.562
1.966666695972284,40.708
1.983333362887303,38.987
2.0000000298023224,37.306
2.016666696717342,35.698
2.033333363632361,34.206
2.0500000305473804,32.752
2.0666666974624,31.281
2.083333364377419,29.849
2.1000000312924385,28.505
2.116666698207458,27.218
2.133333365122477,25.928
2.150000032037497,24.727
2.166666698952516,23.618
2.183333365867535,22.481
2.200000032782554,21.312
2.216666699697574,20.328
2.233333366612593,19.327
2.2500000335276127,18.425
2.266666700442632,17.575
2.283333367357652,16.795
2.3000000342726707,16.039
2.3166667011876902,15.308
2.3333333681027097,14.575
2.350000035017729,13.898
2.3666667019327483,13.288
2.383333368847768,12.723
2.400000035762787,12.19
2.4166667026778064,11.671
2.433333369592826,11.188
2.450000036507845,10.743
2.4666667034228644,10.234
2.483333370337884,9.678
2.500000037252903,9.176
2.5166667041679225,8.747
2.533333371082942,8.303
2.550000037997961,7.885
2.5666667049129805,7.573
2.583333371828,7.333
2.600000038743019,7.015
2.6166667056580386,6.634
2.633333372573058,6.333
2.650000039488077,6.062
2.6666667064030967,5.749
2.683333373318116,5.437
2.7000000402331352,5.253
2.7166667071481547,5.085
2.7333333740631742,4.867
2.7500000409781933,4.692
2.766666707893213,4.554
2.7833333748082323,4.395
2.800000041723252,4.18
2.816666708638271,4.024
2.8333333755532903,3.908
2.8500000424683094,3.765
2.866666709383329,3.615
2.8833333762983484,3.489
2.9000000432133675,3.341
2.916666710128387,3.09
2.9333333770434065,2.886
2.950000043958425,2.804
2.966666710873445,2.746
2.9833333777884645,2.702
3.000000044703484,2.7
3.016666711618503,2.714
3.0333333785335226,2.596
3.0500000454485416,2.421
3.066666712363561,2.287
3.0833333792785806,2.242
3.1000000461936,2.192
3.116666713108619,2.157
3.1333333800236387,2.159
3.1500000469386578,2.111
3.1666667138536773,2.031
3.1833333807686968,1.975
3.200000047683716,1.969
3.2166667145987358,1.863
3.233333381513755,1.819
3.250000048428774,1.784
3.2666667153437934,1.733
3.283333382258813,1.639
3.300000049173832,1.618
3.3166667160888514,1.598
3.333333383003871,1.549
3.35000004991889,1.51
3.366666716833909,1.388
3.383333383748929,1.371
3.400000050663948,1.43
3.416666717578968,1.349
3.433333384493987,1.243
3.450000051409006,1.335
3.4666667183240256,1.379
3.483333385239045,1.164
3.500000052154064,1.105
3.516666719069084,1.1
3.533333385984103,1.001
3.5500000528991222,0.9
3.5666667198141417,1.058
3.583333386729161,1.145
3.6000000536441803,1.176
3.6166667205592,1.186
3.6333333874742193,1.218
3.6500000543892384,1.101
3.666666721304258,1.127
3.683333388219277,1.046
3.700000055134296,1.003
3.716666722049316,0.968
3.733333388964336,0.906
3.7500000558793545,0.854
3.766666722794374,0.825
3.7833333897093935,0.838
3.800000056624413,0.819
3.816666723539432,0.881
3.833333390454452,0.892
3.850000057369471,1.013
3.86666672428449,1.043
3.8833333911995096,1.046
3.9000000581145287,1.038
3.916666725029548,1.037
3.933333391944568,0.948
3.9500000588595863,0.932
3.966666725774606,0.901
3.9833333926896257,0.919
4.000000059604645,0.91
4.016666726519664,0.868
4.033333393434684,0.844
4.050000060349703,0.828
4.066666727264722,0.75
4.083333394179742,0.719
4.100000061094761,0.756
4.11666672800978,0.754
4.1333333949248,0.791
4.150000061839819,0.752
4.166666728754838,0.694
4.183333395669858,0.695
4.200000062584877,0.694
4.216666729499896,0.638
4.233333396414916,0.672
4.250000063329935,0.758
4.266666730244954,0.704
4.283333397159974,0.673
4.300000064074993,0.654
4.316666730990012,0.631
4.333333397905032,0.626
4.350000064820051,0.664
4.36666673173507,0.694
4.38333339865009,0.732
4.400000065565109,0.782
4.416666732480128,0.778
4.433333399395148,0.706
4.450000066310167,0.667
4.466666733225186,0.683
4.483333400140206,0.66
4.500000067055225,0.641
4.516666733970244,0.688
4.533333400885264,0.741
4.550000067800283,0.702
4.566666734715303,0.671
4.583333401630322,0.636
4.6000000685453415,0.538
4.616666735460361,0.485
4.6333334023753805,0.477
4.6500000692904,0.415
4.66666673620542,0.38
4.683333403120439,0.433
4.700000070035458,0.483
4.716666736950478,0.451
4.733333403865497,0.472
4.750000070780516,0.535
4.766666737695536,0.524
4.783333404610555,0.465
4.800000071525574,0.437
4.816666738440594,0.441
4.833333405355613,0.366
4.850000072270632,0.359
4.866666739185652,0.375
4.883333406100671,0.417
4.90000007301569,0.437
4.91666673993071,0.473
4.933333406845729,0.46
4.950000073760748,0.43
4.966666740675768,0.391
4.983333407590787,0.323
5.000000074505806,0.317
5.016666741420826,0.334
5.033333408335845,0.355
5.050000075250864,0.273
5.066666742165884,0.271
5.083333409080903,0.204
5.100000075995922,0.176
5.116666742910942,0.101
5.133333409825961,0.1
5.15000007674098,0.075
5.166666743656,0.168
5.183333410571019,0.105
5.200000077486038,0.029
5.216666744401058,0.091
5.233333411316077,0.015
5.250000078231096,-0.029
5.266666745146116,0.028
5.283333412061135,0.097
5.300000078976154,0.058
5.316666745891174,0.048
5.333333412806193,0.003
5.350000079721212,-0.144
5.366666746636232,-0.132
5.383333413551251,-0.162
5.4000000804662704,-0.205
5.41666674738129,-0.162
5.433333414296309,-0.058
5.4500000812113285,-0.03
5.4666667481263485,0.029
5.483333415041368,0.033
5.500000081956387,0.041
5.516666748871407,0.026
5.533333415786426,0.026
5.550000082701445,0.013
5.566666749616465,0.069
5.583333416531484,0.045
5.600000083446503,-0.041
5.616666750361523,-0.108
5.633333417276542,-0.201
5.650000084191561,-0.195
5.666666751106581,-0.195
5.6833334180216,-0.144
5.700000084936619,-0.085
5.716666751851639,-0.042
5.733333418766658,-0.103
5.750000085681677,-0.152
5.766666752596697,-0.158
5.783333419511716,-0.222
5.800000086426735,-0.239
5.816666753341755,-0.209
5.833333420256774,-0.161
5.850000087171793,-0.119
5.866666754086813,-0.041
5.883333421001832,-0.053
5.900000087916851,-0.061
5.916666754831871,-0.075
5.93333342174689,-0.143
5.950000088661909,-0.226
5.966666755576929,-0.237
5.983333422491948,-0.2
6.000000089406967,-0.19
6.016666756321987,-0.163
6.033333423237006,-0.108
6.050000090152025,-0.125
6.066666757067045,-0.223
6.083333423982064,-0.258
6.100000090897083,-0.227
6.116666757812103,-0.257
6.133333424727122,-0.271
6.150000091642141,-0.215
6.166666758557161,-0.2
6.18333342547218,-0.235
6.200000092387199,-0.217
6.216666759302219,-0.18
6.233333426217238,-0.178
6.2500000931322575,-0.19
6.266666760047277,-0.198
6.2833334269622965,-0.209
6.300000093877316,-0.227
6.316666760792336,-0.199
6.3333334277073545,-0.203
6.350000094622374,-0.233
6.3666667615373935,-0.334
6.383333428452413,-0.446
6.400000095367432,-0.501
6.416666762282452,-0.541
6.433333429197471,-0.524
6.45000009611249,-0.438
6.46666676302751,-0.321
6.483333429942529,-0.288
6.500000096857548,-0.264
6.516666763772568,-0.253
6.533333430687587,-0.283
6.550000097602606,-0.311
6.566666764517626,-0.342
6.583333431432645,-0.327
6.600000098347664,-0.285
6.616666765262684,-0.246
6.633333432177703,-0.245
6.650000099092722,-0.268
6.666666766007742,-0.253
6.683333432922761,-0.176
6.70000009983778,-0.199
6.7166667667528,-0.231
6.733333433667819,-0.167
6.750000100582838,-0.176
6.766666767497858,-0.261
6.783333434412877,-0.317
6.800000101327896,-0.336
6.816666768242916,-0.332
6.833333435157935,-0.347
6.850000102072954,-0.423
6.866666768987974,-0.557
6.883333435902993,-0.482
6.900000102818012,-0.52
6.916666769733032,-0.5
6.933333436648051,-0.422
6.95000010356307,-0.251
6.96666677047809,-0.249
6.983333437393109,-0.283
7.000000104308128,-0.22
7.016666771223148,-0.39
7.033333438138167,-0.392
7.050000105053186,-0.418
7.066666771968206,-0.482
7.083333438883225,-0.588
7.1000001057982445,-0.455
7.116666772713264,-0.487
7.133333439628284,-0.547
7.150000106543303,-0.454
7.1666667734583225,-0.398
7.1833334403733415,-0.399
7.200000107288361,-0.373
7.216666774203379,-0.284
7.2333334411184,-0.321
7.250000108033419,-0.379
7.266666774948439,-0.373
7.283333441863458,-0.368
7.300000108778477,-0.365
7.316666775693497,-0.349
7.333333442608516,-0.293
7.350000109523535,-0.299
7.366666776438555,-0.312
7.383333443353574,-0.353
7.400000110268593,-0.414
7.416666777183613,-0.407
7.433333444098632,-0.391
7.450000111013651,-0.36
7.466666777928671,-0.366
7.48333344484369,-0.349
7.500000111758709,-0.354
7.516666778673729,-0.354
7.533333445588748,-0.4
7.550000112503767,-0.428
7.566666779418787,-0.425
7.583333446333806,-0.447
7.600000113248825,-0.467
7.616666780163845,-0.488
7.633333447078864,-0.473
7.650000113993883,-0.445
7.666666780908903,-0.429
7.683333447823922,-0.488
7.700000114738941,-0.539
7.716666781653961,-0.541
7.73333344856898,-0.54
7.750000115483999,-0.584
7.766666782399019,-0.633
7.783333449314038,-0.626
7.800000116229057,-0.642
7.816666783144077,-0.669
7.833333450059096,-0.625
7.850000116974115,-0.518
7.866666783889135,-0.465
7.883333450804154,-0.461
7.900000117719173,-0.431
7.916666784634193,-0.403
7.933333451549212,-0.399
7.950000118464231,-0.429
7.966666785379251,-0.424
7.9833334522942705,-0.388
8.00000011920929,-0.401
8.01666678612431,-0.406
8.033333453039328,-0.362
8.050000119954348,-0.36
8.066666786869368,-0.409
8.083333453784386,-0.445
8.100000120699406,-0.487
8.116666787614426,-0.547
8.133333454529444,-0.609
8.150000121444464,-0.686
8.166666788359484,-0.678
8.183333455274502,-0.652
8.200000122189522,-0.681
8.216666789104542,-0.696
8.23333345601956,-0.649
8.25000012293458,-0.684
8.2666667898496,-0.717
8.283333456764618,-0.738
8.300000123679638,-0.704
8.316666790594658,-0.615
8.333333457509676,-0.624
8.350000124424696,-0.634
8.366666791339716,-0.631
8.383333458254734,-0.63
8.400000125169754,-0.604
8.416666792084774,-0.519
8.433333458999792,-0.407
8.450000125914812,-0.283
8.466666792829832,-0.203
8.48333345974485,-0.308
8.50000012665987,-0.362
8.51666679357489,-0.481
8.533333460489908,-0.489
8.550000127404928,-0.436
8.566666794319948,-0.366
8.583333461234966,-0.393
8.600000128149986,-0.311
8.616666795065006,-0.429
8.633333461980024,-0.504
8.650000128895044,-0.556
8.666666795810064,-0.587
8.683333462725082,-0.63
8.700000129640102,-0.582
8.716666796555122,-0.545
8.73333346347014,-0.593
8.75000013038516,-0.559
8.76666679730018,-0.525
8.783333464215199,-0.535
8.800000131130219,-0.565
8.816666798045238,-0.529
8.833333464960257,-0.626
8.850000131875277,-0.646
8.866666798790297,-0.632
8.883333465705315,-0.679
8.900000132620335,-0.61
8.916666799535355,-0.543
8.933333466450373,-0.51
8.950000133365393,-0.472
8.966666800280413,-0.425
8.98333346719543,-0.504
9.00000013411045,-0.486
9.01666680102547,-0.512
9.033333467940489,-0.494
9.050000134855509,-0.454
9.066666801770529,-0.382
9.083333468685549,-0.391
9.100000135600569,-0.407
9.116666802515589,-0.498
9.133333469430609,-0.556
9.150000136345623,-0.613
9.166666803260645,-0.568
9.183333470175665,-0.503
9.200000137090685,-0.439
9.216666804005705,-0.385
9.233333470920725,-0.359
9.25000013783574,-0.401
9.26666680475076,-0.4
9.28333347166578,-0.353
9.3000001385808,-0.323
9.31666680549582,-0.349
9.33333347241084,-0.315
9.350000139325855,-0.299
9.366666806240875,-0.32
9.383333473155895,-0.411
9.400000140070915,-0.446
9.416666806985935,-0.441
9.433333473900955,-0.439
9.450000140815972,-0.478
9.466666807730991,-0.473
9.483333474646011,-0.397
9.500000141561031,-0.383
9.516666808476051,-0.403
9.533333475391071,-0.367
9.55000014230609,-0.313
9.56666680922111,-0.342
9.58333347613613,-0.347
9.600000143051147,-0.345
9.616666809966167,-0.397
9.633333476881187,-0.472
9.650000143796206,-0.516
9.666666810711224,-0.514
9.683333477626244,-0.555
9.700000144541264,-0.584
9.716666811456284,-0.613
9.733333478371303,-0.601
9.750000145286322,-0.605
9.766666812201342,-0.592
9.783333479116362,-0.572
9.80000014603138,-0.562
9.8166668129464,-0.535
9.83333347986142,-0.581
9.850000146776438,-0.628
9.866666813691458,-0.652
9.883333480606478,-0.596
9.900000147521496,-0.591
9.916666814436516,-0.561
9.933333481351536,-0.473
9.950000148266554,-0.392
9.966666815181574,-0.442
9.983333482096594,-0.475
10.000000149011612,-0.517
10.016666815926632,-0.619
10.033333482841652,-0.63
10.05000014975667,-0.658
10.06666681667169,-0.679
10.08333348358671,-0.653
10.100000150501728,-0.591
10.116666817416748,-0.592
10.133333484331768,-0.506
10.150000151246786,-0.446
10.166666818161806,-0.481
10.183333485076826,-0.521
10.200000151991844,-0.515
10.216666818906864,-0.519
10.233333485821884,-0.528
10.250000152736902,-0.476
10.266666819651922,-0.434
10.283333486566942,-0.547
10.30000015348196,-0.614
10.31666682039698,-0.694
10.333333487312,-0.765
10.350000154227018,-0.748
10.366666821142038,-0.823
10.383333488057058,-0.858
10.400000154972076,-0.955
10.416666821887096,-0.88
10.433333488802116,-0.849
10.450000155717134,-0.754
10.466666822632154,-0.69
10.483333489547174,-0.526
10.500000156462193,-0.639
10.516666823377212,-0.696
10.533333490292232,-0.711
10.55000015720725,-0.776
10.56666682412227,-0.747
10.58333349103729,-0.627
10.600000157952309,-0.607
10.616666824867329,-0.642
10.633333491782349,-0.631
10.650000158697368,-0.725
10.666666825612388,-0.776
10.683333492527408,-0.74
10.700000159442425,-0.639
10.716666826357445,-0.576
10.733333493272465,-0.547
10.750000160187485,-0.595
10.766666827102505,-0.584
10.783333494017525,-0.547
10.80000016093254,-0.565
10.81666682784756,-0.52
10.83333349476258,-0.397
10.8500001616776,-0.386
10.86666682859262,-0.458
10.88333349550764,-0.505
10.900000162422655,-0.435
10.916666829337675,-0.436
10.933333496252695,-0.474
10.950000163167717,-0.507
10.966666830082737,-0.466
10.983333496997757,-0.528
11.000000163912771,-0.626
11.016666830827791,-0.678
11.033333497742811,-0.738
11.050000164657831,-0.752
11.066666831572851,-0.738
11.083333498487873,-0.702
11.10000016540289,-0.637
11.11666683231791,-0.548
11.13333349923293,-0.531
11.150000166147947,-0.568
11.166666833062967,-0.592
11.183333499977987,-0.621
11.200000166893004,-0.654
11.216666833808024,-0.702
11.233333500723043,-0.747
11.250000167638063,-0.78
11.266666834553083,-0.772
11.283333501468103,-0.743
11.30000016838312,-0.682
11.31666683529814,-0.63
11.33333350221316,-0.62
11.35000016912818,-0.667
11.3666668360432,-0.757
11.38333350295822,-0.777
11.400000169873238,-0.77
11.416666836788258,-0.735
11.433333503703278,-0.671
11.450000170618296,-0.59
11.466666837533316,-0.586
11.483333504448336,-0.59
11.500000171363354,-0.551
11.516666838278374,-0.535
11.533333505193394,-0.551
11.550000172108412,-0.559
11.566666839023432,-0.595
11.583333505938452,-0.639
11.60000017285347,-0.66
11.61666683976849,-0.604
11.63333350668351,-0.583
11.650000173598528,-0.587
11.666666840513548,-0.555
11.683333507428568,-0.572
11.700000174343586,-0.673
11.716666841258606,-0.729
11.733333508173626,-0.732
11.750000175088644,-0.788
11.766666842003664,-0.761
11.783333508918684,-0.707
11.800000175833702,-0.773
11.816666842748722,-0.783
11.833333509663742,-0.787
11.85000017657876,-0.809
11.86666684349378,-0.854
11.8833335104088,-0.863
11.900000177323818,-0.82
11.916666844238838,-0.772
11.933333511153858,-0.792
11.950000178068876,-0.833
11.966666844983896,-0.784
11.983333511898916,-0.773
12.000000178813934,-0.79
12.016666845728954,-0.84
12.033333512643974,-0.778
12.050000179558992,-0.707
12.066666846474012,-0.663
12.083333513389032,-0.764
12.10000018030405,-0.707
12.11666684721907,-0.741
12.13333351413409,-0.708
12.150000181049109,-0.741
12.166666847964128,-0.682
12.183333514879148,-0.79
12.200000181794168,-0.862
12.216666848709188,-0.886
12.233333515624206,-0.92
12.250000182539225,-1.004
12.266666849454245,-0.908
12.283333516369265,-0.827
12.300000183284284,-0.802
12.316666850199304,-0.881
12.333333517114324,-0.867
12.35000018402934,-0.931
12.36666685094436,-1.024
12.38333351785938,-1.087
12.4000001847744,-1.103
12.41666685168942,-1.092
12.43333351860444,-1.027
12.450000185519457,-1.013
12.466666852434477,-1.048
12.483333519349497,-0.996
12.500000186264517,-0.938
12.516666853179537,-0.985
12.533333520094557,-0.984
12.550000187009571,-0.985
12.566666853924591,-1.001
12.583333520839613,-1.029
12.600000187754633,-1.007
12.616666854669653,-1.01
12.633333521584673,-0.999
12.650000188499687,-1.046
12.666666855414707,-1.057
12.683333522329727,-1.119
12.700000189244747,-1.109
12.716666856159769,-1.133
12.733333523074789,-1.109
12.750000189989803,-1.068
12.766666856904823,-1.068
12.783333523819843,-1.097
12.800000190734863,-1.06
12.816666857649883,-1.022
12.833333524564903,-0.989
12.85000019147992,-0.94
12.86666685839494,-0.896
12.88333352530996,-0.94
12.90000019222498,-0.987
12.91666685914,-0.978
12.93333352605502,-0.941
12.950000192970036,-0.899
12.966666859885056,-0.876
12.983333526800076,-0.836
13.000000193715096,-0.821
13.016666860630115,-0.835
13.033333527545135,-0.805
13.050000194460154,-0.728
13.066666861375174,-0.703
13.083333528290192,-0.721
13.100000195205212,-0.722
13.116666862120232,-0.799
13.133333529035252,-0.932
13.15000019595027,-0.946
13.16666686286529,-0.904
13.18333352978031,-0.986
13.200000196695328,-1.013
13.216666863610348,-0.936
13.233333530525368,-0.926
13.250000197440386,-0.994
13.266666864355406,-1.001
13.283333531270426,-0.981
13.300000198185444,-0.979
13.316666865100464,-0.98
13.333333532015484,-0.969
13.350000198930502,-0.975
13.366666865845522,-0.93
13.383333532760542,-0.925
13.40000019967556,-0.978
13.41666686659058,-0.963
13.4333335335056,-0.947
13.450000200420618,-0.961
13.466666867335638,-1.033
13.483333534250658,-0.965
13.500000201165676,-0.943
13.516666868080696,-0.876
13.533333534995716,-0.822
13.550000201910734,-0.721
13.566666868825754,-0.774
13.583333535740774,-0.789
13.600000202655792,-0.837
13.616666869570812,-0.932
13.633333536485832,-0.947
13.65000020340085,-0.93
13.66666687031587,-0.924
13.68333353723089,-0.93
13.700000204145908,-0.892
13.716666871060928,-1.03
13.733333537975948,-1.048
13.750000204890966,-1.076
13.766666871805986,-1.159
13.783333538721006,-1.2
13.800000205636024,-1.094
13.816666872551044,-1.035
13.833333539466064,-0.984
13.850000206381084,-0.902
13.866666873296102,-1.001
13.883333540211122,-0.933
13.90000020712614,-0.942
13.91666687404116,-0.99
13.93333354095618,-0.998
13.9500002078712,-0.89
13.96666687478622,-0.973
13.98333354170124,-0.952
14.000000208616257,-1.025
14.016666875531277,-1.111
14.033333542446297,-1.097
14.050000209361317,-1.092
14.066666876276336,-1.114
14.083333543191356,-1.034
14.100000210106373,-0.944
14.116666877021393,-0.892
14.133333543936413,-0.917
14.150000210851433,-0.916
14.16666687776645,-1.04
14.18333354468147,-1.143
14.200000211596487,-1.138
14.216666878511507,-1.024
14.233333545426529,-0.976
14.250000212341549,-0.885
14.266666879256569,-0.771
14.283333546171589,-0.786
14.300000213086603,-0.852
14.316666880001623,-0.955
14.333333546916643,-0.951
14.350000213831663,-0.928
14.366666880746685,-0.924
14.383333547661705,-0.928
14.40000021457672,-0.871
14.41666688149174,-0.884
14.43333354840676,-0.948
14.45000021532178,-1.013
14.4666668822368,-1.061
14.48333354915182,-1.058
14.500000216066836,-1.06
14.516666882981855,-1.026
14.533333549896875,-0.957
14.550000216811895,-0.88
14.566666883726915,-0.851
14.583333550641935,-0.838
14.600000217556952,-0.894
14.616666884471972,-0.967
14.633333551386992,-0.957
14.650000218302011,-0.927
14.666666885217031,-0.897
14.683333552132051,-0.856
14.70000021904707,-0.837
14.71666688596209,-0.869
14.73333355287711,-0.946
14.750000219792128,-1.044
14.766666886707148,-1.045
14.783333553622167,-1.013
14.800000220537186,-1.068
14.816666887452206,-1.046
14.833333554367226,-0.961
14.850000221282244,-0.954
14.866666888197264,-0.931
14.883333555112284,-0.854
14.900000222027302,-0.95
14.916666888942322,-1.074
14.933333555857342,-1.046
14.95000022277236,-1.052
14.96666688968738,-1.066
14.9833335566024,-1.004
15.000000223517418,-0.942
15.016666890432438,-0.936
15.033333557347458,-0.981
15.050000224262476,-1.001
15.066666891177496,-0.918
15.083333558092516,-0.824
15.100000225007534,-0.841
15.116666891922554,-0.878
15.133333558837574,-0.829
15.150000225752592,-0.886
15.166666892667612,-0.914
15.183333559582632,-0.934
15.20000022649765,-0.91
15.21666689341267,-1.017
15.23333356032769,-1.007
15.250000227242708,-1.004
15.266666894157728,-0.974
15.283333561072748,-1.014
15.300000227987766,-0.887
15.316666894902786,-0.871
15.333333561817806,-0.97
15.350000228732824,-1.047
15.366666895647844,-1.062
15.383333562562864,-1.071
15.400000229477882,-1.193
15.416666896392902,-1.196
15.433333563307922,-1.118
15.45000023022294,-1.044
15.46666689713796,-1.1
15.48333356405298,-1.051
15.500000230968,-0.996
15.516666897883018,-1.012
15.533333564798038,-1.045
15.550000231713057,-1.123
15.566666898628077,-1.15
15.583333565543096,-1.093
15.600000232458116,-1.093
15.616666899373136,-1.041
15.633333566288156,-0.897
15.650000233203173,-0.867
15.666666900118193,-0.88
15.683333567033213,-0.939
15.70000023394823,-0.932
15.71666690086325,-0.981
15.73333356777827,-0.894
15.750000234693289,-0.885
15.766666901608309,-0.829
15.783333568523329,-0.855
15.800000235438349,-0.871
15.816666902353369,-0.887
15.833333569268389,-0.884
15.850000236183403,-0.957
15.866666903098425,-0.96
15.883333570013445,-0.983
15.900000236928465,-1.062
15.916666903843485,-1.127
15.933333570758505,-1.133
15.95000023767352,-1.126
15.96666690458854,-1.079
15.98333357150356,-1.012
16.00000023841858,-0.972
16.016666905333597,-0.996
16.03333357224862,-0.954
16.050000239163637,-0.928
16.066666906078655,-1.012
16.083333572993677,-1.059
16.100000239908695,-1.013
16.116666906823713,-1.024
16.133333573738735,-1.06
16.150000240653753,-1.016
16.16666690756877,-0.985
16.183333574483793,-0.981
16.20000024139881,-0.946
16.21666690831383,-0.927
16.23333357522885,-0.885
16.25000024214387,-0.839
16.266666909058888,-0.847
16.28333357597391,-0.909
16.300000242888927,-0.983
16.316666909803946,-1.034
16.333333576718967,-1.075
16.350000243633986,-1.097
16.366666910549004,-1.128
16.383333577464025,-1.106
16.400000244379044,-1.071
16.41666691129406,-1.065
16.433333578209083,-1.081
16.4500002451241,-1.094
16.46666691203912,-1.077
16.48333357895414,-1.055
16.50000024586916,-1.038
16.516666912784178,-1.002
16.5333335796992,-0.924
16.550000246614218,-0.898
16.566666913529236,-0.904
16.583333580444258,-0.955
16.600000247359276,-1.002
16.616666914274294,-1.072
16.633333581189316,-1.085
16.650000248104334,-1.067
16.666666915019352,-1.031
16.683333581934374,-1.021
16.700000248849392,-1.033
16.71666691576441,-1.039
16.733333582679432,-1.156
16.75000024959445,-1.226
16.766666916509468,-1.189
16.78333358342449,-1.094
16.800000250339508,-1.048
16.816666917254526,-1.01
16.833333584169548,-0.995
16.850000251084566,-1.096
16.866666917999584,-1.162
