time_min,absorb_mau
0.0,0.0
0.1466666688521703,-0.373
0.2933333377043406,-0.391
0.4400000065565109,-0.258
0.5866666754086812,-0.348
0.7333333442608516,-0.159
0.8800000131130219,2.259
1.0266666819651922,8.095
1.1733333508173625,15.703
1.3200000196695327,22.045
1.4666666885217032,26.726
1.6133333573738735,30.333
1.7600000262260438,33.435
1.906666695078214,36.329
2.0533333639303843,39.257
2.200000032782554,41.436
2.346666701634725,43.577
2.493333370486895,45.224
2.640000039339065,47.042
2.786666708191236,47.766
2.9333333770434065,47.934
3.0800000458955767,48.083
3.226666714747747,48.903
3.3733333835999173,49.566
3.520000052452088,49.555
3.666666721304258,49.907
3.813333390156428,50.385
3.9600000590085984,50.292
4.106666727860769,49.798
4.253333396712939,49.183
4.400000065565109,48.717
4.54666673441728,48.166
4.69333340326945,46.254
4.8400000721216205,44.792
4.98666674097379,43.778
5.133333409825961,42.685
5.280000078678131,41.578
5.426666747530302,40.185
5.573333416382472,39.266
5.720000085234642,38.732
5.866666754086813,37.735
6.013333422938983,36.706
6.1600000917911535,36.012
6.306666760643323,36.388
6.453333429495494,36.657
6.600000098347664,36.034
6.746666767199835,35.222
6.893333436052004,34.504
7.040000104904175,33.909
7.186666773756345,32.597
7.333333442608516,31.708
7.480000111460685,31.402
7.626666780312856,30.994
7.773333449165027,30.009
7.920000118017197,29.395
8.066666786869368,29.001
8.213333455721537,28.614
8.360000124573707,28.263
8.506666793425879,27.604
8.653333462278049,27.061
8.800000131130219,26.478
8.946666799982388,25.807
9.09333346883456,25.257
9.24000013768673,24.804
9.3866668065389,24.567
9.533333475391071,24.445
9.68000014424324,24.024
9.826666813095413,24.165
9.97333348194758,24.179
10.120000150799752,24.352
10.266666819651922,24.321
10.413333488504092,23.925
10.560000157356262,23.813
10.706666826208432,23.923
10.853333495060603,24.193
11.000000163912771,24.211
11.146666832764945,24.396
11.293333501617116,24.598
11.440000170469284,24.853
11.586666839321454,24.553
11.733333508173626,24.133
11.880000177025796,24.394
12.026666845877966,24.425
12.173333514730135,24.39
12.320000183582309,23.915
12.466666852434477,23.536
12.613333521286648,23.834
12.760000190138816,23.519
12.906666858990988,23.499
13.053333527843158,22.992
13.200000196695328,23.17
13.3466668655475,23.427
13.49333353439967,23.435
13.64000020325184,23.505
13.786666872104009,23.943
13.93333354095618,24.22
14.08000020980835,24.401
14.22666687866052,24.534
14.37333354751269,24.733
14.520000216364862,24.612
14.666666885217031,24.087
14.8133335540692,24.433
14.960000222921373,24.737
15.106666891773544,25.005
15.253333560625713,24.86
15.400000229477882,24.735
15.546666898330054,24.987
15.693333567182224,25.219
15.840000236034394,25.012
15.986666904886564,24.197
16.133333573738735,23.918
16.280000242590905,23.527
16.426666911443075,23.266
16.573333580295245,22.522
16.720000249147414,22.141
16.866666917999584,21.874
17.013333586851758,21.745
17.160000255703928,21.389
17.306666924556097,20.955
17.453333593408267,21.098
17.600000262260437,21.065
17.746666931112607,20.794
17.893333599964777,20.464
18.04000026881695,20.565
18.18666693766912,20.754
18.33333360652129,20.231
18.48000027537346,20.12
18.62666694422563,20.272
18.7733336130778,20.331
18.92000028192997,20.34
19.066666950782142,20.428
19.213333619634312,20.061
19.36000028848648,20.258
19.50666695733865,20.057
19.653333626190825,19.76
19.80000029504299,19.613
19.94666696389516,19.312
20.09333363274733,19.323
20.240000301599505,18.907
20.386666970451675,18.873
20.533333639303844,18.616
20.68000030815601,18.753
20.826666977008184,18.495
20.973333645860357,18.253
21.120000314712524,18.167
21.266666983564697,17.88
21.413333652416867,18.104
21.56000032126904,17.719
21.706666990121207,17.899
21.853333658973376,17.759
22.000000327825543,17.922
22.14666699667772,17.567
22.29333366552989,17.34
22.44000033438206,17.463
22.58666700323423,17.648
22.7333336720864,17.488
22.88000034093857,17.379
23.02666700979074,17.238
23.17333367864291,17.024
23.32000034749508,16.82
23.46666701634725,16.287
23.61333368519942,16.222
23.76000035405159,16.503
23.90666702290376,15.984
24.05333369175593,15.258
24.2000003606081,14.813
24.34666702946027,14.788
24.49333369831244,14.613
24.64000036716461,14.183
24.786667036016784,14.154
24.933333704868957,14.172
25.080000373721123,14.326
25.226667042573293,14.21
25.373333711425463,13.954
25.520000380277637,14.046
25.666667049129806,14.164
25.813333717981976,13.919
25.960000386834142,13.525
26.10666705568632,13.603
26.25333372453849,13.747
26.400000393390656,13.797
26.546667062242825,13.862
26.693333731095,13.601
26.84000039994717,13.568
26.98666706879934,13.725
27.13333373765151,13.505
27.28000040650368,13.174
27.426667075355848,13.187
27.573333744208018,13.296
27.720000413060188,12.782
27.86666708191236,12.965
28.01333375076453,12.735
28.1600004196167,12.882
28.30666708846887,12.535
28.45333375732104,12.333
28.60000042617321,12.436
28.74666709502538,12.674
28.893333763877557,12.468
29.040000432729723,12.334
29.186667101581893,12.476
29.333333770434063,12.411
29.480000439286236,12.699
29.626667108138403,12.505
29.77333377699057,12.362
29.920000445842746,12.396
30.06666711469492,12.458
30.213333783547085,12.045
30.36000045239925,11.808
30.506667121251425,12.015
30.653333790103595,12.186
30.800000458955765,11.996
30.94666712780793,11.823
31.093333796660108,11.633
31.24000046551228,11.599
31.386667134364448,11.347
31.533333803216617,10.72
31.680000472068787,10.272
31.82666714092096,10.057
31.973333809773127,9.944
32.1200004786253,9.649
32.26666714747747,9.472
32.41333381632964,9.655
32.56000048518181,9.83
32.70666715403398,9.582
32.85333382288615,9.334
33.00000049173832,9.351
33.14666716059049,9.295
33.29333382944266,9.204
33.44000049829483,8.962
33.586667167147,9.013
33.73333383599917,9.19
33.880000504851346,9.328
34.026667173703515,9.31
34.173333842555685,9.229
34.320000511407855,9.575
34.466667180260025,9.376
34.613333849112195,9.346
34.760000517964365,9.127
34.906667186816534,9.088
35.053333855668704,9.072
35.200000524520874,8.808
35.346667193373044,8.667
35.493333862225214,8.359
35.64000053107738,8.459
35.78666719992955,8.476
35.93333386878172,8.218
36.0800005376339,8.094
36.22666720648607,8.171
36.37333387533824,8.121
36.52000054419041,8.021
36.66666721304258,8.017
36.81333388189475,8.281
36.96000055074692,8.302
37.10666721959909,8.325
37.25333388845126,8.233
37.40000055730343,8.331
37.5466672261556,8.322
37.69333389500777,8.172
37.84000056385994,8.315
37.98666723271211,8.339
38.133333901564285,8.338
38.280000570416455,8.145
38.42666723926863,7.953
38.5733339081208,7.927
38.72000057697296,7.964
38.866667245825134,7.841
39.0133339146773,7.777
39.160000583529474,7.522
39.30666725238165,7.609
39.45333392123381,7.278
39.60000059008598,7.133
39.74666725893815,6.968
39.89333392779032,6.885
40.04000059664249,6.784
40.18666726549466,6.594
40.33333393434684,6.394
40.48000060319901,6.55
40.62666727205118,6.616
40.77333394090335,6.486
40.92000060975552,6.381
41.06666727860769,6.232
41.21333394745986,6.386
41.36000061631203,6.301
41.5066672851642,6.493
41.65333395401637,6.512
41.80000062286854,6.668
41.94666729172071,6.862
42.09333396057288,6.732
42.24000062942505,6.637
42.38666729827722,6.608
42.533333967129394,6.698
42.68000063598157,6.276
42.82666730483373,6.45
42.973333973685904,6.207
43.12000064253807,6.202
43.26666731139024,6.101
43.41333398024241,6.142
43.56000064909458,5.976
43.70666731794675,6.033
43.85333398679892,6.118
44.00000065565109,5.852
44.14666732450326,5.954
44.29333399335543,6.078
44.4400006622076,6.189
44.58666733105977,6.282
44.73333399991195,6.339
44.88000066876412,6.553
45.02666733761629,6.598
45.17333400646846,6.485
45.32000067532063,6.407
45.4666673441728,6.591
45.61333401302497,6.575
45.76000068187714,6.554
45.90666735072931,6.416
46.05333401958148,6.418
46.20000068843365,6.517
46.34666735728582,6.377
46.49333402613799,6.278
46.64000069499016,6.048
46.78666736384233,6.089
46.9333340326945,5.848
47.08000070154667,5.649
47.22666737039884,5.534
47.37333403925101,5.688
47.52000070810318,5.707
47.66666737695535,5.567
47.81333404580752,5.44
47.96000071465969,5.547
48.10666738351186,5.521
48.25333405236403,5.372
48.4000007212162,5.24
48.54666739006837,5.309
48.69333405892054,5.305
48.84000072777271,5.254
48.98666739662488,5.234
49.13333406547706,5.423
49.28000073432923,5.532
49.4266674031814,5.54
49.57333407203357,5.613
49.72000074088574,5.66
49.86666740973791,5.714
50.01333407859008,5.536
50.16000074744225,5.475
50.30666741629442,5.33
50.45333408514659,5.458
50.60000075399876,5.401
50.746667422850926,5.278
50.893334091703096,5.19
51.04000076055527,5.259
51.18666742940744,5.263
51.33333409825961,5.289
51.48000076711178,5.192
51.62666743596395,5.433
51.77333410481612,5.438
51.92000077366829,5.436
52.06666744252046,5.486
52.21333411137263,5.539
52.3600007802248,5.884
52.50666744907697,5.854
52.65333411792914,5.842
52.80000078678131,5.826
52.94666745563348,5.989
53.09333412448565,6.151
53.24000079333782,6.05
53.38666746219,6.109
53.53333413104217,6.189
53.68000079989434,6.428
53.82666746874651,6.315
53.97333413759868,6.12
54.12000080645085,5.96
54.26666747530302,5.986
54.41333414415519,5.889
54.56000081300736,5.717
54.706667481859526,5.607
54.853334150711696,5.592
55.000000819563866,5.586
55.14666748841604,5.524
55.293334157268205,5.425
55.440000826120375,5.642
55.58666749497255,5.638
55.73333416382472,5.458
55.88000083267689,5.676
56.02666750152906,5.874
56.17333417038123,5.885
56.3200008392334,5.637
56.46666750808557,5.624
56.61333417693774,5.8
56.76000084578991,5.906
56.90666751464208,5.996
57.05333418349425,6.022
57.20000085234642,6.016
57.34666752119859,6.286
57.49333419005076,6.274
57.64000085890293,6.291
57.78666752775511,6.031
57.93333419660728,6.14
58.080000865459446,6.127
58.226667534311616,5.936
58.373334203163786,5.9
58.52000087201596,5.909
58.666667540868126,5.875
58.813334209720296,5.844
58.96000087857247,5.858
59.10666754742464,5.861
59.253334216276805,6.066
59.400000885128975,5.93
59.546667553981145,5.982
59.69333422283332,6.163
59.84000089168549,6.52
59.98666756053766,6.692
60.13333422938983,6.655
60.280000898242,6.888
60.42666756709417,7.16
60.57333423594634,6.997
60.72000090479851,7.089
60.86666757365068,7.125
61.01333424250285,7.077
61.16000091135502,7.367
61.30666758020719,7.322
61.45333424905936,7.154
61.60000091791153,7.136
61.7466675867637,7.206
61.89333425561587,6.999
62.04000092446804,6.762
62.186667593320216,6.545
62.33333426217239,6.51
62.48000093102456,6.373
62.626667599876725,6.233
62.773334268728895,6.218
62.920000937581065,6.384
63.06666760643324,6.382
63.213334275285405,6.295
63.360000944137575,6.371
63.506667612989744,6.54
63.65333428184192,6.503
63.80000095069408,6.614
63.946667619546254,6.537
64.09333428839842,6.591
64.2400009572506,6.657
64.38666762610276,6.755
64.53333429495494,6.917
64.6800009638071,7.024
64.82666763265928,7.108
64.97333430151144,7.228
65.12000097036362,7.051
65.26666763921578,7.188
65.41333430806796,7.309
65.56000097692014,7.422
65.7066676457723,7.266
65.85333431462448,7.038
66.00000098347664,7.213
66.14666765232882,7.244
66.29333432118098,7.164
66.44000099003316,7.024
66.58666765888532,7.073
66.7333343277375,7.114
66.88000099658966,6.929
67.02666766544183,7.132
67.173334334294,7.201
67.32000100314617,7.537
67.46666767199834,7.701
67.61333434085051,7.833
67.76000100970269,7.857
67.90666767855485,7.976
68.05333434740703,7.993
68.2000010162592,7.958
68.34666768511137,8.07
68.49333435396353,8.234
68.64000102281571,8.458
68.78666769166787,8.514
68.93333436052005,8.328
69.08000102937221,8.446
69.22666769822439,8.398
69.37333436707655,8.367
69.52000103592873,8.061
69.66666770478089,8.221
69.81333437363307,8.157
69.96000104248525,8.223
70.10666771133741,7.685
70.25333438018959,7.757
70.40000104904175,7.836
70.54666771789392,7.803
70.69333438674609,7.621
70.84000105559826,7.879
70.98666772445043,7.81
71.1333343933026,7.887
71.28000106215477,7.842
71.42666773100694,7.868
71.5733343998591,7.878
71.72000106871128,7.956
71.86666773756345,7.877
72.01333440641562,7.856
72.1600010752678,8.105
72.30666774411996,8.462
72.45333441297214,8.393
72.6000010818243,8.49
72.74666775067648,8.6
72.89333441952864,8.74
73.04000108838082,8.872
73.18666775723298,8.604
73.33333442608516,8.542
73.48000109493732,8.503
73.6266677637895,8.637
73.77333443264166,8.582
73.92000110149384,8.458
74.06666777034602,8.435
74.21333443919818,8.783
74.36000110805035,8.564
74.50666777690252,8.663
74.6533344457547,8.738
74.80000111460686,9.001
74.94666778345903,9.157
75.0933344523112,9.209
75.24000112116337,9.282
75.38666779001554,9.475
75.53333445886771,9.57
75.68000112771988,9.593
75.82666779657205,9.671
75.97333446542422,9.92
76.1200011342764,9.894
76.26666780312857,9.825
76.41333447198073,9.82
76.56000114083291,9.991
76.70666780968507,10.129
76.85333447853725,9.711
77.00000114738941,9.444
77.14666781624159,9.355
77.29333448509375,9.236
77.44000115394593,8.92
77.58666782279809,8.776
77.73333449165027,8.724
77.88000116050243,8.622
78.02666782935461,8.679
78.17333449820677,8.617
78.32000116705895,8.807
78.46666783591112,9.052
78.61333450476329,9.187
78.76000117361546,9.17
78.90666784246763,8.988
79.0533345113198,8.917
79.20000118017197,8.891
79.34666784902414,8.9
79.4933345178763,9.002
79.64000118672848,9.156
79.78666785558065,9.436
79.93333452443282,9.521
80.08000119328499,9.473
80.22666786213716,9.591
80.37333453098933,9.786
80.5200011998415,9.599
80.66666786869368,9.494
80.81333453754584,9.536
80.96000120639802,9.513
81.10666787525018,9.381
81.25333454410236,9.247
81.40000121295452,9.123
81.5466678818067,9.305
81.69333455065886,9.186
81.84000121951104,9.253
81.9866678883632,9.136
82.13333455721538,9.164
82.28000122606754,9.337
82.42666789491972,9.354
82.57333456377188,9.437
82.72000123262406,9.459
82.86666790147623,9.806
83.0133345703284,10.219
83.16000123918057,10.189
83.30666790803274,10.197
83.45333457688491,10.373
83.60000124573708,10.276
83.74666791458925,10.264
83.89333458344142,10.376
84.04000125229359,10.554
84.18666792114576,10.508
84.33333458999793,10.405
84.4800012588501,10.454
84.62666792770227,10.245
84.77333459655443,10.111
84.92000126540661,9.897
85.06666793425879,9.462
85.21333460311095,9.512
85.36000127196313,9.297
85.50666794081529,9.05
85.65333460966747,8.756
85.80000127851963,8.792
85.94666794737181,8.938
86.09333461622397,8.978
86.24000128507615,9.038
86.38666795392831,9.129
86.53333462278049,9.13
86.68000129163265,8.85
86.82666796048483,8.633
86.97333462933699,8.719
87.12000129818917,9.013
87.26666796704134,9.201
87.4133346358935,9.074
87.56000130474568,9.092
87.70666797359785,9.258
87.85333464245002,9.444
88.00000131130219,9.217
88.14666798015436,9.132
88.29333464900652,9.319
88.4400013178587,9.412
88.58666798671086,9.018
88.73333465556304,8.889
88.8800013244152,8.783
89.02666799326738,8.758
89.17333466211954,8.856
89.32000133097172,8.583
89.4666679998239,8.58
89.61333466867606,8.666
89.76000133752824,8.625
89.9066680063804,8.696
90.05333467523258,8.523
90.20000134408474,8.745
90.34666801293692,9.088
90.49333468178908,8.895
90.64000135064126,9.127
90.78666801949342,9.077
90.9333346883456,9.326
91.08000135719776,9.236
91.22666802604994,9.354
91.3733346949021,9.482
91.52000136375428,9.731
91.66666803260644,9.764
91.8133347014586,9.661
91.9600013703108,9.603
92.10666803916295,9.415
92.25333470801512,9.49
92.4000013768673,9.091
92.54666804571949,8.787
92.69333471457163,8.649
92.8400013834238,8.388
92.98666805227596,8.208
93.13333472112816,8.033
93.28000138998031,7.758
93.42666805883248,7.833
93.57333472768464,7.87
93.72000139653684,7.819
93.866668065389,7.719
94.01333473424116,7.885
94.16000140309336,7.62
94.30666807194552,7.587
94.45333474079769,7.461
94.60000140964983,7.69
94.74666807850204,7.883
94.8933347473542,8.0
95.04000141620637,7.997
95.18666808505851,8.045
95.3333347539107,8.216
95.48000142276288,8.242
95.62666809161504,8.041
95.7733347604672,8.001
95.92000142931938,7.942
96.06666809817156,7.707
96.21333476702372,7.464
96.3600014358759,7.392
96.50666810472806,7.468
96.65333477358024,7.39
96.8000014424324,7.114
96.94666811128458,7.233
97.09333478013674,7.034
97.24000144898892,7.331
97.38666811784108,7.237
97.53333478669326,7.22
97.68000145554542,7.308
97.8266681243976,7.436
97.97333479324976,7.487
98.12000146210194,7.525
98.26666813095412,7.747
98.41333479980628,7.896
98.56000146865846,7.808
98.70666813751062,7.764
98.8533348063628,7.717
99.00000147521496,7.997
99.14666814406714,7.962
99.2933348129193,7.809
99.44000148177147,7.659
99.58666815062364,7.6
99.7333348194758,7.421
99.88000148832798,7.182
100.02666815718015,6.944
100.17333482603232,6.841
100.3200014948845,6.795
100.46666816373668,6.457
100.61333483258883,6.401
100.760001501441,6.238
100.90666817029316,6.293
101.05333483914536,6.092
101.20000150799753,6.118
101.34666817684968,6.033
101.49333484570184,5.935
101.64000151455404,5.913
101.7866681834062,5.929
101.93333485225835,5.856
102.08000152111052,5.911
102.22666818996272,5.784
102.37333485881489,5.722
102.52000152766703,5.845
102.66666819651924,6.063
102.8133348653714,6.046
102.96000153422357,6.007
103.10666820307571,6.085
103.2533348719279,5.9
103.40000154078008,5.853
103.54666820963224,5.882
103.6933348784844,5.493
103.84000154733658,5.68
103.98666821618876,5.781
104.13333488504092,5.605
104.28000155389309,5.477
104.42666822274526,5.465
104.57333489159744,5.567
104.7200015604496,5.61
104.86666822930178,5.585
105.01333489815394,5.591
105.16000156700612,5.595
105.30666823585828,5.532
105.45333490471046,5.389
105.60000157356262,5.485
105.7466682424148,5.476
105.89333491126696,5.678
106.04000158011914,5.645
106.1866682489713,5.649
106.33333491782348,5.646
106.48000158667564,5.708
106.62666825552782,5.599
106.77333492438,5.737
106.92000159323216,5.587
107.06666826208432,5.539
107.2133349309365,5.419
107.36000159978867,5.266
107.50666826864084,5.305
107.653334937493,4.996
107.80000160634518,4.944
107.94666827519735,4.795
108.09333494404952,4.757
108.2400016129017,4.52
108.38666828175386,4.413
108.53333495060603,4.234
108.6800016194582,4.287
108.82666828831036,4.127
108.97333495716256,4.252
109.12000162601473,4.497
109.26666829486688,4.176
109.41333496371904,4.235
109.56000163257124,4.316
109.7066683014234,4.295
109.85333497027555,4.177
110.00000163912772,4.39
110.14666830797992,4.371
110.29333497683209,4.302
110.44000164568423,4.245
110.5866683145364,4.296
110.7333349833886,4.197
110.88000165224076,4.342
111.02666832109291,3.988
111.1733349899451,3.982
111.32000165879728,3.816
111.46666832764944,3.977
111.6133349965016,3.856
111.76000166535378,3.667
111.90666833420596,3.652
112.05333500305812,3.686
112.20000167191029,3.609
112.34666834076246,3.501
112.49333500961464,3.523
112.6400016784668,3.493
112.78666834731897,3.557
112.93333501617114,3.5
113.0800016850233,3.568
113.22666835387548,3.56
113.37333502272766,3.53
113.52000169157982,3.761
113.666668360432,3.836
113.81333502928416,3.8
113.96000169813634,3.836
114.1066683669885,3.921
114.25333503584068,3.937
114.40000170469284,3.825
114.54666837354502,3.908
114.69333504239718,3.96
114.84000171124936,3.572
114.98666838010152,3.604
115.1333350489537,3.582
115.28000171780586,3.509
115.42666838665804,3.363
115.5733350555102,3.107
115.72000172436238,2.953
115.86666839321455,3.02
116.01333506206672,2.661
116.16000173091888,2.757
116.30666839977106,2.721
116.45333506862325,2.734
116.6000017374754,2.689
116.74666840632756,2.584
116.89333507517972,2.736
117.04000174403193,2.545
117.18666841288407,2.618
117.33333508173624,2.626
117.4800017505884,2.54
117.6266684194406,2.564
117.77333508829275,2.701
117.92000175714492,2.44
118.06666842599712,2.505
118.21333509484928,2.565
118.36000176370143,2.621
118.5066684325536,2.695
118.6533351014058,2.554
118.80000177025796,2.709
118.94666843911013,2.655
119.09333510796228,2.393
119.24000177681448,2.336
119.38666844566664,2.276
119.5333351145188,2.313
119.68000178337095,2.281
119.82666845222316,2.273
119.97333512107532,2.122
120.12000178992749,2.2
120.26666845877966,2.108
120.41333512763184,2.221
120.560001796484,2.159
120.70666846533616,2.247
120.85333513418834,2.358
121.0000018030405,2.232
121.14666847189268,2.181
121.29333514074484,2.14
121.44000180959702,2.241
121.58666847844918,2.212
121.73333514730136,2.177
121.88000181615352,2.232
122.0266684850057,2.362
122.17333515385788,2.376
122.32000182271004,2.343
122.46666849156222,2.277
122.61333516041438,2.308
122.76000182926656,2.321
122.90666849811872,2.153
123.0533351669709,1.908
123.20000183582306,2.044
123.34666850467524,1.801
123.4933351735274,1.803
123.64000184237958,1.702
123.78666851123174,1.678
123.93333518008392,1.81
124.08000184893608,1.638
124.22666851778826,1.485
124.37333518664045,1.546
124.5200018554926,1.551
124.66666852434476,1.559
124.81333519319692,1.367
124.96000186204913,1.51
125.10666853090127,1.496
125.25333519975344,1.494
125.4000018686056,1.394
125.5466685374578,1.497
125.69333520630995,1.571
125.84000187516212,1.504
125.9866685440143,1.455
126.13333521286648,1.353
126.28000188171865,1.659
126.4266685505708,1.434
126.573335219423,1.502
126.72000188827516,1.235
126.86666855712733,1.228
127.01333522597947,1.26
127.16000189483168,1.302
127.30666856368384,1.125
127.453335232536,1.158
127.60000190138815,1.139
127.74666857024036,1.132
127.89333523909252,1.031
128.04000190794468,1.123
128.18666857679685,1.223
128.333335245649,1.309
128.4800019145012,1.168
128.62666858335336,1.1
128.77333525220553,1.195
128.92000192105772,1.323
129.06666858990988,1.272
129.21333525876204,1.322
129.3600019276142,1.304
129.5066685964664,1.387
129.65333526531856,1.48
129.80000193417072,1.485
129.94666860302289,1.358
130.09333527187508,1.3
130.24000194072724,1.117
130.3866686095794,1.155
130.53333527843157,1.019
130.68000194728376,0.996
130.82666861613592,0.847
130.97333528498808,0.738
131.12000195384027,0.595
131.26666862269244,0.647
131.4133352915446,0.656
131.56000196039676,0.76
131.70666862924895,0.679
131.85333529810111,0.738
132.00000196695328,0.664
132.14666863580544,0.617
132.29333530465763,0.441
132.4400019735098,0.581
132.58666864236196,0.569
132.73333531121412,0.548
132.8800019800663,0.591
133.02666864891847,0.513
133.17333531777064,0.589
133.32000198662283,0.493
133.466668655475,0.691
133.61333532432715,0.652
133.76000199317932,0.655
133.9066686620315,0.674
134.05333533088367,0.561
134.20000199973583,0.509
134.346668668588,0.37
134.4933353374402,0.479
134.64000200629235,0.501
134.7866686751445,0.363
134.93333534399667,0.361
135.0800020128489,0.414
135.22666868170103,0.423
135.3733353505532,0.423
135.52000201940538,0.514
135.66666868825754,0.537
135.8133353571097,0.636
135.96000202596187,0.518
136.10666869481406,0.531
136.25333536366622,0.453
136.4000020325184,0.577
136.54666870137055,0.567
136.69333537022274,0.52
136.8400020390749,0.586
136.98666870792707,0.664
137.13333537677923,0.535
137.28000204563142,0.775
137.42666871448358,0.62
137.57333538333577,0.67
137.72000205218794,0.49
137.8666687210401,0.579
138.01333538989226,0.249
138.16000205874442,0.339
138.30666872759662,0.346
138.45333539644878,0.208
138.60000206530094,0.117
138.7466687341531,0.124
138.8933354030053,0.114
139.04000207185746,0.065
139.18666874070962,0.077
139.33333540956178,0.062
139.48000207841395,-0.02
139.62666874726614,-0.001
139.7733354161183,0.036
139.9200020849705,-0.016
140.06666875382265,-0.011
140.21333542267482,0.059
140.36000209152698,-0.045
140.50666876037917,0.059
140.65333542923133,0.216
140.8000020980835,0.084
140.94666876693566,0.141
141.09333543578785,0.056
141.24000210464,0.0
141.38666877349218,0.192
141.53333544234434,-0.103
141.68000211119653,-0.037
141.8266687800487,-0.078
141.97333544890083,-0.047
142.12000211775305,-0.025
142.2666687866052,-0.025
142.41333545545737,0.034
142.56000212430953,-0.016
142.70666879316173,-0.073
142.8533354620139,-0.158
143.00000213086605,-0.038
143.1466687997182,-0.059
143.2933354685704,-0.118
143.44000213742257,-0.074
143.58666880627473,-0.095
143.7333354751269,-0.142
143.88000214397908,0.014
144.02666881283125,0.054
144.1733354816834,0.078
144.3200021505356,0.078
144.46666881938776,0.132
144.61333548823993,0.233
144.7600021570921,0.371
144.90666882594428,0.306
145.05333549479644,0.29
145.2000021636486,0.283
145.34666883250077,0.199
145.49333550135296,0.176
145.64000217020512,0.14
145.78666883905728,-0.07
145.93333550790948,-0.1
146.08000217676164,-0.36
146.2266688456138,-0.201
146.37333551446596,-0.383
146.52000218331816,-0.356
146.66666885217032,-0.376
146.81333552102248,-0.461
146.96000218987464,-0.56
147.10666885872683,-0.572
147.253335527579,-0.609
147.40000219643116,-0.491
147.54666886528332,-0.454
147.6933355341355,-0.537
147.84000220298768,-0.543
147.98666887183984,-0.483
148.13333554069203,-0.338
148.2800022095442,-0.347
148.42666887839636,-0.411
148.57333554724852,-0.226
148.7200022161007,-0.108
148.86666888495287,-0.146
149.01333555380504,-0.305
149.1600022226572,-0.208
149.3066688915094,-0.352
149.45333556036155,-0.299
149.60000222921371,-0.47
149.74666889806588,-0.49
149.89333556691807,-0.574
