time_min,absorb_mau
0.0,0.003
0.0016666666915019,-0.002
0.0033333333830038,-0.002
0.0050000000745058,-0.005
0.0066666667660077,-0.008
0.0083333334575096,-0.01
0.0100000001490116,-0.013
0.0116666668405135,-0.016
0.0133333335320154,-0.019
0.0150000002235174,-0.021
0.0166666669150193,-0.024
0.0183333336065212,-0.025
0.0200000002980232,-0.027
0.0216666669895251,-0.029
0.023333333681027,-0.03
0.025000000372529,-0.032
0.0266666670640309,-0.033
0.0283333337555329,-0.035
0.0300000004470348,-0.036
0.0316666671385367,-0.038
0.0333333338300387,-0.039
0.0350000005215406,-0.041
0.0366666672130425,-0.049
0.0383333339045445,-0.055
0.0400000005960464,-0.06
0.0416666672875483,-0.066
0.0433333339790503,-0.071
0.0450000006705522,-0.077
0.0466666673620541,-0.082
0.0483333340535561,-0.087
0.050000000745058,-0.093
0.0516666674365599,-0.097
0.0533333341280619,-0.099
0.0550000008195638,-0.101
0.0566666675110658,-0.104
0.0583333342025677,-0.106
0.0600000008940696,-0.109
0.0616666675855716,-0.111
0.0633333342770735,-0.114
0.0650000009685754,-0.117
0.0666666676600774,-0.119
0.0683333343515793,-0.125
0.0700000010430812,-0.135
0.0716666677345832,-0.145
0.0733333344260851,-0.155
0.075000001117587,-0.165
0.076666667809089,-0.174
0.0783333345005909,-0.184
0.0800000011920929,-0.194
0.0816666678835948,-0.204
0.0833333345750967,-0.213
0.0850000012665987,-0.219
0.0866666679581006,-0.221
0.0883333346496025,-0.226
0.0900000013411045,-0.228
0.0916666680326064,-0.23
0.0933333347241083,-0.233
0.0950000014156103,-0.235
0.0966666681071122,-0.237
0.0983333347986141,-0.239
0.1000000014901161,-0.241
0.101666668181618,-0.244
0.1033333348731199,-0.243
0.1050000015646219,-0.244
0.1066666682561238,-0.245
0.1083333349476258,-0.246
0.1100000016391277,-0.247
0.1116666683306296,-0.248
0.1133333350221316,-0.249
0.1150000017136335,-0.25
0.1166666684051354,-0.251
0.1183333350966374,-0.252
0.1200000017881393,-0.251
0.1216666684796412,-0.242
0.1233333351711432,-0.236
0.1250000018626451,-0.231
0.1266666685541471,-0.225
0.128333335245649,-0.22
0.1300000019371509,-0.214
0.1316666686286529,-0.208
0.1333333353201548,-0.203
0.1350000020116567,-0.196
0.1366666687031587,-0.188
0.1383333353946606,-0.185
0.1400000020861625,-0.178
0.1416666687776645,-0.172
0.1433333354691664,-0.166
0.1450000021606683,-0.161
0.1466666688521703,-0.155
0.1483333355436722,-0.149
0.1500000022351741,-0.143
0.1516666689266761,-0.136
0.153333335618178,-0.137
0.15500000230968,-0.132
0.1566666690011819,-0.127
0.1583333356926838,-0.122
0.1600000023841858,-0.117
0.1616666690756877,-0.112
0.1633333357671896,-0.107
0.1650000024586916,-0.102
0.1666666691501935,-0.096
0.1683333358416954,-0.091
0.1700000025331974,-0.087
0.1716666692246993,-0.084
0.1733333359162013,-0.083
0.1750000026077032,-0.082
0.1766666692992051,-0.08
0.178333335990707,-0.078
0.180000002682209,-0.077
0.1816666693737109,-0.075
0.1833333360652129,-0.073
0.1850000027567148,-0.072
0.1866666694482167,-0.067
0.1883333361397187,-0.063
0.1900000028312206,-0.061
0.1916666695227225,-0.057
0.1933333362142245,-0.054
0.1950000029057264,-0.051
0.1966666695972283,-0.048
0.1983333362887303,-0.045
0.2000000029802322,-0.042
0.2016666696717342,-0.039
0.2033333363632361,-0.038
0.205000003054738,-0.036
0.2066666697462399,-0.035
0.2083333364377419,-0.034
0.2100000031292438,-0.034
0.2116666698207458,-0.033
0.2133333365122477,-0.033
0.2150000032037496,-0.032
0.2166666698952516,-0.032
0.2183333365867535,-0.031
0.2200000032782554,-0.032
0.2216666699697574,-0.04
0.2233333366612593,-0.048
0.2250000033527612,-0.055
0.2266666700442632,-0.061
0.2283333367357651,-0.068
0.2300000034272671,-0.075
0.231666670118769,-0.082
0.2333333368102709,-0.089
0.2350000035017728,-0.096
0.2366666701932748,-0.103
0.2383333368847767,-0.107
0.2400000035762786,-0.107
0.2416666702677806,-0.108
0.2433333369592825,-0.109
0.2450000036507845,-0.11
0.2466666703422864,-0.111
0.2483333370337883,-0.112
0.2500000037252903,-0.113
0.2516666704167922,-0.114
0.2533333371082942,-0.115
0.2550000037997961,-0.119
0.256666670491298,-0.127
0.2583333371828,-0.132
0.2600000038743019,-0.137
0.2616666705658038,-0.142
0.2633333372573058,-0.147
0.2650000039488077,-0.152
0.2666666706403096,-0.157
0.2683333373318116,-0.162
0.2700000040233135,-0.164
0.2716666707148155,-0.171
0.2733333374063174,-0.174
0.2750000040978193,-0.179
0.2766666707893213,-0.184
0.2783333374808232,-0.189
0.2800000041723251,-0.195
0.2816666708638271,-0.2
0.283333337555329,-0.205
0.285000004246831,-0.21
0.2866666709383328,-0.216
0.2883333376298348,-0.22
0.2900000043213367,-0.23
0.2916666710128387,-0.237
0.2933333377043406,-0.245
0.2950000043958425,-0.252
0.2966666710873445,-0.259
0.2983333377788464,-0.266
0.3000000044703483,-0.273
0.3016666711618503,-0.28
0.3033333378533522,-0.288
0.3050000045448541,-0.298
0.3066666712363561,-0.298
0.308333337927858,-0.302
0.31000000461936,-0.306
0.3116666713108619,-0.31
0.3133333380023638,-0.314
0.3150000046938658,-0.318
0.3166666713853677,-0.322
0.3183333380768696,-0.326
0.3200000047683716,-0.329
0.3216666714598735,-0.328
0.3233333381513754,-0.319
0.3250000048428774,-0.316
0.3266666715343793,-0.311
0.3283333382258813,-0.306
0.3300000049173832,-0.301
0.3316666716088851,-0.297
0.3333333383003871,-0.292
0.335000004991889,-0.287
0.3366666716833909,-0.282
0.3383333383748929,-0.279
0.3400000050663948,-0.275
0.3416666717578968,-0.265
0.3433333384493987,-0.259
0.3450000051409006,-0.253
0.3466666718324026,-0.247
0.3483333385239044,-0.24
0.3500000052154064,-0.234
0.3516666719069083,-0.228
0.3533333385984103,-0.221
0.3550000052899122,-0.221
0.3566666719814141,-0.221
0.3583333386729161,-0.225
0.360000005364418,-0.227
0.3616666720559199,-0.229
0.3633333387474219,-0.231
0.3650000054389238,-0.234
0.3666666721304258,-0.236
0.3683333388219277,-0.238
0.3700000055134296,-0.241
0.3716666722049316,-0.243
0.3733333388964335,-0.238
0.3750000055879354,-0.232
0.3766666722794374,-0.229
0.3783333389709393,-0.225
0.3800000056624412,-0.222
0.3816666723539432,-0.218
0.3833333390454451,-0.214
0.3850000057369471,-0.211
0.386666672428449,-0.207
0.3883333391199509,-0.207
0.3900000058114529,-0.206
0.3916666725029548,-0.206
0.3933333391944567,-0.205
0.3950000058859587,-0.205
0.3966666725774606,-0.204
0.3983333392689626,-0.204
0.4000000059604645,-0.203
0.4016666726519664,-0.203
0.4033333393434684,-0.202
0.4050000060349703,-0.199
0.4066666727264722,-0.2
0.4083333394179742,-0.207
0.4100000061094761,-0.21
0.411666672800978,-0.214
0.4133333394924799,-0.218
0.4150000061839819,-0.221
0.4166666728754838,-0.225
0.4183333395669857,-0.229
0.4200000062584877,-0.232
0.4216666729499896,-0.236
0.4233333396414916,-0.239
0.4250000063329935,-0.238
0.4266666730244954,-0.239
0.4283333397159974,-0.24
0.4300000064074993,-0.241
0.4316666730990012,-0.242
0.4333333397905032,-0.243
0.4350000064820051,-0.244
0.436666673173507,-0.245
0.438333339865009,-0.244
0.4400000065565109,-0.246
0.4416666732480129,-0.249
0.4433333399395148,-0.249
0.4450000066310167,-0.249
0.4466666733225187,-0.249
0.4483333400140206,-0.249
0.4500000067055225,-0.249
0.4516666733970245,-0.249
0.4533333400885264,-0.249
0.4550000067800283,-0.247
0.4566666734715303,-0.243
0.4583333401630322,-0.241
0.4600000068545342,-0.239
0.4616666735460361,-0.236
0.463333340237538,-0.234
0.46500000692904,-0.232
0.4666666736205419,-0.229
0.4683333403120438,-0.227
0.4700000070035457,-0.224
0.4716666736950477,-0.223
0.4733333403865497,-0.225
0.4750000070780515,-0.23
0.4766666737695535,-0.231
0.4783333404610554,-0.233
0.4800000071525573,-0.235
0.4816666738440593,-0.237
0.4833333405355612,-0.239
0.4850000072270632,-0.241
0.4866666739185651,-0.243
0.488333340610067,-0.244
0.490000007301569,-0.241
0.4916666739930709,-0.231
0.4933333406845728,-0.227
0.4950000073760748,-0.223
0.4966666740675767,-0.218
0.4983333407590787,-0.213
0.5000000074505806,-0.209
0.5016666741420825,-0.204
0.5033333408335845,-0.198
0.5050000075250864,-0.195
0.5066666742165884,-0.194
0.5083333409080902,-0.191
0.5100000075995922,-0.189
0.5116666742910941,-0.188
0.5133333409825961,-0.187
0.515000007674098,-0.186
0.5166666743656,-0.184
0.5183333410571019,-0.183
0.5200000077486039,-0.181
0.5216666744401057,-0.18
0.5233333411316077,-0.166
0.5250000078231096,-0.145
0.5266666745146116,-0.126
0.5283333412061135,-0.111
0.5300000078976155,-0.092
0.5316666745891174,-0.07
0.5333333412806193,-0.056
0.5350000079721212,-0.037
0.5366666746636232,-0.015
0.5383333413551251,0.002
0.5400000080466271,0.032
0.541666674738129,0.077
0.543333341429631,0.12
0.5450000081211329,0.158
0.5466666748126348,0.189
0.5483333415041367,0.227
0.5500000081956387,0.265
0.5516666748871406,0.302
0.5533333415786426,0.348
0.5550000082701445,0.378
0.5566666749616465,0.445
0.5583333416531483,0.556
0.5600000083446502,0.651
0.5616666750361522,0.724
0.5633333417276541,0.816
0.5650000084191561,0.927
0.566666675110658,1.0
0.56833334180216,1.092
0.570000008493662,1.203
0.5716666751851638,1.294
0.5733333418766657,1.445
0.5750000085681677,1.669
0.5766666752596696,1.925
0.5783333419511716,2.141
0.5800000086426735,2.313
0.5816666753341755,2.573
0.5833333420256774,2.746
0.5850000087171793,2.962
0.5866666754086812,3.221
0.5883333421001832,3.437
0.5900000087916851,3.706
0.5916666754831871,4.235
0.593333342174689,4.661
0.595000008866191,5.091
0.5966666755576928,5.435
0.5983333422491948,5.951
0.6000000089406967,6.295
0.6016666756321987,6.725
0.6033333423237006,7.241
0.6050000090152026,7.671
0.6066666757067045,8.154
0.6083333423982065,8.963
0.6100000090897083,9.923
0.6116666757812103,10.72
0.6133333424727122,11.357
0.6150000091642142,12.153
0.6166666758557161,12.95
0.6183333425472181,13.746
0.62000000923872,14.702
0.6216666759302218,15.498
0.6233333426217238,16.304
0.6250000093132257,17.701
0.6266666760047277,19.365
0.6283333426962296,20.745
0.6300000093877316,21.849
0.6316666760792335,23.229
0.6333333427707355,24.609
0.6350000094622373,25.989
0.6366666761537393,27.646
0.6383333428452412,29.026
0.6400000095367432,30.28
0.6416666762282451,32.437
0.6433333429197471,35.02
0.645000009611249,37.159
0.6466666763027509,38.871
0.6483333429942528,41.01
0.6500000096857548,43.577
0.6516666763772567,45.288
0.6533333430687587,47.856
0.6550000097602606,49.995
0.6566666764517626,51.807
0.6583333431432645,54.948
0.6600000098347664,58.677
0.6616666765262683,61.759
0.6633333432177703,64.226
0.6650000099092722,67.309
0.6666666766007742,71.008
0.6683333432922761,73.475
0.6700000099837781,77.174
0.6716666766752799,80.257
0.6733333433667819,82.723
0.6750000100582838,87.006
0.6766666767497858,92.044
0.6783333434412877,96.21
0.6800000101327897,99.544
0.6816666768242916,103.713
0.6833333435157936,108.714
0.6850000102072954,112.049
0.6866666768987973,117.051
0.6883333435902993,121.219
0.6900000102818012,125.526
0.6916666769733032,131.019
0.6933333436648051,136.342
0.6950000103563071,141.621
0.6966666770478089,146.906
0.6983333437393109,152.192
0.7000000104308128,157.477
0.7016666771223148,161.706
0.7033333438138167,168.048
0.7050000105053187,173.334
0.7066666771968206,178.619
0.7083333438883226,183.994
0.7100000105798244,191.57
0.7116666772713264,197.817
0.7133333439628283,204.074
0.7150000106543303,209.08
0.7166666773458322,216.588
0.7183333440373342,221.594
0.7200000107288361,227.851
0.721666677420338,235.36
0.7233333441118399,241.617
0.7250000108033419,249.117
0.7266666774948438,256.214
0.7283333441863458,263.244
0.7300000108778477,270.292
0.7316666775693497,277.34
0.7333333442608516,284.387
0.7350000109523535,290.025
0.7366666776438554,298.483
0.7383333443353574,305.53
0.7400000110268593,312.578
0.7416666777183613,319.073
0.7433333444098632,328.222
0.7450000111013652,335.662
0.746666677792867,343.134
0.748333344484369,349.111
0.7500000111758709,358.077
0.7516666778673728,365.549
0.7533333445588748,373.021
0.7550000112503767,380.492
0.7566666779418787,387.964
0.7583333446333806,396.275
0.7600000113248825,403.778
0.7616666780163844,411.161
0.7633333447078864,418.586
0.7650000113993883,426.011
0.7666666780908903,433.436
0.7683333447823922,439.376
0.7700000114738942,448.285
0.771666678165396,455.71
0.773333344856898,463.135
0.7750000115483999,469.489
0.7766666782399019,477.044
0.7783333449314038,485.455
0.7800000116229058,492.494
0.7816666783144077,498.125
0.7833333450059097,506.572
0.7850000116974115,513.611
0.7866666783889135,520.65
0.7883333450804154,527.689
0.7900000117719174,534.728
0.7916666784634193,542.16
0.7933333451549213,548.851
0.7950000118464232,555.092
0.7966666785379252,561.387
0.798333345229427,567.682
0.800000011920929,573.977
0.8016666786124309,579.013
0.8033333453039329,586.567
0.8050000119954348,592.862
0.8066666786869368,599.157
0.8083333453784387,604.284
0.8100000120699405,611.324
0.8116666787614425,616.455
0.8133333454529444,621.623
0.8150000121444464,625.758
0.8166666788359483,631.96
0.8183333455274503,637.129
0.8200000122189522,642.297
0.8216666789104542,647.466
0.823333345601956,652.634
0.825000012293458,657.873
0.8266666789849599,662.43
0.8283333456764619,666.309
0.8300000123679638,670.225
0.8316666790594658,674.141
0.8333333457509677,678.057
0.8350000124424696,681.973
0.8366666791339715,685.889
0.8383333458254735,689.805
0.8400000125169754,693.721
0.8416666792084774,696.853
0.8433333458999793,700.939
0.8450000125914813,703.559
0.8466666792829832,706.201
0.8483333459744851,708.32
0.850000012665987,711.497
0.851666679357489,714.145
0.8533333460489909,716.793
0.8550000127404929,719.44
0.8566666794319948,722.088
0.8583333461234968,724.711
0.8600000128149986,726.644
0.8616666795065006,727.828
0.8633333461980025,729.03
0.8650000128895045,730.249
0.8666666795810064,731.469
0.8683333462725084,732.688
0.8700000129640103,733.908
0.8716666796555123,735.127
0.8733333463470141,736.347
0.875000013038516,737.566
0.876666679730018,738.076
0.87833334642152,737.951
0.8800000131130219,737.828
0.8816666798045238,737.721
0.8833333464960258,737.613
0.8850000131875276,737.505
0.8866666798790296,737.397
0.8883333465705315,737.311
0.8900000132620335,737.181
0.8916666799535354,737.074
0.8933333466450374,736.313
0.8950000133365393,735.085
0.8966666800280413,733.856
0.8983333467195431,732.638
0.9000000134110451,731.419
0.901666680102547,730.2
0.903333346794049,728.981
0.9050000134855508,727.762
0.9066666801770528,726.543
0.9083333468685548,725.324
0.9100000135600568,723.482
0.9116666802515586,721.237
0.9133333469430606,718.985
0.9150000136345624,716.746
0.9166666803260644,714.507
0.9183333470175664,712.268
0.9200000137090684,710.029
0.9216666804005704,708.237
0.9233333470920722,705.551
0.925000013783574,703.311
0.926666680475076,700.509
0.928333347166578,697.407
0.93000001385808,694.345
0.931666680549582,691.278
0.933333347241084,688.21
0.9350000139325856,685.143
0.9366666806240876,682.076
0.9383333473155896,679.008
0.9400000140070917,675.941
0.9416666806985936,672.873
0.9433333473900954,669.306
0.9450000140815974,665.599
0.9466666807730992,662.004
0.9483333474646012,658.381
0.9500000141561032,654.758
0.9516666808476052,651.859
0.953333347539107,647.511
0.955000014230609,644.612
0.9566666809221108,640.265
0.9583333476136128,636.641
0.9600000143051148,632.584
0.9616666809966168,629.245
0.9633333476881186,624.409
0.9650000143796206,620.378
0.9666666810711224,616.347
0.9683333477626244,613.122
0.9700000144541264,608.285
0.9716666811456284,604.254
0.9733333478371302,600.223
0.9750000145286322,596.192
0.976666681220134,591.827
0.978333347911636,587.345
0.980000014603138,583.081
0.98166668129464,578.813
0.983333347986142,574.545
0.9850000146776438,570.277
0.9866666813691456,566.009
0.9883333480606477,562.595
0.9900000147521496,557.473
0.9916666814436516,553.205
0.9933333481351536,548.699
0.9950000148266556,544.893
0.9966666815181574,539.653
0.9983333482096592,535.294
1.0000000149011612,530.936
1.0016666815926631,527.449
1.003333348284165,522.219
1.005000014975667,517.86
1.006666681667169,513.502
1.008333348358671,509.143
1.010000015050173,504.637
1.0116666817416748,499.864
1.0133333484331768,495.533
1.0150000151246787,491.215
1.0166666818161805,486.888
1.0183333485076824,482.56
1.0200000151991844,478.232
1.0216666818906863,474.77
1.0233333485821885,469.577
1.0250000152736902,465.249
1.0266666819651922,460.851
1.028333348656694,456.979
1.030000015348196,451.927
1.031666682039698,447.742
1.0333333487312,443.548
1.035000015422702,440.193
1.036666682114204,435.16
1.0383333488057058,430.966
1.0400000154972078,426.772
1.0416666821887095,422.578
1.0433333488802117,418.384
1.0450000155717134,413.82
1.0466666822632154,409.868
1.0483333489547173,405.944
1.0500000156462193,402.007
1.0516666823377212,398.069
1.0533333490292232,394.132
1.055000015720725,390.983
1.056666682412227,386.258
1.058333349103729,382.321
1.060000015795231,378.384
1.061666682486733,374.834
1.0633333491782349,370.398
1.0650000158697368,366.75
1.0666666825612383,363.086
1.0683333492527405,360.156
1.0700000159442424,355.759
1.0716666826357444,352.096
1.0733333493272463,348.432
1.0750000160187485,344.768
1.0766666827102502,341.105
1.0783333494017522,337.043
1.080000016093254,333.601
1.081666682784756,330.22
1.083333349476258,326.809
1.08500001616776,323.399
1.086666682859262,319.989
1.088333349550764,317.26
1.0900000162422658,313.168
1.0916666829337676,309.758
1.0933333496252695,306.348
1.0950000163167717,303.387
1.0966666830082734,299.505
1.0983333496997754,296.46
1.100000016391277,293.388
1.1016666830827793,290.931
1.1033333497742812,287.245
1.1050000164657832,284.173
1.1066666831572851,281.102
1.108333349848787,278.03
1.110000016540289,274.958
1.111666683231791,271.614
1.113333349923293,268.681
1.1150000166147949,265.881
1.1166666833062966,263.061
1.1183333499977983,260.242
1.1200000166893005,257.422
1.1216666833808024,255.166
1.1233333500723044,251.783
1.1250000167638063,248.963
1.1266666834553083,246.143
1.1283333501468102,243.751
1.1300000168383122,240.28
1.131666683529814,237.635
1.133333350221316,234.975
1.135000016912818,232.848
1.13666668360432,229.656
1.138333350295822,226.996
1.140000016987324,224.337
1.1416666836788258,221.677
1.1433333503703276,219.017
1.1450000170618295,216.197
1.1466666837533317,213.505
1.1483333504448334,211.041
1.1500000171363354,208.559
1.151666683827837,206.077
1.1533333505193393,203.595
1.1550000172108412,201.114
1.1566666839023432,198.632
1.1583333505938451,196.15
1.160000017285347,193.668
1.161666683976849,191.654
1.163333350668351,188.672
1.165000017359853,186.509
1.1666666840513549,184.338
1.1683333507428566,182.6
1.1700000174343586,179.994
1.1716666841258605,177.822
1.1733333508173625,175.65
1.1750000175088644,173.478
1.1766666842003664,171.306
1.1783333508918683,169.082
1.1800000175833705,166.868
1.1816666842748722,164.894
1.1833333509663742,162.921
1.185000017657876,160.948
1.186666684349378,158.974
1.18833335104088,157.001
1.190000017732382,155.028
1.191666684423884,153.055
1.1933333511153856,151.082
1.1950000178068876,149.503
1.1966666844983895,147.032
1.1983333511898917,145.287
1.2000000178813934,143.544
1.2016666845728954,142.145
1.203333351264397,140.047
1.2050000179558993,138.299
1.2066666846474012,136.55
1.2083333513389032,134.801
1.2100000180304051,133.053
1.211666684721907,131.304
1.213333351413409,129.488
1.215000018104911,128.013
1.216666684796413,126.544
1.2183333514879149,125.07
1.2200000181794166,123.595
1.2216666848709186,122.121
1.2233333515624203,120.646
1.2250000182539225,119.172
1.2266666849454244,117.698
1.2283333516369264,116.223
1.2300000183284283,114.643
1.2316666850199305,113.381
1.2333333517114322,112.134
1.2350000184029342,110.878
1.236666685094436,109.622
1.238333351785938,108.366
1.24000001847744,107.11
1.241666685168942,106.105
1.2433333518604437,104.598
1.2450000185519456,103.342
1.2466666852434476,101.975
1.2483333519349495,100.841
1.2500000186264515,99.71
1.2516666853179534,98.578
1.2533333520094554,97.445
1.2550000187009571,96.313
1.2566666853924593,95.18
1.2583333520839612,94.047
1.2600000187754632,92.915
1.2616666854669651,91.782
1.263333352158467,90.54
1.265000018849969,89.515
1.266666685541471,88.507
1.2683333522329727,87.492
1.270000018924475,86.477
1.2716666856159766,85.462
1.2733333523074786,84.447
1.2750000189989803,83.432
1.2766666856904825,82.417
1.2783333523819844,81.402
1.2800000190734864,80.312
1.2816666857649883,79.383
1.2833333524564905,78.501
1.2850000191479922,77.611
1.2866666858394942,76.722
1.288333352530996,75.833
1.290000019222498,74.944
1.291666685914,74.054
1.2933333526055018,73.165
1.2950000192970037,72.276
1.2966666859885057,71.331
1.2983333526800076,70.481
1.3000000193715096,69.683
1.3016666860630115,68.882
1.3033333527545137,68.081
1.3050000194460154,67.279
1.3066666861375174,66.478
1.3083333528290193,65.677
1.3100000195205213,64.876
1.3116666862120232,64.074
1.3133333529035252,63.233
1.315000019595027,62.47
1.316666686286529,61.775
1.3183333529780308,61.078
1.3200000196695327,60.381
1.321666686361035,59.685
1.3233333530525366,58.988
1.3250000197440386,58.291
1.3266666864355403,57.594
1.3283333531270425,56.898
1.3300000198185444,56.18
1.3316666865100464,55.495
1.3333333532015483,54.884
1.3350000198930505,54.273
1.3366666865845522,53.663
1.3383333532760542,53.053
1.340000019967556,52.443
1.341666686659058,51.833
1.3433333533505598,51.222
1.3450000200420618,50.612
1.3466666867335635,49.985
1.3483333534250657,49.364
1.3500000201165676,48.825
1.3516666868080696,48.288
1.3533333534995715,47.749
1.3550000201910737,47.211
1.3566666868825754,46.672
1.3583333535740774,46.134
1.360000020265579,45.595
1.3616666869570813,45.056
1.3633333536485832,44.512
1.3650000203400852,43.947
1.3666666870315871,43.474
1.3683333537230888,43.001
1.3700000204145908,42.525
1.3716666871060927,42.049
1.3733333537975947,41.573
1.3750000204890966,41.097
1.3766666871805986,40.621
1.3783333538721003,40.145
1.3800000205636025,39.67
1.3816666872551044,39.155
1.3833333539466064,38.724
1.3850000206381083,38.295
1.3866666873296103,37.865
1.3883333540211122,37.434
1.3900000207126142,37.004
1.391666687404116,36.574
1.393333354095618,36.143
1.3950000207871198,35.713
1.3966666874786218,35.283
1.3983333541701235,34.835
1.4000000208616257,34.462
1.4016666875531276,34.096
1.4033333542446296,33.727
1.4050000209361315,33.358
1.4066666876276337,32.989
1.4083333543191354,32.621
1.4100000210106374,32.252
1.411666687702139,31.883
1.4133333543936413,31.514
1.4150000210851432,31.091
1.4166666877766452,30.729
1.418333354468147,30.38
1.4200000211596489,30.024
1.4216666878511508,29.668
1.4233333545426528,29.311
1.4250000212341547,28.955
1.4266666879256569,28.599
1.4283333546171586,28.242
1.4300000213086606,27.886
1.4316666880001625,27.493
1.4333333546916645,27.175
1.4350000213831664,26.862
1.4366666880746684,26.545
1.4383333547661703,26.228
1.4400000214576725,25.911
1.4416666881491742,25.595
1.443333354840676,25.278
1.445000021532178,24.961
1.4466666882236798,24.644
1.4483333549151818,24.304
1.4500000216066835,24.019
1.4516666882981857,23.741
1.4533333549896876,23.463
1.4550000216811896,23.184
1.4566666883726915,22.905
1.4583333550641937,22.626
1.4600000217556954,22.348
1.4616666884471974,22.069
1.463333355138699,21.79
1.4650000218302013,21.492
1.4666666885217032,21.242
1.468333355213205,21.005
1.470000021904707,20.767
1.4716666885962089,20.529
1.4733333552877108,20.292
1.4750000219792128,20.054
1.4766666886707147,19.816
1.4783333553622169,19.578
1.4800000220537186,19.341
1.4816666887452206,19.087
1.4833333554367223,18.84
1.4850000221282245,18.606
1.4866666888197264,18.372
1.4883333555112284,18.138
1.4900000222027303,17.904
1.4916666888942325,17.67
1.493333355585734,17.436
1.495000022277236,17.202
1.496666688968738,16.968
1.4983333556602398,16.73
1.5000000223517418,16.513
1.5016666890432435,16.334
1.5033333557347457,16.153
1.5050000224262476,15.971
1.5066666891177496,15.79
1.5083333558092515,15.609
1.5100000225007535,15.428
1.5116666891922554,15.246
1.5133333558837574,15.065
1.5150000225752591,14.874
1.5166666892667613,14.683
1.518333355958263,14.511
1.520000022649765,14.343
1.521666689341267,14.173
1.5233333560327689,14.004
1.5250000227242708,13.834
1.5266666894157728,13.665
1.5283333561072747,13.495
1.530000022798777,13.325
1.5316666894902786,13.154
1.5333333561817806,12.995
1.5350000228732823,12.853
1.5366666895647845,12.709
1.5383333562562864,12.568
1.5400000229477884,12.427
1.5416666896392903,12.285
1.543333356330792,12.144
1.545000023022294,12.003
1.546666689713796,11.861
1.548333356405298,11.72
1.5500000230968,11.569
1.5516666897883018,11.431
1.5533333564798038,11.299
1.5550000231713057,11.166
1.5566666898628077,11.034
1.5583333565543096,10.901
1.5600000232458116,10.768
1.5616666899373135,10.635
1.5633333566288157,10.503
1.5650000233203174,10.37
1.5666666900118194,10.225
1.568333356703321,10.11
1.570000023394823,9.995
1.571666690086325,9.88
1.573333356777827,9.766
1.5750000234693289,9.651
1.5766666901608308,9.536
1.5783333568523328,9.421
1.5800000235438347,9.306
1.581666690235337,9.191
1.5833333569268386,9.069
1.5850000236183406,8.967
1.5866666903098423,8.865
1.5883333570013445,8.762
1.5900000236928464,8.66
1.5916666903843484,8.558
1.5933333570758503,8.456
1.595000023767352,8.353
1.596666690458854,8.251
1.598333357150356,8.149
1.600000023841858,8.035
1.60166669053336,7.955
1.6033333572248618,7.872
1.6050000239163638,7.791
1.6066666906078657,7.71
1.6083333572993677,7.629
1.6100000239908696,7.548
1.6116666906823716,7.467
1.6133333573738735,7.386
1.6150000240653757,7.304
1.6166666907568774,7.216
1.6183333574483794,7.116
1.620000024139881,7.023
1.621666690831383,6.929
1.623333357522885,6.836
1.625000024214387,6.742
1.626666690905889,6.648
1.6283333575973908,6.554
1.6300000242888928,6.461
1.6316666909803947,6.367
1.6333333576718967,6.272
1.6350000243633986,6.192
1.6366666910549006,6.122
1.6383333577464023,6.05
1.6400000244379045,5.978
1.6416666911294064,5.905
1.6433333578209084,5.833
1.64500002451241,5.761
1.646666691203912,5.688
1.648333357895414,5.616
1.650000024586916,5.536
1.651666691278418,5.465
1.65333335796992,5.396
1.6550000246614218,5.329
1.6566666913529238,5.262
1.6583333580444255,5.195
1.6600000247359277,5.128
1.6616666914274296,5.061
1.6633333581189316,4.994
1.6650000248104335,4.927
1.6666666915019357,4.86
1.6683333581934374,4.791
1.6700000248849391,4.732
1.671666691576441,4.67
1.673333358267943,4.609
1.675000024959445,4.547
1.676666691650947,4.486
1.678333358342449,4.424
1.6800000250339509,4.363
1.6816666917254528,4.301
1.6833333584169548,4.238
1.6850000251084567,4.17
1.6866666917999589,4.107
1.6883333584914606,4.047
1.6900000251829626,3.986
1.6916666918744645,3.926
1.6933333585659665,3.865
1.6950000252574682,3.805
1.69666669194897,3.744
1.698333358640472,3.684
1.700000025331974,3.623
1.701666692023476,3.572
1.703333358714978,3.533
1.70500002540648,3.499
1.7066666920979818,3.462
1.7083333587894838,3.425
1.7100000254809855,3.388
1.7116666921724877,3.35
1.7133333588639896,3.313
1.7150000255554916,3.276
1.7166666922469935,3.239
1.7183333589384957,3.191
1.7200000256299972,3.141
1.7216666923214992,3.093
1.723333359013001,3.045
1.725000025704503,2.997
1.726666692396005,2.949
1.728333359087507,2.901
1.730000025779009,2.853
1.7316666924705109,2.805
1.7333333591620128,2.757
1.7350000258535148,2.711
1.7366666925450167,2.685
1.7383333592365189,2.654
1.7400000259280206,2.625
1.7416666926195226,2.595
1.7433333593110245,2.566
1.7450000260025262,2.536
1.7466666926940282,2.507
1.74833335938553,2.477
1.750000026077032,2.447
1.751666692768534,2.405
1.753333359460036,2.369
1.755000026151538,2.33
1.75666669284304,2.291
1.7583333595345418,2.252
1.7600000262260438,2.214
1.7616666929175455,2.175
1.7633333596090477,2.136
1.7650000263005496,2.098
1.7666666929920516,2.059
1.7683333596835535,2.025
1.7700000263750553,2.005
1.7716666930665572,1.99
1.7733333597580592,1.973
1.7750000264495611,1.955
1.776666693141063,1.938
1.778333359832565,1.921
1.780000026524067,1.903
1.781666693215569,1.886
1.7833333599070709,1.869
1.7850000265985728,1.846
1.7866666932900748,1.813
1.7883333599815767,1.781
1.790000026673079,1.743
1.7916666933645806,1.717
1.7933333600560826,1.685
1.7950000267475843,1.653
1.7966666934390862,1.622
1.7983333601305882,1.59
1.80000002682209,1.558
1.801666693513592,1.529
1.803333360205094,1.505
1.805000026896596,1.49
1.806666693588098,1.478
1.8083333602796,1.462
1.8100000269711016,1.444
1.811666693662604,1.431
1.8133333603541055,1.416
1.815000027045608,1.397
1.8166666937371097,1.381
1.818333360428612,1.369
1.820000027120113,1.351
1.8216666938116155,1.325
1.8233333605031168,1.305
1.8250000271946192,1.29
1.826666693886121,1.27
1.828333360577623,1.25
1.830000027269125,1.231
1.831666693960627,1.207
1.833333360652129,1.191
1.8350000273436309,1.168
1.8366666940351328,1.152
1.8383333607266348,1.135
1.8400000274181367,1.125
1.841666694109639,1.112
1.8433333608011409,1.099
1.8450000274926424,1.086
1.8466666941841443,1.073
1.8483333608756465,1.057
1.850000027567148,1.044
1.8516666942586504,1.032
1.853333360950152,1.012
1.855000027641654,0.986
1.856666694333156,0.964
1.858333361024658,0.946
1.86000002771616,0.924
1.8616666944076616,0.897
1.863333361099164,0.879
1.8650000277906655,0.852
1.866666694482168,0.834
1.8683333611736697,0.811
1.8700000278651716,0.796
1.8716666945566731,0.784
1.8733333612481755,0.777
1.8750000279396768,0.767
1.8766666946311792,0.758
1.8783333613226807,0.747
1.880000028014183,0.74
1.881666694705685,0.728
1.883333361397187,0.719
1.885000028088689,0.712
1.886666694780191,0.694
1.8883333614716928,0.666
1.8900000281631948,0.647
1.8916666948546967,0.631
1.8933333615461987,0.61
1.8950000282377004,0.585
1.8966666949292024,0.569
1.8983333616207043,0.544
1.9000000283122065,0.527
1.901666695003708,0.507
1.9033333616952104,0.496
1.905000028386712,0.488
1.906666695078214,0.481
1.908333361769716,0.475
1.910000028461218,0.468
1.91166669515272,0.46
1.9133333618442216,0.454
1.915000028535724,0.446
1.9166666952272255,0.439
1.918333361918728,0.432
1.9200000286102292,0.414
1.9216666953017316,0.397
1.9233333619932331,0.382
1.9250000286847355,0.368
1.9266666953762368,0.356
1.9283333620677392,0.338
1.9300000287592407,0.327
1.931666695450743,0.312
1.933333362142245,0.295
1.935000028833747,0.28
1.936666695525249,0.266
1.938333362216751,0.255
1.9400000289082528,0.244
1.9416666955997548,0.233
1.9433333622912567,0.225
1.9450000289827585,0.212
1.9466666956742604,0.203
1.9483333623657624,0.192
1.9500000290572643,0.179
1.9516666957487665,0.168
1.953333362440268,0.162
1.9550000291317704,0.145
1.956666695823272,0.135
1.958333362514774,0.123
1.960000029206276,0.114
1.961666695897778,0.1
1.96333336258928,0.091
1.9650000292807817,0.08
1.966666695972284,0.066
1.9683333626637856,0.054
1.9700000293552875,0.046
1.9716666960467892,0.052
1.9733333627382916,0.057
1.9750000294297931,0.062
1.9766666961212955,0.066
1.9783333628127973,0.072
1.9800000295042992,0.075
1.9816666961958007,0.08
1.983333362887303,0.086
1.985000029578805,0.09
1.986666696270307,0.09
1.988333362961809,0.072
1.990000029653311,0.053
1.9916666963448129,0.035
1.9933333630363148,0.021
1.9950000297278163,0.003
1.9966666964193185,-0.015
1.9983333631108204,-0.033
2.0000000298023224,-0.054
2.001666696493825,-0.072
2.0033333631853263,-0.081
2.0050000298768285,-0.082
2.00666669656833,-0.069
2.008333363259832,-0.06
2.010000029951334,-0.053
2.011666696642836,-0.044
2.013333363334338,-0.035
2.01500003002584,-0.024
2.016666696717342,-0.015
2.018333363408844,-0.006
2.020000030100346,-0.002
2.0216666967918475,-0.003
2.0233333634833497,-0.015
2.0250000301748514,-0.02
2.0266666968663536,-0.025
2.0283333635578558,-0.032
2.030000030249357,-0.038
2.031666696940859,-0.044
2.033333363632361,-0.05
2.035000030323863,-0.056
2.036666697015365,-0.059
2.038333363706867,-0.06
2.0400000303983687,-0.06
2.041666697089871,-0.06
2.0433333637813726,-0.061
2.045000030472875,-0.061
2.0466666971643765,-0.061
2.0483333638558787,-0.062
2.0500000305473804,-0.062
2.0516666972388826,-0.062
2.0533333639303843,-0.063
2.0550000306218865,-0.064
2.056666697313388,-0.07
2.05833336400489,-0.076
2.060000030696392,-0.081
2.061666697387894,-0.088
2.063333364079396,-0.094
2.0650000307708978,-0.1
2.0666666974624,-0.106
2.0683333641539017,-0.112
2.070000030845404,-0.117
2.0716666975369056,-0.119
2.073333364228408,-0.109
2.075000030919909,-0.101
2.076666697611412,-0.094
2.0783333643029134,-0.086
2.0800000309944155,-0.079
2.0816666976859173,-0.071
2.083333364377419,-0.063
2.085000031068921,-0.056
2.086666697760423,-0.048
2.088333364451925,-0.063
2.090000031143427,-0.076
2.091666697834929,-0.097
2.0933333645264307,-0.115
2.095000031217933,-0.134
2.0966666979094346,-0.153
2.098333364600937,-0.172
2.1000000312924385,-0.187
2.1016666979839407,-0.21
2.1033333646754424,-0.229
2.1050000313669446,-0.241
2.1066666980584463,-0.245
2.108333364749948,-0.243
2.11000003144145,-0.244
2.111666698132952,-0.245
2.113333364824454,-0.246
2.115000031515956,-0.247
2.116666698207458,-0.247
2.11833336489896,-0.248
2.120000031590462,-0.249
2.121666698281964,-0.246
2.123333364973466,-0.247
2.1250000316649675,-0.245
2.1266666983564697,-0.245
2.1283333650479714,-0.245
2.1300000317394736,-0.246
2.131666698430976,-0.246
2.133333365122477,-0.246
2.1350000318139792,-0.246
2.136666698505481,-0.246
2.138333365196983,-0.252
2.140000031888485,-0.262
2.141666698579987,-0.278
2.1433333652714888,-0.29
2.145000031962991,-0.302
2.1466666986544927,-0.314
2.148333365345995,-0.326
2.150000032037497,-0.338
2.1516666987289987,-0.35
2.1533333654205005,-0.362
2.155000032112002,-0.369
2.1566666988035044,-0.371
2.158333365495006,-0.379
2.1600000321865083,-0.384
2.16166669887801,-0.389
2.163333365569512,-0.394
2.165000032261014,-0.399
2.166666698952516,-0.403
2.168333365644018,-0.409
2.17000003233552,-0.414
2.1716666990270217,-0.425
2.173333365718524,-0.428
2.1750000324100256,-0.431
2.176666699101528,-0.432
2.178333365793029,-0.434
2.180000032484532,-0.435
2.1816666991760334,-0.437
2.183333365867535,-0.438
2.1850000325590373,-0.439
2.186666699250539,-0.441
2.188333365942041,-0.439
2.190000032633543,-0.436
2.191666699325045,-0.43
2.193333366016547,-0.426
2.195000032708049,-0.421
2.1966666993995507,-0.417
2.198333366091053,-0.413
2.200000032782554,-0.41
2.201666699474057,-0.405
2.2033333661655585,-0.401
2.2050000328570607,-0.399
2.2066666995485624,-0.41
2.208333366240064,-0.421
2.2100000329315663,-0.433
2.211666699623068,-0.445
2.2133333663145702,-0.454
2.215000033006072,-0.469
2.216666699697574,-0.481
2.218333366389076,-0.493
2.220000033080578,-0.505
2.22166669977208,-0.518
2.223333366463582,-0.518
2.225000033155084,-0.515
2.226666699846586,-0.513
2.228333366538088,-0.51
2.2300000332295897,-0.508
2.2316666999210915,-0.505
2.233333366612593,-0.503
2.235000033304096,-0.5
2.236666699995597,-0.497
2.2383333666870997,-0.494
2.240000033378601,-0.486
2.241666700070103,-0.488
2.243333366761605,-0.483
