time_min,absorb_mau
0.0,-0.012
0.0866666679581006,-0.008
0.1733333359162013,0.091
0.2600000038743019,0.227
0.3466666718324026,-0.104
0.4333333397905032,0.145
0.5200000077486039,-0.081
0.6066666757067045,0.054
0.6933333436648051,2.465
0.7800000116229058,17.465
0.8666666795810064,44.054
0.953333347539107,65.942
1.0400000154972078,80.287
1.1266666834553083,91.268
1.213333351413409,101.599
1.3000000193715096,110.585
1.3866666873296103,116.35
1.4733333552877108,118.029
1.5600000232458116,116.509
1.646666691203912,113.58
1.7333333591620128,109.644
1.820000027120113,106.373
1.906666695078214,103.182
1.9933333630363148,100.637
2.0800000309944155,97.969
2.166666698952516,95.922
2.2533333669106166,94.148
2.340000034868717,92.426
2.426666702826818,91.261
2.5133333707849186,90.385
2.600000038743019,89.464
2.68666670670112,88.228
2.7733333746592206,87.243
2.860000042617321,85.554
2.9466667105754216,85.359
3.0333333785335226,84.537
3.120000046491623,83.893
3.206666714449724,83.862
3.293333382407824,83.691
3.380000050365925,83.44
3.4666667183240256,83.399
3.553333386282126,83.493
3.640000054240226,83.462
3.726666722198328,83.718
3.813333390156428,83.776
3.9000000581145287,83.318
3.9866667260726296,82.791
4.07333339403073,81.724
4.160000061988831,80.752
4.246666729946932,79.665
4.333333397905032,78.653
4.420000065863133,77.784
4.506666733821233,76.695
4.593333401779334,75.31
4.680000069737434,74.335
4.766666737695536,73.387
4.853333405653636,72.694
4.940000073611737,71.943
5.026666741569837,71.294
5.113333409527938,70.557
5.200000077486038,69.5
5.286666745444139,68.49
5.373333413402239,67.424
5.460000081360341,66.585
5.546666749318441,65.755
5.633333417276542,65.009
5.720000085234642,63.922
5.806666753192743,62.903
5.893333421150843,61.954
5.980000089108944,61.419
6.066666757067045,61.262
6.153333425025146,61.584
6.240000092983246,62.178
6.326666760941347,62.756
6.413333428899447,63.157
6.500000096857548,63.432
6.586666764815648,63.283
6.67333343277375,63.01
6.76000010073185,63.015
6.846666768689951,62.755
6.933333436648051,62.673
7.020000104606152,62.188
7.106666772564252,61.338
7.193333440522353,60.507
7.280000108480453,59.155
7.366666776438555,58.226
7.453333444396655,57.168
7.540000112354756,56.262
7.626666780312856,55.45
7.713333448270957,54.372
7.800000116229057,53.1
7.886666784187158,51.856
7.973333452145259,50.855
8.060000120103359,49.844
8.14666678806146,49.27
8.23333345601956,48.95
8.320000123977662,48.69
8.406666791935763,48.361
8.493333459893863,47.635
8.580000127851964,46.779
8.666666795810064,45.898
8.753333463768165,45.298
8.840000131726265,44.912
8.926666799684366,44.603
9.013333467642466,44.486
9.100000135600569,44.312
9.186666803558667,44.379
9.273333471516768,44.565
9.360000139474868,44.813
9.446666807432967,44.998
9.533333475391071,45.168
9.620000143349172,45.103
9.706666811307272,44.832
9.793333479265373,44.417
9.880000147223472,44.424
9.966666815181574,43.924
10.053333483139674,43.781
10.140000151097777,43.54
10.226666819055875,43.123
10.313333487013976,42.491
10.400000154972076,41.849
10.486666822930175,41.276
10.573333490888276,40.82
10.660000158846378,40.359
10.746666826804478,39.917
10.83333349476258,39.364
10.92000016272068,38.899
11.006666830678782,38.467
11.093333498636882,38.029
11.180000166594985,37.714
11.266666834553083,37.426
11.353333502511184,37.049
11.440000170469284,37.024
11.526666838427383,36.566
11.613333506385484,35.901
11.700000174343586,35.333
11.786666842301686,35.14
11.873333510259789,35.377
11.960000178217888,35.994
12.046666846175988,36.923
12.13333351413409,37.914
12.22000018209219,38.713
12.306666850050291,39.523
12.393333518008392,40.076
12.480000185966492,40.577
12.566666853924591,41.117
12.653333521882692,41.444
12.740000189840794,42.143
12.826666857798894,42.627
12.913333525756997,42.802
13.000000193715096,42.68
13.086666861673196,42.317
13.173333529631297,42.044
13.260000197589395,41.925
13.3466668655475,41.852
13.4333335335056,41.61
13.5200002014637,41.377
13.6066668694218,40.736
13.6933335373799,40.406
13.780000205338002,40.04
13.866666873296102,39.779
13.953333541254205,39.533
14.040000209212304,39.876
14.126666877170404,40.028
14.213333545128505,39.854
14.300000213086603,39.619
14.386666881044706,39.24
14.473333549002806,39.096
14.560000216960908,39.264
14.646666884919007,39.474
14.73333355287711,39.807
14.82000022083521,40.025
14.90666688879331,40.362
14.993333556751413,40.52
15.080000224709512,40.952
15.166666892667612,41.238
15.253333560625713,41.795
15.340000228583811,42.351
15.426666896541914,42.458
15.513333564500014,42.568
15.600000232458116,42.574
15.686666900416215,42.704
15.773333568374316,42.603
15.860000236332416,42.476
15.946666904290518,42.703
16.03333357224862,42.459
16.120000240206718,41.989
16.20666690816482,41.404
16.29333357612292,41.003
16.38000024408102,40.75
16.46666691203912,40.831
16.553333579997222,40.98
16.640000247955324,41.161
16.726666915913423,41.137
16.813333583871525,40.792
16.900000251829624,40.537
16.986666919787726,40.494
17.073333587745825,40.468
17.160000255703928,40.419
17.246666923662026,40.195
17.33333359162013,39.716
17.420000259578227,39.129
17.50666692753633,38.861
17.59333359549443,38.934
17.68000026345253,39.687
17.76666693141063,40.712
17.85333359936873,42.13
17.940000267326834,43.18
18.026666935284933,43.955
18.113333603243035,44.232
18.200000271201134,44.059
18.28666693915924,44.263
18.37333360711733,44.377
18.46000027507544,44.945
18.546666943033536,45.131
18.63333361099164,45.108
18.720000278949737,44.508
18.80666694690784,43.967
18.893333614865934,43.177
18.98000028282404,42.605
19.066666950782142,42.329
19.15333361874024,42.403
19.240000286698344,41.865
19.32666695465644,41.394
19.413333622614545,40.736
19.500000290572643,40.144
19.586666958530746,39.911
19.673333626488844,39.813
19.760000294446947,39.905
19.846666962405045,39.807
19.933333630363148,39.649
20.020000298321246,38.92
20.10666696627935,38.361
20.193333634237447,37.949
20.28000030219555,37.617
20.36666697015365,37.73
20.45333363811175,37.936
20.540000306069853,38.126
20.626666974027952,38.418
20.71333364198605,38.559
20.800000309944156,38.911
20.88666697790225,39.246
20.973333645860357,39.641
21.060000313818456,40.117
21.146666981776555,40.419
21.233333649734657,40.4
21.32000031769276,40.18
21.40666698565086,40.088
21.49333365360896,39.6
21.58000032156706,39.305
21.66666698952516,39.176
21.75333365748326,38.739
21.840000325441363,38.333
21.92666699339946,37.724
22.013333661357564,37.097
22.100000329315662,36.622
22.186666997273765,36.265
22.273333665231863,36.032
22.36000033318997,35.593
22.446667001148064,35.035
22.533333669106167,34.662
22.620000337064265,34.229
22.706667005022368,33.983
22.793333672980467,33.83
22.88000034093857,33.743
22.96666700889667,33.572
23.05333367685477,33.43
23.140000344812872,32.591
23.22666701277097,32.074
23.313333680729077,31.896
23.40000034868717,32.077
23.486667016645274,32.607
23.573333684603373,33.508
23.660000352561475,34.113
23.74666702051957,34.693
23.83333368847768,35.195
23.92000035643577,35.258
24.00666702439388,35.44
24.093333692351976,35.696
24.18000036031008,35.916
24.26666702826818,36.009
24.35333369622628,35.637
24.44000036418438,35.039
24.52666703214248,34.435
24.613333700100583,33.787
24.70000036805868,33.153
24.786667036016784,32.815
24.873333703974883,32.336
24.960000371932985,31.799
25.046667039891084,31.256
25.133333707849182,30.508
25.220000375807285,29.924
25.306667043765387,29.201
25.39333371172349,28.806
25.480000379681588,28.795
25.56666704763969,28.62
25.65333371559779,28.505
25.74000038355589,28.347
25.82666705151399,27.724
25.91333371947209,27.567
26.00000038743019,27.239
26.086667055388293,27.247
26.173333723346392,27.282
26.26000039130449,27.21
26.346667059262597,27.193
26.433333727220692,27.287
26.520000395178798,27.157
26.606667063136896,27.222
26.693333731095,27.547
26.780000399053097,27.799
26.8666670670112,27.9
26.9533337349693,27.716
27.0400004029274,27.398
27.1266670708855,27.007
27.2133337388436,26.764
27.3000004068017,26.833
27.386667074759803,26.774
27.4733337427179,26.517
27.560000410676004,26.012
27.646667078634103,25.552
27.733333746592205,24.933
27.820000414550304,24.319
27.90666708250841,24.015
27.99333375046651,23.77
28.080000418424607,23.537
28.16666708638271,23.332
28.253333754340808,23.022
28.34000042229891,22.838
28.42666709025701,22.571
28.51333375821511,22.363
28.60000042617321,22.122
28.686667094131312,21.966
28.77333376208941,21.796
28.860000430047517,21.393
28.94666709800561,20.76
29.033333765963715,20.683
29.120000433921813,20.852
29.20666710187992,21.103
29.293333769838014,21.67
29.38000043779612,22.194
29.46666710575422,22.595
29.55333377371232,22.486
29.64000044167042,22.771
29.72666710962852,22.952
29.81333377758662,22.873
29.90000044554472,23.059
29.986667113502826,23.045
30.07333378146092,22.877
30.160000449419023,22.604
30.24666711737712,22.116
30.333333785335224,21.747
30.420000453293323,21.263
30.506667121251425,20.898
30.593333789209527,20.581
30.680000457167623,20.371
30.76666712512573,19.786
30.853333793083827,19.436
30.94000046104193,19.079
31.026667129000028,18.738
31.11333379695813,18.719
31.20000046491623,18.383
31.28666713287433,18.468
31.37333380083243,18.135
31.460000468790533,17.953
31.54666713674863,17.563
31.633333804706734,17.242
31.720000472664832,16.884
31.80666714062293,16.566
31.89333380858104,16.38
31.980000476539136,16.387
32.06666714449724,16.351
32.15333381245534,16.507
32.240000480413435,16.545
32.32666714837154,16.637
32.41333381632964,16.833
32.50000048428774,16.958
32.58666715224584,17.384
32.67333382020394,17.525
32.76000048816204,17.712
32.84666715612014,17.653
32.93333382407824,17.734
33.020000492036345,17.364
33.106667159994444,17.173
33.19333382795254,17.029
33.28000049591065,17.024
33.36666716386875,16.902
33.453333831826846,16.74
33.540000499784945,16.488
33.62666716774305,16.312
33.71333383570115,16.295
33.80000050365925,16.333
33.88666717161735,16.536
33.97333383957545,16.821
34.06000050753355,16.86
34.14666717549165,16.968
34.23333384344975,16.86
34.320000511407855,16.774
34.406667179365954,16.586
34.49333384732405,16.124
34.58000051528216,15.651
34.66666718324026,15.05
34.75333385119836,14.43
34.840000519156455,14.073
34.92666718711456,13.992
35.01333385507266,14.36
35.10000052303076,14.62
35.18666719098886,15.113
35.27333385894696,15.399
35.36000052690506,15.71
35.44666719486316,15.739
35.53333386282126,15.753
35.620000530779365,15.723
35.70666719873746,15.663
35.79333386669556,15.577
35.88000053465367,15.315
35.96666720261177,15.009
36.053333870569865,14.693
36.14000053852797,14.42
36.22666720648607,14.356
36.31333387444417,14.125
36.40000054240227,13.817
36.486667210360366,13.645
36.57333387831847,13.33
36.66000054627657,12.947
36.74666721423467,12.712
36.833333882192775,12.467
36.92000055015088,12.177
37.00666721810897,12.33
37.09333388606707,12.271
37.18000055402518,11.963
37.26666722198328,11.646
37.353333889941375,11.408
37.440000557899474,11.22
37.52666722585758,11.003
37.61333389381568,11.057
37.70000056177378,11.047
37.78666722973188,11.113
37.87333389768998,11.334
37.96000056564808,11.356
38.04666723360618,11.356
38.133333901564285,11.361
38.220000569522384,11.472
38.30666723748048,11.415
38.39333390543858,11.533
38.48000057339669,11.363
38.56666724135479,11.306
38.65333390931288,11.239
38.74000057727098,11.118
38.82666724522909,11.068
38.91333391318719,11.067
39.00000058114529,10.918
39.086667249103385,10.568
39.17333391706149,10.485
39.26000058501959,10.316
39.34666725297769,10.172
39.433333920935794,9.927
39.52000058889389,9.878
39.60666725685199,9.747
39.69333392481009,9.684
39.7800005927682,9.528
39.866667260726295,9.412
39.9533339286844,9.093
40.04000059664249,8.951
40.1266672646006,9.044
40.2133339325587,8.874
40.3000006005168,8.735
40.386667268474895,8.455
40.473333936433,8.491
40.5600006043911,8.378
40.6466672723492,8.456
40.7333339403073,8.617
40.8200006082654,8.924
40.9066672762235,9.121
40.9933339441816,9.172
41.080000612139706,9.261
41.166667280097805,9.409
41.253333948055904,9.448
41.340000616014,9.577
41.42666728397211,9.462
41.51333395193021,9.603
41.60000061988831,9.517
41.6866672878464,9.342
41.77333395580451,9.231
41.86000062376261,8.95
41.94666729172071,8.788
42.033333959678814,8.683
42.12000062763691,8.541
42.20666729559501,8.311
42.29333396355311,8.069
42.380000631511216,7.887
42.466667299469314,7.61
42.55333396742741,7.544
42.64000063538551,7.495
42.72666730334362,7.348
42.81333397130172,7.387
42.900000639259815,7.479
42.98666730721792,7.292
43.07333397517602,7.187
43.16000064313412,7.086
43.24666731109222,6.909
43.33333397905032,6.768
43.42000064700842,6.781
43.50666731496652,6.79
43.59333398292462,6.867
43.680000650882725,6.704
43.76666731884082,6.967
43.85333398679892,6.991
43.94000065475702,7.074
44.02666732271513,7.2
44.113333990673226,7.248
44.200000658631325,7.176
44.28666732658942,7.134
44.37333399454753,6.997
44.46000066250563,7.17
44.54666733046373,7.13
44.63333399842183,6.99
44.72000066637993,7.016
44.80666733433803,7.035
44.89333400229613,6.613
44.98000067025424,6.462
45.06666733821233,6.337
45.15333400617043,6.465
45.24000067412853,6.166
45.32666734208664,6.21
45.413334010044736,6.096
45.500000678002834,5.908
45.58666734596093,5.81
45.67333401391904,5.687
45.76000068187714,5.831
45.84666734983524,5.765
45.93333401779334,5.667
46.02000068575144,5.615
46.10666735370954,5.377
46.19333402166764,5.332
46.280000689625744,5.232
46.36666735758384,5.296
46.45333402554194,5.432
46.54000069350004,5.561
46.62666736145815,5.75
46.713334029416245,5.717
46.80000069737434,5.703
46.88666736533244,5.991
46.97333403329055,6.034
47.06000070124865,6.019
47.146667369206746,6.081
47.23333403716485,6.055
47.32000070512295,6.066
47.40666737308105,6.073
47.49333404103915,5.99
47.58000070899725,5.934
47.66666737695535,5.969
47.75333404491345,5.643
47.84000071287155,5.66
47.926667380829656,5.528
48.01333404878776,5.213
48.10000071674585,5.098
48.18666738470395,4.912
48.27333405266206,4.842
48.36000072062016,4.723
48.446667388578255,4.914
48.53333405653636,4.96
48.62000072449446,4.605
48.70666739245256,4.539
48.79333406041066,4.652
48.88000072836876,4.384
48.96666739632686,4.485
49.05333406428496,4.38
49.14000073224306,4.488
49.226667400201165,4.389
49.313334068159264,4.51
49.40000073611736,4.306
49.48666740407546,4.462
49.57333407203357,4.576
49.66000073999167,4.614
49.746667407949765,4.852
49.83333407590787,4.787
49.92000074386597,4.699
50.00666741182407,4.668
50.09333407978217,4.71
50.18000074774027,4.685
50.26666741569837,4.663
50.35333408365647,4.599
50.44000075161457,4.749
50.52666741957268,4.554
50.61333408753077,4.332
50.70000075548887,4.409
50.78666742344697,4.268
50.87333409140508,4.241
50.960000759363176,4.102
51.04666742732128,4.082
51.13333409527938,3.949
51.22000076323748,3.699
51.30666743119558,3.77
51.39333409915368,3.757
51.48000076711178,3.789
51.56666743506988,3.654
51.65333410302798,3.58
51.74000077098608,3.713
51.826667438944185,3.423
51.91333410690228,3.318
52.00000077486038,3.249
52.08666744281849,3.275
52.17333411077659,3.428
52.260000778734685,3.553
52.346667446692784,3.669
52.43333411465089,3.88
52.52000078260899,3.905
52.60666745056709,3.91
52.69333411852519,3.959
52.78000078648329,4.17
52.86666745444139,3.979
52.95333412239949,4.26
53.04000079035759,4.182
53.126667458315694,3.856
53.21333412627379,3.983
53.30000079423189,3.959
53.38666746219,3.959
53.473334130148096,3.644
53.5600007981062,3.732
53.64666746606429,3.571
53.7333341340224,3.452
53.8200008019805,3.551
53.9066674699386,3.353
53.993334137896696,3.241
54.0800008058548,3.19
54.1666674738129,3.108
54.253334141771,3.187
54.3400008097291,3.007
54.4266674776872,3.177
54.5133341456453,2.853
54.6000008136034,2.906
54.68666748156151,2.938
54.773334149519606,2.782
54.860000817477705,2.759
54.9466674854358,2.771
55.03333415339391,2.638
55.12000082135201,2.734
55.20666748931011,2.811
55.293334157268205,2.758
55.38000082522631,2.957
55.46666749318441,2.996
55.55333416114251,2.952
55.64000082910061,2.975
55.72666749705871,3.206
55.81333416501681,3.074
55.90000083297491,2.933
55.98666750093302,2.905
56.07333416889112,2.888
56.160000836849214,3.007
56.24666750480731,2.921
56.33333417276542,2.984
56.42000084072352,2.653
56.506667508681616,2.564
56.59333417663972,2.707
56.68000084459782,2.702
56.76666751255592,2.677
56.85333418051402,2.55
56.94000084847212,2.574
57.02666751643022,2.335
57.11333418438832,2.274
57.20000085234642,2.235
57.286667520304526,2.207
57.37333418826263,2.272
57.46000085622072,2.239
57.54666752417882,2.17
57.63333419213693,2.102
57.72000086009503,2.029
57.806667528053126,2.059
57.89333419601122,1.944
57.98000086396933,2.146
58.06666753192743,2.245
58.15333419988553,2.353
58.24000086784363,2.48
58.32666753580173,2.368
58.41333420375983,2.318
58.50000087171793,2.602
58.58666753967604,2.665
58.67333420763413,2.629
58.76000087559223,2.602
58.84666754355033,2.619
58.93333421150844,2.565
59.02000087946654,2.607
59.10666754742464,2.644
59.193334215382734,2.501
59.28000088334084,2.491
59.36666755129894,2.378
59.45333421925704,2.321
59.540000887215136,2.325
59.62666755517324,2.143
59.71333422313134,2.26
59.80000089108944,2.127
59.886667559047545,1.99
59.97333422700565,2.018
60.06000089496374,1.998
60.14666756292184,1.832
60.23333423087995,2.025
60.320000898838046,1.826
60.40666756679615,1.97
60.49333423475424,1.674
60.58000090271235,1.734
60.66666757067045,1.822
60.75333423862855,1.799
60.840000906586646,1.728
60.92666757454475,1.889
61.01333424250285,1.894
61.10000091046095,1.884
61.186667578419055,1.963
61.27333424637715,1.867
61.36000091433525,2.002
61.44666758229335,2.081
61.53333425025146,2.101
61.62000091820956,2.169
61.70666758616765,2.083
61.79333425412575,2.076
61.88000092208386,2.2
61.96666759004196,1.927
62.053334258000056,1.94
62.14000092595816,1.801
62.22666759391626,1.671
62.31333426187436,1.782
62.40000092983246,1.734
62.48666759779056,1.697
62.57333426574866,1.681
62.66000093370676,1.752
62.74666760166486,1.843
62.833334269622966,1.8
62.920000937581065,1.77
63.00666760553917,1.796
63.09333427349726,1.505
63.18000094145537,1.673
63.26666760941347,1.671
63.353334277371566,1.648
63.44000094532967,1.496
63.52666761328777,1.489
63.61333428124587,1.384
63.70000094920397,1.558
63.78666761716208,1.728
63.87333428512017,1.904
63.96000095307827,1.966
64.04666762103638,2.027
64.13333428899448,2.055
64.22000095695257,2.127
64.30666762491067,2.191
64.39333429286877,2.068
64.48000096082687,2.16
64.56666762878497,2.09
64.65333429674308,2.075
64.74000096470118,1.969
64.82666763265928,2.058
64.91333430061738,1.96
65.00000096857548,2.03
65.08666763653358,1.877
65.17333430449168,1.934
65.26000097244979,1.985
65.34666764040789,1.774
65.43333430836599,1.663
65.52000097632408,1.584
65.60666764428218,1.557
65.69333431224028,1.462
65.78000098019838,1.476
65.86666764815648,1.533
65.95333431611459,1.454
66.04000098407269,1.412
66.12666765203079,1.245
66.21333431998889,1.259
66.30000098794699,1.329
66.38666765590509,1.444
66.47333432386318,1.257
66.5600009918213,1.308
66.6466676597794,1.241
66.7333343277375,1.443
66.8200009956956,1.402
66.90666766365369,1.466
66.99333433161179,1.603
67.08000099956989,1.481
67.16666766752799,1.473
67.2533343354861,1.545
67.3400010034442,1.518
67.4266676714023,1.492
67.5133343393604,1.431
67.6000010073185,1.551
67.6866676752766,1.252
67.7733343432347,1.084
67.86000101119281,1.22
67.9466676791509,1.219
68.033334347109,1.105
68.1200010150671,1.068
68.2066676830252,1.019
68.2933343509833,0.941
68.3800010189414,0.9
68.4666676868995,0.904
68.55333435485761,0.998
68.64000102281571,0.688
68.72666769077381,0.818
68.81333435873191,0.757
68.90000102669,0.778
68.9866676946481,0.648
69.0733343626062,0.782
69.16000103056432,0.849
69.24666769852242,0.748
69.33333436648051,0.85
69.42000103443861,0.899
69.50666770239671,1.014
69.59333437035481,0.904
69.68000103831291,0.999
69.76666770627101,1.003
69.85333437422912,1.043
69.94000104218722,1.27
70.02666771014532,1.165
70.11333437810342,1.265
70.20000104606152,1.13
70.28666771401961,1.286
70.37333438197771,1.37
70.46000104993583,1.213
70.54666771789392,1.25
70.63333438585202,1.208
70.72000105381012,1.061
70.80666772176822,1.06
70.89333438972632,1.003
70.98000105768442,0.993
71.06666772564252,0.903
71.15333439360063,0.822
71.24000106155873,0.893
71.32666772951683,0.969
71.41333439747493,0.755
71.50000106543303,0.816
71.58666773339112,0.763
71.67333440134922,0.767
71.76000106930734,0.658
71.84666773726543,0.656
71.93333440522353,0.594
72.02000107318163,0.642
72.10666774113973,0.596
72.19333440909783,0.478
72.28000107705593,0.472
72.36666774501403,0.586
72.45333441297214,0.619
72.54000108093024,0.698
72.62666774888834,0.784
72.71333441684644,0.743
72.80000108480453,0.838
72.88666775276263,1.019
72.97333442072073,0.875
73.06000108867885,0.837
73.14666775663694,0.758
73.23333442459504,0.719
73.32000109255314,0.759
73.40666776051124,0.659
73.49333442846934,0.537
73.58000109642744,0.522
73.66666776438555,0.489
73.75333443234365,0.516
73.84000110030175,0.58
73.92666776825985,0.451
74.01333443621795,0.514
74.10000110417604,0.668
74.18666777213414,0.504
74.27333444009224,0.527
74.36000110805035,0.457
74.44666777600845,0.434
74.53333444396655,0.415
74.62000111192465,0.431
74.70666777988275,0.35
74.79333444784085,0.323
74.88000111579895,0.149
74.96666778375706,0.157
75.05333445171516,0.442
75.14000111967326,0.331
75.22666778763136,0.442
75.31333445558946,0.486
75.40000112354755,0.537
75.48666779150565,0.466
75.57333445946375,0.528
75.66000112742186,0.645
75.74666779537996,0.628
75.83333446333806,0.857
75.92000113129616,0.817
76.00666779925426,0.727
76.09333446721236,0.635
76.18000113517046,0.681
76.26666780312857,0.701
76.35333447108667,0.533
76.44000113904477,0.64
76.52666780700287,0.45
76.61333447496096,0.605
76.70000114291906,0.611
76.78666781087716,0.525
76.87333447883526,0.32
76.96000114679337,0.384
77.04666781475147,0.368
77.13333448270957,0.362
77.22000115066767,0.307
77.30666781862577,0.345
77.39333448658387,0.368
77.48000115454197,0.321
77.56666782250008,0.289
77.65333449045818,0.148
77.74000115841628,0.138
77.82666782637438,0.155
77.91333449433247,0.214
78.00000116229057,0.341
78.08666783024867,0.431
78.17333449820677,0.494
78.26000116616488,0.545
78.34666783412298,0.562
78.43333450208108,0.615
78.52000117003918,0.767
78.60666783799728,0.712
78.69333450595538,0.791
78.78000117391348,0.828
78.86666784187159,0.605
78.95333450982969,0.496
79.04000117778779,0.48
79.12666784574589,0.579
79.21333451370398,0.528
79.30000118166208,0.541
79.38666784962018,0.424
79.47333451757828,0.523
79.5600011855364,0.396
79.64666785349449,0.418
79.73333452145259,0.45
79.82000118941069,0.475
79.90666785736879,0.386
79.99333452532689,0.588
80.08000119328499,0.356
80.1666678612431,0.228
80.2533345292012,0.386
80.3400011971593,0.597
80.4266678651174,0.487
80.5133345330755,0.482
80.60000120103359,0.437
80.68666786899169,0.268
80.77333453694979,0.28
80.8600012049079,0.456
80.946667872866,0.492
81.0333345408241,0.48
81.1200012087822,0.744
81.2066678767403,0.526
81.2933345446984,0.498
81.3800012126565,0.639
81.46666788061461,0.616
81.5533345485727,0.45
81.6400012165308,0.607
81.7266678844889,0.573
81.813334552447,0.482
81.9000012204051,0.552
81.9866678883632,0.393
82.0733345563213,0.48
82.16000122427941,0.33
82.24666789223751,0.311
82.33333456019561,0.266
82.42000122815371,0.38
82.50666789611181,0.163
82.5933345640699,0.183
82.680001232028,0.22
82.76666789998612,0.258
82.85333456794422,0.168
82.94000123590232,0.229
83.02666790386041,-0.015
83.11333457181851,0.101
83.20000123977661,-0.011
83.28666790773471,-0.011
83.37333457569281,-0.053
83.46000124365092,-0.025
83.54666791160902,-0.158
83.63333457956712,-0.01
83.72000124752522,-0.077
83.80666791548332,-0.11
83.89333458344142,-0.094
83.98000125139951,-0.09
84.06666791935763,0.002
84.15333458731573,-0.05
84.24000125527382,-0.083
84.32666792323192,-0.036
84.41333459119002,0.053
84.50000125914812,0.024
84.58666792710622,0.0
84.67333459506432,-0.008
84.76000126302243,-0.039
84.84666793098053,0.194
84.93333459893863,-0.026
85.02000126689673,0.063
85.10666793485483,0.011
85.19333460281293,-0.165
85.28000127077102,-0.206
85.36666793872914,-0.225
85.45333460668724,-0.126
85.54000127464533,-0.199
85.62666794260343,-0.284
85.71333461056153,-0.295
85.80000127851963,-0.177
85.88666794647773,-0.346
85.97333461443583,-0.24
86.06000128239394,-0.344
86.14666795035204,-0.217
86.23333461831014,-0.235
86.32000128626824,-0.306
86.40666795422634,-0.361
86.49333462218443,-0.332
86.58000129014253,-0.174
86.66666795810065,-0.168
86.75333462605875,-0.03
86.84000129401684,-0.058
86.92666796197494,-0.134
87.01333462993304,-0.195
87.10000129789114,0.011
87.18666796584924,0.066
87.27333463380734,0.004
87.36000130176545,-0.013
87.44666796972355,-0.11
87.53333463768165,-0.02
87.62000130563975,-0.122
87.70666797359785,-0.222
87.79333464155594,-0.154
87.88000130951404,-0.358
87.96666797747216,-0.224
88.05333464543025,-0.342
88.14000131338835,-0.233
88.22666798134645,-0.234
88.31333464930455,-0.276
88.40000131726265,-0.345
88.48666798522075,-0.385
