time_min,absorb_mau
0.0,0.004
0.0033333333830038,0.006
0.0066666667660077,0.008
0.0100000001490116,0.001
0.0133333335320154,-0.015
0.0166666669150193,-0.032
0.0200000002980232,-0.048
0.023333333681027,-0.065
0.0266666670640309,-0.08
0.0300000004470348,-0.097
0.0333333338300387,-0.114
0.0366666672130425,-0.13
0.0400000005960464,-0.147
0.0433333339790503,-0.164
0.0466666673620541,-0.181
0.050000000745058,-0.198
0.0533333341280619,-0.215
0.0566666675110658,-0.232
0.0600000008940696,-0.246
0.0633333342770735,-0.254
0.0666666676600774,-0.261
0.0700000010430812,-0.269
0.0733333344260851,-0.276
0.076666667809089,-0.281
0.0800000011920929,-0.28
0.0833333345750967,-0.279
0.0866666679581006,-0.278
0.0900000013411045,-0.278
0.0933333347241083,-0.275
0.0966666681071122,-0.259
0.1000000014901161,-0.239
0.1033333348731199,-0.219
0.1066666682561238,-0.199
0.1100000016391277,-0.182
0.1133333350221316,-0.171
0.1166666684051354,-0.16
0.1200000017881393,-0.15
0.1233333351711432,-0.139
0.1266666685541471,-0.127
0.1300000019371509,-0.127
0.1333333353201548,-0.123
0.1366666687031587,-0.12
0.1400000020861625,-0.117
0.1433333354691664,-0.116
0.1466666688521703,-0.113
0.1500000022351741,-0.114
0.153333335618178,-0.116
0.1566666690011819,-0.118
0.1600000023841858,-0.12
0.1633333357671896,-0.124
0.1666666691501935,-0.13
0.1700000025331974,-0.137
0.1733333359162013,-0.144
0.1766666692992051,-0.151
0.180000002682209,-0.172
0.1833333360652129,-0.19
0.1866666694482167,-0.209
0.1900000028312206,-0.229
0.1933333362142245,-0.248
0.1966666695972283,-0.278
0.2000000029802322,-0.304
0.2033333363632361,-0.331
0.2066666697462399,-0.357
0.2100000031292438,-0.383
0.2133333365122477,-0.389
0.2166666698952516,-0.382
0.2200000032782554,-0.379
0.2233333366612593,-0.375
0.2266666700442632,-0.372
0.2300000034272671,-0.377
0.2333333368102709,-0.393
0.2366666701932748,-0.406
0.2400000035762786,-0.419
0.2433333369592825,-0.432
0.2466666703422864,-0.437
0.2500000037252903,-0.441
0.2533333371082942,-0.445
0.256666670491298,-0.449
0.2600000038743019,-0.454
0.2633333372573058,-0.45
0.2666666706403096,-0.453
0.2700000040233135,-0.45
0.2733333374063174,-0.446
0.2766666707893213,-0.443
0.2800000041723251,-0.443
0.283333337555329,-0.433
0.2866666709383328,-0.424
0.2900000043213367,-0.416
0.2933333377043406,-0.407
0.2966666710873445,-0.396
0.3000000044703483,-0.392
0.3033333378533522,-0.389
0.3066666712363561,-0.387
0.31000000461936,-0.384
0.3133333380023638,-0.392
0.3166666713853677,-0.387
0.3200000047683716,-0.388
0.3233333381513754,-0.388
0.3266666715343793,-0.388
0.3300000049173832,-0.383
0.3333333383003871,-0.409
0.3366666716833909,-0.425
0.3400000050663948,-0.441
0.3433333384493987,-0.458
0.3466666718324026,-0.463
0.3500000052154064,-0.445
0.3533333385984103,-0.43
0.3566666719814141,-0.415
0.360000005364418,-0.4
0.3633333387474219,-0.381
0.3666666721304258,-0.334
0.3700000055134296,-0.291
0.3733333388964335,-0.248
0.3766666722794374,-0.206
0.3800000056624412,-0.115
0.3833333390454451,0.046
0.386666672428449,0.204
0.3900000058114529,0.363
0.3933333391944567,0.521
0.3966666725774606,0.828
0.4000000059604645,1.473
0.4033333393434684,2.106
0.4066666727264722,2.739
0.4100000061094761,3.372
0.4133333394924799,4.285
0.4166666728754838,5.944
0.4200000062584877,7.582
0.4233333396414916,9.221
0.4266666730244954,10.859
0.4300000064074993,12.874
0.4333333397905032,16.134
0.436666673173507,19.363
0.4400000065565109,22.592
0.4433333399395148,25.822
0.4466666733225187,29.44
0.4500000067055225,34.755
0.4533333400885264,40.042
0.4566666734715303,45.329
0.4600000068545342,50.616
0.463333340237538,56.216
0.4666666736205419,63.631
0.4700000070035457,71.002
0.4733333403865497,78.372
0.4766666737695535,85.743
0.4800000071525573,93.29
0.4833333405355612,102.195
0.4866666739185651,110.971
0.490000007301569,119.748
0.4933333406845728,128.526
0.4966666740675767,137.304
0.5000000074505806,146.817
0.5033333408335845,156.006
0.5066666742165884,165.207
0.5100000075995922,174.408
0.5133333409825961,183.609
0.5166666743656,192.705
0.5200000077486039,201.249
0.5233333411316077,209.811
0.5266666745146116,218.372
0.5300000078976155,226.934
0.5333333412806193,234.993
0.5366666746636232,242.25
0.5400000080466271,249.533
0.543333341429631,256.815
0.5466666748126348,264.098
0.5500000081956387,271.124
0.5533333415786426,277.254
0.5566666749616465,283.415
0.5600000083446502,289.576
0.5633333417276541,295.737
0.566666675110658,302.804
0.570000008493662,309.345
0.5733333418766657,315.909
0.5766666752596696,322.472
0.5800000086426735,329.036
0.5833333420256774,338.152
0.5866666754086812,347.439
0.5900000087916851,356.732
0.593333342174689,366.025
0.5966666755576928,375.318
0.6000000089406967,388.041
0.6033333423237006,401.797
0.6066666757067045,415.532
0.6100000090897083,429.267
0.6133333424727122,443.001
0.6166666758557161,459.382
0.62000000923872,476.836
0.6233333426217238,494.259
0.6266666760047277,511.683
0.6300000093877316,529.106
0.6333333427707355,548.368
0.6366666761537393,568.213
0.6400000095367432,588.06
0.6433333429197471,607.907
0.6466666763027509,627.753
0.6500000096857548,647.47
0.6533333430687587,665.459
0.6566666764517626,683.511
0.6600000098347664,701.562
0.6633333432177703,719.614
0.6666666766007742,736.192
0.6700000099837781,748.141
0.6733333433667819,760.172
0.6766666767497858,772.204
0.6800000101327897,784.235
0.6833333435157936,794.364
0.6866666768987973,797.686
0.6900000102818012,801.091
0.6933333436648051,804.496
0.6966666770478089,807.901
0.7000000104308128,809.721
0.7033333438138167,804.982
0.7066666771968206,800.317
0.7100000105798244,795.651
0.7133333439628283,790.986
0.7166666773458322,785.118
0.7200000107288361,773.332
0.7233333441118399,761.591
0.7266666774948438,749.849
0.7300000108778477,738.107
0.7333333442608516,725.478
0.7366666776438554,710.166
0.7400000110268593,694.868
0.7433333444098632,679.569
0.746666677792867,664.271
0.7500000111758709,648.362
0.7533333445588748,632.176
0.7566666779418787,616.202
0.7600000113248825,600.228
0.7633333447078864,584.253
0.7666666780908903,567.866
0.7700000114738942,552.392
0.773333344856898,537.426
0.7766666782399019,522.459
0.7800000116229058,507.492
0.7833333450059097,492.264
0.7866666783889135,478.294
0.7900000117719174,465.057
0.7933333451549213,451.821
0.7966666785379252,438.584
0.800000011920929,425.203
0.8033333453039329,413.089
0.8066666786869368,401.898
0.8100000120699405,390.694
0.8133333454529444,379.49
0.8166666788359483,368.224
0.8200000122189522,357.816
0.823333345601956,348.374
0.8266666789849599,338.914
0.8300000123679638,329.453
0.8333333457509677,319.993
0.8366666791339715,311.081
0.8400000125169754,303.095
0.8433333458999793,295.09
0.8466666792829832,287.086
0.850000012665987,279.082
0.8533333460489909,271.507
0.8566666794319948,264.801
0.8600000128149986,258.078
0.8633333461980025,251.355
0.8666666795810064,244.631
0.8700000129640103,238.212
0.8733333463470141,232.587
0.876666679730018,226.943
0.8800000131130219,221.299
0.8833333464960258,215.656
0.8866666798790296,210.146
0.8900000132620335,205.339
0.8933333466450374,200.509
0.8966666800280413,195.679
0.9000000134110451,190.365
0.903333346794049,186.231
0.9066666801770528,181.908
0.9100000135600568,178.353
0.9133333469430606,174.403
0.9166666803260644,170.453
0.9200000137090684,166.107
0.9233333470920722,162.982
0.926666680475076,159.147
0.93000001385808,156.008
0.933333347241084,152.172
0.9366666806240876,148.942
0.9400000140070917,145.494
0.9433333473900954,142.665
0.9466666807730992,139.52
0.9500000141561032,136.376
0.953333347539107,133.19
0.9566666809221108,130.425
0.9600000143051148,127.65
0.9633333476881186,124.875
0.9666666810711224,121.823
0.9700000144541264,119.306
0.9733333478371302,116.673
0.976666681220134,114.52
0.980000014603138,112.128
0.983333347986142,109.735
0.9866666813691456,107.251
0.9900000147521496,105.002
0.9933333481351536,102.747
0.9966666815181574,100.492
1.0000000149011612,98.011
1.003333348284165,95.926
1.006666681667169,93.798
1.010000015050173,92.058
1.0133333484331768,90.125
1.0166666818161805,87.998
1.0200000151991844,86.202
1.0233333485821885,84.423
1.0266666819651922,82.97
1.030000015348196,81.354
1.0333333487312,79.577
1.036666682114204,78.049
1.0400000154972078,76.438
1.0433333488802117,75.124
1.0466666822632154,73.664
1.0500000156462193,72.059
1.0533333490292232,70.669
1.056666682412227,69.181
1.060000015795231,67.965
1.0633333491782349,66.614
1.0666666825612383,65.127
1.0700000159442424,63.854
1.0733333493272463,62.478
1.0766666827102502,61.369
1.080000016093254,60.136
1.083333349476258,58.78
1.086666682859262,57.631
1.0900000162422658,56.388
1.0933333496252695,55.398
1.0966666830082734,54.298
1.100000016391277,53.089
1.1033333497742812,52.071
1.1066666831572851,50.92
1.110000016540289,50.014
1.113333349923293,49.007
1.1166666833062966,47.899
1.1200000166893005,46.971
1.1233333500723044,45.916
1.1266666834553083,45.095
1.1300000168383122,44.183
1.133333350221316,43.179
1.13666668360432,42.349
1.140000016987324,41.429
1.1433333503703276,40.722
1.1466666837533317,39.857
1.1500000171363354,39.071
1.1533333505193393,38.267
1.1566666839023432,37.531
1.160000017285347,36.833
1.163333350668351,36.136
1.1666666840513549,35.439
1.1700000174343586,34.811
1.1733333508173625,34.046
1.1766666842003664,33.467
1.1800000175833705,32.76
1.1833333509663742,32.118
1.186666684349378,31.472
1.190000017732382,30.889
1.1933333511153856,30.352
1.1966666844983895,29.816
1.2000000178813934,29.28
1.203333351264397,28.744
1.2066666846474012,28.191
1.2100000180304051,27.697
1.213333351413409,27.201
1.216666684796413,26.754
1.2200000181794166,26.208
1.2233333515624203,25.683
1.2266666849454244,25.191
1.2300000183284283,24.7
1.2333333517114322,24.208
1.236666685094436,23.716
1.24000001847744,23.227
1.2433333518604437,22.783
1.2466666852434476,22.339
1.2500000186264515,21.94
1.2533333520094554,21.451
1.2566666853924593,21.0
1.2600000187754632,20.602
1.263333352158467,20.2
1.266666685541471,19.798
1.270000018924475,19.396
1.2733333523074786,18.987
1.2766666856904825,18.609
1.2800000190734864,18.227
1.2833333524564905,17.883
1.2866666858394942,17.463
1.290000019222498,17.115
1.2933333526055018,16.755
1.2966666859885057,16.461
1.3000000193715096,16.102
1.3033333527545137,15.776
1.3066666861375174,15.448
1.3100000195205213,15.169
1.3133333529035252,14.888
1.316666686286529,14.635
1.3200000196695327,14.326
1.3233333530525366,14.053
1.3266666864355403,13.742
1.3300000198185444,13.489
1.3333333532015483,13.181
1.3366666865845522,12.9
1.340000019967556,12.62
1.3433333533505598,12.378
1.3466666867335635,12.137
1.3500000201165676,11.919
1.3533333534995715,11.654
1.3566666868825754,11.425
1.360000020265579,11.167
1.3633333536485832,10.955
1.3666666870315871,10.696
1.3700000204145908,10.46
1.3733333537975947,10.217
1.3766666871805986,10.016
1.3800000205636025,9.812
1.3833333539466064,9.629
1.3866666873296103,9.405
1.3900000207126142,9.208
1.393333354095618,8.981
1.3966666874786218,8.797
1.4000000208616257,8.572
1.4033333542446296,8.367
1.4066666876276337,8.157
1.4100000210106374,7.998
1.4133333543936413,7.839
1.4166666877766452,7.696
1.4200000211596489,7.521
1.4233333545426528,7.377
1.4266666879256569,7.212
1.4300000213086606,7.082
1.4333333546916645,6.923
1.4366666880746684,6.779
1.4400000214576725,6.628
1.443333354840676,6.492
1.4466666882236798,6.358
1.4500000216066835,6.237
1.4533333549896876,6.089
1.4566666883726915,5.964
1.4600000217556954,5.822
1.463333355138699,5.709
1.4666666885217032,5.572
1.470000021904707,5.446
1.4733333552877108,5.317
1.4766666886707147,5.218
1.4800000220537186,5.124
1.4833333554367223,5.031
1.4866666888197264,4.938
1.4900000222027303,4.851
1.493333355585734,4.746
1.496666688968738,4.664
1.5000000223517418,4.564
1.5033333557347457,4.473
1.5066666891177496,4.38
1.5100000225007535,4.286
1.5133333558837574,4.194
1.5166666892667613,4.103
1.520000022649765,4.012
1.5233333560327689,3.93
1.5266666894157728,3.819
1.530000022798777,3.732
1.5333333561817806,3.627
1.5366666895647845,3.532
1.5400000229477884,3.436
1.543333356330792,3.372
1.546666689713796,3.314
1.5500000230968,3.256
1.5533333564798038,3.198
1.5566666898628077,3.14
1.5600000232458116,3.078
1.5633333566288157,3.023
1.5666666900118194,2.967
1.570000023394823,2.917
1.573333356777827,2.856
1.5766666901608308,2.802
1.5800000235438347,2.753
1.5833333569268386,2.705
1.5866666903098423,2.658
1.5900000236928464,2.61
1.5933333570758503,2.563
1.596666690458854,2.515
1.600000023841858,2.471
1.6033333572248618,2.431
1.6066666906078657,2.383
1.6100000239908696,2.345
1.6133333573738735,2.319
1.6166666907568774,2.294
1.620000024139881,2.268
1.623333357522885,2.243
1.626666690905889,2.208
1.6300000242888928,2.161
1.6333333576718967,2.115
1.6366666910549006,2.073
1.6400000244379045,2.021
1.6433333578209084,1.979
1.646666691203912,1.926
1.650000024586916,1.886
1.65333335796992,1.837
1.6566666913529238,1.792
1.6600000247359277,1.746
1.6633333581189316,1.712
1.6666666915019357,1.675
1.6700000248849391,1.642
1.673333358267943,1.602
1.676666691650947,1.562
1.6800000250339509,1.529
1.6833333584169548,1.499
1.6866666917999589,1.462
1.6900000251829626,1.429
1.6933333585659665,1.401
1.69666669194897,1.379
1.700000025331974,1.358
1.703333358714978,1.339
1.7066666920979818,1.315
1.7100000254809855,1.293
1.7133333588639896,1.274
1.7166666922469935,1.254
1.7200000256299972,1.234
1.723333359013001,1.214
1.726666692396005,1.192
1.730000025779009,1.175
1.7333333591620128,1.158
1.7366666925450167,1.141
1.7400000259280206,1.124
1.7433333593110245,1.097
1.7466666926940282,1.059
1.750000026077032,1.021
1.753333359460036,0.982
1.75666669284304,0.943
1.7600000262260438,0.912
1.7633333596090477,0.9
1.7666666929920516,0.889
1.7700000263750553,0.879
1.7733333597580592,0.868
1.776666693141063,0.854
1.780000026524067,0.839
1.7833333599070709,0.82
1.7866666932900748,0.802
1.790000026673079,0.784
1.7933333600560826,0.761
1.7966666934390862,0.728
1.80000002682209,0.694
1.803333360205094,0.66
1.806666693588098,0.626
1.8100000269711016,0.591
1.8133333603541055,0.571
1.8166666937371097,0.551
1.820000027120113,0.531
1.8233333605031168,0.511
1.826666693886121,0.492
1.830000027269125,0.464
1.833333360652129,0.446
1.8366666940351328,0.427
1.8400000274181367,0.409
1.8433333608011409,0.395
1.8466666941841443,0.383
1.850000027567148,0.369
1.853333360950152,0.355
1.856666694333156,0.341
1.86000002771616,0.329
1.863333361099164,0.316
1.866666694482168,0.298
1.8700000278651716,0.284
1.8733333612481755,0.27
1.8766666946311792,0.256
1.880000028014183,0.235
1.883333361397187,0.218
1.886666694780191,0.202
1.8900000281631948,0.187
1.8933333615461987,0.171
1.8966666949292024,0.173
1.9000000283122065,0.172
1.9033333616952104,0.173
1.906666695078214,0.173
1.910000028461218,0.173
1.9133333618442216,0.174
1.9166666952272255,0.18
1.9200000286102292,0.187
1.9233333619932331,0.195
1.9266666953762368,0.203
1.9300000287592407,0.203
1.933333362142245,0.199
1.936666695525249,0.193
1.9400000289082528,0.186
1.9433333622912567,0.179
1.9466666956742604,0.179
1.9500000290572643,0.183
1.953333362440268,0.187
1.956666695823272,0.19
1.960000029206276,0.194
1.96333336258928,0.189
1.966666695972284,0.188
1.9700000293552875,0.188
1.9733333627382916,0.189
1.9766666961212955,0.189
1.9800000295042992,0.177
1.983333362887303,0.151
1.986666696270307,0.125
1.990000029653311,0.099
1.9933333630363148,0.072
1.9966666964193185,0.06
2.0000000298023224,0.076
2.0033333631853263,0.087
2.00666669656833,0.098
2.010000029951334,0.108
2.013333363334338,0.106
2.016666696717342,0.091
2.020000030100346,0.075
2.0233333634833497,0.059
2.0266666968663536,0.044
2.030000030249357,0.027
2.033333363632361,-0.002
2.036666697015365,-0.029
2.0400000303983687,-0.056
2.0433333637813726,-0.083
2.0466666971643765,-0.106
2.0500000305473804,-0.106
2.0533333639303843,-0.107
2.056666697313388,-0.108
2.060000030696392,-0.109
2.063333364079396,-0.11
2.0666666974624,-0.094
2.070000030845404,-0.082
2.073333364228408,-0.069
2.076666697611412,-0.057
2.0800000309944155,-0.045
2.083333364377419,-0.056
2.086666697760423,-0.066
2.090000031143427,-0.077
2.0933333645264307,-0.087
2.0966666979094346,-0.1
2.1000000312924385,-0.11
2.1033333646754424,-0.118
2.1066666980584463,-0.126
2.11000003144145,-0.134
2.113333364824454,-0.141
2.116666698207458,-0.134
2.120000031590462,-0.128
2.123333364973466,-0.122
2.1266666983564697,-0.117
2.1300000317394736,-0.113
2.133333365122477,-0.112
2.136666698505481,-0.112
2.140000031888485,-0.112
2.1433333652714888,-0.112
2.1466666986544927,-0.111
2.150000032037497,-0.11
2.1533333654205005,-0.111
2.1566666988035044,-0.113
2.1600000321865083,-0.114
2.163333365569512,-0.112
2.166666698952516,-0.122
2.17000003233552,-0.128
2.173333365718524,-0.135
2.176666699101528,-0.141
2.180000032484532,-0.149
2.183333365867535,-0.148
2.186666699250539,-0.146
2.190000032633543,-0.143
2.193333366016547,-0.139
2.1966666993995507,-0.137
2.200000032782554,-0.131
2.2033333661655585,-0.131
2.2066666995485624,-0.131
2.2100000329315663,-0.13
2.2133333663145702,-0.129
2.216666699697574,-0.128
2.220000033080578,-0.128
2.223333366463582,-0.126
2.226666699846586,-0.125
2.2300000332295897,-0.124
2.233333366612593,-0.117
2.236666699995597,-0.115
2.240000033378601,-0.112
2.243333366761605,-0.108
2.246666700144609,-0.105
2.2500000335276127,-0.103
2.2533333669106166,-0.103
2.2566667002936205,-0.101
2.2600000336766244,-0.099
2.2633333670596283,-0.097
2.266666700442632,-0.105
2.270000033825636,-0.113
2.27333336720864,-0.12
2.276666700591644,-0.126
2.280000033974648,-0.134
2.283333367357652,-0.148
2.286666700740655,-0.169
2.290000034123659,-0.189
2.293333367506663,-0.207
2.296666700889667,-0.229
2.3000000342726707,-0.227
2.303333367655674,-0.224
2.3066667010386785,-0.219
2.3100000344216824,-0.215
2.3133333678046863,-0.209
2.3166667011876902,-0.212
2.320000034570694,-0.224
2.323333367953698,-0.233
2.326666701336702,-0.243
2.330000034719706,-0.255
2.3333333681027097,-0.262
2.336666701485713,-0.253
2.340000034868717,-0.25
2.343333368251721,-0.247
2.346666701634725,-0.243
2.350000035017729,-0.232
2.3533333684007327,-0.217
2.3566667017837366,-0.201
2.3600000351667405,-0.183
2.3633333685497444,-0.164
2.3666667019327483,-0.152
2.370000035315752,-0.134
2.373333368698756,-0.121
2.37666670208176,-0.106
2.380000035464764,-0.089
2.383333368847768,-0.076
2.3866667022307717,-0.07
2.390000035613775,-0.068
2.393333368996779,-0.065
2.396666702379783,-0.062
2.400000035762787,-0.067
2.4033333691457908,-0.072
2.4066667025287947,-0.078
2.4100000359117986,-0.084
2.4133333692948025,-0.091
2.4166667026778064,-0.096
2.4200000360608103,-0.11
2.423333369443814,-0.121
2.426666702826818,-0.133
2.430000036209822,-0.146
2.433333369592826,-0.157
2.4366667029758293,-0.176
2.440000036358833,-0.189
2.443333369741837,-0.205
2.446666703124841,-0.222
2.450000036507845,-0.236
2.453333369890849,-0.248
2.4566667032738527,-0.257
2.4600000366568566,-0.267
2.4633333700398605,-0.279
2.4666667034228644,-0.285
2.4700000368058683,-0.303
2.473333370188872,-0.317
2.476666703571876,-0.333
2.48000003695488,-0.351
2.483333370337884,-0.364
2.4866667037208874,-0.358
2.4900000371038917,-0.351
2.493333370486895,-0.344
2.496666703869899,-0.337
2.500000037252903,-0.33
2.503333370635907,-0.328
2.506666704018911,-0.325
2.5100000374019147,-0.321
2.5133333707849186,-0.318
2.5166667041679225,-0.316
2.5200000375509264,-0.311
2.5233333709339303,-0.305
2.526666704316934,-0.299
2.530000037699938,-0.294
2.533333371082942,-0.286
2.536666704465945,-0.286
2.5400000378489493,-0.283
2.543333371231953,-0.28
2.546666704614957,-0.278
2.550000037997961,-0.276
2.553333371380965,-0.28
2.556666704763969,-0.288
2.5600000381469727,-0.294
2.5633333715299766,-0.301
2.5666667049129805,-0.307
2.5700000382959844,-0.308
2.5733333716789883,-0.311
2.576666705061992,-0.314
2.580000038444996,-0.317
2.583333371828,-0.32
2.5866667052110035,-0.326
2.5900000385940074,-0.33
2.5933333719770117,-0.335
2.596666705360015,-0.34
2.600000038743019,-0.345
2.603333372126023,-0.351
2.606666705509027,-0.354
2.610000038892031,-0.357
2.6133333722750347,-0.361
2.6166667056580386,-0.365
2.6200000390410425,-0.363
2.6233333724240464,-0.362
2.6266667058070503,-0.36
2.630000039190054,-0.357
2.633333372573058,-0.354
2.6366667059560616,-0.355
2.640000039339065,-0.357
2.6433333727220694,-0.357
2.6466667061050733,-0.358
2.650000039488077,-0.358
2.653333372871081,-0.354
2.656666706254085,-0.351
2.660000039637089,-0.35
2.6633333730200928,-0.348
2.6666667064030967,-0.346
2.670000039786101,-0.346
2.6733333731691045,-0.339
2.6766667065521084,-0.334
2.6800000399351123,-0.329
2.683333373318116,-0.325
2.68666670670112,-0.324
2.6900000400841235,-0.33
2.6933333734671274,-0.334
2.6966667068501318,-0.337
2.7000000402331352,-0.341
2.703333373616139,-0.344
2.706666706999143,-0.337
2.710000040382147,-0.333
2.713333373765151,-0.33
2.7166667071481547,-0.327
2.720000040531158,-0.331
2.7233333739141625,-0.334
2.7266667072971664,-0.337
2.7300000406801703,-0.341
2.7333333740631742,-0.344
2.7366667074461777,-0.353
2.7400000408291816,-0.371
2.743333374212185,-0.39
2.7466667075951894,-0.409
2.7500000409781933,-0.428
2.753333374361197,-0.442
2.756666707744201,-0.457
2.760000041127205,-0.471
2.763333374510209,-0.484
2.766666707893213,-0.497
2.7700000412762167,-0.509
2.7733333746592206,-0.528
2.7766667080422245,-0.542
2.7800000414252284,-0.557
2.7833333748082323,-0.571
2.786666708191236,-0.577
2.79000004157424,-0.58
2.7933333749572435,-0.583
