time_min,absorb_mau
0.0,0.015
0.1866666694482167,0.001
0.3733333388964335,0.037
0.5600000083446502,0.2269999999999998
0.746666677792867,0.0629999999999999
0.9333333472410836,-0.0409999999999999
1.1200000166893005,-0.0089999999999998
1.3066666861375174,0.123
1.493333355585734,0.068
1.6800000250339509,-0.0169999999999999
1.8666666944821677,-0.0289999999999994
2.0533333639303843,-0.0219999999999997
2.240000033378601,0.061
2.4266667028268176,0.0670000000000006
2.6133333722750347,0.0709999999999997
2.800000041723252,0.06
2.986666711171468,0.133
3.1733333806196846,-0.0979999999999998
3.3600000500679017,-0.172
3.5466667195161183,-0.0860000000000003
3.733333388964335,0.0429999999999997
3.920000058412552,0.0409999999999997
4.106666727860769,0.024
4.293333397308985,-0.0099999999999997
4.480000066757202,0.0219999999999997
4.666666736205419,0.0539999999999967
4.853333405653635,0.063000000000001
5.040000075101853,0.0979999999999998
5.226666744550069,0.016
5.413333413998286,0.076
5.600000083446503,0.0380000000000002
5.786666752894719,0.0799999999999999
5.973333422342936,0.0179999999999999
6.160000091791153,0.0440000000000004
6.346666761239369,0.0889999999999995
6.533333430687587,0.056
6.720000100135803,0.2140000000000004
6.90666676958402,0.213
7.093333439032237,0.3119999999999994
7.280000108480453,0.294
7.46666677792867,0.2259999999999999
7.653333447376887,0.1550000000000002
7.840000116825103,0.0790000000000024
8.02666678627332,0.1950000000000002
8.213333455721537,0.1870000000000002
8.400000125169754,0.0949999999999997
8.58666679461797,0.0470000000000006
8.773333464066187,0.1020000000000003
8.960000133514404,0.0519999999999996
9.14666680296262,0.2060000000000004
9.333333472410835,0.2149999999999998
9.520000141859054,0.2989999999999997
9.70666681130727,0.2209999999999965
9.893333480755487,0.1679999999999997
10.080000150203706,0.1820000000000003
10.266666819651922,0.4250000000000007
10.45333348910014,0.3309999999999995
10.640000158548355,0.3109999999999999
10.826666827996572,0.254
11.013333497444789,0.2720000000000002
11.200000166893004,0.2259999999999999
11.386666836341222,0.2309999999999999
11.57333350578944,0.1720000000000006
11.760000175237655,0.2189999999999998
11.946666844685872,0.2109999999999985
12.133333514134089,0.2460000000000057
12.320000183582303,0.2259999999999973
12.506666853030522,0.182999999999998
12.693333522478738,0.1650000000000009
12.880000191926957,0.1809999999999996
13.066666861375174,0.2280000000000002
13.25333353082339,0.236
13.440000200271609,0.2229999999999999
13.626666869719823,0.3060000000000009
13.81333353916804,0.2010000000000005
14.000000208616257,0.2110000000000003
14.186666878064472,0.2349999999999998
14.37333354751269,0.1330000000000009
14.560000216960908,0.1720000000000001
14.746666886409123,0.2499999999999964
14.93333355585734,0.169000000000004
15.120000225305557,0.2819999999999982
15.306666894753771,0.3580000000000014
15.49333356420199,0.2510000000000012
15.680000233650206,0.4440000000000026
15.866666903098425,0.33
16.05333357254664,0.2989999999999995
16.240000241994856,0.3089999999999939
16.426666911443075,0.2140000000000004
16.61333358089129,0.2309999999999998
16.800000250339508,0.2709999999999999
16.986666919787723,0.3659999999999992
17.17333358923594,0.4529999999999994
17.36000025868416,0.4480000000000004
17.546666928132375,0.484
17.733333597580593,0.3219999999999992
17.920000267028808,0.2770000000000001
18.106666936477023,0.399
18.29333360592524,0.4969999999999999
18.48000027537346,0.4649999999999998
18.666666944821674,0.4059999999999988
18.853333614269893,0.3800000000000008
19.040000283718108,0.4310000000000009
19.22666695316633,0.5009999999999994
19.41333362261454,0.3399999999999999
19.60000029206276,0.355
19.78666696151097,0.5109999999999975
19.973333630959196,0.4459999999999997
20.16000030040741,0.4039999999999999
20.346666969855622,0.384999999999998
20.533333639303844,0.4830000000000005
20.72000030875206,0.4629999999999992
20.90666697820028,0.4710000000000001
21.093333647648493,0.5240000000000009
21.28000031709671,0.5859999999999985
21.46666698654493,0.6660000000000013
21.653333655993144,0.6140000000000008
21.84000032544136,0.5940000000000047
22.026666994889577,0.6039999999999992
22.213333664337792,0.554000000000002
22.40000033378601,0.623
22.586667003234226,0.5579999999999963
22.773333672682444,0.6479999999999999
22.960000342130662,0.6259999999999994
23.14666701157888,0.6179999999999986
23.333333681027096,0.5640000000000001
23.52000035047531,0.5549999999999997
23.70666701992353,0.5879999999999992
23.893333689371744,0.5030000000000001
24.08000035881996,0.536
24.266667028268177,0.6579999999999941
24.4533336977164,0.7870000000000008
24.64000036716461,0.6990000000000052
24.82666703661283,0.7809999999999988
25.013333706061044,0.8200000000000021
25.200000375509266,0.8610000000000007
25.38666704495748,0.9080000000000048
25.573333714405692,0.8859999999999999
25.76000038385391,0.9370000000000048
25.94666705330213,0.9289999999999984
26.133333722750347,1.0259999999999998
26.32000039219856,1.001999999999999
26.50666706164678,0.936
26.693333731094995,1.0639999999999998
26.880000400543214,0.924
27.06666706999143,1.0609999999999982
27.253333739439647,1.0889999999999986
27.44000040888786,1.1139999999999937
27.62666707833608,1.0839999999999996
27.81333374778429,1.22
28.000000417232517,1.2959999999999994
28.18666708668073,1.299999999999999
28.373333756128947,1.3210000000000015
28.56000042557716,1.227000000000004
28.74666709502538,1.218
28.9333337644736,1.218
29.120000433921813,1.245
29.30666710337003,1.237000000000002
29.493333772818247,1.3489999999999966
29.680000442266465,1.283999999999999
29.86666711171468,1.3249999999999993
30.053333781162895,1.2610000000000028
30.240000450611117,1.3269999999999946
30.42666712005933,1.3500000000000014
30.613333789507543,1.3680000000000012
30.800000458955765,1.387999999999998
30.98666712840398,1.575999999999997
31.1733337978522,1.472999999999999
31.360000467300413,1.4479999999999995
31.54666713674863,1.463000000000001
31.73333380619685,1.4920000000000044
31.920000475645065,1.503
32.10666714509328,1.4800000000000004
32.2933338145415,1.4329999999999998
32.48000048398971,1.4239999999999986
32.666667153437935,1.519
32.85333382288615,1.5319999999999965
33.040000492334364,1.4600000000000009
33.22666716178258,1.5019999999999882
33.4133338312308,1.5819999999999936
33.600000500679016,1.573
33.78666717012723,1.577
33.973333839575446,1.6739999999999924
34.16000050902367,1.6160000000000014
34.34666717847188,1.5219999999999985
34.5333338479201,1.569
34.72000051736832,1.6000000000000014
34.906667186816534,1.5940000000000012
35.09333385626475,1.639000000000003
35.280000525712964,1.6610000000000014
35.466667195161186,1.6920000000000002
35.6533338646094,1.668999999999997
35.840000534057616,1.6650000000000065
36.02666720350583,1.7489999999999952
36.21333387295405,1.6829999999999998
36.40000054240227,1.849
36.58666721185048,1.8100000000000025
36.7733338812987,1.8130000000000024
36.96000055074692,1.7089999999999996
37.146667220195134,1.6959999999999995
37.33333388964335,1.8049999999999928
37.52000055909157,1.7970000000000006
37.706667228539786,1.7590000000000003
37.893333897988,1.7089999999999996
38.080000567436215,1.6409999999999991
38.26666723688444,1.706
38.45333390633265,1.7769999999999992
38.64000057578087,1.7849999999999966
38.82666724522908,1.918
39.0133339146773,1.854
39.20000058412552,1.853
39.38666725357373,1.898
39.57333392302195,1.7970000000000113
39.76000059247017,1.7759999999999962
39.94666726191839,1.8980000000000032
40.1333339313666,1.8880000000000048
40.32000060081482,1.9600000000000009
40.50666727026304,1.8580000000000003
40.69333393971125,1.8550000000000004
40.88000060915947,1.8499999999999976
41.06666727860769,1.847
41.253333948055904,2.054000000000002
41.44000061750412,2.048000000000002
41.62666728695233,2.0260000000000105
41.81333395640056,2.1529999999999987
42.00000062584877,2.146000000000001
42.186667295296985,2.039999999999999
42.3733339647452,2.2149999999999994
42.56000063419342,2.2379999999999995
42.74666730364164,2.131
42.93333397308985,2.107999999999997
43.12000064253807,2.091000000000001
43.30666731198629,2.0680000000000014
43.4933339814345,1.953000000000003
43.68000065088272,2.1439999999999984
43.86666732033094,2.1340000000000003
44.05333398977916,2.1779999999999973
44.24000065922737,2.075000000000003
44.42666732867559,2.119999999999997
44.61333399812381,2.2490000000000023
44.80000066757202,2.235
44.98666733702024,2.249000000000001
45.17333400646845,2.232999999999997
45.36000067591667,2.338000000000001
45.54666734536489,2.3360000000000003
45.7333340148131,2.3129999999999957
45.920000684261325,2.2750000000000004
46.10666735370954,2.290999999999997
46.29333402315776,2.3319999999999936
46.48000069260597,2.361
46.66666736205419,2.3740000000000023
46.853334031502406,2.397999999999996
47.04000070095062,2.429000000000002
47.22666737039884,2.409000000000013
47.41333403984706,2.553000000000001
47.60000070929527,2.593
47.78666737874349,2.690999999999999
47.9733340481917,2.7479999999999905
48.160000717639925,2.632000000000001
48.34666738708814,2.5559999999999974
48.533334056536354,2.600999999999992
48.72000072598457,2.706000000000003
48.90666739543279,2.767000000000003
49.093334064881006,2.777
49.28000073432922,2.6620000000000026
49.46666740377744,2.7150000000000034
49.65333407322566,2.696000000000001
49.84000074267387,2.73
50.02666741212209,2.865999999999985
50.21333408157031,2.831000000000003
50.40000075101853,2.866
50.58666742046674,2.9559999999999995
50.77333408991496,2.985000000000003
50.960000759363176,3.014999999999999
51.14666742881139,2.966000000000001
51.333334098259606,2.942
51.52000076770782,3.0940000000000083
51.70666743715604,3.184
51.89333410660426,3.0720000000000027
52.08000077605247,3.132000000000005
52.26666744550069,3.182000000000002
52.45333411494891,3.396000000000001
52.64000078439712,3.310999999999993
52.82666745384534,3.351
53.01333412329356,3.272999999999996
53.200000792741776,3.3489999999999966
53.38666746218999,3.386000000000001
53.573334131638205,3.4040000000000035
53.76000080108643,3.3939999999999984
53.94666747053464,3.411999999999999
54.13333413998286,3.556999999999995
54.32000080943107,3.564000000000007
54.506667478879294,3.594000000000001
54.69333414832751,3.5720000000000027
54.88000081777572,3.5909999999999997
55.066667487223945,3.628
55.25333415667216,3.693999999999999
55.440000826120375,3.656000000000006
55.62666749556859,3.709999999999997
55.81333416501681,3.9099999999999966
56.00000083446503,3.897
56.18666750391324,3.9529999999999887
56.37333417336146,4.022999999999993
56.56000084280968,4.043999999999997
56.74666751225789,4.034000000000006
56.93333418170611,4.053999999999999
57.12000085115432,4.165000000000006
57.30666752060255,4.311999999999998
57.49333419005076,4.239000000000004
57.680000859498975,4.274999999999999
57.8666675289472,4.291
58.05333419839541,4.311999999999998
58.24000086784363,4.341999999999999
58.42666753729184,4.433
58.61333420674006,4.458
58.80000087618828,4.516000000000005
58.98666754563649,4.871999999999993
59.17333421508471,4.878999999999996
59.36000088453293,5.116
59.546667553981145,5.161
59.73333422342936,5.148
59.92000089287757,5.080999999999996
60.1066675623258,5.1370000000000005
60.29333423177401,5.206
60.48000090122223,5.222000000000001
60.66666757067045,5.319999999999993
60.85333424011866,5.310000000000002
61.04000090956688,5.344999999999999
61.22666757901509,5.490000000000009
61.41333424846332,5.605
61.60000091791153,5.657
61.786667587359744,5.722999999999999
61.97333425680796,5.753000000000004
62.16000092625618,5.933
62.3466675957044,6.073
62.53333426515261,6.311000000000007
62.720000934600826,6.320000000000007
62.90666760404905,6.245000000000001
63.09333427349726,6.331000000000003
63.28000094294548,6.290000000000001
63.4666676123937,6.335999999999999
63.65333428184192,6.456
63.84000095129013,6.518999999999998
64.02666762073835,6.560000000000002
64.21333429018657,6.698000000000008
64.40000095963478,6.728999999999999
64.586667629083,6.954000000000001
64.77333429853121,7.027000000000001
64.96000096797943,7.201000000000011
65.14666763742764,7.372
65.33333430687587,7.497
65.52000097632408,7.599999999999998
65.7066676457723,7.638999999999996
65.89333431522051,7.616
66.08000098466873,7.648
66.26666765411694,7.798999999999999
66.45333432356516,7.799999999999998
66.64000099301339,7.915999999999997
66.8266676624616,8.058
67.01333433190982,8.134999999999998
67.20000100135803,8.255000000000003
67.38666767080625,8.351
67.57333434025446,8.439
67.76000100970268,8.539000000000009
67.94666767915089,8.688999999999993
68.13333434859912,8.915999999999997
68.32000101804734,9.037999999999997
68.50666768749555,9.140999999999998
68.69333435694377,9.08
68.88000102639198,9.127000000000002
69.0666676958402,9.219
69.25333436528841,9.336999999999977
69.44000103473664,9.444000000000004
69.62666770418485,9.604
69.81333437363307,9.672000000000004
70.00000104308128,9.814999999999998
70.1866677125295,9.886
70.37333438197771,10.038000000000013
70.56000105142593,10.187000000000026
70.74666772087414,10.41099999999999
70.93333439032237,10.582999999999998
71.12000105977059,10.867000000000004
71.3066677292188,10.9
71.49333439866702,10.844
71.68000106811523,10.822
71.86666773756345,10.778
72.05333440701166,10.951000000000008
72.24000107645989,10.989999999999997
72.4266677459081,10.983000000000004
72.61333441535632,11.153999999999996
72.80000108480453,11.293
72.98666775425275,11.432999999999993
73.17333442370096,11.681000000000012
73.36000109314918,11.788
73.5466677625974,11.903000000000006
73.73333443204562,12.134
73.92000110149384,12.486
74.10666777094205,12.615000000000002
74.29333444039027,12.602999999999994
74.48000110983848,12.680999999999996
74.6666677792867,12.69899999999997
74.85333444873491,12.682000000000016
75.04000111818314,12.641999999999996
75.22666778763136,12.668999999999995
75.41333445707957,12.781
75.60000112652779,12.856
75.786667795976,12.860999999999995
75.97333446542422,12.944999999999991
76.16000113487243,13.188999999999965
76.34666780432065,13.43699999999999
76.53333447376887,13.75
76.72000114321709,13.956000000000005
76.9066678126653,14.228999999999992
77.09333448211352,14.307000000000002
77.28000115156173,14.363
77.46666782100995,14.390999999999998
77.65333449045816,14.300000000000011
77.8400011599064,14.313
78.02666782935461,14.36
78.21333449880282,14.414
78.40000116825104,14.479
78.58666783769925,14.581000000000005
78.77333450714747,14.680999999999996
78.96000117659568,14.829999999999984
79.1466678460439,15.053999999999974
79.33333451549213,15.34299999999999
79.52000118494034,15.599
79.70666785438856,15.832999999999998
79.89333452383677,15.998999999999995
80.08000119328499,15.881
80.2666678627332,15.917
80.45333453218142,15.926000000000007
80.64000120162964,16.007999999999996
80.82666787107786,16.035
81.01333454052607,16.05
81.20000120997429,16.208999999999996
81.3866678794225,16.253
81.57333454887072,16.328000000000003
81.76000121831893,16.466000000000008
81.94666788776715,16.702999999999975
82.13333455721538,16.878
82.32000122666359,17.091999999999985
82.50666789611181,17.551999999999992
82.69333456556002,17.818000000000005
82.88000123500824,17.773
83.06666790445645,17.726000000000028
83.25333457390467,17.79699999999994
83.4400012433529,17.692
83.62666791280111,17.716
83.81333458224933,17.66
84.00000125169754,17.707
84.18666792114576,17.837000000000003
84.37333459059397,17.908
84.56000126004218,18.059999999999995
84.7466679294904,18.24299999999998
84.93333459893863,18.404
85.12000126838684,18.65299999999999
85.30666793783506,19.087999999999997
85.49333460728327,19.343000000000004
85.68000127673149,19.512
85.8666679461797,19.488
86.05333461562792,19.468999999999998
86.24000128507615,19.469
86.42666795452436,19.372
86.61333462397258,19.203000000000003
86.80000129342079,19.165
86.986667962869,19.27499999999999
87.17333463231722,19.463
87.36000130176544,19.532
87.54666797121365,19.584
87.73333464066188,19.92
87.9200013101101,20.172
88.10666797955831,20.549000000000007
88.29333464900652,20.929
88.48000131845474,21.176999999999992
88.66666798790295,21.002999999999997
88.85333465735117,20.746999999999996
89.0400013267994,20.612999999999992
89.22666799624761,20.563
89.41333466569583,20.577
89.60000133514404,20.511
89.78666800459226,20.623000000000005
89.97333467404047,20.826
90.16000134348867,20.84499999999997
90.3466680129369,20.840000000000032
90.53333468238512,20.948000000000008
90.72000135183336,21.22500000000001
90.90666802128156,21.52199999999999
91.09333469072978,21.928999999999974
91.280001360178,22.222
91.4666680296262,22.13000000000001
91.65333469907442,21.97800000000001
91.84000136852264,21.934000000000022
92.02666803797086,21.77200000000001
92.21333470741908,21.692000000000007
92.4000013768673,21.608
92.58666804631552,21.698000000000008
92.77333471576372,21.702
92.96000138521194,21.820000000000004
93.14666805466015,21.949
93.33333472410838,22.019000000000005
93.5200013935566,22.227000000000004
93.7066680630048,22.411
93.89333473245304,22.813
94.08000140190124,23.10900000000001
94.26666807134946,23.166000000000004
94.45333474079769,22.970000000000013
94.6400014102459,22.847
94.82666807969412,22.756
95.01333474914232,22.711
95.20000141859056,22.72200000000001
95.38666808803876,22.552000000000007
95.57333475748698,22.452
95.7600014269352,22.364999999999995
95.9466680963834,22.45
96.13333476583163,22.539
96.32000143527983,22.724000000000004
96.50666810472806,22.956000000000003
96.69333477417628,23.293000000000006
96.8800014436245,23.604
97.06666811307272,23.774999999999988
97.25333478252092,23.65700000000001
97.44000145196914,23.535
97.62666812141735,23.278
97.81333479086558,23.216
98.0000014603138,23.202
98.186668129762,23.009
98.37333479921024,22.989999999999995
98.56000146865844,22.997000000000007
98.74666813810666,22.97899999999996
98.93333480755489,22.954
99.1200014770031,23.036
99.30666814645132,23.136
99.49333481589952,23.488999999999976
99.68000148534774,23.968000000000004
99.86666815479596,24.14
100.05333482424416,24.160000000000025
100.2400014936924,24.02700000000001
100.42666816314062,23.707000000000008
100.61333483258883,23.387
100.80000150203703,23.198
100.98666817148526,23.194
101.17333484093348,23.117999999999995
101.3600015103817,22.965000000000003
101.54666817982992,23.119
101.73333484927814,23.197000000000003
101.92000151872637,23.237
102.10666818817457,23.399
102.29333485762278,23.419
102.480001527071,23.62900000000002
102.6666681965192,24.057999999999996
102.85333486596744,24.111000000000004
103.04000153541564,23.840000000000003
103.22666820486388,23.637
103.41333487431208,23.557999999999996
103.6000015437603,23.282999999999998
103.78666821320851,23.224
103.97333488265672,23.138000000000005
104.16000155210494,23.078
104.34666822155316,23.02099999999999
104.5333348910014,23.01
104.7200015604496,22.982
104.90666822989782,23.001999999999995
105.09333489934605,23.261
105.28000156879423,23.548
105.46666823824246,23.874999999999982
105.65333490769068,24.03
105.84000157713888,23.908000000000044
106.02666824658712,23.629000000000005
106.21333491603534,23.35300000000001
106.40000158548357,23.187
106.58666825493177,22.85900000000001
106.77333492437998,22.852
106.9600015938282,22.723999999999972
107.1466682632764,22.53700000000001
107.33333493272464,22.557
107.52000160217284,22.685
107.70666827162108,22.633
107.89333494106928,22.668000000000006
108.0800016105175,22.91300000000001
108.26666827996571,23.289
108.45333494941391,23.502999999999982
108.64000161886214,23.40900000000002
108.82666828831036,23.258
109.0133349577586,22.979
109.2000016272068,22.768
109.38666829665502,22.50200000000001
109.57333496610325,22.404
109.76000163555145,22.348
109.94666830499966,22.35600000000001
110.13333497444788,22.333
110.3200016438961,22.207
110.50666831334432,22.218000000000004
110.69333498279254,22.193000000000005
110.88000165224076,22.327
111.06666832168897,22.547999999999988
111.25333499113718,22.695
111.4400016605854,22.826999999999984
111.62666833003362,22.654
111.81333499948184,22.464
112.00000166893004,22.120999999999995
112.18666833837828,21.934
112.37333500782648,21.77900000000001
112.5600016772747,21.529
112.74666834672291,21.40900000000001
112.93333501617114,21.431
113.12000168561936,21.381
113.30666835506756,21.215000000000003
113.4933350245158,21.226
113.680001693964,21.288
113.86666836341222,21.462999999999965
114.05333503286045,21.678
114.24000170230865,21.84099999999998
114.42666837175688,21.809000000000022
114.61333504120508,21.609999999999985
114.8000017106533,21.292
114.98666838010152,20.977
115.17333504954972,20.78100000000001
115.36000171899796,20.50400000000002
115.54666838844616,20.24800000000002
115.7333350578944,20.257000000000005
115.9200017273426,20.25800000000001
116.10666839679082,20.159
116.29333506623904,20.158
116.48000173568724,20.166
116.66666840513548,20.367999999999967
116.85333507458368,20.55499999999998
117.0400017440319,20.736999999999995
117.22666841348013,20.846
117.41333508292834,20.63499999999999
117.60000175237656,20.300999999999988
117.78666842182476,20.04000000000002
117.973335091273,19.735000000000014
118.1600017607212,19.50800000000004
118.34666843016942,19.38900000000001
118.53333509961764,19.213
118.72000176906586,19.329
118.90666843851407,19.144
119.09333510796228,19.22800000000001
119.2800017774105,19.245000000000005
119.46666844685872,19.235000000000014
119.65333511630692,19.352999999999994
119.84000178575516,19.441000000000003
120.02666845520338,19.458
120.2133351246516,19.375999999999976
120.4000017940998,19.051
120.58666846354802,18.805000000000007
120.77333513299624,18.62300000000002
120.96000180244444,18.374000000000024
121.14666847189268,18.173999999999964
121.3333351413409,17.992000000000004
121.52000181078913,17.873000000000005
121.70666848023733,17.845
121.89333514968554,17.74000000000001
122.08000181913376,17.822000000000003
122.26666848858196,17.77499999999995
122.4533351580302,17.825999999999965
122.6400018274784,17.884
122.82666849692664,17.912
123.01333516637484,17.763000000000005
123.20000183582306,17.555
123.38666850527127,17.329000000000008
123.57333517471947,17.099000000000004
123.7600018441677,16.92800000000001
123.94666851361592,16.700000000000017
124.13333518306416,16.561000000000007
124.32000185251236,16.528
124.50666852196058,16.543
124.6933351914088,16.393
124.880001860857,16.230999999999995
125.06666853030522,16.152000000000005
125.25333519975344,16.174999999999955
125.44000186920164,16.376999999999953
125.62666853864988,16.323
125.8133352080981,16.308999999999997
126.00000187754632,16.218999999999994
126.18666854699453,16.088000000000022
126.37333521644274,15.778999999999996
126.56000188589096,15.698
126.74666855533916,15.590000000000032
126.9333352247874,15.349999999999994
127.1200018942356,15.239000000000004
127.30666856368384,15.200000000000005
127.49333523313204,15.37899999999999
127.68000190258026,15.209999999999996
127.86666857202847,15.009000000000016
128.0533352414767,14.820999999999998
128.24000191092492,14.877
128.42666858037313,14.937000000000012
128.61333524982135,14.906
128.80000191926956,14.771
128.98666858871778,14.669999999999987
129.173335258166,14.382
129.3600019276142,14.331999999999994
129.54666859706242,14.108000000000004
129.73333526651064,13.999
129.92000193595885,13.90400000000001
130.10666860540707,13.915
130.29333527485528,13.879999999999969
130.48000194430352,13.771
130.66666861375174,13.75
130.85333528319995,13.636
131.04000195264817,13.654
131.22666862209638,13.662
131.4133352915446,13.516000000000004
131.6000019609928,13.431999999999988
131.78666863044103,13.340999999999994
131.97333529988924,13.265
132.16000196933746,12.983000000000004
132.34666863878567,12.93900000000002
132.5333353082339,12.689999999999998
132.7200019776821,12.629999999999969
132.90666864713032,12.534000000000006
133.09333531657853,12.611000000000049
133.28000198602678,12.369000000000028
133.466668655475,12.373999999999995
133.6533353249232,12.246999999999986
133.84000199437142,12.175
134.02666866381963,12.147000000000006
134.21333533326785,12.274999999999975
134.40000200271606,12.222000000000008
134.58666867216428,12.154999999999973
134.7733353416125,11.961
134.9600020110607,11.883999999999986
135.14666868050892,11.681000000000012
135.33333534995714,11.439999999999998
135.52000201940535,11.47999999999996
135.70666868885357,11.32400000000004
135.89333535830178,11.386999999999992
136.08000202775003,11.336999999999987
136.26666869719824,11.22999999999999
136.45333536664646,11.207000000000008
136.64000203609467,11.134
136.8266687055429,11.167999999999992
137.0133353749911,11.191000000000004
137.20000204443932,11.197
137.38666871388753,11.113
137.57333538333577,10.900000000000006
137.76000205278396,10.795999999999992
137.94666872223218,10.765
138.1333353916804,10.664999999999992
138.3200020611286,10.52000000000004
138.50666873057682,10.441000000000033
138.69333540002503,10.348999999999982
138.88000206947328,10.226
139.0666687389215,10.246000000000002
139.2533354083697,10.140999999999998
139.44000207781792,10.056000000000012
139.62666874726614,10.046999999999995
139.81333541671435,10.018
140.00000208616257,10.095999999999997
140.18666875561078,10.096000000000004
140.373335425059,9.987000000000023
140.5600020945072,9.85499999999999
140.74666876395543,9.666000000000023
140.93333543340364,9.529
141.12000210285186,9.485000000000028
141.30666877230007,9.408000000000015
141.4933354417483,9.181000000000097
141.68000211119653,9.122999999999998
141.86666878064474,9.111999999999998
142.05333545009296,9.06
142.24000211954117,9.081999999999995
142.4266687889894,9.054000000000002
142.6133354584376,8.977000000000004
142.80000212788582,9.072
142.98666879733403,9.007000000000005
143.17333546678225,8.923
143.36000213623046,8.856000000000002
143.54666880567868,8.755000000000003
143.7333354751269,8.629999999999995
143.9200021445751,8.473000000000042
144.10666881402332,8.408000000000008
144.29333548347154,8.382000000000033
144.48000215291978,8.391999999999996
144.666668822368,8.366
144.8533354918162,8.225999999999999
145.04000216126445,8.195999999999998
145.22666883071264,8.309999999999999
145.41333550016083,8.437999999999988
145.60000216960907,8.292000000000002
145.78666883905728,8.274000000000001
145.9733355085055,8.14100000000002
146.16000217795371,7.950999999999993
146.34666884740193,7.915999999999997
146.53333551685014,7.854000000000013
146.72000218629836,7.808999999999983
146.90666885574657,7.752000000000002
147.0933355251948,7.720000000000027
147.28000219464303,7.695999999999998
147.46666886409125,7.623999999999995
147.65333553353946,7.546999999999997
147.84000220298768,7.4539999999999935
148.0266688724359,7.489000000000004
148.2133355418841,7.395999999999987
148.40000221133232,7.4210000000000065
148.58666888078054,7.463999999999999
148.77333555022875,7.433999999999997
148.96000221967697,7.355000000000004
149.14666888912518,7.244
149.3333355585734,7.220000000000056
149.5200022280216,7.233000000000002
149.70666889746985,7.09800000000007
149.89333556691804,7.07399999999997
150.08000223636628,7.065
150.2666689058145,6.901
150.4533355752627,6.973000000000013
150.64000224471093,6.823000000000001
150.82666891415914,6.796999999999997
151.01333558360736,6.712000000000003
151.20000225305557,6.7690000000000055
151.3866689225038,6.799000000000007
151.573335591952,6.802999999999997
151.76000226140022,6.7050000000000125
151.94666893084843,6.748999999999995
152.13333560029665,6.627999999999986
152.32000226974486,6.51400000000001
152.50666893919308,6.413000000000039
152.6933356086413,6.463000000000008
152.8800022780895,6.570000000000007
153.06666894753775,6.466000000000008
153.25333561698596,6.460000000000001
153.44000228643418,6.406000000000006
153.6266689558824,6.301000000000002
153.8133356253306,6.331999999999994
154.00000229477882,6.264999999999986
154.18666896422704,6.343999999999994
154.37333563367525,6.299
154.56000230312347,6.198
154.74666897257168,6.219999999999999
154.9333356420199,6.122000000000071
155.1200023114681,6.137999999999991
155.30666898091633,6.109000000000037
155.49333565036454,5.961000000000006
155.6800023198128,5.912000000000006
155.866668989261,5.869
156.05333565870922,5.918999999999997
156.24000232815743,6.012
156.42666899760565,5.989999999999995
156.61333566705386,5.918999999999997
156.80000233650208,5.861999999999998
156.9866690059503,5.937000000000012
157.1733356753985,5.838999999999999
157.36000234484672,5.807999999999993
157.5466690142949,5.722999999999999
157.73333568374315,5.7649999999999935
157.92000235319136,5.694000000000001
158.10666902263958,5.679000000000031
158.2933356920878,5.599000000000007
158.48000236153604,5.556000000000012
158.66666903098425,5.523
158.85333570043247,5.502999999999986
159.04000236988068,5.524000000000001
159.2266690393289,5.524000000000001
159.4133357087771,5.457999999999998
159.60000237822533,5.435000000000002
159.78666904767354,5.457999999999998
159.97333571712176,5.513000000000005
160.16000238656997,5.588000000000022
160.3466690560182,5.375
160.5333357254664,5.30699999999996
160.72000239491462,5.378000000000043
160.90666906436283,5.354000000000042
161.09333573381105,5.288000000000002
161.2800024032593,5.179999999999993
161.4666690727075,5.167000000000002
161.65333574215572,5.240000000000002
161.84000241160393,5.241999999999999
162.02666908105215,5.134
162.21333575050036,5.069000000000003
162.40000241994858,5.102999999999994
162.5866690893968,5.188000000000002
162.773335758845,5.069999999999993
162.96000242829322,5.012999999999998
163.14666909774144,4.948999999999998
163.33333576718965,4.954000000000008
163.52000243663787,4.977000000000002
163.70666910608608,4.9739999999999895
163.8933357755343,4.957000000000002
164.08000244498254,4.833999999999996
164.26666911443075,4.903000000000006
164.45333578387897,5.025000000000006
164.64000245332718,4.947999999999993
164.8266691227754,4.865000000000002
165.0133357922236,4.8559999999999945
165.20000246167183,4.838000000000001
165.38666913112004,4.766000000000005
165.57333580056826,4.888
165.76000247001647,4.897999999999996
165.9466691394647,4.807000000000002
166.1333358089129,4.788000000000068
166.32000247836112,4.631
166.50666914780933,4.560000000000031
166.69333581725755,4.677999999999969
166.8800024867058,4.780000000000001
167.066669156154,4.651999999999987
167.25333582560222,4.652999999999999
167.44000249505044,4.490000000000009
167.62666916449865,4.593
167.8133358339469,4.802999999999997
168.00000250339508,4.710999999999999
168.1866691728433,4.725999999999999
168.3733358422915,4.715000000000003
168.56000251173973,4.727999999999994
168.74666918118794,4.666999999999998
168.93333585063615,4.562999999999995
169.12000252008437,4.559000000000026
169.30666918953258,4.655999999999949
169.4933358589808,4.666999999999998
169.68000252842904,4.607000000000028
169.86666919787726,4.567000000000007
170.05333586732547,4.451999999999998
170.2400025367737,4.376999999999995
170.4266692062219,4.438000000000002
170.61333587567012,4.433
170.80000254511833,4.473000000000013
170.98666921456655,4.554
171.17333588401476,4.474999999999994
171.36000255346298,4.346000000000004
171.5466692229112,4.536999999999978
171.7333358923594,4.565
171.92000256180762,4.456000000000002
172.10666923125584,4.427999999999983
172.29333590070405,4.314999999999969
172.4800025701523,4.445999999999998
172.6666692396005,4.397000000000006
172.85333590904872,4.533999999999992
173.04000257849694,4.4739999999999895
173.22666924794515,4.540000000000006
173.41333591739337,4.518000000000001
173.60000258684158,4.590999999999999
173.7866692562898,4.442
173.973335925738,4.480000000000004
174.16000259518623,4.431000000000012
174.34666926463444,4.401999999999987
174.53333593408266,4.408999999999978
174.72000260353087,4.381999999999977
174.9066692729791,4.301000000000009
175.0933359424273,4.356999999999999
175.28000261187557,4.411999999999999
175.46666928132376,4.363
175.65333595077198,4.2490000000000006
175.8400026202202,4.36699999999999
176.0266692896684,4.423000000000002
176.21333595911662,4.36
176.40000262856483,4.409000000000006
176.58666929801305,4.298000000000002
176.77333596746126,4.338000000000022
176.96000263690948,4.201999999999998
177.1466693063577,4.313999999999993
177.3333359758059,4.412999999999983
177.52000264525412,4.356000000000009
177.70666931470234,4.350999999999971
177.89333598415055,4.4169999999999945
178.0800026535988,4.34699999999998
178.266669323047,4.303
178.45333599249523,4.2409999999999854
178.64000266194344,4.310000000000002
178.82666933139166,4.415
179.01333600083987,4.495999999999981
179.2000026702881,4.460000000000008
179.3866693397363,4.311999999999998
179.57333600918452,4.338999999999999
179.76000267863273,4.225000000000001
179.94666934808097,4.159999999999997
180.13333601752916,4.213999999999984
180.32000268697735,4.238999999999976
180.5066693564256,4.318999999999988
180.6933360258738,4.290000000000006
180.88000269532205,4.347999999999999
181.06666936477023,4.2890000000000015
181.25333603421848,4.311000000000007
181.4400027036667,4.418
181.6266693731149,4.329
181.81333604256312,4.3770000000000095
182.0000027120113,4.3559999999999945
182.18666938145955,4.400000000000006
182.37333605090777,4.323000000000008
182.560002720356,4.359999999999999
182.7466693898042,4.360000000000014
182.9333360592524,4.332000000000008
183.12000272870063,4.243000000000009
183.30666939814884,4.212999999999994
183.49333606759703,4.189000000000021
183.6800027370453,4.194999999999993
183.86666940649351,4.076999999999998
184.05333607594173,4.02
184.24000274538997,3.975999999999999
184.42666941483816,4.132999999999999
184.6133360842864,4.142999999999994
184.8000027537346,4.198000000000008
184.9866694231828,4.172000000000001
185.17333609263105,4.106000000000002
185.36000276207923,4.165000000000006
185.54666943152745,4.136000000000003
185.7333361009757,4.20999999999998
185.92000277042388,4.263000000000005
186.1066694398721,4.129999999999996
186.2933361093203,4.116000000000042
186.48000277876852,4.059000000000026
186.6666694482168,4.096999999999994
186.85333611766495,4.054000000000002
187.0400027871132,4.076999999999998
187.2266694565614,4.036000000000001
187.41333612600965,3.939000000000007
187.60000279545784,4.022999999999996
187.78666946490603,3.988
187.97333613435427,3.953
188.16000280380248,3.9380000000000015
188.3466694732507,3.971999999999994
188.5333361426989,4.035000000000025
188.72000281214716,4.126000000000003
188.90666948159532,4.14800000000001
189.0933361510436,4.096000000000032
189.2800028204918,4.165999999999997
189.46666948994,4.189999999999998
189.65333615938823,4.1080000000000005
189.84000282883645,4.1270000000000095
190.02666949828463,4.163000000000011
190.21333616773288,4.1059999999999945
190.4000028371811,4.105
190.5866695066293,4.236999999999995
190.77333617607752,4.157000000000011
190.9600028455257,4.177
191.14666951497395,4.103999999999999
191.33333618442217,4.071999999999974
191.5200028538704,4.160999999999973
191.7066695233186,4.091000000000008
191.8933361927668,4.054000000000002
192.08000286221505,4.067999999999984
192.26666953166327,4.161000000000001
192.45333620111148,4.102
192.6400028705597,4.096000000000004
192.8266695400079,4.218999999999994
193.01333620945613,4.153000000000006
193.20000287890437,4.024000000000001
193.38666954835256,4.02000000000001
193.5733362178008,3.990000000000009
193.760002887249,4.119
193.9466695566972,4.138000000000034
194.13333622614545,4.117000000000019
194.32000289559363,4.135999999999967
194.50666956504185,4.035000000000025
194.6933362344901,4.09999999999998
194.88000290393828,4.097000000000008
195.0666695733865,3.918999999999997
195.25333624283476,3.991
195.44000291228292,4.007999999999996
195.6266695817312,3.994
195.81333625117935,4.01400000000001
196.0000029206276,4.0260000000000105
196.1866695900758,4.155000000000001
196.373336259524,4.209999999999994
196.56000292897224,4.163999999999987
196.74666959842045,4.117999999999995
196.93333626786867,4.097999999999985
197.12000293731688,4.092999999999996
197.3066696067651,4.210000000000008
197.4933362762133,4.182000000000002
197.68000294566156,4.125
197.86666961510977,4.076000000000022
198.053336284558,3.943999999999989
198.2400029540062,3.945999999999998
198.4266696234544,4.023
198.61333629290263,4.066999999999993
198.80000296235085,3.988
198.98666963179903,4.14500000000001
199.17333630124728,4.109
199.3600029706955,4.250999999999976
199.5466696401437,4.156000000000006
199.73333630959192,4.112999999999971
199.9200029790401,4.074000000000012
200.10666964848835,4.0710000000000015
200.29333631793656,4.151000000000039
200.4800029873848,4.18399999999999
200.66666965683305,4.061999999999998
200.85333632628124,4.080999999999989
201.04000299572945,3.961999999999989
201.22666966517767,3.9140000000000015
201.41333633462588,3.9180000000000064
201.6000030040741,4.037999999999997
201.7866696735223,4.004000000000019
201.97333634297053,4.133000000000003
202.16000301241877,4.068000000000012
202.34666968186696,4.081999999999994
202.5333363513152,3.971999999999994
202.7200030207634,3.972000000000023
202.9066696902116,4.126000000000005
203.09333635965984,3.962999999999965
203.28000302910803,4.028000000000006
203.46666969855627,3.963000000000001
203.6533363680045,3.947999999999993
203.8400030374527,3.8970000000000056
204.0266697069009,3.919
204.21333637634916,3.885999999999996
204.40000304579732,3.812000000000001
204.5866697152456,3.831000000000003
204.77333638469375,3.9780000000000086
204.960003054142,4.01600000000002
205.1466697235902,4.029000000000053
205.3333363930384,3.899000000000015
205.52000306248664,3.818000000000041
205.70666973193485,3.941999999999993
205.89333640138307,3.9139999999999295
206.08000307083128,3.841000000000008
206.26666974027955,3.8659999999999854
206.4533364097277,3.926000000000002
206.64000307917595,3.8549999999999898
206.82666974862417,3.899999999999999
207.0133364180724,3.837
207.2000030875206,3.757000000000005
207.3866697569688,3.742000000000005
207.57333642641703,3.703000000000003
207.76000309586524,3.6910000000000025
207.94666976531343,3.7679999999999154
208.13333643476167,3.8270000000000266
208.3200031042099,3.891999999999996
208.5066697736581,3.828
208.69333644310632,3.8210000000000255
208.88000311255453,3.839000000000056
209.0666697820028,3.849000000000004
209.253336451451,3.761999999999986
209.4400031208992,3.701999999999998
209.62666979034745,3.704000000000008
209.81333645979564,3.75
210.00000312924385,3.759999999999998
210.1866697986921,3.754999999999996
210.37333646814028,3.783
210.5600031375885,3.7930000000000064
210.7466698070367,3.841000000000065
210.93333647648493,3.847000000000037
211.12000314593317,3.775000000000034
211.30666981538133,3.6940000000000737
211.4933364848296,3.692000000000004
211.68000315427776,3.7520000000000095
211.86666982372603,3.716000000000008
212.05333649317424,3.674000000000003
212.2400031626225,3.655000000000001
212.42666983207067,3.5970000000000013
212.6133365015189,3.634999999999991
212.8000031709671,3.674000000000007
212.9866698404153,3.661000000000002
213.17333650986356,3.766
213.36000317931172,3.7580000000000098
213.54666984876,3.7599999999999625
213.73333651820815,3.642999999999972
213.9200031876564,3.648999999999997
214.1066698571046,3.565000000000026
214.2933365265528,3.582000000000022
214.48000319600104,3.595999999999975
214.66666986544928,3.607000000000028
214.8533365348975,3.620000000000005
215.0400032043457,3.591
215.22666987379392,3.607999999999997
215.4133365432421,3.6090000000000018
215.60000321269035,3.5689999999999884
215.78666988213857,3.5819999999999936
215.9733365515868,3.7150000000000034
216.160003221035,3.660000000000025
216.3466698904832,3.6790000000000314
216.53333655993143,3.713999999999999
216.72000322937964,3.681999999999988
216.90666989882783,3.6399999999999855
217.09333656827607,3.7029999999999887
217.2800032377243,3.563000000000045
217.46666990717253,3.5660000000000025
217.65333657662077,3.5149999999999864
217.84000324606896,3.4080000000000013
218.0266699155172,3.387999999999998
218.2133365849654,3.381
218.4000032544136,3.4979999999999905
218.58666992386185,3.480000000000018
218.77333659331003,3.456000000000003
218.96000326275825,3.454000000000008
219.1466699322065,3.4469999999999743
219.33333660165468,3.495999999999981
219.5200032711029,3.453000000000032
219.7066699405511,3.44500000000005
219.89333660999927,3.4470000000000063
220.08000327944757,3.463999999999998
220.26666994889575,3.5859999999999985
220.453336618344,3.502999999999986
220.6400032877922,3.471999999999994
220.82666995724043,3.378
221.01333662668864,3.3739999999999952
221.20000329613688,3.409000000000006
221.38666996558507,3.317999999999998
221.5733366350333,3.3799999999999955
221.7600033044815,3.384999999999998
221.9466699739297,3.4239999999999924
222.13333664337796,3.400999999999996
222.32000331282612,3.457999999999984
222.5066699822744,3.497999999999976
222.69333665172255,3.48899999999999
222.8800033211708,3.367000000000018
223.06666999061903,3.466000000000001
223.25333666006725,3.408999999999992
223.44000332951543,3.4399999999999977
223.62666999896368,3.4470000000000027
223.8133366684119,3.394999999999996
224.0000033378601,3.405000000000001
224.18667000730832,3.440999999999974
224.3733366767565,3.453000000000003
224.56000334620475,3.4839999999999947
224.74667001565297,3.375000000000057
224.9333366851012,3.328000000000032
225.1200033545494,3.38900000000001
225.3066700239976,3.4020000000000152
225.49333669344583,3.481999999999971
225.68000336289404,3.577000000000055
225.86667003234228,3.4610000000000127
226.0533367017905,3.448999999999998
226.2400033712387,3.402999999999992
226.42667004068693,3.4080000000000013
226.61333671013517,3.4239999999999995
226.80000337958336,3.3059999999999974
226.9866700490316,3.313
227.1733367184798,3.254000000000005
227.360003387928,3.2489999999999952
227.54667005737625,3.206999999999997
227.73333672682443,3.2200000000000277
227.92000339627265,3.1380000000000017
228.1066700657209,3.219999999999999
228.29333673516908,3.2220000000000013
228.4800034046173,3.187000000000012
228.66667007406556,3.224000000000004
228.85333674351372,3.3829999999999814
229.040003412962,3.344000000000001
229.22667008241015,3.308
229.4133367518584,3.3149999999999995
229.6000034213066,3.229999999999997
229.7866700907548,3.297000000000025
229.97333676020304,3.211999999999989
230.16000342965123,3.2549999999999955
230.34667009909947,3.200000000000003
230.53333676854768,3.269999999999996
230.7200034379959,3.207000000000022
230.9066701074441,3.264999999999993
231.09333677689236,3.252999999999986
231.28000344634052,3.2829999999999586
231.4666701157888,3.2580000000000098
231.653336785237,3.233000000000004
231.8400034546852,3.3299999999999983
232.02667012413343,3.237000000000023
232.21333679358165,3.2110000000000127
232.40000346302983,3.2250000000000227
232.58667013247808,3.153000000000006
232.7733368019263,3.1610000000000014
232.9600034713745,3.169000000000011
233.14667014082272,3.2109999999999985
233.3333368102709,3.187999999999974
233.52000347971915,3.1689999999999543
233.70667014916737,3.2489999999999952
233.8933368186156,3.252999999999986
234.0800034880638,3.233
234.26667015751204,3.2150000000000034
234.45333682696025,3.2269999999999754
234.64000349640847,3.34699999999998
234.82667016585668,3.309000000000026
235.0133368353049,3.2280000000000086
235.2000035047531,3.2180000000000177
235.38667017420133,3.180000000000007
235.57333684364957,3.088999999999998
235.76000351309776,3.021999999999992
235.946670182546,3.144999999999996
236.1333368519942,3.1920000000000077
236.3200035214424,3.2620000000000147
236.50667019089065,3.2110000000000003
236.69333686033883,3.4469999999999885
236.88000352978705,3.302000000000021
237.0666701992353,3.269000000000005
237.2533368686835,3.155000000000001
237.4400035381317,3.1140000000000043
237.62667020757996,3.0959999999999965
237.81333687702812,3.0900000000000034
238.0000035464764,3.015000000000001
238.18667021592455,3.040999999999997
238.3733368853728,3.004000000000005
238.560003554821,3.0670000000000077
238.7466702242692,3.0320000000000107
238.93333689371744,3.272999999999968
239.12000356316565,3.321000000000083
239.30667023261387,3.2979999999999734
239.49333690206208,3.1359999999999677
239.6800035715103,3.160999999999973
239.8666702409585,3.161999999999999
240.0533369104068,3.102000000000004
240.24000357985497,3.09699999999998
240.4266702493032,3.1129999999999995
240.6133369187514,2.935999999999978
240.8000035881996,2.9809999999999945
240.98667025764783,2.8840000000000003
241.17333692709605,2.974000000000004
241.36000359654423,3.0649999999999995
241.54667026599247,3.047000000000025
241.7333369354407,3.0230000000000103
241.9200036048889,3.0940000000000225
242.10667027433712,3.07499999999996
242.2933369437853,3.064000000000007
242.48000361323355,2.971000000000032
242.6666702826818,2.8739999999999952
242.85333695213,3.015000000000001
243.04000362157825,2.972999999999999
243.22667029102644,2.919000000000011
243.41333696047465,2.9569999999999936
243.60000362992287,2.952
243.78667029937108,2.994
243.9733369688193,3.062999999999988
244.1600036382675,3.058
244.34667030771573,3.01400000000001
244.53333697716397,2.872999999999976
244.72000364661216,2.90900000000002
244.9066703160604,2.864999999999995
245.09333698550856,2.9700000000000277
245.2800036549568,3.015000000000015
245.46667032440504,2.877999999999986
245.6533369938533,2.940999999999974
245.84000366330147,2.9630000000000223
246.0266703327497,2.943999999999999
246.2133370021979,2.899000000000001
246.4000036716461,2.890999999999991
246.58667034109436,2.942999999999984
246.77333701054252,2.984000000000009
246.9600036799908,2.843999999999994
247.14667034943895,2.9110000000000014
247.3333370188872,2.797000000000025
247.5200036883354,2.798000000000002
247.7066703577836,2.7020000000000266
247.89333702723184,2.8349999999999973
248.08000369668005,2.7679999999999936
248.2666703661283,2.739999999999995
248.4533370355765,2.855000000000004
248.64000370502472,2.862000000000023
248.8266703744729,2.799999999999997
249.01333704392115,2.7819999999999823
249.20000371336937,2.8870000000000005
249.3866703828176,2.847999999999999
249.5733370522658,2.7450000000000045
249.760003721714,2.744
249.94667039116223,2.683999999999997
250.13333706061044,2.684999999999945
250.32000373005863,2.6040000000000134
250.50667039950687,2.71800000000001
250.6933370689551,2.675999999999988
250.8800037384033,2.7199999999999704
251.06667040785155,2.6289999999999907
251.25333707729976,2.684000000000026
251.440003746748,2.5640000000000214
251.6266704161962,2.6570000000000107
251.8133370856444,2.798000000000002
252.00000375509265,2.7309999999999945
252.18667042454084,2.780000000000001
252.37333709398905,2.709000000000003
252.5600037634373,2.710000000000001
252.74667043288548,2.7199999999999704
252.9333371023337,2.664000000000016
253.1200037717819,2.6520000000000152
253.30667044123007,2.664000000000001
253.49333711067837,2.695999999999998
253.68000378012653,2.7579999999999245
253.8666704495748,2.6970000000000027
254.053337119023,2.598000000000013
254.24000378847123,2.562000000000012
254.42667045791944,2.584999999999999
254.61333712736769,2.6030000000000086
254.80000379681587,2.675999999999988
254.9866704662641,2.704999999999984
255.1733371357123,2.6119999999999948
255.3600038051605,2.598999999999989
255.54667047460876,2.568000000000012
255.73333714405692,2.643999999999977
255.9200038135052,2.619000000000028
256.1066704829534,2.703000000000003
256.2933371524016,2.6299999999999955
256.48000382184983,2.5999999999999943
256.666670491298,2.6370000000000005
256.85333716074626,2.61099999999999
257.04000383019445,2.598
257.2266704996427,2.588999999999998
257.4133371690909,2.598999999999989
257.6000038385391,2.605000000000004
257.7866705079873,2.6969999999999885
257.97333717743555,2.6229999999999905
258.1600038468838,2.617999999999995
258.346670516332,2.5440000000000005
258.5333371857802,2.492
258.7200038552284,2.492999999999995
258.90667052467666,2.521000000000001
259.09333719412484,2.5730000000000004
259.2800038635731,2.6169999999999902
259.4666705330213,2.550999999999988
259.6533372024695,2.4720000000000013
259.8400038719177,2.490000000000009
260.02667054136595,2.569000000000017
260.21333721081413,2.508999999999972
260.4000038802624,2.465
260.58667054971056,2.4129999999999825
260.7733372191588,2.4630000000000223
260.96000388860705,2.506
261.14667055805523,2.478000000000001
261.3333372275035,2.5120000000000005
261.52000389695166,2.497
261.7066705663999,2.484
261.8933372358481,2.475999999999999
262.08000390529634,2.5459999999999923
262.2666705747445,2.418999999999997
262.4533372441928,2.465999999999994
262.6400039136409,2.534999999999968
262.8266705830892,2.4720000000000013
263.0133372525374,2.5049999999999883
263.2000039219856,2.513000000000005
263.3866705914338,2.499000000000024
263.57333726088206,2.523000000000025
263.7600039303303,2.499000000000024
263.9466705997785,2.48599999999999
264.1333372692268,2.477000000000004
264.3200039386749,2.4150000000000063
264.5066706081232,2.4170000000000016
264.69333727757135,2.468999999999994
264.8800039470196,2.4390000000000214
265.0666706164678,2.520999999999997
265.253337285916,2.634999999999991
265.4400039553642,2.4780000000001223
265.62667062481245,2.459000000000003
265.81333729426063,2.6369999999998868
266.0000039637089,2.510999999999996
266.18667063315706,2.40400000000011
266.3733373026053,2.4119999999999777
266.56000397205355,2.366000000000014
266.74667064150174,2.355000000000018
266.93333731095,2.3150000000000013
267.12000398039817,2.2869999999999777
267.3066706498464,2.425999999999988
267.4933373192946,2.4069999999999823
267.68000398874284,2.4040000000000035
267.866670658191,2.502000000000009
268.05333732763927,2.4070000000000107
268.24000399708746,2.493000000000052
268.4266706665357,2.5320000000000107
268.6133373359839,2.527000000000044
268.80000400543213,2.4380000000000006
268.9866706748803,2.4700000000000277
269.17333734432856,2.4399999999999977
269.3600040137768,2.461999999999989
269.546670683225,2.394999999999996
269.73333735267323,2.3150000000000546
269.9200040221214,2.4879999999999995
270.10667069156966,2.3970000000000056
270.29333736101785,2.358000000000004
270.4800040304661,2.3669999999999902
270.6666706999143,2.277999999999992
