time_min,absorb_mau
0.0,-0.006
0.0200000002980232,-0.021
0.0400000005960464,-0.006
0.0600000008940696,-0.014
0.0800000011920929,-0.027
0.1000000014901161,-0.041
0.1200000017881393,-0.065
0.1400000020861625,-0.106
0.1600000023841858,-0.132
0.180000002682209,-0.137
0.2000000029802322,-0.076
0.2200000032782554,-0.055
0.2400000035762786,-0.029
0.2600000038743019,-0.027
0.2800000041723251,-0.044
0.3000000044703483,-0.018
0.3200000047683716,-0.035
0.3400000050663948,0.031
0.360000005364418,0.021
0.3800000056624412,0.048
0.4000000059604645,0.059
0.4200000062584877,-0.022
0.4400000065565109,0.021
0.4600000068545342,0.076
0.4800000071525573,0.169
0.5000000074505806,0.259
0.5200000077486039,0.296
0.5400000080466271,0.332
0.5600000083446502,0.267
0.5800000086426735,0.197
0.6000000089406967,0.134
0.62000000923872,0.058
0.6400000095367432,-0.003
0.6600000098347664,-0.043
0.6800000101327897,-0.062
0.7000000104308128,-0.06
0.7200000107288361,-0.032
0.7400000110268593,-0.004
0.7600000113248825,-0.002
0.7800000116229058,-0.001
0.800000011920929,0.008
0.8200000122189522,0.005
0.8400000125169754,0.022
0.8600000128149986,0.036
0.8800000131130219,0.032
0.9000000134110451,0.031
0.9200000137090684,0.048
0.9400000140070917,0.067
0.9600000143051148,0.078
0.980000014603138,0.064
1.0000000149011612,0.059
1.0200000151991844,0.035
1.0400000154972078,0.023
1.060000015795231,0.035
1.080000016093254,0.03
1.100000016391277,0.012
1.1200000166893005,0.002
1.140000016987324,-0.01
1.160000017285347,0.01
1.1800000175833705,0.001
1.2000000178813934,0.01
1.2200000181794166,0.019
1.24000001847744,-0.013
1.2600000187754632,-0.028
1.2800000190734864,-0.024
1.3000000193715096,-0.036
1.3200000196695327,-0.03
1.340000019967556,-0.025
1.360000020265579,-0.013
1.3800000205636025,-0.023
1.4000000208616257,0.002
1.4200000211596489,0.02
1.4400000214576725,0.024
1.4600000217556954,0.038
1.4800000220537186,0.029
1.5000000223517418,0.032
1.520000022649765,0.012
1.5400000229477884,0.021
1.5600000232458116,0.018
1.5800000235438347,0.009
1.600000023841858,0.046
1.620000024139881,0.074
1.6400000244379045,0.06
1.6600000247359277,0.075
1.6800000250339509,0.075
1.700000025331974,0.034
1.7200000256299972,0.023
1.7400000259280206,0.006
1.7600000262260438,-0.02
1.780000026524067,-0.009
1.80000002682209,0.015
1.820000027120113,0.047
1.8400000274181367,0.082
1.86000002771616,0.094
1.880000028014183,0.108
1.9000000283122065,0.107
1.9200000286102292,0.104
1.9400000289082528,0.099
1.960000029206276,0.09
1.9800000295042992,0.077
2.0000000298023224,0.068
2.020000030100346,0.072
2.0400000303983687,0.048
2.060000030696392,0.058
2.0800000309944155,0.082
2.1000000312924385,0.1
2.120000031590462,0.138
2.140000031888485,0.155
2.1600000321865083,0.131
2.180000032484532,0.11
2.200000032782554,0.078
2.220000033080578,0.067
2.240000033378601,0.05
2.2600000336766244,0.038
2.280000033974648,0.014
2.3000000342726707,-0.011
2.320000034570694,-0.001
2.340000034868717,0.019
2.3600000351667405,0.041
2.380000035464764,0.063
2.400000035762787,0.074
2.4200000360608103,0.05
2.440000036358833,0.074
2.4600000366568566,0.095
2.48000003695488,0.109
2.500000037252903,0.143
2.5200000375509264,0.153
2.5400000378489493,0.184
2.5600000381469727,0.188
2.580000038444996,0.222
2.600000038743019,0.244
2.6200000390410425,0.236
2.640000039339065,0.21
2.660000039637089,0.179
2.6800000399351123,0.164
2.7000000402331352,0.189
2.720000040531158,0.225
2.7400000408291816,0.238
2.760000041127205,0.237
2.7800000414252284,0.238
2.800000041723252,0.229
2.8200000420212747,0.25
2.8400000423192977,0.254
2.860000042617321,0.235
2.8800000429153445,0.23
2.9000000432133675,0.191
2.920000043511391,0.173
2.940000043809414,0.177
2.960000044107437,0.18
2.9800000444054606,0.219
3.000000044703484,0.259
3.020000045001507,0.286
3.04000004529953,0.31
3.0600000455975533,0.302
3.0800000458955767,0.286
3.1000000461936,0.29
3.120000046491623,0.304
3.140000046789646,0.321
3.160000047087669,0.345
3.180000047385693,0.368
3.200000047683716,0.407
3.220000047981739,0.429
3.240000048279762,0.474
3.2600000485777856,0.499
3.280000048875809,0.489
3.300000049173832,0.493
3.320000049471856,0.498
3.3400000497698783,0.487
3.3600000500679017,0.498
3.380000050365925,0.505
3.400000050663948,0.513
3.4200000509619715,0.525
3.4400000512599944,0.54
3.460000051558018,0.557
3.480000051856041,0.551
3.500000052154064,0.577
3.520000052452088,0.579
3.5400000527501105,0.597
3.560000053048134,0.613
3.5800000533461573,0.628
3.6000000536441803,0.645
3.620000053942204,0.683
3.640000054240226,0.716
3.66000005453825,0.747
3.6800000548362735,0.772
3.700000055134296,0.79
3.72000005543232,0.798
3.740000055730343,0.839
3.760000056028366,0.877
3.7800000563263896,0.891
3.800000056624413,0.923
3.820000056922436,0.946
3.840000057220459,0.929
3.8600000575184814,0.959
3.8800000578165057,0.977
3.9000000581145287,0.998
3.920000058412552,1.042
3.940000058710575,1.061
3.9600000590085984,1.108
3.980000059306622,1.133
4.000000059604645,1.151
4.020000059902668,1.179
4.040000060200692,1.211
4.060000060498715,1.227
4.0800000607967375,1.274
4.100000061094761,1.317
4.120000061392784,1.353
4.140000061690808,1.404
4.160000061988831,1.406
4.180000062286854,1.436
4.200000062584877,1.455
4.2200000628829,1.469
4.240000063180924,1.51
4.260000063478947,1.527
4.28000006377697,1.559
4.300000064074993,1.596
4.3200000643730165,1.6
4.34000006467104,1.617
4.360000064969063,1.647
4.380000065267086,1.669
4.400000065565109,1.712
4.420000065863133,1.768
4.440000066161156,1.799
4.46000006645918,1.834
4.480000066757202,1.904
4.500000067055225,1.956
4.520000067353249,2.018
4.540000067651272,2.081
4.560000067949296,2.141
4.580000068247318,2.18
4.6000000685453415,2.204
4.620000068843365,2.25
4.640000069141388,2.264
4.660000069439412,2.299
4.680000069737434,2.343
4.700000070035458,2.355
4.720000070333481,2.393
4.740000070631504,2.444
4.760000070929528,2.505
4.78000007122755,2.571
4.800000071525574,2.621
4.820000071823597,2.686
4.8400000721216205,2.729
4.860000072419644,2.773
4.880000072717666,2.818
4.90000007301569,2.844
4.920000073313713,2.89
4.940000073611737,2.94
4.96000007390976,3.021
4.980000074207783,3.105
5.000000074505806,3.171
5.020000074803829,3.267
5.040000075101853,3.348
5.060000075399876,3.425
5.080000075697899,3.513
5.100000075995922,3.585
5.1200000762939455,3.643
5.140000076591969,3.719
5.160000076889992,3.837
5.180000077188015,3.936
5.200000077486038,4.059
5.220000077784062,4.17
5.240000078082085,4.25
5.260000078380108,4.336
5.280000078678131,4.433
5.300000078976154,4.527
5.320000079274178,4.633
5.340000079572201,4.739
5.3600000798702245,4.837
5.380000080168247,4.919
5.4000000804662704,5.034
5.420000080764294,5.135
5.440000081062317,5.249
5.460000081360341,5.377
5.480000081658363,5.461
5.500000081956387,5.559
5.52000008225441,5.649
5.540000082552433,5.781
5.560000082850457,5.922
5.580000083148479,6.069
5.600000083446503,6.21
5.620000083744526,6.328
5.6400000840425495,6.449
5.660000084340573,6.617
5.680000084638595,6.766
5.700000084936619,6.933
5.720000085234642,7.113
5.740000085532666,7.228
5.760000085830689,7.399
5.780000086128712,7.568
5.800000086426735,7.722
5.820000086724758,7.907
5.840000087022782,8.101
5.860000087320805,8.261
5.880000087618828,8.435
5.900000087916851,8.591
5.920000088214874,8.729
5.940000088512898,8.888
5.960000088810921,9.039
5.980000089108944,9.217
6.000000089406967,9.389
6.020000089704991,9.58
6.040000090003014,9.769
6.060000090301037,9.952
6.08000009059906,10.115
6.100000090897083,10.299
6.120000091195107,10.492
6.14000009149313,10.705
6.1600000917911535,10.961
6.180000092089176,11.169
6.200000092387199,11.374
6.220000092685223,11.583
6.240000092983246,11.762
6.26000009328127,11.958
6.280000093579292,12.185
6.300000093877316,12.418
6.320000094175339,12.626
6.340000094473362,12.868
6.360000094771386,13.095
6.380000095069408,13.302
6.400000095367432,13.556
6.420000095665455,13.797
6.440000095963478,14.048
6.460000096261502,14.302
6.480000096559524,14.559
6.500000096857548,14.82
6.520000097155571,15.031
6.540000097453595,15.251
6.560000097751618,15.484
6.5800000980496405,15.724
6.600000098347664,15.998
6.620000098645687,16.28
6.640000098943711,16.545
6.660000099241734,16.816
6.680000099539757,17.089
6.70000009983778,17.385
6.720000100135803,17.661
6.740000100433827,17.916
6.76000010073185,18.176
6.780000101029873,18.448
6.800000101327896,18.742
6.82000010162592,19.048
6.840000101923943,19.362
6.860000102221966,19.646
6.880000102519989,19.922
6.900000102818012,20.205
6.920000103116036,20.531
6.940000103414059,20.857
6.960000103712082,21.202
6.980000104010105,21.56
7.000000104308128,21.917
7.020000104606152,22.248
7.040000104904175,22.605
7.060000105202199,22.957
7.080000105500221,23.293
7.1000001057982445,23.655
7.120000106096268,23.982
7.140000106394291,24.376
7.160000106692315,24.744
7.180000106990337,25.131
7.200000107288361,25.516
7.220000107586384,25.9
7.240000107884407,26.275
7.260000108182431,26.665
7.280000108480453,27.042
7.300000108778477,27.414
7.3200001090765,27.787
7.3400001093745235,28.149
7.360000109672547,28.541
7.380000109970569,28.95
7.400000110268593,29.332
7.420000110566616,29.71
7.44000011086464,30.119
7.460000111162663,30.512
7.480000111460685,30.896
7.500000111758709,31.279
7.520000112056732,31.619
7.540000112354756,31.938
7.560000112652779,32.295
7.580000112950802,32.652
7.600000113248825,33.033
7.620000113546848,33.421
7.640000113844872,33.794
7.660000114142895,34.201
7.680000114440918,34.576
7.700000114738941,35.001
7.720000115036965,35.426
7.740000115334988,35.877
7.760000115633011,36.307
7.780000115931034,36.71
7.800000116229057,37.124
7.820000116527081,37.477
7.840000116825104,37.854
7.860000117123127,38.22
7.88000011742115,38.606
7.900000117719173,38.988
7.920000118017197,39.391
7.94000011831522,39.78
7.960000118613244,40.165
7.980000118911266,40.569
8.00000011920929,40.993
8.020000119507314,41.402
8.040000119805336,41.796
8.060000120103359,42.178
8.080000120401383,42.564
8.100000120699406,42.934
8.12000012099743,43.314
8.140000121295452,43.709
8.160000121593475,44.077
8.1800001218915,44.447
8.200000122189522,44.826
8.220000122487546,45.179
8.240000122785569,45.536
8.260000123083591,45.865
8.280000123381615,46.181
8.300000123679638,46.524
8.320000123977662,46.847
8.340000124275685,47.168
8.360000124573707,47.502
8.380000124871732,47.806
8.400000125169754,48.106
8.420000125467778,48.412
8.4400001257658,48.738
8.460000126063823,49.043
8.480000126361848,49.392
8.50000012665987,49.747
8.520000126957894,50.075
8.540000127255917,50.434
8.56000012755394,50.747
8.580000127851964,51.049
8.600000128149986,51.379
8.62000012844801,51.66
8.640000128746033,51.996
8.660000129044056,52.341
8.68000012934208,52.661
8.700000129640102,52.997
8.720000129938127,53.373
8.74000013023615,53.739
8.760000130534172,54.095
8.780000130832196,54.46
8.800000131130219,54.797
8.820000131428243,55.12
8.840000131726265,55.469
8.860000132024288,55.813
8.880000132322312,56.169
8.900000132620335,56.542
8.920000132918359,56.891
8.940000133216381,57.277
8.960000133514404,57.651
8.980000133812428,58.009
9.00000013411045,58.355
9.020000134408477,58.697
9.040000134706498,59.039
9.06000013500452,59.377
9.080000135302544,59.7
9.100000135600569,60.028
9.120000135898591,60.341
9.140000136196614,60.628
9.160000136494636,60.918
9.18000013679266,61.178
9.200000137090685,61.423
9.220000137388707,61.672
9.24000013768673,61.933
9.260000137984752,62.194
9.280000138282777,62.451
9.3000001385808,62.698
9.320000138878823,62.953
9.340000139176846,63.217
9.360000139474868,63.455
9.380000139772893,63.721
9.400000140070915,63.968
9.42000014036894,64.213
9.440000140666962,64.47
9.460000140964985,64.712
9.480000141263009,64.955
9.500000141561031,65.193
9.520000141859056,65.425
9.540000142157078,65.674
9.5600001424551,65.91
9.580000142753123,66.169
9.600000143051147,66.448
9.620000143349172,66.733
9.640000143647194,67.013
9.660000143945217,67.292
9.68000014424324,67.554
9.700000144541264,67.807
9.720000144839288,68.075
9.74000014513731,68.36
9.760000145435331,68.614
9.780000145733355,68.876
9.80000014603138,69.09
9.820000146329404,69.304
9.840000146627428,69.498
9.860000146925447,69.685
9.880000147223472,69.859
9.900000147521496,69.995
9.92000014781952,70.118
9.940000148117544,70.222
9.960000148415563,70.324
9.98000014871359,70.411
10.000000149011612,70.488
10.020000149309636,70.532
10.04000014960766,70.588
10.06000014990568,70.643
10.080000150203706,70.695
10.100000150501728,70.76
10.120000150799752,70.828
10.140000151097777,70.856
10.160000151395796,70.877
10.180000151693822,70.888
10.200000151991844,70.891
10.220000152289868,70.918
10.240000152587893,70.95
10.260000152885912,70.997
10.280000153183938,71.025
10.30000015348196,71.059
10.320000153779985,71.071
10.340000154078009,71.069
10.36000015437603,71.099
10.380000154674054,71.122
10.400000154972076,71.121
10.4200001552701,71.155
10.440000155568123,71.162
10.460000155866146,71.17
10.48000015616417,71.219
10.500000156462193,71.281
10.520000156760217,71.348
10.54000015705824,71.447
10.560000157356262,71.526
10.580000157654286,71.564
10.600000157952309,71.601
10.620000158250331,71.597
10.640000158548355,71.633
10.660000158846378,71.667
10.680000159144402,71.713
10.700000159442425,71.738
10.720000159740447,71.721
10.740000160038472,71.751
10.760000160336494,71.748
10.780000160634518,71.773
10.80000016093254,71.826
10.820000161230563,71.837
10.840000161528588,71.84
10.86000016182661,71.807
10.880000162124634,71.776
10.900000162422655,71.749
10.92000016272068,71.724
10.940000163018704,71.69
10.960000163316726,71.664
10.98000016361475,71.587
11.000000163912771,71.542
11.020000164210796,71.497
11.04000016450882,71.424
11.060000164806842,71.411
11.080000165104869,71.364
11.10000016540289,71.298
11.120000165700914,71.251
11.140000165998936,71.163
11.16000016629696,71.083
11.180000166594985,71.039
11.200000166893004,70.981
11.22000016719103,70.935
11.240000167489052,70.876
11.260000167787076,70.81
11.2800001680851,70.741
11.30000016838312,70.686
11.320000168681146,70.643
11.340000168979168,70.583
11.36000016927719,70.488
11.380000169575217,70.436
11.400000169873238,70.402
11.420000170171262,70.373
11.440000170469284,70.362
11.460000170767309,70.336
11.480000171065331,70.261
11.500000171363354,70.185
11.520000171661378,70.084
11.5400001719594,70.005
11.560000172257425,69.902
11.580000172555447,69.794
11.60000017285347,69.693
11.620000173151494,69.566
11.640000173449517,69.439
11.66000017374754,69.298
11.680000174045563,69.155
11.700000174343586,68.983
11.72000017464161,68.801
11.740000174939633,68.59
11.760000175237655,68.422
11.78000017553568,68.205
11.800000175833702,67.99
11.820000176131726,67.83
11.840000176429747,67.638
11.860000176727771,67.455
11.880000177025796,67.287
11.900000177323818,67.085
11.920000177621842,66.865
11.940000177919863,66.605
11.960000178217888,66.384
11.980000178515912,66.127
12.000000178813934,65.884
12.02000017911196,65.711
12.04000017940998,65.491
12.060000179708004,65.298
12.080000180006028,65.126
12.10000018030405,64.92
12.120000180602077,64.671
12.140000180900095,64.419
12.16000018119812,64.168
12.180000181496144,63.899
12.200000181794168,63.644
12.22000018209219,63.433
12.240000182390212,63.199
12.260000182688236,62.998
12.28000018298626,62.787
12.300000183284284,62.566
12.320000183582309,62.316
12.34000018388033,62.054
12.360000184178352,61.792
12.380000184476376,61.523
12.4000001847744,61.291
12.420000185072425,61.018
12.440000185370446,60.748
12.460000185668468,60.501
12.480000185966492,60.246
12.500000186264517,59.964
12.52000018656254,59.71
12.540000186860562,59.454
12.560000187158584,59.187
12.580000187456609,58.97
12.600000187754633,58.733
12.620000188052655,58.491
12.640000188350678,58.244
12.6600001886487,57.989
12.680000188946725,57.779
12.700000189244747,57.581
12.720000189542771,57.398
12.740000189840794,57.223
12.760000190138816,57.016
12.78000019043684,56.8
12.800000190734863,56.603
12.820000191032888,56.412
12.84000019133091,56.223
12.860000191628933,56.037
12.880000191926957,55.833
12.90000019222498,55.625
12.920000192523004,55.422
12.940000192821026,55.23
12.960000193119049,55.037
12.980000193417071,54.846
13.000000193715096,54.604
13.02000019401312,54.401
13.040000194311142,54.217
13.060000194609165,54.014
13.08000019490719,53.826
13.100000195205212,53.655
13.120000195503236,53.434
13.140000195801258,53.204
13.16000019609928,52.946
13.180000196397303,52.71
13.200000196695328,52.374
13.220000196993352,52.121
13.240000197291376,51.898
13.260000197589395,51.679
13.28000019788742,51.483
13.300000198185444,51.259
13.320000198483468,51.024
13.34000019878149,50.764
13.360000199079511,50.538
13.380000199377536,50.285
13.40000019967556,50.055
13.420000199973584,49.826
13.440000200271609,49.584
13.46000020056963,49.375
13.480000200867654,49.147
13.500000201165676,48.975
13.5200002014637,48.751
13.540000201761725,48.545
13.560000202059744,48.345
13.58000020235777,48.1
13.600000202655792,47.898
13.620000202953817,47.645
13.64000020325184,47.414
13.660000203549862,47.194
13.680000203847886,46.961
13.700000204145908,46.742
13.720000204443933,46.537
13.740000204741955,46.306
13.760000205039978,46.093
13.780000205338002,45.897
13.800000205636024,45.672
13.820000205934049,45.445
13.840000206232071,45.221
13.860000206530094,44.968
13.880000206828118,44.697
13.90000020712614,44.432
13.920000207424165,44.179
13.940000207722187,43.939
13.96000020802021,43.708
13.980000208318234,43.472
14.000000208616257,43.227
14.02000020891428,42.986
14.040000209212304,42.716
14.060000209510326,42.466
14.08000020980835,42.202
14.100000210106373,41.922
14.120000210404395,41.653
14.14000021070242,41.349
14.160000211000442,41.07
14.180000211298466,40.799
14.200000211596487,40.5
14.220000211894511,40.22
14.240000212192536,39.976
14.260000212490558,39.702
14.280000212788584,39.45
14.300000213086603,39.212
14.32000021338463,38.952
14.340000213682652,38.709
14.360000213980674,38.444
14.3800002142787,38.186
14.40000021457672,37.922
14.420000214874744,37.66
14.440000215172768,37.445
14.46000021547079,37.254
14.480000215768817,37.067
14.500000216066836,36.905
14.520000216364862,36.726
14.540000216662884,36.514
14.560000216960908,36.318
14.580000217258933,36.088
14.600000217556952,35.887
14.620000217854978,35.686
14.640000218153,35.477
14.660000218451025,35.333
14.680000218749049,35.157
14.70000021904707,34.976
14.720000219345094,34.811
14.740000219643116,34.604
14.76000021994114,34.393
14.780000220239163,34.202
14.800000220537186,34.001
14.82000022083521,33.792
14.840000221133232,33.599
14.860000221431257,33.381
14.88000022172928,33.192
14.900000222027302,33.054
14.920000222325326,32.895
14.940000222623349,32.728
14.960000222921373,32.566
14.980000223219395,32.335
15.000000223517418,32.113
15.020000223815442,31.923
15.040000224113465,31.726
15.060000224411487,31.561
15.080000224709512,31.389
15.100000225007534,31.215
15.120000225305558,31.041
15.14000022560358,30.855
15.160000225901603,30.672
15.180000226199628,30.515
15.20000022649765,30.353
15.220000226795674,30.171
15.240000227093695,30.007
15.26000022739172,29.83
15.280000227689744,29.671
15.300000227987766,29.552
15.32000022828579,29.414
15.340000228583811,29.277
15.360000228881836,29.135
15.38000022917986,28.991
15.400000229477882,28.799
15.420000229775908,28.664
15.44000023007393,28.493
15.460000230371952,28.333
15.480000230669976,28.187
15.500000230968,28.016
15.520000231266025,27.848
15.540000231564044,27.696
15.560000231862068,27.519
15.580000232160092,27.361
15.600000232458116,27.237
15.62000023275614,27.088
15.64000023305416,26.935
15.660000233352184,26.825
15.680000233650208,26.68
15.70000023394823,26.531
15.720000234246257,26.341
15.740000234544278,26.162
15.7600002348423,25.984
15.780000235140324,25.799
15.800000235438349,25.647
15.820000235736371,25.439
15.840000236034394,25.248
15.860000236332416,25.028
15.88000023663044,24.819
15.900000236928465,24.623
15.920000237226487,24.423
15.94000023752451,24.272
15.960000237822532,24.094
15.980000238120557,23.934
16.00000023841858,23.763
16.0200002387166,23.594
16.040000239014628,23.446
16.06000023931265,23.284
16.080000239610673,23.142
16.100000239908695,22.967
16.120000240206718,22.793
16.140000240504744,22.603
16.160000240802766,22.44
16.18000024110079,22.322
16.20000024139881,22.21
16.220000241696834,22.105
16.24000024199486,21.991
16.260000242292882,21.841
16.280000242590905,21.706
16.300000242888927,21.561
16.32000024318695,21.433
16.340000243484976,21.315
16.360000243783,21.178
16.38000024408102,21.028
16.400000244379044,20.922
16.420000244677066,20.8
16.440000244975092,20.692
16.460000245273115,20.588
16.480000245571137,20.449
16.50000024586916,20.298
16.520000246167182,20.157
16.54000024646521,20.049
16.56000024676323,19.917
16.580000247061253,19.802
16.600000247359276,19.702
16.6200002476573,19.56
16.640000247955324,19.465
16.660000248253347,19.351
16.68000024855137,19.178
16.700000248849392,19.104
16.720000249147414,18.992
16.74000024944544,18.923
16.760000249743463,18.856
16.780000250041486,18.731
16.800000250339508,18.655
16.82000025063753,18.507
16.840000250935557,18.378
16.86000025123358,18.293
16.8800002515316,18.172
16.900000251829624,18.055
16.920000252127647,17.939
16.940000252425673,17.839
16.960000252723695,17.713
16.980000253021718,17.615
17.00000025331974,17.555
17.020000253617763,17.455
17.04000025391579,17.362
17.06000025421381,17.297
17.080000254511834,17.163
17.100000254809856,17.086
17.12000025510788,16.967
17.140000255405905,16.857
17.160000255703928,16.764
17.18000025600195,16.645
17.200000256299973,16.575
17.220000256597995,16.528
17.24000025689602,16.456
17.260000257194044,16.417
17.280000257492066,16.357
17.30000025779009,16.268
17.32000025808811,16.19
17.340000258386137,16.102
17.36000025868416,16.021
17.380000258982182,15.905
17.400000259280205,15.794
17.420000259578227,15.682
17.440000259876253,15.525
17.460000260174276,15.423
17.4800002604723,15.333
17.50000026077032,15.236
17.520000261068343,15.16
17.54000026136637,15.057
17.560000261664392,14.964
17.580000261962414,14.888
17.600000262260437,14.823
17.62000026255846,14.764
17.640000262856486,14.703
17.660000263154508,14.622
17.68000026345253,14.533
17.700000263750553,14.452
17.720000264048576,14.354
17.7400002643466,14.274
17.760000264644624,14.137
17.780000264942647,14.054
17.80000026524067,13.978
17.82000026553869,13.896
17.840000265836718,13.849
17.86000026613474,13.768
17.880000266432763,13.649
17.900000266730785,13.554
17.920000267028808,13.439
17.940000267326834,13.316
17.960000267624856,13.261
17.98000026792288,13.184
18.0000002682209,13.105
18.020000268518924,13.054
18.04000026881695,13.002
18.060000269114973,12.926
18.080000269412995,12.909
18.100000269711018,12.838
18.12000027000904,12.756
18.140000270307063,12.667
18.16000027060509,12.553
18.18000027090311,12.468
18.200000271201134,12.392
18.22000027149916,12.316
18.240000271797182,12.257
18.260000272095205,12.19
18.280000272393227,12.133
18.30000027269125,12.075
18.320000272989272,12.003
18.3400002732873,11.926
18.36000027358532,11.896
18.380000273883343,11.798
18.40000027418137,11.738
18.42000027447939,11.662
18.44000027477741,11.559
18.46000027507544,11.491
18.48000027537346,11.415
18.50000027567148,11.372
18.520000275969505,11.323
18.54000027626753,11.295
18.560000276565557,11.268
18.580000276863576,11.221
18.6000002771616,11.157
18.62000027745962,11.076
18.640000277757647,10.976
18.66000027805567,10.914
18.68000027835369,10.88
18.700000278651714,10.843
18.720000278949737,10.829
18.740000279247763,10.785
18.760000279545785,10.725
18.780000279843808,10.648
18.80000028014183,10.573
18.820000280439853,10.551
18.84000028073788,10.517
18.8600002810359,10.52
18.880000281333924,10.479
18.900000281631947,10.405
18.92000028192997,10.386
18.940000282227995,10.322
18.960000282526018,10.264
18.98000028282404,10.241
19.000000283122063,10.196
19.020000283420085,10.158
19.04000028371811,10.123
19.060000284016134,10.086
19.08000028431416,10.0
19.10000028461218,9.929
19.1200002849102,9.897
19.140000285208227,9.843
19.16000028550625,9.818
19.180000285804272,9.792
19.20000028610229,9.742
19.22000028640032,9.679
19.240000286698344,9.65
19.26000028699637,9.575
19.28000028729439,9.511
19.30000028759241,9.447
19.320000287890437,9.411
19.34000028818846,9.37
19.36000028848648,9.34
19.380000288784505,9.325
19.400000289082527,9.306
19.42000028938055,9.264
19.440000289678576,9.229
19.4600002899766,9.167
19.48000029027462,9.09
19.500000290572643,9.027
19.520000290870662,8.981
19.54000029116869,8.931
19.560000291466714,8.893
19.580000291764737,8.863
19.60000029206276,8.833
19.620000292360785,8.801
19.640000292658808,8.757
19.66000029295683,8.715
19.680000293254853,8.653
19.70000029355288,8.606
19.720000293850894,8.552
19.740000294148924,8.501
19.760000294446947,8.479
19.78000029474497,8.425
19.80000029504299,8.338
19.82000029534101,8.294
19.84000029563904,8.236
19.860000295937063,8.155
19.880000296235085,8.132
19.900000296533108,8.099
19.92000029683113,8.058
19.94000029712916,8.032
19.96000029742718,8.002
19.9800002977252,8.01
20.000000298023224,7.967
20.020000298321246,7.929
20.040000298619272,7.88
20.06000029891729,7.801
20.08000029921532,7.776
20.10000029951334,7.718
20.120000299811363,7.685
20.14000030010939,7.673
20.16000030040741,7.638
20.180000300705437,7.609
20.200000301003456,7.573
20.22000030130148,7.524
20.240000301599505,7.468
20.260000301897527,7.42
20.28000030219555,7.378
20.30000030249357,7.331
20.320000302791595,7.307
20.34000030308962,7.287
20.360000303387643,7.266
20.380000303685662,7.249
20.40000030398369,7.217
20.42000030428171,7.184
20.440000304579737,7.172
20.46000030487776,7.141
20.480000305175786,7.122
20.500000305473804,7.127
20.520000305771827,7.082
20.540000306069853,7.069
20.56000030636788,7.053
20.580000306665895,7.009
20.60000030696392,6.97
20.620000307261943,6.951
20.64000030755997,6.927
20.66000030785799,6.892
20.68000030815601,6.865
20.70000030845404,6.826
20.72000030875206,6.817
20.740000309050085,6.81
20.760000309348108,6.809
20.78000030964613,6.801
20.800000309944156,6.757
20.820000310242172,6.721
20.8400003105402,6.715
20.860000310838224,6.712
20.880000311136246,6.722
20.90000031143427,6.75
20.92000031173229,6.731
20.94000031203032,6.718
20.96000031232834,6.694
20.980000312626363,6.636
21.000000312924385,6.59
21.020000313222408,6.533
21.040000313520437,6.479
21.060000313818456,6.448
21.08000031411648,6.446
21.1000003144145,6.436
21.120000314712524,6.415
21.14000031501055,6.414
21.16000031530857,6.403
21.180000315606595,6.379
21.200000315904617,6.374
21.22000031620264,6.353
21.240000316500662,6.319
21.26000031679869,6.311
21.28000031709671,6.265
21.300000317394733,6.246
21.32000031769276,6.215
21.340000317990786,6.181
21.360000318288805,6.172
21.380000318586827,6.15
21.40000031888485,6.13
21.420000319182872,6.123
21.440000319480895,6.096
21.46000031977892,6.065
21.480000320076943,6.062
21.50000032037497,6.009
21.520000320672988,5.967
21.54000032097101,5.942
21.56000032126904,5.871
21.58000032156706,5.833
21.60000032186508,5.787
21.620000322163104,5.735
21.64000032246113,5.72
21.660000322759156,5.694
21.680000323057172,5.73
21.7000003233552,5.738
21.72000032365322,5.738
21.740000323951246,5.706
21.76000032424927,5.682
21.78000032454729,5.7
21.800000324845318,5.662
21.820000325143337,5.688
21.840000325441363,5.694
21.860000325739385,5.66
21.880000326037408,5.631
21.90000032633543,5.609
21.920000326633453,5.581
21.94000032693148,5.548
21.9600003272295,5.518
21.980000327527524,5.501
22.000000327825543,5.462
22.02000032812357,5.415
22.040000328421595,5.393
22.060000328719617,5.369
22.08000032901764,5.341
22.100000329315662,5.358
22.120000329613685,5.34
22.14000032991171,5.317
22.160000330209733,5.303
22.18000033050776,5.272
22.20000033080578,5.235
22.2200003311038,5.21
22.240000331401827,5.176
22.26000033169985,5.153
22.280000331997872,5.136
22.30000033229589,5.116
22.32000033259392,5.072
22.340000332891943,5.062
22.36000033318997,5.023
22.38000033348799,4.995
22.40000033378601,5.033
22.420000334084037,5.007
22.44000033438206,5.007
22.46000033468008,5.048
22.480000334978104,5.058
22.500000335276127,5.065
22.52000033557415,5.079
22.540000335872172,5.019
22.5600003361702,4.976
22.58000033646822,4.928
22.600000336766243,4.93
22.620000337064265,4.911
22.64000033736229,4.926
22.660000337660318,4.912
22.680000337958337,4.903
22.70000033825636,4.893
22.72000033855438,4.859
22.740000338852408,4.827
22.76000033915043,4.787
22.780000339448453,4.752
22.800000339746475,4.745
22.820000340044498,4.74
22.840000340342524,4.754
22.860000340640543,4.755
22.88000034093857,4.762
22.90000034123659,4.757
22.92000034153461,4.738
22.94000034183264,4.744
22.960000342130662,4.72
22.980000342428685,4.702
23.000000342726707,4.699
23.02000034302473,4.667
23.04000034332276,4.641
23.06000034362078,4.623
23.0800003439188,4.586
23.100000344216824,4.558
23.12000034451485,4.569
23.140000344812872,4.553
23.16000034511089,4.555
23.18000034540892,4.573
23.20000034570694,4.542
23.22000034600496,4.515
23.24000034630299,4.495
23.26000034660101,4.464
23.280000346899037,4.452
23.300000347197056,4.464
23.32000034749508,4.463
23.340000347793104,4.46
23.360000348091127,4.437
23.38000034838915,4.472
23.40000034868717,4.468
23.420000348985194,4.48
23.44000034928322,4.517
23.460000349581243,4.492
23.480000349879266,4.494
23.500000350177288,4.47
23.52000035047531,4.436
23.540000350773337,4.43
23.56000035107136,4.381
23.58000035136938,4.36
23.600000351667404,4.39
23.620000351965427,4.339
23.640000352263453,4.332
23.660000352561475,4.309
23.680000352859494,4.268
23.70000035315752,4.246
23.720000353455543,4.22
23.74000035375357,4.212
23.76000035405159,4.208
23.78000035434961,4.189
23.80000035464764,4.197
23.82000035494566,4.199
23.840000355243685,4.172
23.860000355541708,4.144
23.88000035583973,4.135
23.900000356137756,4.108
23.92000035643577,4.109
23.9400003567338,4.108
23.960000357031824,4.078
23.98000035732985,4.056
24.00000035762787,4.043
24.02000035792589,4.009
24.04000035822392,4.006
24.06000035852194,3.99
24.08000035881996,3.971
24.100000359117985,3.989
24.120000359416007,4.007
24.140000359714037,4.042
24.160000360012056,4.055
24.18000036031008,4.055
24.2000003606081,4.039
24.220000360906123,4.007
24.24000036120415,3.984
24.26000036150217,3.984
24.280000361800194,3.947
24.300000362098217,3.913
24.32000036239624,3.878
24.340000362694266,3.821
24.360000362992288,3.817
24.38000036329031,3.822
24.400000363588333,3.817
24.42000036388636,3.811
24.44000036418438,3.767
24.460000364482404,3.769
24.480000364780427,3.777
24.50000036507845,3.773
24.52000036537647,3.791
24.540000365674494,3.766
24.56000036597252,3.755
24.580000366270543,3.765
24.600000366568565,3.776
24.620000366866588,3.796
24.64000036716461,3.802
24.66000036746264,3.794
24.68000036776066,3.786
24.70000036805868,3.79
24.720000368356704,3.787
24.74000036865473,3.76
24.760000368952756,3.767
24.78000036925077,3.74
24.8000003695488,3.735
24.82000036984682,3.735
24.84000037014485,3.723
24.86000037044287,3.737
24.88000037074089,3.704
24.900000371038917,3.692
24.920000371336936,3.669
24.94000037163496,3.646
24.960000371932985,3.637
24.980000372231007,3.649
25.00000037252903,3.653
25.02000037282705,3.65
25.04000037312508,3.634
25.0600003734231,3.607
25.080000373721123,3.617
25.100000374019142,3.599
25.12000037431717,3.595
25.140000374615195,3.591
25.160000374913217,3.578
25.18000037521124,3.577
25.200000375509266,3.603
25.220000375807285,3.613
25.24000037610531,3.629
25.260000376403333,3.616
25.28000037670136,3.581
25.300000376999375,3.554
25.3200003772974,3.532
25.340000377595427,3.55
25.36000037789345,3.557
25.380000378191472,3.572
25.40000037848949,3.549
25.42000037878752,3.49
25.440000379085543,3.454
25.460000379383565,3.423
25.480000379681588,3.408
25.50000037997961,3.424
25.520000380277637,3.417
25.54000038057566,3.391
25.56000038087368,3.352
25.580000381171704,3.343
25.600000381469727,3.288
25.62000038176775,3.273
25.64000038206577,3.283
25.6600003823638,3.255
25.68000038266182,3.237
25.700000382959843,3.243
25.720000383257865,3.25
25.74000038355589,3.281
25.760000383853917,3.311
25.780000384151936,3.329
25.80000038444996,3.334
25.82000038474798,3.333
25.840000385046007,3.317
25.86000038534403,3.31
25.88000038564205,3.292
25.900000385940075,3.308
25.920000386238097,3.302
25.940000386536124,3.292
25.960000386834142,3.291
25.98000038713217,3.27
26.00000038743019,3.265
26.020000387728214,3.299
26.04000038802624,3.29
26.060000388324266,3.283
26.080000388622285,3.278
26.100000388920307,3.256
26.12000038921833,3.243
26.14000038951636,3.256
26.16000038981438,3.275
26.1800003901124,3.242
26.200000390410423,3.229
26.22000039070845,3.223
26.240000391006472,3.188
26.26000039130449,3.209
26.28000039160252,3.233
26.30000039190054,3.248
26.32000039219856,3.236
26.340000392496588,3.226
26.36000039279461,3.233
26.380000393092637,3.238
26.400000393390656,3.273
26.42000039368868,3.295
26.440000393986704,3.298
26.460000394284727,3.316
26.48000039458275,3.308
26.50000039488077,3.309
26.520000395178798,3.332
26.54000039547682,3.308
26.560000395774843,3.26
26.580000396072865,3.192
26.600000396370888,3.227
26.62000039666891,3.226
26.640000396966936,3.271
26.66000039726496,3.278
26.68000039756298,3.289
26.700000397861004,3.281
26.720000398159023,3.272
26.74000039845705,3.294
26.760000398755075,3.289
26.780000399053097,3.28
26.80000039935112,3.287
26.820000399649143,3.264
26.84000039994717,3.249
26.86000040024519,3.269
26.880000400543214,3.251
26.90000040084124,3.227
26.92000040113926,3.226
26.940000401437285,3.202
26.960000401735307,3.151
26.98000040203333,3.139
27.000000402331352,3.109
27.02000040262937,3.087
27.0400004029274,3.098
27.060000403225423,3.112
27.08000040352345,3.107
27.10000040382147,3.108
27.12000040411949,3.106
27.14000040441752,3.085
27.16000040471554,3.08
27.18000040501356,3.086
27.200000405311584,3.103
27.220000405609607,3.087
27.240000405907637,3.067
27.260000406205656,3.051
27.28000040650368,3.019
27.3000004068017,3.019
27.320000407099723,3.023
27.34000040739775,3.028
27.36000040769577,3.034
27.380000407993798,3.024
27.400000408291817,3.05
27.42000040858984,3.056
27.440000408887865,3.066
27.460000409185888,3.075
27.48000040948391,3.042
27.500000409781933,3.027
27.520000410079955,2.998
27.54000041037798,2.975
27.560000410676004,3.008
27.580000410974023,3.015
27.60000041127205,3.021
27.62000041157007,3.009
27.640000411868098,2.99
27.66000041216612,2.952
27.680000412464143,2.934
27.700000412762165,2.936
27.720000413060188,2.908
27.740000413358214,2.923
27.76000041365624,2.921
27.78000041395426,2.922
27.80000041425228,2.928
27.820000414550304,2.939
27.84000041484833,2.968
27.860000415146352,3.001
27.88000041544437,3.03
27.9000004157424,3.021
27.92000041604042,3.011
27.94000041633845,3.004
27.96000041663647,2.991
27.98000041693449,2.988
28.000000417232517,2.995
28.020000417530536,2.952
28.04000041782856,2.945
28.060000418126585,2.949
28.080000418424607,2.983
28.10000041872263,3.013
28.12000041902065,3.006
28.14000041931868,3.02
28.1600004196167,3.004
28.180000419914723,2.976
28.200000420212746,3.006
28.220000420510768,2.998
28.240000420808794,2.937
28.260000421106817,2.946
28.28000042140484,2.997
28.300000421702865,3.053
28.320000422000884,3.091
28.34000042229891,3.131
28.360000422596933,3.138
28.380000422894955,3.11
28.400000423192974,3.07
28.420000423491,3.049
28.440000423789023,2.984
28.46000042408705,2.942
28.48000042438507,2.929
28.50000042468309,2.918
28.52000042498112,2.912
28.540000425279143,2.923
28.560000425577165,2.944
28.580000425875188,2.952
28.60000042617321,2.939
28.620000426471236,2.96
28.64000042676926,2.943
28.66000042706728,2.937
28.680000427365304,2.947
28.700000427663326,2.951
28.72000042796135,2.945
28.74000042825937,2.905
28.7600004285574,2.863
28.78000042885542,2.828
28.80000042915344,2.814
28.820000429451465,2.835
28.84000042974949,2.83
28.860000430047517,2.846
28.880000430345536,2.861
28.90000043064356,2.838
28.92000043094158,2.826
28.940000431239607,2.82
28.96000043153763,2.787
28.98000043183565,2.754
29.000000432133675,2.76
29.020000432431697,2.736
29.040000432729723,2.727
29.060000433027746,2.758
29.08000043332577,2.755
29.10000043362379,2.756
29.120000433921813,2.763
29.14000043421984,2.721
29.160000434517865,2.708
29.180000434815884,2.706
29.200000435113907,2.686
29.22000043541193,2.684
29.240000435709955,2.674
29.260000436007974,2.664
29.280000436306,2.656
29.300000436604023,2.658
29.320000436902045,2.671
29.34000043720007,2.684
29.36000043749809,2.639
29.38000043779612,2.652
29.40000043809414,2.642
29.42000043839216,2.653
29.440000438690188,2.702
29.46000043898821,2.698
29.480000439286236,2.737
29.50000043958425,2.741
29.52000043988228,2.729
29.540000440180304,2.712
29.560000440478326,2.671
29.58000044077635,2.627
29.60000044107437,2.598
29.620000441372397,2.561
29.64000044167042,2.539
29.66000044196844,2.526
29.680000442266465,2.502
29.700000442564487,2.499
29.72000044286251,2.488
29.740000443160536,2.491
29.76000044345856,2.486
29.78000044375658,2.514
29.800000444054604,2.559
29.820000444352623,2.575
29.84000044465065,2.598
29.860000444948675,2.609
29.880000445246697,2.578
29.90000044554472,2.574
29.920000445842746,2.57
29.94000044614077,2.547
29.96000044643879,2.549
29.980000446736813,2.562
30.00000044703484,2.538
30.02000044733286,2.538
30.040000447630884,2.551
30.060000447928907,2.533
30.08000044822693,2.518
30.100000448524952,2.505
30.12000044882297,2.464
30.140000449121,2.429
30.160000449419023,2.429
30.18000044971705,2.397
30.200000450015068,2.388
30.22000045031309,2.417
30.24000045061112,2.426
30.26000045090914,2.425
30.28000045120716,2.422
30.300000451505184,2.434
30.320000451803207,2.424
30.340000452101236,2.435
30.36000045239925,2.465
30.38000045269728,2.454
30.4000004529953,2.451
30.420000453293323,2.455
30.44000045359135,2.438
30.46000045388937,2.42
30.480000454187397,2.418
30.500000454485416,2.4
30.52000045478344,2.396
30.540000455081465,2.411
30.560000455379488,2.413
30.58000045567751,2.423
30.600000455975533,2.43
30.620000456273555,2.408
30.64000045657158,2.415
30.660000456869604,2.436
30.680000457167623,2.448
30.70000045746565,2.436
30.72000045776367,2.427
30.740000458061697,2.425
30.76000045835972,2.402
30.780000458657742,2.418
30.800000458955765,2.412
30.820000459253787,2.287
30.840000459551813,2.314
30.86000045984984,2.357
30.88000046014786,2.412
30.90000046044588,2.479
30.920000460743903,2.514
30.94000046104193,2.516
30.960000461339952,2.503
30.98000046163797,2.502
31.000000461936,2.489
31.02000046223402,2.476
31.04000046253205,2.465
31.060000462830068,2.467
31.08000046312809,2.481
31.100000463426117,2.507
31.120000463724136,2.543
31.14000046402216,2.541
31.160000464320184,2.518
31.180000464618207,2.494
31.20000046491623,2.484
31.22000046521425,2.473
31.24000046551228,2.469
31.2600004658103,2.475
31.280000466108323,2.455
31.300000466406345,2.454
31.320000466704368,2.484
31.340000467002397,2.539
31.360000467300416,2.597
31.38000046759844,2.615
31.40000046789646,2.616
31.420000468194484,2.588
31.44000046849251,2.52
31.460000468790533,2.492
31.480000469088555,2.466
31.500000469386578,2.473
31.5200004696846,2.467
31.540000469982623,2.504
31.56000047028065,2.481
31.58000047057867,2.445
31.600000470876694,2.39
31.62000047117472,2.337
31.640000471472742,2.325
31.660000471770765,2.308
31.680000472068787,2.314
31.70000047236681,2.301
31.720000472664832,2.294
31.74000047296286,2.277
31.76000047326088,2.29
31.780000473558903,2.296
31.80000047385693,2.319
31.82000047415495,2.334
31.84000047445297,2.324
31.860000474751,2.384
31.88000047504902,2.387
31.90000047534704,2.361
31.920000475645065,2.36
31.94000047594309,2.313
31.960000476241117,2.274
31.980000476539136,2.266
32.00000047683716,2.255
32.020000477135184,2.259
32.0400004774332,2.26
32.06000047773123,2.28
32.080000478029255,2.317
32.100000478327274,2.298
32.1200004786253,2.286
32.14000047892332,2.29
32.160000479221345,2.287
32.18000047951937,2.315
32.20000047981739,2.363
32.22000048011542,2.39
32.240000480413435,2.374
32.26000048071146,2.402
32.28000048100949,2.357
32.30000048130751,2.34
32.32000048160553,2.306
32.34000048190355,2.279
32.36000048220158,2.288
32.380000482499604,2.26
32.40000048279762,2.248
32.42000048309565,2.221
32.44000048339367,2.193
32.460000483691694,2.181
32.48000048398972,2.205
32.50000048428774,2.221
32.520000484585765,2.254
32.540000484883784,2.284
32.56000048518181,2.286
32.58000048547984,2.275
32.600000485777855,2.282
32.62000048607588,2.272
32.6400004863739,2.297
32.660000486671926,2.316
32.68000048696995,2.328
32.70000048726797,2.327
32.720000487566,2.306
32.740000487864016,2.283
32.76000048816204,2.278
32.78000048846007,2.277
32.80000048875809,2.274
32.82000048905611,2.282
32.84000048935413,2.275
32.86000048965216,2.262
32.880000489950184,2.274
32.9000004902482,2.255
32.92000049054623,2.253
32.94000049084425,2.253
32.960000491142274,2.248
32.9800004914403,2.257
33.00000049173832,2.267
33.020000492036345,2.277
33.040000492334364,2.291
33.06000049263239,2.299
33.08000049293042,2.293
33.10000049322844,2.291
33.12000049352646,2.286
33.14000049382448,2.265
33.16000049412251,2.273
33.18000049442053,2.265
33.20000049471855,2.271
33.22000049501658,2.33
33.2400004953146,2.317
33.26000049561262,2.308
33.28000049591065,2.333
33.30000049620867,2.378
33.320000496506694,2.411
33.34000049680471,2.427
33.36000049710274,2.428
33.380000497400765,2.402
33.400000497698784,2.356
33.42000049799681,2.387
33.44000049829483,2.366
33.460000498592855,2.399
33.48000049889088,2.417
33.5000004991889,2.418
33.520000499486926,2.431
33.540000499784945,2.437
33.56000050008297,2.395
33.580000500381,2.376
33.600000500679016,2.368
33.62000050097704,2.331
33.64000050127506,2.301
33.66000050157309,2.273
33.68000050187111,2.276
33.70000050216913,2.327
33.72000050246716,2.35
33.74000050276518,2.36
33.7600005030632,2.392
33.78000050336123,2.38
33.80000050365925,2.38
33.820000503957274,2.382
33.84000050425529,2.273
33.86000050455332,2.254
33.880000504851346,2.268
33.900000505149364,2.3
33.92000050544739,2.343
33.94000050574541,2.434
33.96000050604344,2.466
33.98000050634146,2.32
34.00000050663948,2.302
34.02000050693751,2.322
34.040000507235526,2.355
34.06000050753355,2.385
34.08000050783158,2.37
34.1000005081296,2.348
34.12000050842762,2.299
34.14000050872564,2.263
34.16000050902367,2.265
34.180000509321694,2.289
34.20000050961971,2.257
34.22000050991774,2.216
34.24000051021576,2.207
34.260000510513784,2.203
34.28000051081181,2.232
34.30000051110983,2.253
34.320000511407855,2.273
34.340000511705874,2.14
34.3600005120039,2.152
34.380000512301926,2.186
34.400000512599945,2.156
34.42000051289797,2.165
34.44000051319599,2.181
34.460000513494016,2.211
34.48000051379204,2.336
34.50000051409006,2.316
34.52000051438809,2.326
34.540000514686106,2.41
34.56000051498413,2.499
34.58000051528216,2.567
34.60000051558018,2.269
34.6200005158782,2.288
34.64000051617622,2.338
34.66000051647425,2.406
34.680000516772274,2.496
34.70000051707029,2.564
34.72000051736832,2.607
34.74000051766634,2.542
