time_min,absorb_mau
0.0,0.04
0.0133333335320154,0.028
0.0266666670640309,0.032
0.0400000005960464,0.053
0.0533333341280619,0.067
0.0666666676600774,0.07
0.0800000011920929,0.085
0.0933333347241083,0.095
0.1066666682561238,0.097
0.1200000017881393,0.099
0.1333333353201548,0.104
0.1466666688521703,0.122
0.1600000023841858,0.108
0.1733333359162013,0.107
0.1866666694482167,0.1
0.2000000029802322,0.089
0.2133333365122477,0.087
0.2266666700442632,0.081
0.2400000035762786,0.07
0.2533333371082942,0.082
0.2666666706403096,0.068
0.2800000041723251,0.057
0.2933333377043406,0.049
0.3066666712363561,0.045
0.3200000047683716,0.034
0.3333333383003871,0.021
0.3466666718324026,-0.002
0.360000005364418,0.029
0.3733333388964335,0.039
0.386666672428449,0.029
0.4000000059604645,0.031
0.4133333394924799,0.032
0.4266666730244954,0.062
0.4400000065565109,0.064
0.4533333400885264,0.062
0.4666666736205419,0.081
0.4800000071525573,0.09
0.4933333406845728,0.111
0.5066666742165884,0.115
0.5200000077486039,0.112
0.5333333412806193,0.121
0.5466666748126348,0.126
0.5600000083446502,0.148
0.5733333418766657,0.158
0.5866666754086812,0.139
0.6000000089406967,0.143
0.6133333424727122,0.14
0.6266666760047277,0.122
0.6400000095367432,0.131
0.6533333430687587,0.105
0.6666666766007742,0.115
0.6800000101327897,0.116
0.6933333436648051,0.113
0.7066666771968206,0.129
0.7200000107288361,0.13
0.7333333442608516,0.132
0.746666677792867,0.138
0.7600000113248825,0.147
0.773333344856898,0.147
0.7866666783889135,0.131
0.800000011920929,0.114
0.8133333454529444,0.118
0.8266666789849599,0.123
0.8400000125169754,0.119
0.8533333460489909,0.115
0.8666666795810064,0.129
0.8800000131130219,0.154
0.8933333466450374,0.164
0.9066666801770528,0.178
0.9200000137090684,0.193
0.933333347241084,0.229
0.9466666807730992,0.276
0.9600000143051148,0.31
0.9733333478371302,0.342
0.9866666813691456,0.397
1.0000000149011612,0.423
1.0133333484331768,0.453
1.0266666819651922,0.458
1.0400000154972078,0.477
1.0533333490292232,0.478
1.0666666825612383,0.457
1.080000016093254,0.455
1.0933333496252695,0.457
1.1066666831572851,0.486
1.1200000166893005,0.503
1.133333350221316,0.545
1.1466666837533317,0.632
1.160000017285347,0.733
1.1733333508173625,0.875
1.186666684349378,1.052
1.2000000178813934,1.273
1.213333351413409,1.599
1.2266666849454244,1.981
1.24000001847744,2.467
1.2533333520094554,3.102
1.266666685541471,3.832
1.2800000190734864,4.738
1.2933333526055018,5.899
1.3066666861375174,7.313
1.3200000196695327,8.98
1.3333333532015483,10.904
1.3466666867335635,13.153
1.360000020265579,15.745
1.3733333537975947,18.636
1.3866666873296103,21.849
1.4000000208616257,25.495
1.4133333543936413,29.589
1.4266666879256569,34.098
1.4400000214576725,39.024
1.4533333549896876,44.402
1.4666666885217032,50.231
1.4800000220537186,56.456
1.493333355585734,63.074
1.5066666891177496,70.083
1.520000022649765,77.521
1.5333333561817806,85.379
1.546666689713796,93.42
1.5600000232458116,101.645
1.573333356777827,110.217
1.5866666903098423,119.197
1.600000023841858,128.552
1.6133333573738735,137.788
1.626666690905889,147.228
1.6400000244379045,156.852
1.65333335796992,166.446
1.6666666915019357,175.898
1.6800000250339509,185.262
1.6933333585659665,194.618
1.7066666920979818,204.083
1.7200000256299972,213.475
1.7333333591620128,222.786
1.7466666926940282,231.94
1.7600000262260438,240.748
1.7733333597580592,249.216
1.7866666932900748,257.246
1.80000002682209,264.838
1.8133333603541055,272.04
1.826666693886121,278.766
1.8400000274181367,284.964
1.853333360950152,290.913
1.866666694482168,296.461
1.880000028014183,301.463
1.8933333615461987,306.062
1.906666695078214,310.24
1.9200000286102292,314.125
1.933333362142245,317.617
1.9466666956742604,320.385
1.960000029206276,322.664
1.9733333627382916,324.49
1.986666696270307,325.902
2.0000000298023224,326.908
2.013333363334338,327.533
2.0266666968663536,327.782
2.0400000303983687,327.666
2.0533333639303843,327.135
2.0666666974624,326.133
2.0800000309944155,324.714
2.0933333645264307,322.873
2.1066666980584463,320.653
2.120000031590462,318.093
2.133333365122477,315.246
2.1466666986544927,312.093
2.1600000321865083,308.602
2.173333365718524,304.806
2.186666699250539,300.803
2.200000032782554,296.629
2.2133333663145702,292.207
2.226666699846586,287.634
2.240000033378601,282.92
2.2533333669106166,278.11
2.266666700442632,273.16
2.280000033974648,268.05
2.293333367506663,262.832
2.3066667010386785,257.482
2.320000034570694,252.083
2.3333333681027097,246.663
2.346666701634725,241.209
2.3600000351667405,235.701
2.373333368698756,230.174
2.3866667022307717,224.632
2.400000035762787,219.086
2.4133333692948025,213.656
2.426666702826818,208.269
2.440000036358833,202.772
2.453333369890849,197.225
2.4666667034228644,191.721
2.48000003695488,186.322
2.493333370486895,180.834
2.506666704018911,175.309
2.5200000375509264,169.973
2.533333371082942,164.765
2.546666704614957,159.702
2.5600000381469727,154.609
2.5733333716789883,149.67
2.5866667052110035,144.861
2.600000038743019,140.155
2.6133333722750347,135.616
2.6266667058070503,131.209
2.640000039339065,126.922
2.653333372871081,122.73
2.6666667064030967,118.587
2.6800000399351123,114.444
2.6933333734671274,110.379
2.706666706999143,106.523
2.720000040531158,102.673
2.7333333740631742,98.872
2.7466667075951894,95.118
2.760000041127205,91.527
2.7733333746592206,88.114
2.786666708191236,84.71
2.800000041723252,81.442
2.813333375255267,78.314
2.8266667087872825,75.342
2.8400000423192977,72.467
2.8533333758513133,69.617
2.866666709383329,66.862
2.8800000429153445,64.169
2.89333337644736,61.574
2.9066667099793757,59.109
2.920000043511391,56.758
2.9333333770434065,54.514
2.9466667105754216,52.33
2.960000044107437,50.196
2.973333377639453,48.13
2.986666711171468,46.216
3.000000044703484,44.372
3.013333378235499,42.554
3.026666711767515,40.755
3.04000004529953,39.045
3.053333378831545,37.435
3.066666712363561,35.802
3.0800000458955767,34.214
3.093333379427592,32.721
3.1066667129596075,31.308
3.120000046491623,29.963
3.1333333800236387,28.664
3.146666713555654,27.456
3.160000047087669,26.301
3.173333380619685,25.175
3.1866667141517007,24.113
3.200000047683716,23.113
3.2133333812157314,22.153
3.226666714747747,21.223
3.240000048279762,20.338
3.253333381811778,19.485
3.2666667153437934,18.662
3.280000048875809,17.881
3.293333382407824,17.125
3.30666671593984,16.382
3.320000049471856,15.64
3.333333383003871,14.955
3.346666716535886,14.333
3.3600000500679017,13.727
3.3733333835999173,13.109
3.386666717131933,12.535
3.400000050663948,12.017
3.413333384195964,11.504
3.4266667177279797,11.012
3.4400000512599944,10.535
3.45333338479201,10.107
3.4666667183240256,9.685
3.480000051856041,9.277
3.4933333853880564,8.895
3.506666718920072,8.528
3.520000052452088,8.189
3.533333385984103,7.829
3.5466667195161183,7.502
3.560000053048134,7.197
3.573333386580149,6.941
3.586666720112165,6.694
3.6000000536441803,6.437
3.613333387176196,6.205
3.626666720708212,5.981
3.640000054240226,5.777
3.653333387772242,5.563
3.666666721304258,5.335
3.6800000548362735,5.138
3.6933333883682886,4.972
3.706666721900304,4.788
3.72000005543232,4.628
3.733333388964336,4.465
3.746666722496351,4.312
3.760000056028366,4.173
3.773333389560382,4.017
3.786666723092397,3.881
3.800000056624413,3.754
3.813333390156428,3.62
3.826666723688444,3.51
3.840000057220459,3.398
3.8533333907524745,3.298
3.86666672428449,3.21
3.8800000578165057,3.104
3.893333391348521,3.014
3.906666724880537,2.92
3.920000058412552,2.841
3.933333391944568,2.762
3.946666725476583,2.684
3.9600000590085984,2.609
3.973333392540614,2.562
3.9866667260726296,2.503
4.000000059604645,2.445
4.01333339313666,2.375
4.026666726668676,2.326
4.040000060200692,2.255
4.053333393732707,2.188
4.066666727264722,2.137
4.0800000607967375,2.094
4.093333394328753,2.058
4.106666727860769,2.02
4.120000061392784,1.987
4.1333333949248,1.967
4.146666728456816,1.932
4.160000061988831,1.888
4.173333395520846,1.844
4.186666729052861,1.8
4.200000062584877,1.758
4.213333396116893,1.735
4.226666729648908,1.727
4.240000063180924,1.725
4.253333396712939,1.708
4.266666730244954,1.687
4.28000006377697,1.678
4.293333397308985,1.661
4.306666730841001,1.625
4.3200000643730165,1.601
4.333333397905032,1.554
4.346666731437048,1.53
4.360000064969063,1.526
4.373333398501078,1.493
4.386666732033094,1.474
4.400000065565109,1.448
4.413333399097125,1.444
4.4266667326291405,1.444
4.440000066161156,1.42
4.453333399693172,1.389
4.466666733225186,1.388
4.480000066757202,1.38
4.493333400289218,1.352
4.506666733821233,1.325
4.520000067353249,1.31
4.533333400885264,1.32
4.54666673441728,1.31
4.560000067949296,1.292
4.57333340148131,1.288
4.586666735013326,1.282
4.6000000685453415,1.257
4.613333402077357,1.254
4.626666735609373,1.223
4.640000069141388,1.201
4.653333402673404,1.166
4.66666673620542,1.168
4.680000069737434,1.176
4.69333340326945,1.19
4.706666736801465,1.167
4.720000070333481,1.152
4.733333403865497,1.16
4.746666737397512,1.146
4.760000070929528,1.134
4.773333404461543,1.104
4.786666737993558,1.105
4.800000071525574,1.122
4.813333405057589,1.122
4.826666738589605,1.13
4.8400000721216205,1.124
4.853333405653636,1.131
4.866666739185652,1.134
4.880000072717666,1.133
4.893333406249682,1.149
4.906666739781698,1.143
4.920000073313713,1.142
4.933333406845729,1.147
4.9466667403777445,1.133
4.96000007390976,1.133
4.973333407441775,1.111
4.98666674097379,1.098
5.000000074505806,1.108
5.013333408037822,1.109
5.026666741569837,1.115
5.040000075101853,1.121
5.053333408633868,1.126
5.066666742165884,1.132
5.080000075697899,1.126
5.093333409229914,1.116
5.10666674276193,1.11
5.1200000762939455,1.11
5.133333409825961,1.102
5.146666743357977,1.096
5.160000076889992,1.085
5.173333410422007,1.083
5.186666743954023,1.086
5.200000077486038,1.076
5.213333411018054,1.074
5.226666744550069,1.074
5.240000078082085,1.073
5.253333411614101,1.066
5.266666745146116,1.054
5.280000078678131,1.054
5.2933334122101465,1.053
5.306666745742162,1.039
5.320000079274178,1.013
5.333333412806193,1.021
5.346666746338209,1.014
5.3600000798702245,1.002
5.373333413402239,1.015
5.386666746934255,1.03
5.4000000804662704,1.04
5.413333413998286,1.064
5.426666747530302,1.063
5.440000081062317,1.065
5.453333414594333,1.058
5.4666667481263485,1.047
5.480000081658363,1.046
5.493333415190379,1.047
5.506666748722394,1.025
5.52000008225441,1.022
5.533333415786426,1.015
5.546666749318441,1.004
5.560000082850457,0.999
5.573333416382472,0.977
5.586666749914487,0.987
5.600000083446503,0.972
5.613333416978518,0.969
5.626666750510534,0.978
5.6400000840425495,0.977
5.653333417574565,0.962
5.666666751106581,0.966
5.680000084638595,0.964
5.693333418170611,0.974
5.706666751702627,0.951
5.720000085234642,0.943
5.733333418766658,0.945
5.746666752298673,0.953
5.760000085830689,0.961
5.773333419362704,0.961
5.786666752894719,0.954
5.800000086426735,0.954
5.813333419958751,0.958
5.826666753490766,0.957
5.840000087022782,0.937
5.853333420554797,0.942
5.866666754086813,0.968
5.880000087618828,0.989
5.893333421150843,1.0
5.906666754682859,0.993
5.920000088214874,1.008
5.93333342174689,1.021
5.946666755278906,1.008
5.960000088810921,0.998
5.973333422342936,0.97
5.986666755874952,0.962
6.000000089406967,0.972
6.013333422938983,0.983
6.026666756470998,0.959
6.040000090003014,0.986
6.05333342353503,0.987
6.066666757067045,1.004
6.08000009059906,0.991
6.093333424131076,0.989
6.106666757663091,0.981
6.120000091195107,0.96
6.133333424727122,0.941
6.146666758259138,0.939
6.1600000917911535,0.939
6.173333425323168,0.921
6.186666758855184,0.902
6.200000092387199,0.9
6.213333425919215,0.915
6.226666759451231,0.924
6.240000092983246,0.924
6.253333426515262,0.918
6.266666760047277,0.914
6.280000093579292,0.926
6.293333427111308,0.913
6.306666760643323,0.907
6.320000094175339,0.886
6.3333334277073545,0.903
6.34666676123937,0.889
6.360000094771386,0.889
6.373333428303401,0.883
6.386666761835416,0.874
6.400000095367432,0.863
6.413333428899447,0.859
6.426666762431463,0.854
6.440000095963478,0.866
6.453333429495494,0.87
6.46666676302751,0.873
6.480000096559524,0.884
6.49333343009154,0.894
6.506666763623556,0.913
6.520000097155571,0.933
6.533333430687587,0.949
6.546666764219602,0.972
6.560000097751618,0.987
6.573333431283634,0.985
6.586666764815648,0.977
6.600000098347664,0.96
6.61333343187968,0.946
6.626666765411695,0.934
6.640000098943711,0.903
6.653333432475726,0.911
6.666666766007742,0.91
6.680000099539757,0.909
6.693333433071772,0.919
6.706666766603788,0.915
6.720000100135803,0.921
6.733333433667819,0.917
6.746666767199835,0.905
6.76000010073185,0.893
6.773333434263866,0.896
6.7866667677958805,0.92
6.800000101327896,0.923
6.813333434859912,0.916
6.826666768391927,0.919
6.840000101923943,0.934
6.853333435455959,0.945
6.866666768987974,0.939
6.880000102519989,0.925
6.893333436052004,0.94
6.90666676958402,0.948
6.920000103116036,0.948
6.933333436648051,0.965
6.946666770180067,0.954
6.960000103712082,0.956
6.973333437244098,0.946
6.986666770776113,0.948
7.000000104308128,0.966
7.013333437840144,0.96
7.02666677137216,0.96
7.040000104904175,0.951
7.053333438436191,0.961
7.066666771968206,0.955
7.080000105500221,0.945
7.093333439032237,0.926
7.106666772564252,0.917
7.120000106096268,0.935
7.133333439628284,0.938
7.146666773160299,0.944
7.160000106692315,0.942
7.17333344022433,0.961
7.186666773756345,0.977
7.200000107288361,0.969
7.213333440820376,0.968
7.226666774352392,0.97
7.240000107884407,0.99
7.253333441416423,1.005
7.266666774948439,1.021
7.280000108480453,1.029
7.293333442012469,1.03
7.306666775544484,1.029
7.3200001090765,1.037
7.333333442608516,1.039
7.346666776140531,1.02
7.360000109672547,1.007
7.373333443204562,0.997
7.386666776736577,1.001
7.400000110268593,0.973
7.413333443800608,0.936
7.426666777332624,0.904
7.44000011086464,0.911
7.453333444396655,0.897
7.466666777928671,0.879
7.480000111460685,0.877
7.493333444992701,0.888
7.506666778524717,0.906
7.520000112056732,0.908
7.533333445588748,0.916
7.546666779120764,0.928
7.560000112652779,0.932
7.573333446184795,0.941
7.5866667797168095,0.946
7.600000113248825,0.946
7.613333446780841,0.942
7.626666780312856,0.941
7.640000113844872,0.956
7.653333447376887,0.942
7.666666780908903,0.945
7.680000114440918,0.959
7.693333447972933,0.972
7.706666781504949,0.968
7.720000115036965,0.981
7.73333344856898,0.995
7.746666782100996,1.008
7.760000115633011,1.004
7.773333449165027,0.983
7.786666782697042,0.97
7.800000116229057,0.97
7.813333449761073,0.947
7.826666783293088,0.94
7.840000116825104,0.94
7.85333345035712,0.948
7.866666783889135,0.953
7.88000011742115,0.957
7.893333450953166,0.971
7.906666784485181,0.99
7.920000118017197,0.989
7.933333451549212,0.989
7.946666785081228,1.005
7.960000118613244,1.011
7.973333452145259,1.025
7.986666785677274,1.007
8.00000011920929,1.025
