time_min,absorb_mau
0.0,-0.036
0.0266666670640309,-0.039
0.0533333341280619,-0.0049999999999999
0.0800000011920929,0.024
0.1066666682561238,0.0289999999999999
0.1333333353201548,0.006
0.1600000023841858,0.003
0.1866666694482167,-0.04
0.2133333365122477,-0.054
0.2400000035762786,-0.064
0.2666666706403096,-0.028
0.2933333377043406,0.0209999999999999
0.3200000047683716,0.032
0.3466666718324026,0.039
0.3733333388964335,0.0349999999999999
0.4000000059604645,0.005
0.4266666730244954,0.036
0.4533333400885264,0.0589999999999999
0.4800000071525573,0.0889999999999999
0.5066666742165884,0.0369999999999999
0.5333333412806193,0.047
0.5600000083446502,0.035
0.5866666754086812,0.062
0.6133333424727122,0.044
0.6400000095367432,0.039
0.6666666766007742,0.0219999999999999
0.6933333436648051,0.013
0.7200000107288361,0.024
0.746666677792867,0.1120000000000001
0.773333344856898,0.1919999999999999
0.800000011920929,0.2490000000000001
0.8266666789849599,0.2590000000000001
0.8533333460489909,0.2270000000000001
0.8800000131130219,0.1859999999999999
0.9066666801770528,0.1129999999999999
0.933333347241084,0.0619999999999998
0.9600000143051148,0.04
0.9866666813691456,0.002
1.0133333484331768,0.0009999999999998
1.0400000154972078,0.042
1.0666666825612383,0.0499999999999999
1.0933333496252695,0.0339999999999999
1.1200000166893005,0.021
1.1466666837533317,0.03
1.1733333508173625,0.0279999999999999
1.2000000178813934,0.0209999999999999
1.2266666849454244,0.002
1.2533333520094554,0.046
1.2800000190734864,0.056
1.3066666861375174,0.145
1.3333333532015483,0.2609999999999992
1.360000020265579,0.5050000000000008
1.3866666873296103,0.8189999999999991
1.4133333543936413,1.2699999999999996
1.4400000214576725,1.9239999999999997
1.4666666885217032,2.8160000000000025
1.493333355585734,4.0660000000000025
1.520000022649765,5.694999999999993
1.546666689713796,7.783999999999992
1.573333356777827,10.390999999999991
1.600000023841858,13.544000000000011
1.626666690905889,17.507000000000005
1.65333335796992,22.19999999999999
1.6800000250339509,27.809000000000022
1.7066666920979818,34.68700000000001
1.7333333591620128,42.49800000000005
1.7600000262260438,51.70500000000004
1.7866666932900748,61.551000000000045
1.8133333603541055,72.52200000000005
1.8400000274181367,84.12900000000002
1.866666694482168,96.28999999999996
1.8933333615461987,109.27499999999998
1.9200000286102292,122.87800000000004
1.9466666956742604,137.22799999999995
1.9733333627382916,152.086
2.0000000298023224,167.26199999999994
2.0266666968663536,182.621
2.0533333639303843,198.19900000000007
2.0800000309944155,213.12300000000005
2.1066666980584463,227.655
2.133333365122477,240.96000000000004
2.1600000321865083,253.396
2.186666699250539,264.69100000000003
2.2133333663145702,275.222
2.240000033378601,284.55
2.266666700442632,293.066
2.293333367506663,300.777
2.320000034570694,307.527
2.346666701634725,313.551
2.373333368698756,318.292
2.400000035762787,322.259
2.426666702826818,325.285
2.453333369890849,327.423
2.48000003695488,328.818
2.506666704018911,329.516
2.533333371082942,329.496
2.5600000381469727,328.858
2.5866667052110035,327.343
2.6133333722750347,325.177
2.640000039339065,322.16300000000007
2.6666667064030967,318.51000000000005
2.6933333734671274,314.291
2.720000040531158,309.454
2.7466667075951894,304.244
2.7733333746592206,298.4309999999999
2.800000041723252,292.101
2.8266667087872825,285.403
2.8533333758513133,277.992
2.8800000429153445,270.273
2.9066667099793757,261.9570000000001
2.9333333770434065,253.5909999999999
2.960000044107437,245.447
2.986666711171468,237.16599999999997
3.013333378235499,229.20899999999995
3.04000004529953,221.0920000000001
3.066666712363561,213.028
3.093333379427592,205.09899999999996
3.120000046491623,197.057
3.146666713555654,188.746
3.173333380619685,180.429
3.200000047683716,172.06100000000004
3.226666714747747,164.18500000000006
3.253333381811778,156.57500000000005
3.280000048875809,149.62599999999998
3.30666671593984,142.803
3.333333383003871,136.17899999999997
3.3600000500679017,129.65099999999995
3.386666717131933,123.385
3.413333384195964,117.17399999999998
3.4400000512599944,110.82299999999998
3.4666667183240256,104.71000000000004
3.4933333853880564,98.74400000000004
3.520000052452088,93.43200000000002
3.5466667195161183,88.30500000000006
3.573333386580149,83.49199999999996
3.6000000536441803,79.01999999999998
3.626666720708212,74.72000000000003
3.653333387772242,70.654
3.6800000548362735,66.827
3.706666721900304,63.035000000000025
3.733333388964336,59.488999999999976
3.760000056028366,55.93999999999994
3.786666723092397,52.72399999999999
3.813333390156428,49.658000000000015
3.840000057220459,46.856
3.86666672428449,44.28399999999999
3.893333391348521,41.85699999999997
3.920000058412552,39.512
3.946666725476583,37.20100000000002
3.973333392540614,35.091999999999985
4.000000059604645,32.988999999999976
4.026666726668676,31.01600000000002
4.053333393732707,29.035000000000025
4.0800000607967375,27.213000000000022
4.106666727860769,25.538999999999987
4.1333333949248,24.063999999999997
4.160000061988831,22.724999999999994
4.186666729052861,21.49000000000001
4.213333396116893,20.28800000000001
4.240000063180924,19.206999999999997
4.266666730244954,18.120000000000005
4.293333397308985,17.117999999999995
4.3200000643730165,16.186000000000007
4.346666731437048,15.301000000000002
4.373333398501078,14.51400000000001
4.400000065565109,13.750000000000014
4.4266667326291405,13.049000000000008
4.453333399693172,12.397999999999996
4.480000066757202,11.796999999999995
4.506666733821233,11.263000000000003
4.533333400885264,10.730000000000004
4.560000067949296,10.245999999999997
4.586666735013326,9.706999999999994
4.613333402077357,9.226
4.640000069141388,8.712000000000003
4.66666673620542,8.318999999999996
4.69333340326945,7.971999999999994
4.720000070333481,7.632999999999996
4.746666737397512,7.282000000000004
4.773333404461543,6.969999999999999
4.800000071525574,6.710999999999999
4.826666738589605,6.469999999999999
4.853333405653636,6.207999999999998
4.880000072717666,5.921999999999997
4.906666739781698,5.68
4.933333406845729,5.472000000000001
4.96000007390976,5.300000000000001
4.98666674097379,5.138000000000002
5.013333408037822,5.009000000000004
5.040000075101853,4.8459999999999965
5.066666742165884,4.658000000000001
5.093333409229914,4.453999999999997
5.1200000762939455,4.318000000000001
5.146666743357977,4.163999999999998
5.173333410422007,3.998999999999999
5.200000077486038,3.843
5.226666744550069,3.706
5.253333411614101,3.620000000000001
5.280000078678131,3.530000000000001
5.306666745742162,3.4510000000000005
5.333333412806193,3.357000000000001
5.3600000798702245,3.2970000000000006
5.386666746934255,3.215
5.413333413998286,3.2060000000000013
5.440000081062317,3.087999999999999
5.4666667481263485,3.0329999999999995
5.493333415190379,2.949
5.52000008225441,2.9140000000000006
5.546666749318441,2.882000000000001
5.573333416382472,2.834
5.600000083446503,2.753
5.626666750510534,2.704
5.653333417574565,2.6820000000000004
5.680000084638595,2.656
5.706666751702627,2.635
5.733333418766658,2.5489999999999995
5.760000085830689,2.462
5.786666752894719,2.394
5.813333419958751,2.3500000000000005
5.840000087022782,2.322
5.866666754086813,2.280000000000001
5.893333421150843,2.2250000000000005
5.920000088214874,2.199
5.946666755278906,2.1960000000000006
5.973333422342936,2.188
6.000000089406967,2.161
6.026666756470998,2.1160000000000005
6.05333342353503,2.085000000000001
6.08000009059906,2.013
6.106666757663091,1.9760000000000009
6.133333424727122,1.9220000000000008
6.1600000917911535,1.903
6.186666758855184,1.883
6.213333425919215,1.864
6.240000092983246,1.842999999999999
6.266666760047277,1.8070000000000004
6.293333427111308,1.774
6.320000094175339,1.795
6.34666676123937,1.7929999999999993
6.373333428303401,1.8360000000000003
6.400000095367432,1.8420000000000003
6.426666762431463,1.8000000000000007
6.453333429495494,1.725999999999999
6.480000096559524,1.6400000000000006
6.506666763623556,1.622999999999999
6.533333430687587,1.588
6.560000097751618,1.596
6.586666764815648,1.5850000000000009
6.61333343187968,1.573
6.640000098943711,1.5540000000000005
6.666666766007742,1.553
6.693333433071772,1.5610000000000002
6.720000100135803,1.5759999999999996
6.746666767199835,1.5549999999999995
6.773333434263866,1.5460000000000005
6.800000101327896,1.5419999999999998
6.826666768391927,1.5099999999999998
6.853333435455959,1.4979999999999998
6.880000102519989,1.487
6.90666676958402,1.487
6.933333436648051,1.476
6.960000103712082,1.4850000000000003
6.986666770776113,1.494
7.013333437840144,1.494
7.040000104904175,1.4740000000000002
7.066666771968206,1.452
7.093333439032237,1.449
7.120000106096268,1.461
7.146666773160299,1.468
7.17333344022433,1.4209999999999994
7.200000107288361,1.376999999999999
7.226666774352392,1.331
7.253333441416423,1.342
7.280000108480453,1.358
7.306666775544484,1.364
7.333333442608516,1.33
7.360000109672547,1.269
7.386666776736577,1.2249999999999996
7.413333443800608,1.2039999999999995
7.44000011086464,1.226
7.466666777928671,1.231999999999999
7.493333444992701,1.1960000000000006
7.520000112056732,1.1709999999999998
7.546666779120764,1.1950000000000005
7.573333446184795,1.221
7.600000113248825,1.2439999999999998
7.626666780312856,1.253
7.653333447376887,1.3219999999999992
7.680000114440918,1.344
7.706666781504949,1.359
7.73333344856898,1.331
7.760000115633011,1.3149999999999995
7.786666782697042,1.274000000000001
7.813333449761073,1.285
7.840000116825104,1.2639999999999991
7.866666783889135,1.256
7.893333450953166,1.25
7.920000118017197,1.25
7.946666785081228,1.27
7.973333452145259,1.2459999999999989
8.00000011920929,1.226
8.02666678627332,1.2010000000000003
8.053333453337352,1.1690000000000005
8.080000120401383,1.1509999999999998
8.106666787465414,1.1469999999999998
8.133333454529444,1.1559999999999997
8.160000121593475,1.172
8.186666788657506,1.169
8.213333455721537,1.1829999999999998
8.240000122785569,1.211
8.2666667898496,1.189
8.293333456913631,1.181000000000001
8.320000123977662,1.1259999999999994
8.346666791041692,1.144
8.373333458105723,1.141
8.400000125169754,1.152
8.426666792233785,1.1210000000000004
8.453333459297816,1.0949999999999998
8.480000126361848,1.0749999999999993
8.506666793425879,1.0700000000000005
8.533333460489908,1.0739999999999998
8.56000012755394,1.0860000000000003
8.58666679461797,1.0969999999999998
8.613333461682002,1.098
8.640000128746033,1.109
8.666666795810064,1.126
8.693333462874095,1.117
8.720000129938127,1.146
8.746666797002156,1.1350000000000016
8.773333464066187,1.1479999999999997
8.800000131130219,1.133
8.82666679819425,1.112000000000002
8.853333465258281,1.149
8.880000132322312,1.1769999999999996
8.906666799386343,1.1660000000000004
8.933333466450373,1.1159999999999997
8.960000133514404,1.067
8.986666800578435,1.0519999999999996
9.013333467642466,1.036
9.040000134706498,1.0359999999999998
9.066666801770529,1.0530000000000008
9.09333346883456,1.078
9.120000135898591,1.081
9.14666680296262,1.0529999999999973
9.173333470026652,1.0
9.200000137090685,1.0069999999999997
9.226666804154714,1.0250000000000004
9.253333471218744,1.0459999999999994
9.280000138282777,1.0540000000000005
9.306666805346808,1.061
9.33333347241084,1.077
9.360000139474868,1.0249999999999986
9.3866668065389,0.9900000000000002
9.41333347360293,1.0010000000000003
9.440000140666962,1.0409999999999968
9.466666807730991,1.12
9.493333474795024,1.1100000000000003
9.520000141859056,1.0889999999999986
9.546666808923083,1.033
9.573333475987116,1.0499999999999998
9.600000143051147,1.077
9.62666681011518,1.0670000000000002
9.65333347717921,1.016
9.68000014424324,0.9740000000000002
9.706666811307272,0.952
9.733333478371303,0.9730000000000008
9.760000145435331,0.9619999999999996
9.786666812499364,0.9810000000000016
9.813333479563395,0.9980000000000002
9.840000146627428,0.9879999999999995
9.866666813691458,0.9930000000000004
9.893333480755487,0.9869999999999984
9.92000014781952,1.0109999999999992
9.94666681488355,0.994
9.97333348194758,0.993
10.000000149011612,1.019
10.026666816075643,1.051
10.053333483139674,1.0629999999999988
10.080000150203706,1.0069999999999997
10.106666817267737,0.963
10.133333484331768,0.97
10.160000151395796,0.9529999999999994
10.186666818459829,0.9559999999999996
10.21333348552386,0.9120000000000008
10.240000152587893,0.9190000000000004
10.266666819651922,0.937
10.293333486715952,0.9609999999999984
10.320000153779985,0.952
10.346666820844014,0.9429999999999996
10.373333487908043,0.9509999999999996
10.400000154972076,0.9450000000000004
10.426666822036108,0.9260000000000002
10.45333348910014,0.9179999999999992
10.48000015616417,0.9059999999999996
10.5066668232282,0.8940000000000001
10.533333490292232,0.8650000000000002
10.560000157356262,0.871
10.586666824420291,0.891
10.613333491484324,0.8919999999999999
10.640000158548355,0.8710000000000004
10.666666825612388,0.8599999999999999
10.693333492676418,0.8739999999999988
10.720000159740447,0.8980000000000001
10.746666826804478,0.902000000000001
10.77333349386851,0.8640000000000008
10.80000016093254,0.835
10.826666827996572,0.84
10.853333495060603,0.8550000000000004
10.880000162124634,0.838000000000001
10.906666829188666,0.8620000000000001
10.933333496252695,0.9019999999999992
10.960000163316726,0.9009999999999998
10.986666830380758,0.8780000000000001
11.013333497444789,0.842
11.04000016450882,0.8539999999999992
11.066666831572851,0.8770000000000007
11.093333498636882,0.9120000000000008
11.120000165700914,0.9160000000000004
11.146666832764945,0.9169999999999998
11.173333499828974,0.8849999999999998
11.200000166893004,0.8580000000000001
11.226666833957037,0.8639999999999999
11.253333501021068,0.8770000000000007
11.2800001680851,0.8499999999999996
11.30666683514913,0.8559999999999999
11.33333350221316,0.8620000000000001
11.36000016927719,0.8930000000000007
11.386666836341222,0.8819999999999997
11.413333503405251,0.8959999999999999
11.440000170469284,0.8859999999999992
11.466666837533316,0.8849999999999998
11.493333504597349,0.8679999999999999
11.520000171661378,0.8339999999999996
11.546666838725407,0.8370000000000002
11.57333350578944,0.8100000000000005
11.60000017285347,0.828
11.6266668399175,0.8129999999999997
11.653333506981532,0.8609999999999998
11.680000174045563,0.8709999999999996
11.706666841109596,0.911999999999999
11.733333508173626,0.9260000000000002
11.760000175237655,0.9299999999999996
11.786666842301686,0.9580000000000002
11.813333509365718,0.9420000000000002
11.840000176429747,0.934000000000001
11.86666684349378,0.8769999999999989
11.893333510557811,0.8420000000000005
11.920000177621842,0.859
11.946666844685872,0.875
11.973333511749903,0.8930000000000007
12.000000178813934,0.8969999999999985
12.026666845877966,0.8560000000000016
12.053333512941997,0.8479999999999999
12.080000180006028,0.8229999999999995
12.10666684707006,0.8249999999999993
12.13333351413409,0.8460000000000001
12.16000018119812,0.8660000000000001
12.186666848262153,0.8739999999999997
12.213333515326182,0.8320000000000007
12.240000182390212,0.8050000000000002
12.266666849454245,0.7910000000000004
12.293333516518276,0.824
12.320000183582309,0.8229999999999997
12.346666850646336,0.8149999999999995
12.373333517710368,0.8089999999999993
12.4000001847744,0.7850000000000001
12.42666685183843,0.7709999999999999
12.45333351890246,0.7899999999999991
12.480000185966492,0.7959999999999994
12.506666853030524,0.8299999999999983
12.533333520094557,0.8520000000000003
12.560000187158584,0.8320000000000007
12.586666854222615,0.8470000000000004
12.613333521286648,0.831
12.640000188350678,0.8490000000000002
12.666666855414707,0.839
12.69333352247874,0.851
12.720000189542771,0.8600000000000001
12.746666856606804,0.8900000000000006
12.773333523670832,0.8700000000000001
12.800000190734863,0.8730000000000002
12.826666857798894,0.8450000000000006
12.853333524862926,0.875
12.880000191926957,0.8730000000000011
12.906666858990988,0.9299999999999996
12.93333352605502,0.9300000000000002
12.960000193119049,0.9140000000000006
12.98666686018308,0.8900000000000006
13.013333527247111,0.8919999999999995
13.040000194311142,0.871
13.066666861375174,0.8599999999999994
13.093333528439205,0.8329999999999997
13.120000195503236,0.8189999999999991
13.146666862567267,0.8450000000000006
13.173333529631297,0.8189999999999991
13.200000196695328,0.8389999999999986
13.22666686375936,0.7940000000000005
13.25333353082339,0.8279999999999994
13.28000019788742,0.8150000000000004
13.306666864951453,0.8170000000000002
13.333333532015484,0.7920000000000016
13.360000199079511,0.7640000000000002
13.386666866143544,0.7569999999999997
13.413333533207576,0.7469999999999999
13.440000200271609,0.7789999999999999
13.466666867335638,0.7889999999999997
13.49333353439967,0.8250000000000002
13.5200002014637,0.8089999999999993
13.546666868527732,0.8410000000000011
13.57333353559176,0.8339999999999996
13.600000202655792,0.8040000000000003
13.626666869719823,0.7719999999999985
13.653333536783856,0.7620000000000005
13.680000203847886,0.7850000000000001
13.706666870911915,0.8049999999999997
13.733333537975948,0.8650000000000002
13.760000205039978,0.8610000000000007
13.786666872104009,0.8580000000000005
13.81333353916804,0.817
13.840000206232071,0.8520000000000003
13.866666873296102,0.8719999999999999
13.893333540360134,0.8659999999999997
13.920000207424165,0.815999999999999
13.946666874488196,0.7890000000000001
13.973333541552226,0.768
14.000000208616257,0.7940000000000005
14.026666875680288,0.8060000000000009
14.05333354274432,0.7989999999999995
14.08000020980835,0.8149999999999995
14.106666876872382,0.8359999999999985
14.133333543936413,0.8829999999999991
14.160000211000442,0.8640000000000008
14.186666878064472,0.8450000000000006
14.213333545128505,0.8140000000000001
14.240000212192536,0.8120000000000012
14.266666879256569,0.8220000000000001
14.293333546320598,0.8399999999999999
14.32000021338463,0.8659999999999997
14.34666688044866,0.9350000000000004
14.37333354751269,0.9399999999999996
14.40000021457672,0.9280000000000008
14.426666881640752,0.8740000000000023
14.453333548704784,0.8550000000000004
14.480000215768817,0.8900000000000001
14.506666882832846,0.8849999999999998
14.533333549896875,0.8769999999999989
14.560000216960908,0.8700000000000001
14.586666884024938,0.8670000000000009
14.613333551088967,0.8940000000000001
14.640000218153,0.8929999999999998
14.666666885217031,0.904
14.693333552281064,0.925
14.720000219345094,0.9329999999999998
14.746666886409123,0.8930000000000007
14.773333553473154,0.8340000000000001
14.800000220537186,0.8119999999999994
14.826666887601217,0.8109999999999999
14.853333554665248,0.8260000000000005
14.88000022172928,0.8209999999999997
14.90666688879331,0.8410000000000002
14.933333555857342,0.8629999999999995
14.960000222921373,0.923
14.986666889985402,0.9290000000000004
15.013333557049434,0.925
15.040000224113465,0.879
15.066666891177496,0.8700000000000001
15.093333558241527,0.8559999999999999
15.120000225305558,0.8159999999999998
15.14666689236959,0.81
15.17333355943362,0.8309999999999995
15.20000022649765,0.8369999999999997
15.22666689356168,0.8369999999999997
15.253333560625713,0.8039999999999985
15.280000227689744,0.7610000000000028
15.306666894753777,0.713
15.333333561817806,0.7149999999999999
15.360000228881836,0.7360000000000007
15.386666895945869,0.7429999999999999
15.413333563009898,0.753
15.44000023007393,0.7409999999999997
15.46666689713796,0.7249999999999996
15.493333564201992,0.733
15.520000231266025,0.7510000000000012
15.546666898330054,0.7910000000000004
15.573333565394083,0.803
15.600000232458116,0.8070000000000004
15.626666899522146,0.7789999999999999
15.653333566586175,0.7359999999999971
15.680000233650208,0.7119999999999997
15.70666690071424,0.7289999999999992
15.73333356777827,0.752
15.7600002348423,0.7459999999999987
15.786666901906331,0.7010000000000005
15.813333568970362,0.665
15.840000236034394,0.6639999999999997
15.866666903098425,0.6820000000000004
15.893333570162456,0.7140000000000004
15.920000237226487,0.7399999999999984
15.946666904290518,0.7650000000000001
15.973333571354548,0.7519999999999989
16.00000023841858,0.766
16.02666690548261,0.7620000000000005
16.05333357254664,0.766
16.080000239610673,0.7840000000000007
16.106666906674704,0.786999999999999
16.133333573738735,0.8039999999999985
16.160000240802766,0.7909999999999968
16.186666907866798,0.7919999999999998
16.21333357493083,0.7860000000000014
16.24000024199486,0.7540000000000013
16.266666909058888,0.7560000000000002
16.29333357612292,0.7530000000000001
16.32000024318695,0.787
16.34666691025098,0.7859999999999996
16.373333577315012,0.772
16.400000244379044,0.7569999999999997
16.426666911443075,0.7639999999999993
16.453333578507106,0.7940000000000005
16.480000245571137,0.7609999999999992
16.50666691263517,0.7219999999999995
16.5333335796992,0.684
16.56000024676323,0.702
16.586666913827262,0.7409999999999997
16.613333580891293,0.7570000000000014
16.640000247955324,0.7609999999999992
16.666666915019352,0.7549999999999999
16.693333582083383,0.7699999999999996
16.720000249147414,0.7570000000000001
16.746666916211446,0.7449999999999992
16.773333583275477,0.7390000000000008
16.800000250339508,0.7080000000000002
16.82666691740354,0.6790000000000003
16.85333358446757,0.6779999999999999
16.8800002515316,0.6969999999999992
16.906666918595633,0.7129999999999992
16.933333585659664,0.7109999999999985
16.960000252723695,0.7059999999999995
16.986666919787726,0.7200000000000006
17.013333586851758,0.7480000000000002
17.04000025391579,0.7709999999999999
17.066666920979817,0.7699999999999996
17.093333588043848,0.7889999999999997
17.12000025510788,0.7919999999999998
17.14666692217191,0.7960000000000003
17.17333358923594,0.8200000000000003
17.200000256299973,0.8009999999999984
17.226666923364004,0.7959999999999994
17.253333590428035,0.7749999999999986
17.280000257492066,0.8300000000000001
17.306666924556097,0.8309999999999995
17.33333359162013,0.8170000000000002
17.36000025868416,0.8069999999999995
17.38666692574819,0.8200000000000003
17.413333592812222,0.8519999999999985
17.440000259876253,0.8200000000000003
17.46666692694028,0.7600000000000051
17.493333594004312,0.6950000000000003
17.520000261068343,0.7379999999999995
17.546666928132375,0.7899999999999991
17.573333595196406,0.8000000000000007
17.600000262260437,0.7710000000000008
17.626666929324468,0.7160000000000011
17.6533335963885,0.7120000000000033
17.68000026345253,0.7019999999999982
17.706666930516562,0.6890000000000001
17.733333597580593,0.7000000000000028
17.760000264644624,0.673
17.786666931708655,0.69
17.813333598772687,0.6829999999999998
17.840000265836718,0.6890000000000001
17.866666932900745,0.6790000000000003
17.893333599964777,0.6989999999999998
17.920000267028808,0.7280000000000015
17.94666693409284,0.7689999999999984
17.97333360115687,0.8030000000000008
18.0000002682209,0.8419999999999996
18.026666935284933,0.8140000000000001
18.053333602348964,0.7710000000000008
18.080000269412995,0.7370000000000001
18.106666936477023,0.7389999999999999
18.133333603541057,0.7520000000000007
18.16000027060509,0.7720000000000002
18.18666693766912,0.7830000000000013
18.21333360473315,0.81
18.240000271797182,0.8100000000000005
18.266666938861214,0.8019999999999996
18.29333360592524,0.7779999999999996
18.320000272989272,0.7560000000000002
18.346666940053304,0.7400000000000002
18.37333360711733,0.7149999999999999
18.40000027418137,0.7069999999999999
18.4266669412454,0.7119999999999997
18.45333360830943,0.7230000000000008
18.48000027537346,0.7079999999999984
18.50666694243749,0.727
18.53333360950152,0.7230000000000008
18.560000276565557,0.7419999999999973
18.586666943629584,0.7460000000000004
18.613333610693616,0.7429999999999986
18.640000277757647,0.759999999999998
18.66666694482168,0.7300000000000004
18.693333611885706,0.703000000000003
18.720000278949737,0.6969999999999992
18.746666946013768,0.7319999999999993
18.7733336130778,0.7620000000000005
18.80000028014183,0.7699999999999996
18.82666694720586,0.7629999999999981
18.853333614269893,0.7740000000000009
18.880000281333924,0.7679999999999998
18.906666948397955,0.798
18.933333615461983,0.7759999999999998
18.960000282526018,0.8069999999999986
18.98666694959005,0.7740000000000009
19.01333361665408,0.7679999999999998
19.04000028371811,0.762
19.066666950782142,0.7800000000000002
19.09333361784617,0.7890000000000001
19.1200002849102,0.7869999999999999
19.146666951974236,0.7860000000000014
19.173333619038264,0.7940000000000005
19.20000028610229,0.7800000000000011
19.22666695316633,0.7930000000000001
19.25333362023036,0.794
19.28000028729439,0.8170000000000002
19.30666695435842,0.8100000000000005
19.33333362142245,0.8230000000000004
19.36000028848648,0.8390000000000004
19.386666955550517,0.8399999999999999
19.413333622614545,0.8589999999999982
19.440000289678576,0.8319999999999999
19.466666956742607,0.867
19.493333623806635,0.8770000000000007
19.520000290870662,0.9250000000000008
19.546666957934697,0.9320000000000004
19.573333624998728,0.92
19.60000029206276,0.891
19.62666695912679,0.883
19.653333626190825,0.8759999999999977
19.680000293254853,0.8460000000000001
19.706666960318884,0.8439999999999994
19.733333627382915,0.837
19.760000294446947,0.8330000000000002
19.786666961510974,0.7980000000000018
19.81333362857501,0.7510000000000003
19.84000029563904,0.7620000000000005
19.86666696270307,0.8079999999999998
19.8933336297671,0.8529999999999998
19.92000029683113,0.8410000000000011
19.94666696389516,0.8120000000000012
19.973333630959196,0.8089999999999975
20.000000298023224,0.839
20.02666696508725,0.843
20.053333632151286,0.8320000000000007
20.08000029921532,0.7820000000000036
20.10666696627935,0.7709999999999999
20.13333363334338,0.7720000000000002
20.16000030040741,0.7710000000000008
20.18666696747144,0.7519999999999998
20.213333634535477,0.7569999999999997
20.240000301599505,0.7590000000000003
20.266666968663536,0.7400000000000002
20.293333635727564,0.6950000000000003
20.320000302791595,0.6419999999999995
20.346666969855622,0.6539999999999999
20.373333636919657,0.6510000000000002
20.40000030398369,0.6550000000000011
20.42666697104772,0.6520000000000001
20.45333363811175,0.6769999999999996
20.480000305175786,0.7300000000000004
20.506666972239813,0.7730000000000032
20.533333639303844,0.815999999999999
20.56000030636788,0.7889999999999997
20.586666973431907,0.7639999999999993
20.613333640495934,0.6990000000000016
20.64000030755997,0.661999999999999
20.666666974624,0.6290000000000013
20.693333641688028,0.6149999999999984
20.72000030875206,0.6020000000000003
20.74666697581609,0.6350000000000016
20.77333364288012,0.6630000000000003
20.800000309944156,0.6709999999999994
20.826666977008184,0.6609999999999996
20.85333364407221,0.6439999999999984
20.880000311136246,0.649
20.90666697820028,0.6530000000000005
20.93333364526431,0.6890000000000001
20.96000031232834,0.6969999999999992
20.98666697939237,0.6970000000000027
21.0133336464564,0.7199999999999998
21.040000313520437,0.7140000000000004
21.066666980584465,0.6890000000000001
21.093333647648493,0.661999999999999
21.120000314712524,0.6539999999999999
21.146666981776555,0.6950000000000003
21.173333648840583,0.668000000000001
21.200000315904617,0.6550000000000011
21.22666698296865,0.6789999999999985
21.25333365003268,0.7089999999999996
21.28000031709671,0.718
21.306666984160746,0.7159999999999993
21.333333651224773,0.6829999999999998
21.360000318288805,0.7159999999999993
21.38666698535284,0.6899999999999995
21.413333652416867,0.704
21.440000319480895,0.6719999999999997
21.46666698654493,0.6799999999999997
21.49333365360896,0.6980000000000004
21.520000320672988,0.7099999999999991
21.54666698773702,0.7300000000000004
21.57333365480105,0.7070000000000007
21.60000032186508,0.685
21.626666988929117,0.6879999999999997
21.653333655993144,0.6649999999999991
21.680000323057172,0.6769999999999996
21.706666990121207,0.6660000000000004
21.73333365718524,0.6589999999999998
21.76000032424927,0.6389999999999993
21.7866669913133,0.6550000000000011
21.81333365837733,0.6969999999999992
21.840000325441363,0.7310000000000016
21.866666992505397,0.7560000000000002
21.89333365956942,0.7609999999999992
21.920000326633453,0.8339999999999996
21.946666993697484,0.8299999999999983
21.973333660761515,0.8570000000000002
22.000000327825543,0.8220000000000027
22.026666994889577,0.8369999999999997
22.05333366195361,0.815999999999999
22.08000032901764,0.7880000000000003
22.10666699608167,0.7639999999999993
22.133333663145702,0.7439999999999998
22.160000330209733,0.7540000000000013
22.186666997273765,0.7429999999999999
22.2133336643378,0.734
22.240000331401827,0.7670000000000003
22.26666699846586,0.7800000000000011
22.29333366552989,0.8309999999999995
22.32000033259392,0.8550000000000004
22.34666699965795,0.847999999999999
22.37333366672198,0.8049999999999997
22.40000033378601,0.7809999999999988
22.42666700085004,0.79
22.453333667914077,0.782
22.480000334978104,0.7570000000000014
22.506667002042136,0.7389999999999999
22.533333669106167,0.7719999999999985
22.5600003361702,0.7880000000000003
22.58666700323423,0.838000000000001
22.61333367029826,0.8689999999999998
22.64000033736229,0.8609999999999971
22.666667004426323,0.8530000000000015
22.69333367149035,0.8100000000000005
22.72000033855438,0.838000000000001
22.746667005618413,0.8629999999999995
22.773333672682444,0.8449999999999989
22.800000339746475,0.8150000000000013
22.826667006810503,0.7969999999999997
22.853333673874538,0.8140000000000001
22.88000034093857,0.8449999999999989
22.9066670080026,0.8209999999999997
22.93333367506663,0.7910000000000004
22.960000342130662,0.7850000000000001
22.986667009194694,0.815999999999999
23.013333676258725,0.8609999999999971
23.04000034332276,0.8659999999999997
23.066667010386787,0.8389999999999986
23.09333367745081,0.7860000000000014
23.12000034451485,0.7689999999999984
23.14666701157888,0.7489999999999997
23.17333367864291,0.7610000000000001
23.20000034570694,0.7460000000000004
23.22666701277097,0.7550000000000008
23.253333679835,0.753
23.280000346899037,0.7620000000000005
23.306667013963065,0.7549999999999999
23.333333681027096,0.766
23.360000348091127,0.754999999999999
23.38666701515516,0.8069999999999986
23.41333368221919,0.8180000000000014
23.44000034928322,0.7990000000000066
23.46666701634725,0.7379999999999995
23.49333368341128,0.698
23.52000035047531,0.6950000000000003
23.54666701753934,0.6920000000000002
23.573333684603373,0.652
23.600000351667404,0.6580000000000013
23.626667018731435,0.6980000000000004
23.653333685795467,0.7469999999999999
23.680000352859494,0.738
23.70666701992353,0.7089999999999996
23.73333368698756,0.7049999999999983
23.76000035405159,0.6999999999999993
23.786667021115623,0.7190000000000012
23.81333368817965,0.7120000000000033
23.840000355243685,0.7650000000000006
23.86666702230772,0.7669999999999995
23.893333689371744,0.7610000000000028
23.92000035643577,0.7079999999999984
23.946667023499806,0.6899999999999995
23.97333369056384,0.6799999999999997
24.00000035762787,0.6809999999999974
24.0266670246919,0.6899999999999995
24.05333369175593,0.6930000000000014
24.08000035881996,0.718
24.106667025883997,0.7259999999999991
24.133333692948025,0.7509999999999977
24.160000360012056,0.7450000000000001
24.186667027076087,0.713000000000001
24.21333369414012,0.6679999999999993
24.24000036120415,0.6539999999999999
24.26666702826818,0.6419999999999999
24.29333369533221,0.6490000000000009
24.32000036239624,0.6890000000000001
24.34666702946027,0.6890000000000001
24.373333696524305,0.718
24.400000363588333,0.713000000000001
24.426667030652364,0.7310000000000003
24.4533336977164,0.7089999999999996
24.480000364780427,0.7059999999999995
24.506667031844454,0.679
24.53333369890849,0.6890000000000001
24.56000036597252,0.6779999999999973
24.58666703303655,0.6639999999999997
24.613333700100583,0.6610000000000014
24.64000036716461,0.6389999999999993
24.666667034228645,0.6539999999999999
24.693333701292676,0.6340000000000003
24.720000368356704,0.6400000000000006
24.74666703542073,0.615000000000002
24.773333702484766,0.5880000000000001
24.8000003695488,0.6040000000000001
24.82666703661283,0.6069999999999993
24.85333370367686,0.6389999999999993
24.88000037074089,0.6649999999999991
24.90666703780492,0.6920000000000002
24.933333704868957,0.7109999999999999
24.960000371932985,0.7040000000000006
24.986667038997016,0.6799999999999997
25.013333706061047,0.6879999999999988
25.04000037312508,0.6810000000000009
25.06666704018911,0.6709999999999998
25.093333707253137,0.6589999999999989
25.12000037431717,0.6950000000000003
25.1466670413812,0.7370000000000019
25.17333370844523,0.7800000000000011
25.200000375509266,0.745
25.226667042573293,0.7049999999999983
25.253333709637324,0.7000000000000002
25.28000037670136,0.6940000000000026
25.306667043765387,0.686
25.333333710829415,0.6789999999999985
25.36000037789345,0.6940000000000026
25.38666704495748,0.7239999999999998
25.41333371202151,0.7209999999999965
25.440000379085543,0.745000000000001
25.46666704614957,0.713000000000001
25.493333713213605,0.7529999999999983
25.520000380277637,0.7429999999999999
25.546667047341664,0.7720000000000056
25.573333714405692,0.7890000000000015
25.600000381469727,0.7710000000000008
25.62666704853376,0.7830000000000013
25.65333371559779,0.8039999999999985
25.68000038266182,0.8329999999999984
25.70666704972585,0.849
25.733333716789883,0.8219999999999992
25.760000383853917,0.7920000000000016
25.786667050917945,0.7360000000000007
25.813333717981976,0.734
25.840000385046007,0.7230000000000008
25.86666705211004,0.7569999999999979
25.89333371917407,0.7230000000000008
25.920000386238097,0.722999999999999
25.94666705330213,0.7289999999999992
25.97333372036616,0.7549999999999999
26.00000038743019,0.7570000000000014
26.026667054494222,0.7319999999999993
26.053333721558253,0.71
26.080000388622285,0.694
26.10666705568632,0.6929999999999996
26.133333722750347,0.6929999999999996
26.16000038981438,0.687
26.18666705687841,0.687
26.21333372394244,0.6849999999999996
26.240000391006472,0.6959999999999997
26.266667058070503,0.7029999999999994
26.29333372513453,0.7210000000000001
26.32000039219856,0.726
26.346667059262597,0.722999999999999
26.373333726326624,0.6920000000000002
26.400000393390656,0.6859999999999999
26.426667060454687,0.7310000000000016
26.45333372751872,0.7840000000000007
26.48000039458275,0.8019999999999996
26.50666706164678,0.7679999999999971
26.53333372871081,0.7269999999999968
26.560000395774843,0.6999999999999993
26.586667062838877,0.7390000000000008
26.613333729902905,0.7539999999999996
26.640000396966936,0.7680000000000007
26.666667064030968,0.7840000000000007
26.693333731095,0.8089999999999975
26.720000398159023,0.8249999999999993
26.746667065223058,0.7969999999999997
26.77333373228709,0.7729999999999997
26.80000039935112,0.7830000000000013
26.82666706641515,0.8049999999999997
26.853333733479182,0.8189999999999991
26.880000400543214,0.8100000000000023
26.906667067607245,0.7970000000000006
26.93333373467128,0.7809999999999988
26.960000401735307,0.7590000000000003
26.98666706879934,0.7519999999999989
27.01333373586337,0.7389999999999972
27.0400004029274,0.7620000000000005
27.066667069991432,0.756
27.093333737055463,0.7719999999999985
27.12000040411949,0.8170000000000002
27.14666707118352,0.8589999999999982
27.173333738247557,0.875
27.200000405311584,0.8490000000000002
27.226667072375616,0.8360000000000003
27.253333739439647,0.8230000000000004
27.28000040650368,0.7989999999999995
27.30666707356771,0.816
27.33333374063174,0.8130000000000024
27.36000040769577,0.84
27.386667074759803,0.84
27.413333741823838,0.8230000000000004
27.440000408887865,0.8010000000000002
27.466667075951896,0.7650000000000006
27.493333743015928,0.7360000000000007
27.520000410079955,0.7190000000000012
27.546667077143987,0.7379999999999995
27.573333744208018,0.75
27.60000041127205,0.767
27.62666707833608,0.7850000000000001
27.65333374540011,0.7759999999999998
27.680000412464143,0.7749999999999986
27.706667079528174,0.7340000000000018
27.733333746592205,0.7560000000000002
27.76000041365624,0.7870000000000008
27.786667080720267,0.8149999999999995
27.8133337477843,0.827
27.84000041484833,0.8299999999999983
27.86666708191236,0.8079999999999998
27.893333748976392,0.7950000000000017
27.92000041604042,0.8019999999999996
27.94666708310445,0.8160000000000025
27.97333375016848,0.8179999999999978
28.000000417232517,0.8079999999999998
28.026667084296545,0.8000000000000007
28.053333751360576,0.8140000000000001
28.080000418424607,0.8240000000000016
28.10666708548864,0.8290000000000006
28.13333375255267,0.8440000000000012
28.1600004196167,0.8070000000000022
28.18666708668073,0.8440000000000012
28.213333753744763,0.8260000000000005
28.240000420808794,0.8590000000000018
28.266667087872825,0.859
28.293333754936857,0.8950000000000031
28.320000422000884,0.8830000000000027
28.34666708906492,0.8500000000000014
28.373333756128947,0.8120000000000003
28.400000423192974,0.8060000000000009
28.42666709025701,0.834
28.45333375732104,0.8350000000000009
28.48000042438507,0.8290000000000006
28.506667091449103,0.8339999999999996
28.53333375851313,0.8469999999999995
28.560000425577165,0.8289999999999935
28.5866670926412,0.8000000000000007
28.613333759705228,0.7899999999999991
28.64000042676926,0.7899999999999991
28.66666709383329,0.8210000000000015
28.69333376089732,0.8379999999999939
28.72000042796135,0.8699999999999974
28.74666709502538,0.8309999999999995
28.77333376208941,0.7960000000000065
28.80000042915344,0.7590000000000003
28.826667096217477,0.7590000000000003
28.853333763281505,0.7609999999999992
28.880000430345536,0.767000000000003
28.906667097409567,0.758
28.9333337644736,0.7379999999999995
28.96000043153763,0.7399999999999984
28.98666709860166,0.7290000000000001
29.01333376566569,0.7510000000000003
29.040000432729723,0.7399999999999984
29.066667099793754,0.7569999999999997
29.093333766857786,0.732999999999997
29.120000433921813,0.6929999999999978
29.146667100985844,0.641
29.17333376804988,0.6499999999999986
29.200000435113907,0.6940000000000008
29.226667102177935,0.7159999999999993
29.25333376924197,0.7059999999999995
29.280000436306,0.6969999999999992
29.30666710337003,0.6670000000000016
29.333333770434063,0.7059999999999995
29.36000043749809,0.6679999999999993
29.386667104562125,0.661999999999999
29.41333377162616,0.6319999999999979
29.440000438690188,0.6350000000000051
29.46666710575422,0.6829999999999998
29.49333377281825,0.6999999999999993
29.52000043988228,0.6940000000000026
29.54666710694631,0.6579999999999995
29.57333377401034,0.6679999999999993
29.60000044107437,0.6850000000000023
29.626667108138403,0.7190000000000012
29.653333775202437,0.719
29.680000442266465,0.740000000000002
29.706667109330496,0.7359999999999971
29.733333776394527,0.6929999999999978
29.76000044345856,0.6540000000000035
29.78666711052259,0.6550000000000011
29.81333377758662,0.6410000000000018
29.84000044465065,0.6630000000000003
29.866667111714683,0.68
29.893333778778715,0.6869999999999994
29.920000445842746,0.6910000000000025
29.946667112906773,0.6550000000000011
29.973333779970805,0.6599999999999966
30.00000044703484,0.6980000000000004
30.026667114098867,0.7109999999999985
30.053333781162895,0.7080000000000002
30.08000044822693,0.6839999999999975
30.10666711529096,0.6499999999999986
30.133333782354992,0.6950000000000003
30.160000449419023,0.7109999999999985
30.18666711648305,0.7620000000000005
30.213333783547085,0.7419999999999973
30.24000045061112,0.7160000000000011
30.266667117675148,0.7040000000000006
30.29333378473918,0.7399999999999984
30.320000451803207,0.7360000000000007
30.34666711886724,0.7669999999999959
30.37333378593127,0.7270000000000003
30.4000004529953,0.7530000000000001
30.42666712005933,0.7669999999999995
30.453333787123363,0.7759999999999998
30.480000454187397,0.7389999999999972
30.506667121251425,0.7010000000000005
30.533333788315456,0.6869999999999976
30.560000455379488,0.7460000000000022
30.58666712244352,0.7310000000000016
30.61333378950755,0.7409999999999997
30.64000045657158,0.6850000000000023
30.66666712363561,0.6880000000000024
30.693333790699644,0.657
30.72000045776367,0.6580000000000013
30.746667124827702,0.6929999999999978
30.773333791891734,0.7210000000000001
30.800000458955765,0.7360000000000007
30.8266671260198,0.7109999999999985
30.853333793083827,0.6940000000000026
30.88000046014786,0.6989999999999998
30.90666712721189,0.7120000000000033
30.93333379427592,0.7339999999999982
30.960000461339952,0.732
30.986667128403983,0.732999999999997
31.01333379546801,0.7419999999999973
31.04000046253205,0.7750000000000004
31.06666712959608,0.7800000000000011
31.093333796660108,0.7420000000000009
31.120000463724136,0.7270000000000003
31.146667130788167,0.7199999999999989
31.1733337978522,0.7520000000000024
31.20000046491623,0.7870000000000008
31.22666713198026,0.8100000000000023
31.25333379904429,0.7940000000000005
31.280000466108323,0.7719999999999985
31.306667133172358,0.7710000000000008
31.333333800236385,0.782
31.360000467300416,0.7689999999999984
31.386667134364448,0.7680000000000007
31.41333380142848,0.7220000000000013
31.44000046849251,0.7199999999999989
31.46666713555654,0.6980000000000004
31.49333380262057,0.7100000000000009
31.5200004696846,0.716
31.54666713674863,0.7100000000000009
31.573333803812663,0.7330000000000041
31.600000470876694,0.7409999999999997
31.626667137940725,0.7379999999999995
31.65333380500476,0.7379999999999995
31.680000472068787,0.7190000000000012
31.70666713913282,0.733
31.73333380619685,0.7250000000000014
31.76000047326088,0.7629999999999981
31.786667140324912,0.7839999999999989
31.813333807388943,0.8009999999999984
31.84000047445297,0.8070000000000022
31.86666714151701,0.7879999999999967
31.89333380858104,0.7890000000000015
31.920000475645065,0.7480000000000011
31.946667142709096,0.7620000000000005
31.973333809773127,0.7129999999999992
32.00000047683716,0.7409999999999997
32.02666714390119,0.7239999999999966
32.05333381096522,0.7119999999999997
32.080000478029255,0.7049999999999983
32.10666714509328,0.7050000000000001
32.13333381215731,0.7180000000000035
32.160000479221345,0.7379999999999995
32.18666714628537,0.7209999999999965
32.21333381334941,0.7089999999999996
32.240000480413435,0.6989999999999998
32.26666714747747,0.690999999999999
32.2933338145415,0.6899999999999995
32.32000048160553,0.6700000000000017
32.34666714866956,0.6650000000000009
32.373333815733595,0.6750000000000007
32.40000048279762,0.6720000000000006
32.42666714986166,0.6490000000000009
32.453333816925685,0.6449999999999996
32.48000048398972,0.6519999999999992
32.50666715105375,0.6630000000000003
32.533333818117775,0.6450000000000031
32.56000048518181,0.658
32.58666715224584,0.6529999999999987
32.61333381930987,0.6989999999999998
32.6400004863739,0.671999999999997
32.666667153437935,0.703000000000003
32.69333382050196,0.6709999999999994
32.720000487566,0.6970000000000027
32.746667154630025,0.6970000000000027
32.77333382169406,0.7409999999999997
32.80000048875809,0.7389999999999972
32.82666715582212,0.7579999999999991
32.85333382288615,0.7359999999999971
32.880000489950184,0.7579999999999991
32.90666715701421,0.7509999999999977
32.93333382407824,0.7800000000000011
32.960000491142274,0.7910000000000004
32.9866671582063,0.7759999999999998
33.01333382527034,0.7729999999999997
33.040000492334364,0.7420000000000009
33.0666671593984,0.7539999999999996
33.09333382646243,0.7510000000000012
33.12000049352646,0.7849999999999966
33.14666716059049,0.8030000000000008
33.173333827654524,0.81
33.20000049471855,0.8019999999999996
33.226667161782586,0.7840000000000007
33.253333828846614,0.7850000000000001
33.28000049591065,0.7789999999999999
33.30666716297468,0.7719999999999985
33.333333830038704,0.7909999999999968
33.36000049710274,0.8399999999999999
33.38666716416677,0.8329999999999984
33.4133338312308,0.8589999999999982
33.44000049829483,0.8530000000000015
33.466667165358864,0.8760000000000012
33.49333383242289,0.8900000000000006
33.520000499486926,0.8629999999999995
33.546667166550954,0.823
33.57333383361499,0.8019999999999996
33.600000500679016,0.786999999999999
33.62666716774305,0.79
33.65333383480708,0.7839999999999989
33.68000050187111,0.7530000000000001
33.70666716893514,0.7409999999999997
33.73333383599917,0.7399999999999984
33.7600005030632,0.7839999999999989
33.78666717012723,0.820999999999998
33.813333837191266,0.8260000000000005
33.84000050425529,0.8060000000000009
33.86666717131933,0.7779999999999987
33.89333383838336,0.7850000000000001
33.92000050544739,0.7949999999999999
33.94666717251142,0.804
33.97333383957545,0.8010000000000002
34.00000050663948,0.7929999999999993
34.026667173703515,0.7889999999999997
34.05333384076754,0.7929999999999993
34.08000050783158,0.8049999999999997
34.106667174895605,0.8069999999999986
34.13333384195963,0.7940000000000005
34.16000050902367,0.7880000000000003
34.186667176087695,0.8070000000000004
34.21333384315173,0.81
34.24000051021576,0.8320000000000007
34.26666717727979,0.8369999999999997
34.29333384434382,0.8460000000000001
34.320000511407855,0.8449999999999989
34.34666717847188,0.8310000000000031
34.37333384553592,0.865000000000002
34.400000512599945,0.909
34.42666717966398,0.9380000000000024
34.45333384672801,0.965
34.48000051379204,0.9530000000000004
34.50666718085607,0.9420000000000002
34.5333338479201,0.9170000000000016
34.56000051498413,0.907
34.58666718204816,0.9140000000000016
34.613333849112195,0.93
34.64000051617622,0.9470000000000028
34.66666718324026,0.9429999999999978
34.693333850304285,0.891
34.72000051736832,0.8810000000000002
34.74666718443235,0.892000000000003
34.77333385149638,0.8879999999999999
34.80000051856041,0.8780000000000001
34.826667185624444,0.8689999999999998
34.85333385268847,0.8760000000000012
34.88000051975251,0.8610000000000007
34.906667186816534,0.8449999999999989
34.93333385388056,0.8209999999999997
34.9600005209446,0.8419999999999987
34.986667188008624,0.8359999999999985
35.01333385507266,0.8509999999999991
35.04000052213669,0.815
35.06666718920072,0.8019999999999996
35.09333385626475,0.7700000000000005
35.120000523328784,0.7890000000000015
35.14666719039281,0.8069999999999986
35.173333857456846,0.8309999999999995
35.200000524520874,0.8470000000000004
35.22666719158491,0.847999999999999
35.253333858648936,0.8359999999999985
35.28000052571297,0.8560000000000016
35.306667192777,0.8829999999999991
35.33333385984103,0.9200000000000016
35.36000052690506,0.9269999999999996
35.38666719396909,0.8890000000000029
35.413333861033124,0.8859999999999992
35.44000052809715,0.8699999999999974
35.466667195161186,0.8810000000000002
35.493333862225214,0.8780000000000001
35.52000052928925,0.8449999999999998
35.54666719635328,0.8169999999999931
35.57333386341731,0.7740000000000009
35.60000053048134,0.8079999999999998
35.62666719754537,0.8420000000000005
35.6533338646094,0.8659999999999997
35.68000053167344,0.847999999999999
35.70666719873746,0.8410000000000011
35.73333386580149,0.857
35.760000532865526,0.8569999999999993
35.78666719992955,0.8810000000000002
35.81333386699359,0.8640000000000008
35.840000534057616,0.882000000000005
35.86666720112165,0.9220000000000006
35.89333386818568,0.8949999999999996
35.92000053524971,0.8719999999999999
35.94666720231374,0.8170000000000002
35.973333869377775,0.8250000000000028
36.0000005364418,0.8309999999999995
36.02666720350584,0.8680000000000021
36.053333870569865,0.8770000000000024
36.0800005376339,0.8719999999999999
36.10666720469793,0.8359999999999985
36.13333387176196,0.7960000000000003
36.16000053882599,0.7899999999999991
36.18666720589002,0.7890000000000015
36.21333387295405,0.7709999999999999
36.24000054001808,0.7600000000000016
36.26666720708212,0.7719999999999985
36.29333387414614,0.7679999999999998
36.32000054121018,0.7650000000000006
36.346667208274205,0.7690000000000001
36.37333387533824,0.7930000000000001
36.40000054240227,0.8099999999999987
36.4266672094663,0.8229999999999995
36.45333387653033,0.7949999999999999
36.480000543594365,0.7850000000000001
36.50666721065839,0.7780000000000005
36.53333387772243,0.7729999999999997
36.560000544786455,0.7800000000000011
36.58666721185048,0.8079999999999998
36.61333387891452,0.8119999999999976
36.64000054597855,0.8200000000000003
36.66666721304258,0.7760000000000034
36.69333388010661,0.7660000000000053
36.72000054717064,0.7139999999999995
36.74666721423467,0.7220000000000013
36.773333881298704,0.6859999999999999
36.80000054836273,0.703000000000003
36.82666721542677,0.7469999999999999
36.8533338824908,0.7910000000000004
36.88000054955483,0.796999999999997
36.90666721661886,0.7920000000000016
36.93333388368289,0.7389999999999999
36.96000055074692,0.7720000000000002
36.98666721781095,0.7810000000000006
37.01333388487498,0.8049999999999997
37.04000055193901,0.79
37.06666721900304,0.796
37.09333388606707,0.8090000000000002
37.12000055313111,0.8070000000000004
37.146667220195134,0.7799999999999994
37.17333388725917,0.754999999999999
37.2000005543232,0.7419999999999973
37.22666722138723,0.7249999999999943
37.25333388845126,0.6829999999999998
37.280000555515294,0.6610000000000014
37.30666722257932,0.6550000000000002
37.33333388964336,0.6890000000000001
37.36000055670738,0.6769999999999996
37.38666722377141,0.6769999999999996
37.413333890835446,0.6850000000000023
37.440000557899474,0.6919999999999931
37.46666722496351,0.7119999999999997
37.493333892027536,0.719
37.52000055909157,0.7079999999999984
37.5466672261556,0.7210000000000036
37.57333389321963,0.6890000000000001
37.60000056028366,0.7020000000000017
37.626667227347696,0.712
37.65333389441172,0.722
37.68000056147576,0.6939999999999991
37.706667228539786,0.683
37.73333389560382,0.6709999999999994
37.76000056266785,0.6919999999999931
37.78666722973188,0.7310000000000016
37.81333389679591,0.754999999999999
37.84000056385994,0.7609999999999957
37.86666723092397,0.7399999999999984
37.893333897988,0.7220000000000013
37.92000056505204,0.7270000000000003
37.94666723211606,0.7490000000000023
37.9733338991801,0.7690000000000055
38.000000566244125,0.7909999999999968
38.02666723330816,0.8290000000000006
38.05333390037219,0.8509999999999991
38.08000056743622,0.8389999999999986
38.10666723450025,0.8329999999999984
38.133333901564285,0.847
38.16000056862831,0.847999999999999
38.18666723569234,0.8639999999999972
38.213333902756375,0.8369999999999997
38.2400005698204,0.8089999999999975
38.26666723688444,0.8229999999999995
38.29333390394847,0.8310000000000031
38.3200005710125,0.8630000000000004
38.34666723807653,0.840999999999994
38.37333390514056,0.804000000000002
