time_min,absorb_mau
0.0,-0.036
0.0333333338300387,-0.057
0.0666666676600774,-0.079
0.1000000014901161,-0.09
0.1333333353201548,-0.092
0.1666666691501935,-0.09
0.2000000029802322,-0.0539999999999999
0.2333333368102709,-0.0889999999999999
0.2666666706403096,-0.121
0.3000000044703483,-0.1349999999999999
0.3333333383003871,-0.164
0.3666666721304257,-0.1679999999999999
0.4000000059604645,-0.1839999999999999
0.4333333397905032,-0.1569999999999999
0.4666666736205418,-0.108
0.5000000074505806,-0.075
0.5333333412806193,-0.078
0.566666675110658,-0.078
0.6000000089406967,-0.087
0.6333333427707354,-0.0789999999999999
0.6666666766007742,-0.089
0.7000000104308128,-0.1049999999999999
0.7333333442608515,-0.0860000000000003
0.7666666780908903,-0.082
0.800000011920929,-0.0889999999999999
0.8333333457509676,-0.1390000000000001
0.8666666795810064,-0.156
0.9000000134110451,-0.1599999999999999
0.9333333472410836,-0.191
0.9666666810711224,-0.1499999999999999
1.0000000149011612,-0.119
1.0333333487312,-0.1029999999999999
1.0666666825612383,-0.096
1.100000016391277,-0.064
1.133333350221316,-0.0569999999999999
1.1666666840513549,-0.0979999999999998
1.2000000178813934,-0.1169999999999999
1.2333333517114322,-0.143
1.2666666855414708,-0.1979999999999995
1.3000000193715096,-0.175
1.3333333532015483,-0.171
1.366666687031587,-0.1619999999999998
1.4000000208616257,-0.177
1.4333333546916645,-0.157
1.466666688521703,-0.1579999999999999
1.5000000223517418,-0.15
1.5333333561817806,-0.156
1.5666666900118191,-0.1180000000000007
1.600000023841858,-0.0689999999999999
1.6333333576718967,0.0109999999999998
1.6666666915019352,-0.0159999999999999
1.700000025331974,-0.004
1.7333333591620128,0.0449999999999999
1.7666666929920514,0.1189999999999997
1.80000002682209,0.2339999999999999
1.833333360652129,0.3419999999999996
1.8666666944821677,0.4489999999999989
1.9000000283122065,0.6050000000000004
1.933333362142245,0.8149999999999995
1.966666695972284,1.0139999999999976
2.0000000298023224,1.2780000000000005
2.033333363632361,1.6159999999999997
2.0666666974624,1.968
2.1000000312924385,2.381
2.133333365122477,2.7429999999999986
2.166666698952516,3.1990000000000016
2.200000032782554,3.719000000000001
2.233333366612593,4.283000000000001
2.266666700442632,4.866
2.3000000342726707,5.5
2.3333333681027093,6.191999999999993
2.3666667019327483,7.028999999999996
2.400000035762787,8.003
2.433333369592825,9.076999999999998
2.4666667034228644,10.239000000000004
2.500000037252903,11.510000000000003
2.533333371082941,12.84699999999998
2.5666667049129805,14.343999999999994
2.600000038743019,15.953000000000005
2.6333333725730577,17.767999999999972
2.6666667064030967,19.757000000000005
2.7000000402331352,21.964
2.733333374063174,24.24699999999996
2.766666707893213,26.678
2.800000041723252,29.210000000000008
2.83333337555329,31.944999999999997
2.866666709383329,34.81999999999999
2.9000000432133675,37.747000000000014
2.933333377043406,40.93799999999993
2.966666710873445,44.26800000000003
3.000000044703484,47.76800000000003
3.033333378533522,51.30899999999997
3.066666712363561,55.02199999999999
3.1000000461936,58.76600000000002
3.1333333800236383,62.66699999999992
3.1666667138536773,66.64499999999998
3.200000047683716,70.76799999999997
3.2333333815137544,75.15399999999988
3.2666667153437934,79.714
3.300000049173832,84.31299999999999
3.3333333830038705,88.89999999999992
3.366666716833909,93.52300000000002
3.400000050663948,97.988
3.4333333844939866,102.45
3.4666667183240256,106.872
3.500000052154064,111.36
3.5333333859841027,115.89299999999996
3.5666667198141417,120.46800000000002
3.6000000536441803,124.89499999999998
3.633333387474219,129.28299999999996
3.666666721304258,133.40299999999996
3.700000055134296,137.44300000000004
3.733333388964335,141.46299999999997
3.766666722794374,145.41200000000003
3.800000056624413,149.452
3.833333390454451,153.49299999999994
3.86666672428449,157.39999999999998
3.9000000581145287,160.999
3.933333391944567,164.38099999999994
3.966666725774606,167.501
4.000000059604645,170.41
4.033333393434684,173.196
4.066666727264722,175.829
4.100000061094761,178.365
4.1333333949248,180.758
4.166666728754838,182.988
4.200000062584877,184.99
4.233333396414916,186.647
4.266666730244954,188.024
4.300000064074993,189.235
4.333333397905032,190.318
4.36666673173507,191.286
4.400000065565109,192.1
4.433333399395148,192.634
4.466666733225186,192.943
4.500000067055225,193.078
4.533333400885264,193.083
4.566666734715303,192.813
4.6000000685453415,192.341
4.6333334023753805,191.713
4.666666736205419,190.92500000000004
4.700000070035458,189.951
4.733333403865497,188.776
4.766666737695535,187.43400000000003
4.800000071525574,186.043
4.833333405355613,184.562
4.866666739185651,182.95500000000004
4.90000007301569,181.17200000000005
4.933333406845729,179.25
4.966666740675767,177.06300000000005
5.000000074505806,174.673
5.033333408335845,172.24
5.066666742165883,169.79900000000004
5.100000075995922,167.28700000000003
5.133333409825961,164.75300000000004
5.166666743655999,162.20900000000006
5.200000077486038,159.59299999999996
5.233333411316077,156.88399999999996
5.266666745146115,154.175
5.300000078976154,151.27399999999994
5.333333412806193,148.32300000000004
5.366666746636232,145.42200000000008
5.4000000804662704,142.66200000000003
5.433333414296309,139.84399999999994
5.466666748126348,136.94200000000006
5.500000081956387,134.01300000000003
5.533333415786426,130.91099999999994
5.566666749616464,127.76300000000016
5.600000083446503,124.57100000000004
5.633333417276542,121.58199999999994
5.66666675110658,118.68000000000012
5.700000084936619,115.848
5.733333418766658,113.02999999999996
5.766666752596696,110.341
5.800000086426735,107.59999999999997
5.833333420256774,104.82500000000005
5.866666754086812,101.96600000000008
5.900000087916851,99.15099999999995
5.93333342174689,96.44500000000004
5.966666755576928,93.93500000000006
6.000000089406967,91.50400000000002
6.033333423237006,89.05800000000005
6.066666757067044,86.68799999999999
6.100000090897083,84.16300000000001
6.133333424727122,81.61499999999995
6.16666675855716,79.08100000000007
6.200000092387199,76.726
6.233333426217238,74.47199999999998
6.2666667600472765,72.39900000000006
6.300000093877316,70.37900000000002
6.3333334277073545,68.39499999999998
6.366666761537393,66.44
6.400000095367432,64.41000000000003
6.433333429197471,62.36500000000001
6.466666763027509,60.42800000000005
6.500000096857548,58.61599999999999
6.533333430687587,56.93599999999998
6.566666764517625,55.39900000000006
6.600000098347664,53.83299999999997
6.633333432177703,52.31600000000003
6.666666766007741,50.76400000000007
6.70000009983778,49.19499999999999
6.733333433667819,47.648000000000025
6.766666767497857,46.20500000000004
6.800000101327896,44.80599999999998
6.833333435157935,43.44200000000001
6.866666768987973,42.20700000000002
6.900000102818012,40.98499999999999
6.933333436648051,39.85100000000003
6.966666770478089,38.66800000000004
7.000000104308128,37.53299999999999
7.033333438138167,36.429
7.0666667719682055,35.40400000000005
7.1000001057982445,34.367999999999995
7.133333439628284,33.40700000000001
7.166666773458322,32.44200000000001
7.200000107288361,31.533999999999992
7.2333334411184,30.629999999999995
7.266666774948438,29.725000000000023
7.300000108778477,28.907999999999987
7.333333442608516,28.117999999999995
7.366666776438554,27.29200000000003
7.400000110268593,26.545000000000016
7.433333444098632,25.853999999999985
7.46666677792867,25.16900000000001
7.500000111758709,24.49100000000001
7.533333445588748,23.85300000000001
7.566666779418786,23.245000000000005
7.600000113248825,22.636
7.633333447078864,22.04400000000001
7.666666780908902,21.477000000000015
7.700000114738941,20.94999999999999
7.73333344856898,20.462000000000003
7.766666782399018,19.950000000000017
7.800000116229057,19.467000000000013
7.833333450059096,18.996999999999986
7.866666783889134,18.51800000000001
7.900000117719173,18.033
7.933333451549212,17.56899999999999
7.96666678537925,17.161000000000016
8.00000011920929,16.795999999999992
8.033333453039328,16.423999999999992
8.066666786869368,16.063000000000002
8.100000120699406,15.694000000000004
8.133333454529444,15.339
8.166666788359484,14.973
8.200000122189522,14.685999999999993
8.23333345601956,14.348000000000006
8.2666667898496,14.086
8.300000123679638,13.800000000000004
8.333333457509676,13.522000000000006
8.366666791339716,13.264000000000005
8.400000125169754,13.026999999999994
8.433333458999792,12.778999999999996
8.466666792829832,12.510000000000003
8.50000012665987,12.232999999999995
8.533333460489908,11.971999999999994
8.566666794319948,11.72
8.600000128149986,11.502000000000002
8.633333461980024,11.323
8.666666795810064,11.146999999999998
8.700000129640102,10.927
8.73333346347014,10.762
8.76666679730018,10.572000000000005
8.800000131130219,10.393
8.833333464960257,10.235999999999995
8.866666798790297,10.034999999999997
8.900000132620335,9.854
8.933333466450373,9.711
8.966666800280413,9.585
9.00000013411045,9.401999999999994
9.033333467940489,9.211999999999996
9.066666801770529,9.037
9.100000135600569,8.921999999999997
9.133333469430603,8.812000000000001
9.166666803260645,8.700000000000003
9.200000137090685,8.609000000000002
9.23333347092072,8.510000000000005
9.26666680475076,8.393
9.3000001385808,8.237000000000002
9.333333472410835,8.06000000000001
9.366666806240875,7.942
9.400000140070915,7.834999999999997
9.433333473900952,7.738000000000007
9.466666807730991,7.635000000000002
9.500000141561031,7.518000000000001
9.53333347539107,7.407000000000007
9.56666680922111,7.310000000000002
9.600000143051147,7.254000000000001
9.633333476881186,7.146000000000008
9.666666810711224,7.057000000000002
9.700000144541264,6.98
9.733333478371302,6.942000000000002
9.766666812201342,6.852
9.80000014603138,6.734000000000002
9.833333479861418,6.623000000000001
9.866666813691458,6.562000000000001
9.900000147521496,6.521000000000001
9.933333481351534,6.466
9.966666815181574,6.454000000000001
10.000000149011612,6.390000000000001
10.03333348284165,6.3330000000000055
10.06666681667169,6.235000000000001
10.100000150501728,6.183
10.133333484331766,6.074000000000005
10.166666818161806,5.978999999999999
10.200000151991844,5.867999999999999
10.233333485821882,5.813000000000006
10.266666819651922,5.786
10.30000015348196,5.7620000000000005
10.333333487311998,5.718000000000004
10.366666821142038,5.620000000000001
10.400000154972076,5.561
10.433333488802116,5.505000000000001
10.466666822632154,5.449999999999999
10.500000156462193,5.426999999999998
10.53333349029223,5.399000000000001
10.56666682412227,5.373000000000001
10.600000157952309,5.302
10.633333491782349,5.27
10.666666825612388,5.2330000000000005
10.700000159442425,5.195
10.733333493272465,5.131000000000004
10.766666827102505,5.056000000000001
10.80000016093254,5.022
10.83333349476258,5.014000000000003
10.86666682859262,4.969000000000001
10.900000162422655,4.924
10.933333496252695,4.844000000000001
10.966666830082737,4.795999999999999
11.000000163912771,4.72
11.033333497742811,4.639000000000003
11.066666831572851,4.5760000000000005
11.10000016540289,4.539
11.133333499232927,4.491000000000003
11.166666833062967,4.4410000000000025
11.200000166893004,4.349
11.233333500723043,4.320000000000002
11.266666834553083,4.327
11.30000016838312,4.332
11.33333350221316,4.342
11.3666668360432,4.346
11.400000169873238,4.32
11.433333503703276,4.289000000000001
11.466666837533316,4.251
11.500000171363354,4.214
11.533333505193392,4.221999999999999
11.566666839023432,4.194
11.60000017285347,4.150000000000002
11.633333506683508,4.116999999999999
11.666666840513548,4.12
11.700000174343586,4.086000000000002
11.733333508173624,4.020999999999999
11.766666842003664,3.9419999999999984
11.800000175833702,3.931
11.83333350966374,3.9220000000000006
11.86666684349378,3.919000000000001
11.900000177323818,3.869
11.933333511153856,3.7810000000000015
11.966666844983896,3.7570000000000014
12.000000178813934,3.7639999999999993
12.033333512643972,3.7760000000000016
12.066666846474012,3.771000000000001
12.10000018030405,3.76
12.133333514134089,3.698000000000008
12.166666847964128,3.648
12.200000181794168,3.675
12.233333515624205,3.657000000000002
12.266666849454245,3.6430000000000007
12.300000183284284,3.597999999999999
12.33333351711432,3.567000000000002
12.36666685094436,3.4929999999999986
12.4000001847744,3.4800000000000004
12.433333518604435,3.5299999999999976
12.466666852434477,3.55
12.500000186264517,3.5249999999999986
12.533333520094551,3.5000000000000018
12.566666853924591,3.475
12.600000187754633,3.453
12.63333352158467,3.454999999999999
12.666666855414707,3.460000000000001
12.700000189244747,3.473
12.733333523074783,3.4689999999999994
12.766666856904823,3.405000000000001
12.800000190734863,3.3629999999999995
12.8333335245649,3.343
12.86666685839494,3.321
12.90000019222498,3.289999999999999
12.933333526055018,3.277000000000005
12.966666859885056,3.2609999999999992
13.000000193715096,3.244999999999999
13.033333527545134,3.2050000000000054
13.066666861375174,3.155
13.100000195205212,3.137999999999998
13.13333352903525,3.1880000000000006
13.16666686286529,3.219
13.200000196695328,3.1350000000000016
13.233333530525366,3.0720000000000027
13.266666864355406,3.047
13.300000198185444,3.0680000000000014
13.333333532015482,3.136999999999997
13.366666865845522,3.181
13.40000019967556,3.184000000000001
13.433333533505598,3.1080000000000005
13.466666867335638,3.0660000000000025
13.500000201165676,3.005
13.533333534995714,2.994000000000001
13.566666868825754,2.9750000000000014
13.600000202655792,2.959
13.63333353648583,2.9849999999999977
13.66666687031587,3.022
13.700000204145908,3.019
13.733333537975946,2.995000000000001
13.766666871805986,2.974
13.800000205636024,2.917
13.833333539466064,2.9140000000000006
13.866666873296102,2.898
13.90000020712614,2.893
13.93333354095618,2.851000000000002
13.96666687478622,2.837
14.000000208616257,2.8279999999999994
14.033333542446297,2.839000000000002
14.066666876276336,2.818999999999999
14.100000210106373,2.831
14.133333543936413,2.827000000000001
14.16666687776645,2.7929999999999997
14.200000211596487,2.7550000000000026
14.233333545426529,2.6680000000000064
14.266666879256569,2.683
14.300000213086603,2.641
14.333333546916643,2.664000000000001
14.366666880746685,2.653
14.40000021457672,2.668
14.43333354840676,2.657000000000001
14.4666668822368,2.659
14.500000216066836,2.6529999999999987
14.533333549896875,2.641
14.566666883726915,2.5829999999999984
14.600000217556952,2.5569999999999986
14.633333551386992,2.5589999999999997
14.666666885217031,2.5539999999999985
14.70000021904707,2.551000000000002
14.733333552877108,2.5380000000000003
14.766666886707148,2.544
14.800000220537186,2.539
14.833333554367224,2.527000000000001
14.866666888197264,2.523
14.900000222027302,2.508
14.93333355585734,2.4960000000000013
14.96666688968738,2.494
15.000000223517418,2.463999999999998
15.033333557347456,2.4370000000000047
15.066666891177496,2.4239999999999995
15.100000225007534,2.442
15.133333558837572,2.4280000000000044
15.166666892667612,2.385
15.20000022649765,2.376999999999999
15.233333560327688,2.4309999999999974
15.266666894157728,2.4350000000000005
15.300000227987766,2.451999999999998
15.333333561817804,2.4120000000000026
15.366666895647844,2.369999999999997
15.400000229477882,2.3150000000000004
15.43333356330792,2.331999999999997
15.46666689713796,2.316
15.500000230968,2.3039999999999985
15.533333564798037,2.266
15.566666898628077,2.2580000000000027
15.600000232458116,2.2319999999999998
15.633333566288153,2.2509999999999994
15.666666900118193,2.289
15.70000023394823,2.261
15.733333567778269,2.2590000000000003
15.766666901608309,2.2390000000000008
15.800000235438349,2.298
15.833333569268383,2.3299999999999947
15.866666903098425,2.374
15.900000236928465,2.3759999999999994
15.9333335707585,2.344000000000003
15.96666690458854,2.333
16.00000023841858,2.376999999999999
16.03333357224862,2.4220000000000006
16.066666906078655,2.446
16.100000239908695,2.449
16.133333573738735,2.419
16.16666690756877,2.394
16.20000024139881,2.3580000000000005
16.23333357522885,2.374
16.266666909058888,2.382
16.300000242888927,2.382
16.333333576718967,2.3680000000000003
16.366666910549004,2.3759999999999977
16.400000244379044,2.3550000000000004
16.433333578209083,2.337
16.46666691203912,2.306
16.50000024586916,2.298
16.5333335796992,2.319
16.566666913529236,2.335
16.600000247359276,2.3419999999999987
16.633333581189316,2.314
16.666666915019352,2.323999999999998
16.700000248849392,2.303
16.733333582679432,2.277000000000001
16.766666916509468,2.276
16.800000250339508,2.271
16.833333584169548,2.261
16.866666917999584,2.261
16.900000251829624,2.265
16.933333585659664,2.2429999999999994
16.9666669194897,2.251000000000001
17.00000025331974,2.2379999999999995
17.03333358714978,2.192
17.066666920979817,2.191
17.100000254809856,2.2220000000000013
17.133333588639896,2.249000000000001
17.166666922469933,2.283999999999999
17.200000256299973,2.2910000000000004
17.233333590130012,2.2659999999999982
17.26666692396005,2.2049999999999983
17.30000025779009,2.215
17.33333359162013,2.2429999999999986
17.366666925450165,2.18
17.400000259280205,2.179000000000002
17.433333593110245,2.155
17.46666692694028,2.135
17.50000026077032,2.148
17.53333359460036,2.123
17.566666928430397,2.141
17.600000262260437,2.137
17.633333596090477,2.0919999999999987
17.666666929920513,2.056000000000001
17.700000263750553,2.004
17.733333597580593,1.994
17.76666693141063,1.9879999999999995
17.80000026524067,1.956
17.83333359907071,1.9450000000000005
17.866666932900745,1.959
17.900000266730785,1.9719999999999995
17.933333600560825,1.9990000000000008
17.96666693439086,2.051
18.0000002682209,2.069000000000001
18.03333360205094,2.0450000000000017
18.066666935880978,2.0219999999999985
18.100000269711018,2.004999999999999
18.133333603541057,2.0429999999999997
18.16666693737109,2.089
18.200000271201134,2.088000000000001
18.233333605031174,2.0570000000000004
18.26666693886121,2.035000000000011
18.30000027269125,2.021000000000001
18.33333360652129,1.9979999999999996
18.36666694035133,2.013000000000005
18.40000027418137,2.01
18.43333360801141,2.024
18.46666694184144,2.040999999999997
18.50000027567148,2.033999999999999
18.53333360950152,2.0420000000000016
18.56666694333156,2.0419999999999963
18.6000002771616,2.059000000000001
18.63333361099164,2.076999999999998
18.666666944821674,2.078000000000001
18.700000278651714,2.061
18.733333612481758,2.043
18.76666694631179,2.0260000000000016
18.80000028014183,2.0279999999999987
18.83333361397187,2.021000000000001
18.866666947801907,2.018000000000004
18.900000281631947,1.9920000000000009
18.933333615461983,1.951
18.966666949292023,1.98899999999999
19.000000283122063,1.9739999999999969
19.033333616952103,2.022
19.06666695078214,2.018999999999997
19.10000028461218,1.9690000000000007
19.13333361844222,1.91
19.16666695227225,1.885000000000005
19.20000028610229,1.879999999999999
19.23333361993233,1.8440000000000003
19.26666695376237,1.8580000000000023
19.30000028759241,1.866
19.33333362142245,1.8350000000000009
19.366666955252487,1.809000000000001
19.400000289082527,1.8119999999999996
19.433333622912567,1.824
19.466666956742603,1.797000000000004
19.500000290572643,1.825000000000001
19.533333624402683,1.793
19.56666695823272,1.792
19.60000029206276,1.8290000000000008
19.6333336258928,1.8439999999999996
19.66666695972284,1.828000000000003
19.70000029355288,1.8249999999999995
19.733333627382915,1.8200000000000005
19.76666696121295,1.8180000000000032
19.80000029504299,1.811
19.83333362887303,1.8389999999999984
19.866666962703068,1.8420000000000023
19.900000296533108,1.8120000000000007
19.933333630363148,1.8240000000000016
19.966666964193184,1.8249999999999995
20.000000298023224,1.8160000000000025
20.033333631853264,1.7630000000000003
20.0666669656833,1.7330000000000023
20.10000029951334,1.7699999999999996
20.13333363334338,1.768000000000001
20.166666967173416,1.8269999999999944
20.200000301003456,1.8610000000000009
20.233333634833496,1.849
20.26666696866353,1.7890000000000086
20.30000030249357,1.8009999999999984
20.33333363632361,1.805
20.36666697015365,1.8419999999999987
20.40000030398369,1.8350000000000009
20.43333363781373,1.8649999999999984
20.466666971643765,1.8899999999999988
20.500000305473804,1.873
20.533333639303844,1.817
20.56666697313388,1.8179999999999987
20.60000030696392,1.8449999999999989
20.63333364079396,1.872
20.666666974624,1.8750000000000016
20.70000030845404,1.8739999999999988
20.73333364228408,1.8329999999999984
20.766666976114116,1.817000000000002
20.800000309944156,1.8360000000000003
20.833333643774196,1.8000000000000007
20.86666697760423,1.7879999999999985
20.90000031143427,1.739
20.93333364526431,1.7579999999999991
20.966666979094345,1.741999999999997
21.000000312924385,1.760000000000001
21.033333646754425,1.721
21.06666698058446,1.7349999999999994
21.1000003144145,1.7250000000000014
21.13333364824454,1.745000000000001
21.166666982074577,1.7360000000000024
21.200000315904617,1.722999999999999
21.233333649734657,1.7249999999999996
21.266666983564694,1.746999999999998
21.300000317394733,1.763
21.333333651224773,1.7699999999999996
21.36666698505481,1.7680000000000025
21.40000031888485,1.7529999999999992
21.43333365271489,1.756
21.46666698654493,1.7589999999999968
21.50000032037497,1.7719999999999985
21.53333365420501,1.7509999999999994
21.56666698803504,1.7420000000000044
21.60000032186508,1.7379999999999995
21.63333365569512,1.7349999999999994
21.66666698952516,1.7489999999999988
21.7000003233552,1.7360000000000009
21.73333365718524,1.753
21.766666991015278,1.7629999999999997
21.800000324845318,1.7490000000000023
21.833333658675357,1.7010000000000003
21.86666699250539,1.6860000000000008
21.90000032633543,1.6760000000000002
21.93333366016547,1.6669999999999998
21.966666993995503,1.6679999999999993
22.000000327825543,1.6949999999999998
22.033333661655583,1.7049999999999983
22.066666995485622,1.6639999999999997
22.100000329315662,1.6609999999999996
22.133333663145702,1.6690000000000005
22.16666699697574,1.6410000000000051
22.20000033080578,1.637
22.23333366463582,1.6499999999999986
22.26666699846585,1.7119999999999962
22.30000033229589,1.7520000000000002
22.33333366612593,1.753
22.36666699995597,1.7609999999999977
22.40000033378601,1.741
22.43333366761605,1.7620000000000005
22.466667001446087,1.7589999999999986
22.500000335276127,1.8230000000000004
22.533333669106167,1.842
22.566667002936203,1.8579999999999988
22.600000336766243,1.824
22.633333670596283,1.8520000000000003
22.66666700442632,1.8779999999999968
22.70000033825636,1.850999999999999
22.7333336720864,1.785
22.766667005916435,1.7680000000000042
22.800000339746475,1.774
22.833333673576515,1.75
22.86666700740655,1.7509999999999986
22.90000034123659,1.735
22.93333367506663,1.731999999999999
22.966667008896668,1.7070000000000043
23.000000342726707,1.6829999999999998
23.033333676556747,1.7040000000000006
23.066667010386784,1.7190000000000047
23.100000344216824,1.7409999999999997
23.133333678046863,1.7040000000000006
23.1666670118769,1.672000000000004
23.20000034570694,1.656
23.23333367953698,1.6639999999999997
23.266667013367016,1.684000000000001
23.300000347197056,1.6709999999999994
23.333333681027096,1.6869999999999994
23.36666701485713,1.683999999999994
23.40000034868717,1.6799999999999995
23.43333368251721,1.6509999999999998
23.466667016347248,1.631000000000007
23.500000350177288,1.602
23.533333684007328,1.636
23.566667017837364,1.6359999999999992
23.600000351667404,1.6469999999999985
23.633333685497444,1.633000000000001
23.66666701932748,1.5870000000000033
23.70000035315752,1.5669999999999995
23.73333368698756,1.5649999999999975
23.7666670208176,1.59
23.80000035464764,1.5530000000000008
23.83333368847768,1.5349999999999966
23.866667022307716,1.509000000000002
23.900000356137756,1.5200000000000005
23.933333689967792,1.521
23.96666702379783,1.5429999999999957
24.00000035762787,1.5189999999999984
24.03333369145791,1.5579999999999998
24.066667025287945,1.546999999999997
24.100000359117985,1.5490000000000013
24.133333692948025,1.5670000000000002
24.16666702677806,1.5989999999999966
24.2000003606081,1.6479999999999997
24.23333369443814,1.6799999999999995
24.266667028268177,1.6130000000000069
24.300000362098217,1.5589999999999975
24.333333695928257,1.5220000000000002
24.366667029758293,1.5529999999999973
24.400000363588333,1.5820000000000007
24.433333697418373,1.5949999999999989
24.46666703124841,1.5459999999999976
24.50000036507845,1.569
24.53333369890849,1.5989999999999966
24.566667032738525,1.6030000000000015
24.600000366568565,1.6530000000000005
24.633333700398605,1.6389999999999991
24.66666703422864,1.63900000000001
24.70000036805868,1.5939999999999994
24.73333370188872,1.5630000000000024
24.76666703571876,1.5680000000000014
24.8000003695488,1.5749999999999993
24.83333370337884,1.5769999999999982
24.866667037208877,1.5570000000000004
24.900000371038917,1.5660000000000005
24.933333704868957,1.608000000000004
24.96666703869899,1.636999999999997
25.00000037252903,1.636999999999999
25.03333370635907,1.6020000000000003
25.066667040189103,1.6280000000000072
25.100000374019142,1.6019999999999994
25.133333707849182,1.588000000000001
25.166667041679226,1.602999999999998
25.200000375509266,1.5990000000000002
25.233333709339306,1.5429999999999993
25.26666704316934,1.5429999999999957
25.300000376999375,1.5720000000000027
25.333333710829415,1.556000000000001
25.36666704465945,1.5160000000000018
25.40000037848949,1.5250000000000004
25.43333371231953,1.524000000000001
25.46666704614957,1.5389999999999988
25.50000037997961,1.5420000000000016
25.53333371380965,1.5599999999999987
25.566667047639687,1.5160000000000051
25.600000381469727,1.5
25.633333715299766,1.439
25.666667049129803,1.4340000000000028
25.700000382959843,1.4259999999999984
25.733333716789883,1.4420000000000002
25.76666705061992,1.419000000000001
25.80000038444996,1.4170000000000016
25.83333371828,1.4209999999999994
25.866667052110035,1.4310000000000027
25.900000385940075,1.411999999999999
25.933333719770115,1.4050000000000011
25.96666705360015,1.468999999999994
26.00000038743019,1.5239999999999991
26.03333372126023,1.5229999999999997
26.066667055090267,1.5050000000000026
26.100000388920307,1.509
26.133333722750347,1.5010000000000012
26.166667056580383,1.4680000000000035
26.200000390410423,1.452
26.233333724240463,1.4540000000000006
26.2666670580705,1.4750000000000032
26.30000039190054,1.4789999999999992
26.33333372573058,1.4460000000000006
26.366667059560616,1.4460000000000006
26.400000393390656,1.4650000000000034
26.433333727220692,1.4830000000000003
26.46666706105073,1.488999999999999
26.50000039488077,1.4420000000000002
26.53333372871081,1.4050000000000011
26.566667062540848,1.3819999999999988
26.600000396370888,1.4130000000000005
26.633333730200928,1.4250000000000007
26.666667064030964,1.4230000000000036
26.700000397861004,1.414
26.733333731691044,1.421999999999997
26.76666706552108,1.4239999999999997
26.80000039935112,1.4160000000000004
26.83333373318116,1.376999999999999
26.8666670670112,1.3589999999999982
26.90000040084124,1.3740000000000006
26.93333373467128,1.3759999999999994
26.966667068501312,1.38
27.000000402331352,1.4059999999999988
27.033333736161392,1.429000000000002
27.06666706999143,1.415
27.10000040382147,1.4209999999999994
27.13333373765151,1.4570000000000007
27.166667071481545,1.456000000000003
27.200000405311584,1.4800000000000004
27.233333739141624,1.4570000000000007
27.26666707297166,1.4690000000000012
27.3000004068017,1.441
27.33333374063174,1.455
27.366667074461777,1.4579999999999993
27.400000408291817,1.4480000000000004
27.433333742121857,1.4570000000000007
27.466667075951893,1.4460000000000015
27.500000409781933,1.4840000000000018
27.533333743611973,1.436
27.56666707744201,1.418
27.60000041127205,1.4489999999999998
27.63333374510209,1.4810000000000016
27.666667078932125,1.4299999999999995
27.700000412762165,1.408999999999999
27.733333746592205,1.378
27.76666708042224,1.3909999999999991
27.80000041425228,1.4380000000000024
27.83333374808232,1.4659999999999993
27.86666708191236,1.4650000000000034
27.9000004157424,1.4149999999999991
27.93333374957244,1.3890000000000002
27.966667083402477,1.406
28.000000417232517,1.445999999999998
28.033333751062557,1.4420000000000002
28.06666708489259,1.45
28.10000041872263,1.411
28.13333375255267,1.407
28.166667086382706,1.4229999999999992
28.200000420212746,1.4489999999999998
28.233333754042786,1.439
28.266667087872825,1.4280000000000044
28.300000421702865,1.4190000000000005
28.3333337555329,1.4269999999999996
28.366667089362934,1.4170000000000016
28.400000423192974,1.3910000000000018
28.433333757023014,1.3819999999999997
28.46666709085305,1.3799999999999957
28.50000042468309,1.394
28.53333375851313,1.4170000000000016
28.56666709234317,1.3999999999999986
28.60000042617321,1.4009999999999998
28.63333376000325,1.4179999999999993
28.666667093833286,1.4479999999999933
28.700000427663326,1.4489999999999998
28.73333376149337,1.413
28.7666670953234,1.397000000000002
28.80000042915344,1.406000000000006
28.83333376298348,1.4520000000000015
28.86666709681352,1.4979999999999976
28.90000043064356,1.5
28.9333337644736,1.5040000000000011
28.966667098303635,1.4850000000000012
29.000000432133675,1.4549999999999983
29.033333765963715,1.471
29.06666709979375,1.4779999999999998
29.10000043362379,1.4309999999999974
29.13333376745383,1.4579999999999984
29.166667101283867,1.4419999999999984
29.200000435113907,1.4170000000000016
29.233333768943947,1.4030000000000022
29.266667102773983,1.385
29.300000436604023,1.421999999999997
29.333333770434063,1.4050000000000002
29.3666671042641,1.4339999999999904
29.40000043809414,1.4380000000000024
29.43333377192418,1.4750000000000014
29.46666710575421,1.4280000000000008
29.50000043958425,1.4309999999999992
29.53333377341429,1.452
29.56666710724433,1.4409999999999994
29.60000044107437,1.408999999999999
29.63333377490441,1.3949999999999996
29.666667108734448,1.4080000000000013
29.700000442564487,1.4380000000000024
29.733333776394527,1.4440000000000026
29.766667110224564,1.422
29.800000444054604,1.3709999999999989
29.833333777884643,1.3580000000000003
29.86666711171468,1.3629999999999851
29.90000044554472,1.372
29.93333377937476,1.366999999999997
29.9666671132048,1.330999999999996
30.00000044703484,1.3239999999999998
30.03333378086488,1.2969999999999997
30.066667114694912,1.301
30.100000448524952,1.3070000000000022
30.133333782354992,1.2980000000000018
30.166667116185028,1.284000000000006
30.200000450015068,1.286999999999999
30.233333783845108,1.2810000000000006
30.266667117675144,1.3129999999999953
30.300000451505184,1.328000000000003
30.333333785335224,1.37
30.36666711916526,1.3849999999999991
30.4000004529953,1.411999999999999
30.43333378682534,1.3810000000000002
30.466667120655377,1.3689999999999998
30.500000454485416,1.418999999999997
30.533333788315456,1.4890000000000008
30.566667122145493,1.4670000000000023
30.600000455975533,1.434000000000001
30.63333378980557,1.4320000000000004
30.66666712363561,1.4399999999999975
30.70000045746565,1.4500000000000028
30.73333379129569,1.4939999999999998
30.766667125125725,1.481999999999999
30.800000458955765,1.487000000000002
30.833333792785805,1.436
30.86666712661584,1.4410000000000025
30.90000046044588,1.4429999999999978
30.93333379427592,1.4830000000000003
30.96666712810596,1.489999999999999
31.000000461936,1.4380000000000024
31.03333379576604,1.4149999999999991
31.066667129596077,1.4099999999999966
31.100000463426117,1.415000000000001
31.133333797256157,1.423
31.16666713108619,1.38900000000001
31.20000046491623,1.355000000000004
31.23333379874627,1.3119999999999994
31.266667132576305,1.330999999999996
31.300000466406345,1.3190000000000008
31.333333800236385,1.3049999999999995
31.36666713406642,1.3079999999999998
31.40000046789646,1.3350000000000009
31.4333338017265,1.2779999999999987
31.466667135556538,1.2779999999999987
31.500000469386578,1.2830000000000013
31.533333803216617,1.3249999999999993
31.56666713704665,1.3420000000000023
31.600000470876694,1.3209999999999995
31.633333804706734,1.2639999999999958
31.66666713853677,1.2539999999999996
31.70000047236681,1.25
31.73333380619685,1.2460000000000004
31.76666714002689,1.216000000000001
31.80000047385693,1.2250000000000014
31.83333380768697,1.2270000000000003
31.866667141517,1.237000000000002
31.90000047534704,1.25
31.93333380917708,1.2350000000000003
31.96666714300712,1.2120000000000033
32.00000047683716,1.2029999999999994
32.033333810667195,1.202
32.06666714449724,1.218
32.100000478327274,1.2000000000000028
32.13333381215731,1.1880000000000024
32.166667145987354,1.162000000000006
32.20000047981739,1.1739999999999997
32.23333381364743,1.1709999999999994
32.26666714747747,1.198999999999998
32.30000048130751,1.2390000000000008
32.33333381513754,1.252000000000001
32.366667148967586,1.254999999999999
32.40000048279762,1.2390000000000008
32.43333381662766,1.215
32.4666671504577,1.213000000000001
32.50000048428774,1.1709999999999994
32.533333818117775,1.1690000000000005
32.56666715194782,1.186000000000007
32.600000485777855,1.253
32.63333381960789,1.3049999999999995
32.666667153437935,1.31
32.70000048726797,1.3170000000000002
32.73333382109801,1.2929999999999993
32.76666715492805,1.304000000000002
32.80000048875809,1.2950000000000017
32.83333382258812,1.3610000000000009
32.86666715641817,1.3449999999999989
32.9000004902482,1.3580000000000003
32.93333382407824,1.357999999999997
32.96666715790828,1.3629999999999995
33.00000049173832,1.3130000000000024
33.03333382556836,1.3040000000000005
33.0666671593984,1.311
33.10000049322844,1.332
33.13333382705847,1.323
33.166667160888515,1.320999999999998
33.20000049471855,1.275
33.23333382854859,1.285
33.26666716237863,1.2800000000000011
33.30000049620867,1.2919999999999998
33.333333830038704,1.298
33.36666716386875,1.2849999999999966
33.400000497698784,1.231
33.43333383152882,1.253
33.466667165358864,1.283999999999999
33.5000004991889,1.253
33.533333833018936,1.256999999999998
33.56666716684898,1.248
33.600000500679016,1.2339999999999949
33.63333383450905,1.1850000000000005
33.666667168339096,1.1850000000000005
33.70000050216913,1.1930000000000014
33.73333383599917,1.2279999999999944
33.76666716982921,1.267000000000003
33.80000050365925,1.286
33.833333837489285,1.3049999999999995
33.86666717131933,1.3210000000000015
33.900000505149364,1.2980000000000018
33.9333338389794,1.268000000000001
33.966667172809444,1.2800000000000011
34.00000050663948,1.2860000000000014
34.03333384046952,1.3009999999999984
34.06666717429956,1.3150000000000013
34.1000005081296,1.3030000000000008
34.13333384195963,1.2729999999999997
34.16666717578968,1.2579999999999956
34.20000050961971,1.215
34.23333384344975,1.1899999999999975
34.26666717727979,1.195999999999998
34.30000051110983,1.157
34.333333844939865,1.153
34.36666717876991,1.1469999999999985
34.400000512599945,1.1229999999999976
34.43333384642998,1.0720000000000027
34.466667180260025,1.1129999999999995
34.50000051409006,1.1419999999999997
34.5333338479201,1.1180000000000003
34.56666718175014,1.1119999999999983
34.60000051558018,1.117
34.633333849410214,1.1189999999999998
34.66666718324026,1.118000000000002
34.70000051707029,1.122
34.73333385090033,1.11
34.76666718473037,1.091000000000001
34.80000051856041,1.1610000000000014
34.833333852390446,1.186
34.86666718622049,1.2140000000000004
34.900000520050526,1.229
34.93333385388056,1.2159999999999993
34.966667187710605,1.205
35.00000052154064,1.206000000000003
35.03333385537068,1.2110000000000003
35.06666718920072,1.206000000000003
35.10000052303076,1.1769999999999996
35.133333856860794,1.1409999999999982
35.16666719069084,1.1080000000000003
35.200000524520874,1.0839999999999996
35.23333385835091,1.0829999999999984
35.266667192180954,1.0930000000000035
35.30000052601099,1.088
35.33333385984103,1.072
35.36666719367107,1.0630000000000006
35.400000527501106,1.068
35.43333386133114,1.0919999999999987
35.466667195161186,1.0769999999999982
35.50000052899122,1.0679999999999978
35.53333386282126,1.046999999999997
35.5666671966513,1.0620000000000012
35.60000053048134,1.0870000000000033
35.633333864311375,1.163
35.66666719814142,1.138
35.700000531971455,1.1240000000000023
35.73333386580149,1.0950000000000006
35.766667199631534,1.0889999999999986
35.80000053346157,1.1029999999999998
35.83333386729161,1.1349999999999998
35.86666720112165,1.1099999999999994
35.90000053495169,1.0870000000000033
35.93333386878172,1.0489999999999997
35.96666720261177,1.0790000000000006
36.0000005364418,1.1080000000000003
36.03333387027184,1.0869999999999995
36.06666720410188,1.1209999999999989
36.10000053793192,1.1480000000000032
36.13333387176196,1.1570000000000036
36.166667205592,1.1360000000000028
36.20000053942204,1.1289999999999996
36.23333387325207,1.1229999999999976
36.26666720708212,1.149000000000001
36.30000054091215,1.134999999999998
36.33333387474219,1.1400000000000006
36.36666720857223,1.1030000000000015
36.40000054240227,1.0499999999999972
36.433333876232304,1.0889999999999915
36.46666721006235,1.0930000000000035
36.500000543892384,1.0850000000000009
36.53333387772242,1.0750000000000028
36.56666721155246,1.0970000000000013
36.6000005453825,1.113
36.633333879212536,1.1429999999999865
36.66666721304258,1.136
36.700000546872616,1.1640000000000017
36.73333388070265,1.1580000000000013
36.766667214532696,1.17
36.80000054836273,1.154
36.83333388219277,1.1609999999999945
36.86666721602281,1.1620000000000008
36.90000054985285,1.16
36.93333388368288,1.1300000000000097
36.96666721751293,1.1580000000000013
37.00000055134296,1.1450000000000031
37.033333885173,1.1230000000000189
37.06666721900304,1.0870000000000033
37.10000055283308,1.054000000000002
37.13333388666312,1.051000000000009
37.16666722049316,1.0450000000000017
37.2000005543232,1.0809999999999995
37.23333388815323,1.100999999999997
37.26666722198328,1.1020000000000003
37.30000055581331,1.0980000000000008
37.33333388964335,1.1119999999999948
37.36666722347339,1.128
37.40000055730343,1.129999999999999
37.433333891133465,1.092000000000006
37.46666722496351,1.0499999999999972
37.500000558793545,1.0569999999999986
37.53333389262358,1.056
37.566667226453625,1.0839999999999996
37.60000056028366,1.0660000000000025
37.6333338941137,1.0820000000000078
37.66666722794374,1.0770000000000015
37.70000056177378,1.1159999999999997
37.73333389560381,1.1409999999999965
37.76666722943386,1.1229999999999976
37.80000056326389,1.1389999999999991
37.83333389709393,1.1489999999999938
37.86666723092397,1.1559999999999988
37.90000056475401,1.1350000000000016
37.933333898584046,1.1489999999999938
37.96666723241409,1.1340000000000003
38.000000566244125,1.139000000000003
38.03333390007416,1.138999999999989
38.066667233904205,1.1099999999999994
38.10000056773424,1.1210000000000022
38.13333390156428,1.117999999999995
38.16666723539432,1.1000000000000014
38.20000056922436,1.085
38.2333339030544,1.1089999999999876
38.26666723688444,1.1370000000000005
38.30000057071448,1.1439999999999984
38.33333390454451,1.1119999999999992
38.36666723837455,1.069
38.40000057220459,1.115000000000002
38.43333390603463,1.1509999999999891
38.46666723986467,1.1690000000000005
38.50000057369471,1.137999999999998
38.53333390752474,1.144999999999996
38.56666724135479,1.1499999999999986
38.60000057518482,1.1139999999999972
38.63333390901486,1.0890000000000128
38.6666672428449,1.1019999999999968
38.70000057667494,1.120000000000001
38.733333910504975,1.1209999999999996
38.76666724433502,1.1099999999999994
38.800000578165054,1.0919999999999996
38.83333391199509,1.0849999999999935
38.866667245825134,1.0900000000000034
38.90000057965517,1.0719999999999992
38.93333391348521,1.0400000000000065
38.96666724731525,1.048
39.00000058114529,1.0259999999999998
39.03333391497532,1.022
39.066667248805366,1.0299999999999994
39.1000005826354,1.024000000000001
39.13333391646544,1.01100000000001
39.16666725029548,1.0050000000000026
39.20000058412552,1.0039999999999978
39.23333391795556,1.027
39.2666672517856,1.0449999999999982
39.30000058561564,1.04
39.33333391944567,1.0639999999999787
39.36666725327572,1.091000000000001
39.40000058710575,1.082
39.43333392093579,1.0360000000000156
39.46666725476583,1.0020000000000024
39.50000058859587,0.9699999999999988
39.5333339224259,0.9569999999999972
39.56666725625595,0.9899999999999984
39.60000059008598,0.9879999999999995
39.63333392391602,0.9820000000000028
39.66666725774606,0.9740000000000038
39.7000005915761,1.0060000000000002
39.733333925406136,1.0130000000000017
39.76666725923618,1.0279999999999987
39.800000593066216,1.014000000000003
39.83333392689625,0.9840000000000088
39.866667260726295,0.9900000000000002
39.90000059455633,0.9949999999999974
39.93333392838637,1.029
39.96666726221641,1.0619999999999976
40.00000059604645,1.059000000000001
40.03333392987648,1.0519999999999996
40.06666726370653,1.045
40.10000059753656,1.062
40.1333339313666,1.0649999999999906
40.16666726519664,1.0869999999999995
40.20000059902668,1.0790000000000006
40.23333393285672,1.056
40.26666726668676,1.0140000000000002
40.3000006005168,1.0050000000000026
40.33333393434683,1.029999999999987
40.36666726817688,1.0390000000000017
40.40000060200691,1.0600000000000025
40.43333393583695,1.0649999999999906
40.46666726966699,1.0870000000000033
40.50000060349703,1.068999999999999
40.533333937327065,1.0500000000000045
40.56666727115711,0.9990000000000024
40.60000060498714,1.0120000000000005
40.63333393881718,1.012999999999984
40.66666727264722,1.027000000000001
40.70000060647726,1.012999999999998
40.7333339403073,0.9899999999999808
40.76666727413734,1.0039999999999996
40.80000060796738,1.0450000000000017
40.83333394179741,1.0729999999999995
40.86666727562746,1.0859999999999983
40.90000060945749,1.0960000000000036
40.93333394328753,1.0799999999999912
40.96666727711757,1.0700000000000005
41.00000061094761,1.0710000000000015
41.033333944777645,1.033000000000003
41.06666727860769,1.0300000000000011
41.100000612437725,1.0829999999999984
41.13333394626776,1.103999999999992
41.166667280097805,1.1090000000000018
41.20000061392784,1.0860000000000003
41.23333394775788,1.0620000000000047
41.26666728158792,1.0730000000000004
41.30000061541796,1.054000000000002
41.333333949248,1.0230000000000103
41.36666728307804,0.9699999999999988
41.40000061690807,0.9479999999999932
41.43333395073811,0.9989999999999952
41.46666728456815,1.0120000000000005
41.50000061839819,1.0250000000000004
41.53333395222823,1.0339999999999954
41.56666728605827,1.0390000000000017
41.60000061988831,1.0600000000000025
41.63333395371834,1.0959999999999963
41.66666728754839,1.0719999999999992
41.70000062137842,1.0679999999999978
41.73333395520846,1.0889999999999702
41.7666672890385,1.0330000000000013
41.80000062286854,0.9919999999999972
41.833333956698574,0.962999999999994
41.86666729052862,0.9949999999999974
41.900000624358654,1.0309999999999997
41.93333395818869,1.0200000000000102
41.966667292018734,1.003
42.00000062584877,0.9909999999999995
42.03333395967881,1.006000000000002
42.06666729350885,0.9830000000000004
42.100000627338886,0.9819999999999992
42.13333396116892,0.9729999999999954
42.166667294998966,0.9830000000000004
42.200000628829,0.967
42.23333396265904,0.988
42.26666729648908,0.9589999999999996
42.30000063031912,0.9469999999999992
42.33333396414916,0.9869999999999806
42.3666672979792,1.012999999999998
42.40000063180924,0.9950000000000044
42.43333396563927,0.9739999999999966
42.466667299469314,0.9859999999999972
42.50000063329935,1.0169999999999997
42.53333396712939,1.0220000000000011
42.56666730095943,1.027000000000001
42.60000063478947,0.9789999999999992
42.6333339686195,0.9470000000000098
42.66666730244955,0.9249999999999972
42.70000063627958,0.9280000000000008
42.73333397010962,0.9409999999999954
42.76666730393966,0.9909999999999995
42.8000006377697,0.9759999999999992
42.833333971599735,0.9340000000000116
42.86666730542978,0.8849999999999998
42.900000639259815,0.8539999999999992
42.93333397308985,0.8859999999999957
42.966667306919895,0.9209999999999994
43.00000064074993,0.9549999999999984
43.03333397457997,0.9579999999999984
43.06666730841001,0.9289999999999984
43.10000064224005,0.9480000000000004
43.13333397607008,0.90300000000002
43.16666730990013,0.91
43.20000064373016,0.9269999999999996
43.2333339775602,0.9629999999999974
43.26666731139024,0.9420000000000002
43.30000064522028,0.9239999999999996
43.33333397905032,0.9179999999999992
43.36666731288036,0.9159999999999968
43.4000006467104,0.9069999999999964
43.43333398054043,0.9140000000000086
43.46666731437048,0.9420000000000002
43.50000064820051,0.9460000000000016
43.53333398203055,0.9450000000000004
43.56666731586059,0.975
43.60000064969063,0.9270000000000068
43.63333398352066,0.8790000000000475
43.66666731735071,0.8329999999999984
43.70000065118074,0.8350000000000009
43.73333398501078,0.8400000000000016
43.76666731884082,0.8190000000000026
43.80000065267086,0.8160000000000025
43.8333339865009,0.846
43.86666732033094,0.8730000000000047
43.900000654160976,0.8569999999999993
43.93333398799101,0.8200000000000074
43.966667321821056,0.8219999999999992
44.00000065565109,0.7900000000000063
44.03333398948113,0.798000000000016
44.06666732331117,0.7860000000000014
44.10000065714121,0.7980000000000018
44.133333990971245,0.7669999999999986
44.16666732480129,0.7560000000000002
44.200000658631325,0.787
44.23333399246136,0.8009999999999966
44.266667326291405,0.8079999999999998
44.30000066012144,0.8400000000000034
44.33333399395148,0.8200000000000038
44.36666732778152,0.8190000000000026
44.40000066161156,0.8320000000000007
44.43333399544159,0.8619999999999983
44.46666732927164,0.8740000000000023
44.50000066310167,0.8550000000000004
44.53333399693171,0.8400000000000105
44.56666733076175,0.8260000000000005
44.60000066459179,0.828000000000003
44.63333399842183,0.887999999999991
44.66666733225187,0.8810000000000002
44.70000066608191,0.8629999999999995
44.73333399991194,0.8699999999999761
44.76666733374199,0.8659999999999997
44.80000066757202,0.8859999999999992
44.83333400140206,0.8780000000000019
44.8666673352321,0.8979999999999961
44.90000066906214,0.953000000000003
44.933334002892174,1.0299999999999727
44.96666733672222,1.0459999999999994
45.000000670552254,1.0330000000000013
45.03333400438229,0.9900000000000092
45.06666733821233,0.9840000000000018
45.10000067204237,1.0320000000000036
45.133334005872406,1.0769999999999982
45.16666733970245,1.0569999999999986
45.200000673532486,1.0649999999999995
45.23333400736252,1.0150000000000077
45.266667341192566,0.9819999999999992
45.3000006750226,0.9450000000000004
45.33333400885264,0.9520000000000052
45.36666734268268,0.963000000000001
45.40000067651272,0.971
45.43333401034276,0.9830000000000112
45.4666673441728,0.9440000000000026
45.500000678002834,0.9410000000000024
45.53333401183287,0.9789999999999957
45.566667345662914,1.0120000000000005
45.60000067949295,1.0150000000000006
45.63333401332299,1.007000000000005
45.66666734715303,0.9989999999999988
45.70000068098307,1.035
45.7333340148131,1.0319999999999965
45.766667348643146,0.9879999999999995
45.80000068247318,0.9529999999999994
45.83333401630322,0.9220000000000006
45.86666735013326,0.936
45.9000006839633,0.899
45.933334017793335,0.8900000000000148
45.96666735162338,0.8460000000000001
46.000000685453415,0.8179999999999978
46.03333401928345,0.8099999999999987
46.066667353113495,0.840999999999994
46.10000068694353,0.8730000000000011
46.13333402077357,0.8890000000000029
46.16666735460361,0.8920000000000003
46.20000068843365,0.8689999999999998
46.23333402226368,0.9129999999999896
46.26666735609373,0.907
46.30000068992376,0.907
46.3333340237538,0.926999999999996
46.36666735758384,0.9549999999999984
46.40000069141388,0.9129999999999968
46.43333402524392,0.8969999999999994
46.46666735907396,0.9420000000000002
46.500000692904,0.9599999999999992
46.53333402673403,0.9620000000000006
46.56666736056408,0.972999999999999
46.60000069439411,0.987
46.63333402822415,0.981
46.66666736205419,0.965
46.70000069588423,0.9720000000000004
46.73333402971426,0.9580000000000002
46.76666736354431,0.985
46.80000069737434,0.961
46.83333403120438,0.9440000000000026
46.86666736503442,0.894999999999996
46.90000069886446,0.8730000000000011
46.933334032694496,0.8879999999999981
46.96666736652454,0.9120000000000008
47.000000700354576,0.9030000000000004
47.03333403418461,0.8920000000000101
47.066667368014656,0.8769999999999989
47.10000070184469,0.8560000000000016
47.13333403567473,0.8699999999999974
47.16666736950477,0.9209999999999994
47.20000070333481,0.9299999999999996
47.233334037164845,0.920000000000016
47.26666737099489,0.8919999999999995
47.300000704824924,0.9140000000000016
47.33333403865496,0.9360000000000016
47.36666737248501,0.9329999999999998
47.40000070631504,0.8739999999999952
47.43333404014508,0.864
47.46666737397512,0.8419999999999996
