time_min,absorb_mau
0.0,0.0
0.03,-0.04
0.05,-0.08
0.08,-0.08
0.11,-0.08
0.13,-0.05
0.16,-0.1
0.19,-0.09
0.21,-0.09
0.24,-0.07
0.27,-0.05
0.29,-0.07
0.32,-0.07
0.35,-0.06
0.37,-0.05
0.4,0.01
0.43,0.02
0.45,0.05
0.48,0.03
0.51,0.01
0.53,0.02
0.56,0.04
0.59,0.07
0.61,0.11
0.64,0.1
0.67,0.13
0.69,0.11
0.72,0.1
0.75,0.09
0.77,0.08
0.8,0.03
0.83,-0.01
0.85,-0.01
0.88,0.04
0.91,0.09
0.93,0.17
0.96,0.33
0.99,0.5
1.01,0.62
1.04,0.62
1.07,0.61
1.09,0.57
1.12,0.58
1.15,0.71
1.17,1.01
1.2,1.62
1.23,2.6
1.25,4.27
1.28,6.86
1.31,10.72
1.33,16.21
1.36,23.52
1.39,33.47
1.41,45.82
1.44,61.58
1.47,80.04
1.49,101.28
1.52,125.24
1.55,151.96
1.57,181.61
1.6,213.36
1.63,246.04
1.65,279.74
1.68,313.1
1.71,346.13
1.73,379.92
1.76,412.11
1.79,443.31
1.81,470.48
1.84,495.4
1.87,517.46
1.89,536.17
1.92,551.65
1.95,563.92
1.97,573.06
2.0,579.15
2.03,581.84
2.05,581.68
2.08,578.71
2.11,572.9
2.13,564.51
2.16,553.64
2.19,541.14
2.21,526.92
2.24,511.3
2.27,494.64
2.29,476.7
2.32,457.88
2.35,437.95
2.37,417.9
2.4,398.42
2.43,378.52
2.45,358.61
2.48,339.34
2.51,320.64
2.53,301.99
2.56,283.94
2.59,265.93
2.61,248.88
2.64,232.54
2.67,216.82
2.69,201.91
2.72,187.97
2.75,174.28
2.77,161.42
2.8,149.5
2.83,138.31
2.85,128.16
2.88,118.24
2.91,108.97
2.93,99.98
2.96,91.89
2.99,84.38
3.01,77.46
3.04,71.18
3.07,65.42
3.09,60.06
3.12,54.99
3.15,50.31
3.17,45.99
3.2,42.01
3.23,38.35
3.25,35.08
3.28,32.07
3.31,29.27
3.33,26.69
3.36,24.39
3.39,22.32
3.41,20.47
3.44,18.75
3.47,17.16
3.49,15.66
3.52,14.32
3.55,13.13
3.57,12.06
3.6,11.08
3.63,10.22
3.65,9.47
3.68,8.8
3.71,8.15
3.73,7.54
3.76,6.97
3.79,6.44
3.81,5.96
3.84,5.51
3.87,5.09
3.89,4.76
3.92,4.49
3.95,4.22
3.97,4.01
4.0,3.8
4.03,3.61
4.05,3.37
4.08,3.14
4.11,2.96
4.13,2.84
4.16,2.7
4.19,2.59
4.21,2.46
4.24,2.37
4.27,2.3
4.29,2.22
4.32,2.15
4.35,2.06
4.37,2.01
4.4,1.97
4.43,1.92
4.45,1.85
4.48,1.81
4.51,1.74
4.53,1.7
4.56,1.63
4.59,1.61
4.61,1.57
4.64,1.55
4.67,1.51
4.69,1.46
4.72,1.41
4.75,1.4
4.77,1.44
4.8,1.45
4.83,1.43
4.85,1.37
4.88,1.32
4.91,1.26
4.93,1.24
4.96,1.27
4.99,1.31
5.01,1.28
5.04,1.26
5.07,1.24
5.09,1.25
5.12,1.27
5.15,1.27
5.17,1.24
5.2,1.22
5.23,1.23
5.25,1.22
5.28,1.26
5.31,1.23
5.33,1.24
5.36,1.22
5.39,1.22
5.41,1.22
5.44,1.17
5.47,1.15
5.49,1.15
5.52,1.13
5.55,1.1
5.57,1.09
5.6,1.1
5.63,1.1
5.65,1.08
5.68,1.06
5.71,1.04
5.73,1.02
5.76,0.97
5.79,0.97
5.81,0.98
5.84,0.97
5.87,0.94
5.89,0.91
5.92,0.9
5.95,0.91
5.97,0.91
6.0,0.9
6.03,0.91
6.05,0.9
6.08,0.9
6.11,0.87
6.13,0.88
6.16,0.91
6.19,0.95
6.21,0.96
6.24,0.95
6.27,0.9
6.29,0.86
6.32,0.9
6.35,0.91
6.37,0.92
6.4,0.87
6.43,0.87
6.45,0.86
6.48,0.9
6.51,0.91
6.53,0.98
6.56,1.0
6.59,0.98
6.61,0.99
6.64,1.02
6.67,1.03
6.69,0.98
6.72,0.93
6.75,0.95
6.77,0.97
6.8,0.96
6.83,0.87
6.85,0.85
6.88,0.84
6.91,0.89
6.93,0.92
6.96,0.95
6.99,0.93
7.01,0.9
7.04,0.87
7.07,0.87
7.09,0.86
7.12,0.84
7.15,0.79
7.17,0.76
7.2,0.76
7.23,0.76
7.25,0.77
7.28,0.79
7.31,0.82
7.33,0.83
7.36,0.81
7.39,0.75
7.41,0.74
7.44,0.7
7.47,0.73
7.49,0.75
7.52,0.82
7.55,0.85
7.57,0.82
7.6,0.79
7.63,0.75
7.65,0.78
7.68,0.78
7.71,0.79
7.73,0.75
7.76,0.77
7.79,0.77
7.81,0.81
7.84,0.8
7.87,0.79
7.89,0.78
7.92,0.8
7.95,0.76
7.97,0.77
8.0,0.76
8.03,0.8
8.05,0.82
8.08,0.82
8.11,0.8
8.13,0.8
8.16,0.82
8.19,0.83
8.21,0.83
8.24,0.79
8.27,0.76
8.29,0.69
8.32,0.69
8.35,0.65
8.37,0.65
8.4,0.64
8.43,0.64
8.45,0.63
8.48,0.65
8.51,0.66
8.53,0.68
8.56,0.68
8.59,0.68
8.61,0.68
8.64,0.71
8.67,0.71
8.69,0.72
8.72,0.7
8.75,0.66
8.77,0.68
8.8,0.68
8.83,0.71
8.85,0.71
8.88,0.68
8.91,0.67
8.93,0.64
8.96,0.64
8.99,0.67
9.01,0.7
9.04,0.71
9.07,0.71
9.09,0.73
9.12,0.74
9.15,0.73
9.17,0.7
9.2,0.71
9.23,0.73
9.25,0.74
9.28,0.75
9.31,0.75
9.33,0.77
9.36,0.78
9.39,0.79
9.41,0.79
9.44,0.8
9.47,0.77
9.49,0.79
9.52,0.76
9.55,0.76
9.57,0.75
9.6,0.72
9.63,0.71
9.65,0.69
9.68,0.72
9.71,0.73
9.73,0.74
9.76,0.74
9.79,0.72
9.81,0.69
9.84,0.71
9.87,0.72
9.89,0.76
9.92,0.73
9.95,0.75
9.97,0.72
10.0,0.72
10.03,0.68
10.05,0.71
10.08,0.7
10.11,0.7
10.13,0.67
10.16,0.68
10.19,0.7
10.21,0.7
10.24,0.7
10.27,0.7
10.29,0.75
10.32,0.77
10.35,0.74
10.37,0.71
10.4,0.68
10.43,0.7
10.45,0.73
10.48,0.75
10.51,0.78
10.53,0.77
10.56,0.78
10.59,0.73
10.61,0.74
10.64,0.74
10.67,0.76
10.69,0.75
10.72,0.76
10.75,0.75
10.77,0.75
10.8,0.76
10.83,0.75
10.85,0.74
10.88,0.72
10.91,0.71
10.93,0.74
10.96,0.73
10.99,0.72
11.01,0.74
11.04,0.76
11.07,0.81
11.09,0.82
11.12,0.82
11.15,0.84
11.17,0.85
11.2,0.88
11.23,0.86
11.25,0.85
11.28,0.84
11.31,0.86
11.33,0.87
11.36,0.86
11.39,0.83
11.41,0.82
11.44,0.81
11.47,0.82
11.49,0.81
11.52,0.8
11.55,0.78
11.57,0.78
11.6,0.77
11.63,0.82
11.65,0.82
11.68,0.84
11.71,0.82
11.73,0.81
11.76,0.82
11.79,0.8
11.81,0.81
11.84,0.8
11.87,0.81
11.89,0.83
11.92,0.84
11.95,0.81
11.97,0.77
12.0,0.74
12.03,0.73
12.05,0.75
12.08,0.7
12.11,0.74
12.13,0.72
12.16,0.71
12.19,0.69
12.21,0.71
12.24,0.76
12.27,0.78
12.29,0.77
12.32,0.77
12.35,0.73
12.37,0.75
12.4,0.75
12.43,0.77
12.45,0.77
12.48,0.77
12.51,0.77
12.53,0.8
12.56,0.83
12.59,0.82
12.61,0.86
12.64,0.86
12.67,0.89
12.69,0.89
12.72,0.9
12.75,0.88
12.77,0.88
12.8,0.85
12.83,0.85
12.85,0.86
12.88,0.9
12.91,0.9
12.93,0.89
12.96,0.87
12.99,0.87
13.01,0.89
13.04,0.84
13.07,0.84
13.09,0.86
13.12,0.88
13.15,0.88
13.17,0.84
13.2,0.82
13.23,0.8
13.25,0.76
13.28,0.73
13.31,0.73
13.33,0.8
13.36,0.83
13.39,0.85
13.41,0.82
13.44,0.85
13.47,0.85
13.49,0.83
13.52,0.82
13.55,0.83
13.57,0.86
13.6,0.86
13.63,0.86
13.65,0.84
13.68,0.85
13.71,0.87
13.73,0.86
13.76,0.86
13.79,0.88
13.81,0.87
13.84,0.88
13.87,0.88
13.89,0.87
13.92,0.85
13.95,0.84
13.97,0.85
14.0,0.85
14.03,0.83
14.05,0.83
14.08,0.82
14.11,0.86
14.13,0.9
14.16,0.91
14.19,0.92
14.21,0.88
14.24,0.87
14.27,0.85
14.29,0.85
14.32,0.85
14.35,0.85
14.37,0.85
14.4,0.86
14.43,0.87
14.45,0.88
14.48,0.84
14.51,0.86
14.53,0.84
14.56,0.84
14.59,0.82
14.61,0.81
14.64,0.81
14.67,0.78
14.69,0.79
14.72,0.77
14.75,0.77
14.77,0.77
14.8,0.78
14.83,0.79
14.85,0.77
14.88,0.76
14.91,0.76
14.93,0.79
14.96,0.85
14.99,0.9
15.01,0.89
15.04,0.86
15.07,0.84
15.09,0.84
15.12,0.85
15.15,0.82
15.17,0.81
15.2,0.79
15.23,0.76
15.25,0.76
15.28,0.76
15.31,0.77
15.33,0.76
15.36,0.75
15.39,0.76
15.41,0.76
15.44,0.77
15.47,0.76
15.49,0.71
15.52,0.72
15.55,0.71
15.57,0.75
15.6,0.76
15.63,0.77
15.65,0.77
15.68,0.78
15.71,0.78
15.73,0.82
15.76,0.84
15.79,0.84
15.81,0.85
15.84,0.83
15.87,0.82
15.89,0.81
15.92,0.78
15.95,0.8
15.97,0.78
16.0,0.79
16.03,0.77
16.05,0.76
16.08,0.75
16.11,0.76
16.13,0.79
16.16,0.79
16.19,0.82
16.21,0.84
16.24,0.85
16.27,0.82
16.29,0.78
16.32,0.75
16.35,0.75
16.37,0.76
16.4,0.79
16.43,0.81
16.45,0.8
16.48,0.79
16.51,0.79
16.53,0.81
16.56,0.81
16.59,0.79
16.61,0.77
16.64,0.75
16.67,0.77
16.69,0.76
16.72,0.75
16.75,0.72
16.77,0.7
16.8,0.71
16.83,0.73
16.85,0.77
16.88,0.79
16.91,0.79
16.93,0.78
16.96,0.76
16.99,0.76
17.01,0.75
17.04,0.73
17.07,0.74
17.09,0.73
17.12,0.75
17.15,0.75
17.17,0.77
17.2,0.78
17.23,0.78
17.25,0.8
17.28,0.78
17.31,0.76
17.33,0.76
17.36,0.78
17.39,0.82
17.41,0.82
17.44,0.77
17.47,0.77
17.49,0.78
17.52,0.83
17.55,0.89
17.57,0.9
17.6,0.92
17.63,0.87
17.65,0.88
17.68,0.86
17.71,0.84
17.73,0.85
17.76,0.84
17.79,0.89
17.81,0.9
17.84,0.9
17.87,0.88
17.89,0.88
17.92,0.91
17.95,0.96
17.97,0.95
18.0,0.95
18.03,0.89
18.05,0.85
18.08,0.86
18.11,0.87
18.13,0.91
18.16,0.91
18.19,0.87
18.21,0.83
18.24,0.79
18.27,0.76
18.29,0.77
18.32,0.77
18.35,0.74
18.37,0.73
18.4,0.77
18.43,0.81
18.45,0.84
18.48,0.83
18.51,0.85
18.53,0.85
18.56,0.88
18.59,0.86
18.61,0.84
18.64,0.84
18.67,0.88
18.69,0.91
18.72,0.88
18.75,0.87
18.77,0.88
18.8,0.87
18.83,0.85
18.85,0.85
18.88,0.85
18.91,0.84
18.93,0.78
18.96,0.79
18.99,0.79
19.01,0.83
19.04,0.84
19.07,0.85
19.09,0.83
19.12,0.84
19.15,0.85
19.17,0.87
19.2,0.85
19.23,0.85
19.25,0.85
19.28,0.84
19.31,0.81
19.33,0.79
19.36,0.79
19.39,0.79
19.41,0.84
19.44,0.83
19.47,0.82
19.49,0.79
19.52,0.79
19.55,0.82
19.57,0.82
19.6,0.85
19.63,0.83
19.65,0.82
19.68,0.81
19.71,0.8
19.73,0.79
19.76,0.77
19.79,0.75
19.81,0.73
19.84,0.74
19.87,0.75
19.89,0.78
19.92,0.75
19.95,0.76
19.97,0.72
20.0,0.76
20.03,0.77
20.05,0.81
20.08,0.81
20.11,0.79
20.13,0.74
20.16,0.75
20.19,0.73
20.21,0.73
20.24,0.73
20.27,0.77
20.29,0.76
20.32,0.72
20.35,0.69
20.37,0.69
20.4,0.73
20.43,0.73
20.45,0.75
20.48,0.75
20.51,0.78
20.53,0.79
20.56,0.81
20.59,0.84
20.61,0.83
20.64,0.84
20.67,0.8
20.69,0.8
20.72,0.79
20.75,0.82
20.77,0.82
20.8,0.84
20.83,0.84
20.85,0.85
20.88,0.8
20.91,0.78
20.93,0.77
20.96,0.8
20.99,0.8
21.01,0.78
21.04,0.76
21.07,0.74
21.09,0.74
21.12,0.73
21.15,0.73
21.17,0.74
21.2,0.76
21.23,0.76
21.25,0.78
21.28,0.75
21.31,0.76
21.33,0.74
21.36,0.75
21.39,0.74
21.41,0.76
21.44,0.77
21.47,0.79
21.49,0.79
21.52,0.75
21.55,0.78
21.57,0.74
21.6,0.77
21.63,0.78
21.65,0.82
21.68,0.84
21.71,0.86
21.73,0.84
21.76,0.84
21.79,0.8
21.81,0.84
21.84,0.85
21.87,0.88
