time_min,absorb_mau
0.0,0.0
0.0533333341280619,-0.015
0.1066666682561238,-0.09
0.1600000023841858,-0.15
0.2133333365122477,-0.083
0.2666666706403096,-0.112
0.3200000047683716,-0.13
0.3733333388964335,-0.114
0.4266666730244954,-0.096
0.4800000071525573,-0.103
0.5333333412806193,-0.053
0.5866666754086812,-0.005
0.6400000095367432,-0.064
0.6933333436648051,-0.145
0.746666677792867,-0.059
0.800000011920929,-0.023
0.8533333460489909,-0.092
0.9066666801770528,-0.087
0.9600000143051148,0.159
1.0133333484331768,0.55
1.0666666825612383,0.762
1.1200000166893005,0.62
1.1733333508173625,0.576
1.2266666849454244,1.152
1.2800000190734864,3.181
1.3333333532015483,7.776
1.3866666873296103,16.404
1.4400000214576725,30.953
1.493333355585734,52.941
1.546666689713796,82.361
1.600000023841858,117.414
1.65333335796992,157.475
1.7066666920979818,200.721
1.7600000262260438,246.476
1.8133333603541055,291.658
1.866666694482168,328.582
1.9200000286102292,358.3
1.9733333627382916,380.611
2.0266666968663536,394.928
2.0800000309944155,401.726
2.133333365122477,400.647
2.186666699250539,392.98
2.240000033378601,379.809
2.293333367506663,361.944
2.346666701634725,339.836
2.400000035762787,314.415
2.453333369890849,289.529
2.506666704018911,264.327
2.5600000381469727,239.485
2.6133333722750347,214.931
2.6666667064030967,191.364
2.720000040531158,169.868
2.7733333746592206,150.453
2.8266667087872825,132.312
2.8800000429153445,115.59
2.9333333770434065,99.36
2.986666711171468,85.177
3.04000004529953,73.503
3.093333379427592,63.36
3.146666713555654,54.509
3.200000047683716,46.647
3.253333381811778,39.771
3.30666671593984,34.058
3.3600000500679017,29.239
3.413333384195964,25.066
3.4666667183240256,21.375
3.520000052452088,17.995
3.573333386580149,15.208
3.626666720708212,13.08
3.6800000548362735,11.294
3.733333388964336,9.814
3.786666723092397,8.516
3.840000057220459,7.351
3.893333391348521,6.414
3.946666725476583,5.688
4.000000059604645,5.0
4.053333393732707,4.404
4.106666727860769,3.958
4.160000061988831,3.641
4.213333396116893,3.324
4.266666730244954,3.024
4.3200000643730165,2.806
4.373333398501078,2.574
4.4266667326291405,2.373
4.480000066757202,2.201
4.533333400885264,2.055
4.586666735013326,2.015
4.640000069141388,1.927
4.69333340326945,1.79
4.746666737397512,1.71
4.800000071525574,1.675
4.853333405653636,1.678
4.906666739781698,1.609
4.96000007390976,1.506
5.013333408037822,1.478
5.066666742165884,1.452
5.1200000762939455,1.419
5.173333410422007,1.395
5.226666744550069,1.363
5.280000078678131,1.314
5.333333412806193,1.297
5.386666746934255,1.259
5.440000081062317,1.243
5.493333415190379,1.178
5.546666749318441,1.155
5.600000083446503,1.15
5.653333417574565,1.149
5.706666751702627,1.143
5.760000085830689,1.092
5.813333419958751,1.027
5.866666754086813,0.991
5.920000088214874,1.034
5.973333422342936,1.005
6.026666756470998,0.98
6.08000009059906,0.981
6.133333424727122,1.033
6.186666758855184,1.038
6.240000092983246,1.04
6.293333427111308,1.014
6.34666676123937,0.957
6.400000095367432,0.935
6.453333429495494,0.943
6.506666763623556,0.996
6.560000097751618,1.012
6.61333343187968,1.014
6.666666766007742,1.008
6.720000100135803,1.007
6.773333434263866,1.001
6.826666768391927,0.967
6.880000102519989,0.956
6.933333436648051,0.908
6.986666770776113,0.922
7.040000104904175,0.921
7.093333439032237,0.892
7.146666773160299,0.862
7.200000107288361,0.816
7.253333441416423,0.797
7.306666775544484,0.798
7.360000109672547,0.762
7.413333443800608,0.802
7.466666777928671,0.819
7.520000112056732,0.728
7.573333446184795,0.648
7.626666780312856,0.702
7.680000114440918,0.77
7.73333344856898,0.699
7.786666782697042,0.711
7.840000116825104,0.719
7.893333450953166,0.707
7.946666785081228,0.672
8.00000011920929,0.653
8.053333453337352,0.629
8.106666787465414,0.64
8.160000121593475,0.735
8.213333455721537,0.708
8.2666667898496,0.669
8.320000123977662,0.718
8.373333458105723,0.685
8.426666792233785,0.658
8.480000126361848,0.666
8.533333460489908,0.677
8.58666679461797,0.713
8.640000128746033,0.665
8.693333462874095,0.655
8.746666797002156,0.647
8.800000131130219,0.667
8.853333465258281,0.615
8.906666799386343,0.618
8.960000133514404,0.579
9.013333467642466,0.567
9.066666801770529,0.624
9.120000135898591,0.63
9.173333470026652,0.573
9.226666804154714,0.551
9.280000138282777,0.545
9.33333347241084,0.538
9.3866668065389,0.571
9.440000140666962,0.541
9.493333474795024,0.556
9.546666808923083,0.567
9.600000143051147,0.594
9.65333347717921,0.585
9.706666811307272,0.595
9.760000145435331,0.539
9.813333479563395,0.495
9.866666813691458,0.568
9.92000014781952,0.567
9.97333348194758,0.632
10.026666816075643,0.595
10.080000150203706,0.635
10.133333484331768,0.646
10.186666818459829,0.53
10.240000152587893,0.46
10.293333486715952,0.374
10.346666820844014,0.173
