time_min,absorb_mau
0.0,0.003
0.0466666673620541,0.064
0.0933333347241083,0.115
0.1400000020861625,0.113
0.1866666694482167,0.136
0.2333333368102709,0.14
0.2800000041723251,0.144
0.3266666715343793,0.096
0.3733333388964335,0.102
0.4200000062584877,0.146
0.4666666736205419,0.106
0.5133333409825961,0.076
0.5600000083446502,0.105
0.6066666757067045,0.114
0.6533333430687587,0.094
0.7000000104308128,0.098
0.746666677792867,0.136
0.7933333451549213,0.117
0.8400000125169754,0.101
0.8866666798790296,0.116
0.933333347241084,0.155
0.980000014603138,0.211
1.0266666819651922,0.218
1.0733333493272463,0.174
1.1200000166893005,0.185
1.1666666840513549,0.138
1.213333351413409,0.252
1.2600000187754632,0.548
1.3066666861375174,1.078
1.3533333534995715,2.37
1.4000000208616257,4.716
1.4466666882236798,8.329
1.493333355585734,13.892
1.5400000229477884,22.403
1.5866666903098423,34.465
1.6333333576718967,51.043
1.6800000250339509,71.826
1.726666692396005,95.888
1.7733333597580592,123.167
1.820000027120113,153.475
1.866666694482168,185.318
1.9133333618442216,218.877
1.960000029206276,252.73
2.00666669656833,284.63
2.0533333639303843,313.809
2.1000000312924385,341.209
2.1466666986544927,365.032
2.193333366016547,385.899
2.240000033378601,403.16
2.286666700740655,414.246
2.3333333681027097,420.34
2.380000035464764,421.842
2.426666702826818,419.105
2.473333370188872,412.346
2.5200000375509264,402.064
2.5666667049129805,389.059
2.6133333722750347,373.885
2.660000039637089,356.672
2.706666706999143,337.89
2.753333374361197,317.552
2.800000041723252,295.937
2.846666709085305,274.785
2.89333337644736,254.46
2.940000043809414,234.782
2.986666711171468,215.714
3.0333333785335226,196.968
3.0800000458955767,178.981
3.126666713257631,162.632
3.173333380619685,147.431
3.220000047981739,133.604
3.2666667153437934,120.356
3.3133333827058475,107.892
3.3600000500679017,95.932
3.406666717429956,85.25
3.45333338479201,76.071
3.500000052154064,67.999
3.5466667195161183,60.636
3.5933333868781725,54.017
3.640000054240226,47.814
3.686666721602281,42.195
3.733333388964336,37.415
3.7800000563263896,33.414
3.826666723688444,29.845
3.873333391050498,26.569
3.920000058412552,23.498
3.966666725774606,20.702
4.01333339313666,18.395
4.060000060498715,16.413
4.106666727860769,14.728
4.153333395222823,13.284
4.200000062584877,11.956
4.246666729946932,10.699
4.293333397308985,9.659
4.34000006467104,8.791
4.386666732033094,8.004
4.433333399395148,7.245
4.480000066757202,6.58
4.526666734119257,6.061
4.57333340148131,5.58
4.620000068843365,5.127
4.66666673620542,4.764
4.713333403567473,4.43
4.760000070929528,4.149
4.8066667382915815,3.869
4.853333405653636,3.664
4.90000007301569,3.404
4.9466667403777445,3.154
4.993333407739798,3.016
5.040000075101853,2.854
5.0866667424639065,2.723
5.133333409825961,2.604
5.180000077188015,2.495
5.226666744550069,2.363
5.273333411912123,2.299
5.320000079274178,2.197
5.366666746636232,2.121
5.413333413998286,2.071
5.460000081360341,2.042
5.506666748722394,1.992
5.553333416084449,1.955
5.600000083446503,1.888
5.646666750808557,1.835
5.693333418170611,1.837
5.740000085532666,1.795
5.786666752894719,1.746
5.833333420256774,1.68
5.880000087618828,1.652
5.926666754980882,1.654
5.973333422342936,1.627
6.020000089704991,1.609
6.066666757067045,1.57
6.113333424429099,1.479
6.1600000917911535,1.421
6.206666759153207,1.413
6.253333426515262,1.387
6.300000093877316,1.351
6.34666676123937,1.339
6.393333428601424,1.371
6.440000095963478,1.288
6.486666763325532,1.196
6.533333430687587,1.194
6.5800000980496405,1.198
6.626666765411695,1.222
6.67333343277375,1.26
6.720000100135803,1.242
6.766666767497858,1.23
6.813333434859912,1.223
6.860000102221966,1.137
6.90666676958402,1.119
6.953333436946075,1.164
7.000000104308128,1.174
7.046666771670183,1.119
7.093333439032237,1.062
7.140000106394291,1.041
7.186666773756345,1.013
7.2333334411184,0.998
7.280000108480453,0.983
7.326666775842508,0.949
7.373333443204562,0.944
7.420000110566616,0.934
7.466666777928671,0.94
7.513333445290723,0.896
7.560000112652779,0.85
7.606666780014833,0.939
7.653333447376887,1.005
7.700000114738941,0.967
7.746666782100996,0.934
7.7933334494630495,0.925
7.840000116825104,0.924
7.886666784187158,0.94
7.933333451549212,0.896
7.980000118911266,0.895
8.02666678627332,0.88
8.073333453635374,0.898
8.12000012099743,0.962
8.166666788359484,0.975
8.213333455721537,0.98
8.260000123083591,1.02
8.306666790445647,0.959
8.3533334578077,0.955
8.400000125169754,0.995
8.446666792531808,1.007
8.493333459893863,0.95
8.540000127255917,0.917
8.58666679461797,0.907
8.633333461980024,0.966
8.68000012934208,0.97
8.726666796704134,0.966
8.773333464066187,0.941
8.820000131428243,0.894
8.866666798790297,0.876
8.91333346615235,0.854
8.960000133514404,0.909
9.00666680087646,0.888
9.053333468238511,0.844
9.100000135600569,0.894
9.14666680296262,0.874
9.193333470324676,0.804
9.24000013768673,0.783
9.286666805048784,0.777
9.33333347241084,0.785
9.380000139772893,0.748
9.426666807134946,0.772
9.473333474497,0.796
9.520000141859056,0.787
9.56666680922111,0.763
9.613333476583165,0.747
9.660000143945217,0.717
9.706666811307272,0.681
9.753333478669326,0.704
9.80000014603138,0.641
9.846666813393432,0.61
9.893333480755487,0.677
9.940000148117544,0.746
9.986666815479596,0.782
10.033333482841652,0.755
10.080000150203706,0.748
10.12666681756576,0.784
10.173333484927811,0.756
10.220000152289868,0.731
10.266666819651922,0.793
10.313333487013976,0.832
10.36000015437603,0.798
10.406666821738083,0.789
10.45333348910014,0.775
10.500000156462193,0.754
10.546666823824246,0.698
10.593333491186302,0.706
10.640000158548355,0.729
10.68666682591041,0.718
10.733333493272465,0.686
10.780000160634518,0.681
10.826666827996572,0.702
10.873333495358626,0.704
10.92000016272068,0.702
10.966666830082737,0.666
11.013333497444789,0.641
11.060000164806842,0.634
11.106666832168898,0.626
11.153333499530952,0.697
11.200000166893004,0.734
11.24666683425506,0.72
11.293333501617116,0.67
11.340000168979168,0.658
11.386666836341222,0.658
11.433333503703278,0.663
11.480000171065331,0.707
11.526666838427383,0.74
11.57333350578944,0.718
11.620000173151494,0.667
11.666666840513548,0.666
11.713333507875602,0.701
11.760000175237655,0.709
11.80666684259971,0.663
11.853333509961764,0.656
11.900000177323818,0.647
11.946666844685872,0.646
11.993333512047927,0.641
12.04000017940998,0.618
12.086666846772037,0.559
12.13333351413409,0.572
12.180000181496144,0.614
12.226666848858198,0.579
12.273333516220251,0.558
12.320000183582309,0.575
12.36666685094436,0.568
12.413333518306414,0.586
12.460000185668468,0.61
12.506666853030524,0.615
12.553333520392576,0.622
12.600000187754633,0.592
12.646666855116685,0.537
12.69333352247874,0.533
12.740000189840794,0.615
12.786666857202848,0.616
12.833333524564903,0.571
12.880000191926957,0.616
12.92666685928901,0.616
12.973333526651064,0.574
13.02000019401312,0.605
13.066666861375174,0.657
13.113333528737227,0.654
13.16000019609928,0.571
13.206666863461336,0.55
13.25333353082339,0.6
13.300000198185444,0.612
13.3466668655475,0.586
13.393333532909551,0.567
13.440000200271609,0.567
13.48666686763366,0.567
13.533333534995716,0.539
13.58000020235777,0.497
13.626666869719823,0.493
13.673333537081875,0.552
13.720000204443933,0.603
13.766666871805986,0.613
13.81333353916804,0.599
13.860000206530094,0.619
13.90666687389215,0.631
13.953333541254205,0.637
14.000000208616257,0.598
14.046666875978312,0.598
14.093333543340366,0.599
14.14000021070242,0.587
14.186666878064472,0.601
14.233333545426529,0.582
14.280000212788584,0.507
14.326666880150636,0.502
14.37333354751269,0.538
14.420000214874744,0.557
14.4666668822368,0.56
14.513333549598851,0.591
14.560000216960908,0.61
14.606666884322962,0.667
14.653333551685016,0.639
14.70000021904707,0.607
14.746666886409123,0.621
14.79333355377118,0.592
14.840000221133232,0.557
14.886666888495286,0.53
14.933333555857342,0.517
14.980000223219395,0.58
15.026666890581447,0.61
15.073333557943505,0.646
15.120000225305558,0.623
15.166666892667612,0.544
15.213333560029666,0.536
15.26000022739172,0.556
15.306666894753777,0.531
15.353333562115829,0.507
15.400000229477882,0.48
15.446666896839938,0.455
15.493333564201992,0.483
15.540000231564044,0.498
15.5866668989261,0.456
15.633333566288156,0.465
15.680000233650208,0.452
15.726666901012262,0.503
15.773333568374316,0.515
15.820000235736371,0.499
15.866666903098425,0.516
15.91333357046048,0.497
15.960000237822532,0.501
16.006666905184588,0.506
16.05333357254664,0.522
16.100000239908695,0.508
16.14666690727075,0.461
16.193333574632803,0.473
16.24000024199486,0.519
16.286666909356914,0.501
16.333333576718967,0.543
16.38000024408102,0.548
16.426666911443075,0.523
16.47333357880513,0.46
16.520000246167182,0.41
16.566666913529236,0.424
16.613333580891293,0.439
16.660000248253347,0.42
16.7066669156154,0.384
16.753333582977454,0.42
16.800000250339508,0.445
16.84666691770156,0.42
16.893333585063615,0.404
16.940000252425673,0.413
16.986666919787726,0.405
17.03333358714978,0.431
17.080000254511834,0.467
17.126666921873888,0.48
17.17333358923594,0.477
17.220000256597995,0.503
17.26666692396005,0.524
17.313333591322106,0.488
17.36000025868416,0.521
17.406666926046213,0.532
17.453333593408267,0.554
17.50000026077032,0.489
17.546666928132375,0.401
17.59333359549443,0.403
17.640000262856486,0.446
17.68666693021854,0.442
17.733333597580593,0.454
17.780000264942647,0.48
17.8266669323047,0.453
17.873333599666754,0.431
17.920000267028808,0.465
17.96666693439086,0.462
18.01333360175292,0.456
18.060000269114973,0.496
18.106666936477023,0.49
18.15333360383908,0.491
18.200000271201134,0.506
18.246666938563187,0.555
18.29333360592524,0.567
18.3400002732873,0.526
18.386666940649352,0.569
18.43333360801141,0.528
18.48000027537346,0.507
18.526666942735517,0.502
18.573333610097567,0.517
18.62000027745962,0.545
18.66666694482168,0.553
18.71333361218373,0.535
18.760000279545785,0.603
18.80666694690784,0.599
18.853333614269893,0.572
18.900000281631947,0.572
18.946666948994,0.536
18.99333361635605,0.471
19.04000028371811,0.486
19.086666951080165,0.514
19.13333361844222,0.479
19.180000285804272,0.473
19.22666695316633,0.468
19.27333362052838,0.44
19.320000287890437,0.416
19.36666695525249,0.439
19.413333622614545,0.459
19.4600002899766,0.461
19.50666695733865,0.427
19.553333624700706,0.4
19.60000029206276,0.474
19.646666959424813,0.52
19.693333626786867,0.485
19.740000294148924,0.465
19.786666961510974,0.399
19.83333362887303,0.412
19.880000296235085,0.39
19.92666696359714,0.34
19.973333630959196,0.362
20.020000298321246,0.381
20.066666965683304,0.402
20.11333363304536,0.392
20.16000030040741,0.495
20.206666967769465,0.555
20.25333363513152,0.537
20.30000030249357,0.489
20.346666969855622,0.42
20.39333363721768,0.495
20.440000304579737,0.563
20.48666697194179,0.59
20.533333639303844,0.615
20.580000306665895,0.585
20.626666974027952,0.57
20.67333364139001,0.548
20.72000030875206,0.505
20.76666697611412,0.488
20.81333364347617,0.499
20.860000310838224,0.502
20.90666697820028,0.561
20.95333364556233,0.515
21.000000312924385,0.47
21.04666698028644,0.5
21.093333647648493,0.448
21.14000031501055,0.443
21.186666982372603,0.468
21.233333649734657,0.506
21.28000031709671,0.515
21.326666984458765,0.495
21.37333365182082,0.475
21.420000319182872,0.438
21.46666698654493,0.419
21.513333653906983,0.424
21.56000032126904,0.444
21.60666698863109,0.422
21.653333655993144,0.403
21.7000003233552,0.403
21.74666699071725,0.381
21.793333658079305,0.384
21.840000325441363,0.373
21.886666992803416,0.382
21.93333366016547,0.4
21.980000327527524,0.402
22.026666994889577,0.403
22.07333366225163,0.416
22.120000329613685,0.411
22.166666996975746,0.396
22.2133336643378,0.397
22.26000033169985,0.394
22.306666999061903,0.328
22.35333366642396,0.313
22.40000033378601,0.395
22.446667001148064,0.386
22.49333366851012,0.387
22.540000335872172,0.388
22.58666700323423,0.353
22.633333670596283,0.343
22.680000337958337,0.355
22.72666700532039,0.328
22.773333672682444,0.309
22.820000340044498,0.344
22.866667007406555,0.337
22.91333367476861,0.348
22.960000342130662,0.369
23.00666700949272,0.358
23.05333367685477,0.315
23.100000344216824,0.326
23.14666701157888,0.345
23.19333367894093,0.335
23.24000034630299,0.446
23.28666701366504,0.49
23.333333681027096,0.448
23.38000034838915,0.478
23.426667015751203,0.523
23.473333683113257,0.565
23.52000035047531,0.559
23.566667017837368,0.55
23.61333368519942,0.481
23.660000352561475,0.486
23.70666701992353,0.548
23.753333687285583,0.485
23.80000035464764,0.443
23.84666702200969,0.385
23.893333689371744,0.354
23.9400003567338,0.354
23.98666702409585,0.391
24.03333369145791,0.389
24.08000035881996,0.359
24.126667026182016,0.365
24.17333369354407,0.355
24.220000360906123,0.325
24.26666702826818,0.38
24.313333695630234,0.384
24.360000362992288,0.361
24.406667030354345,0.376
24.4533336977164,0.35
24.50000036507845,0.386
24.546667032440503,0.381
24.59333369980256,0.404
24.64000036716461,0.489
24.686667034526668,0.543
24.73333370188872,0.548
24.78000036925077,0.485
24.82666703661283,0.414
24.873333703974883,0.429
24.920000371336936,0.431
24.966667038698997,0.408
25.013333706061047,0.401
25.0600003734231,0.386
25.106667040785155,0.395
25.15333370814721,0.385
25.200000375509266,0.376
25.24666704287132,0.371
25.29333371023337,0.341
25.340000377595427,0.336
25.38666704495748,0.388
25.43333371231953,0.4
25.480000379681588,0.389
25.52666704704364,0.355
25.573333714405692,0.356
25.62000038176775,0.346
25.666667049129806,0.346
25.71333371649186,0.368
25.760000383853917,0.353
25.806667051215967,0.343
25.85333371857802,0.337
25.900000385940075,0.373
25.94666705330213,0.402
25.993333720664182,0.416
26.04000038802624,0.426
26.086667055388293,0.385
26.133333722750347,0.407
26.1800003901124,0.397
26.22666705747445,0.433
26.273333724836508,0.519
26.32000039219856,0.479
26.36666705956062,0.435
26.413333726922676,0.445
26.460000394284727,0.422
26.50666706164678,0.425
26.553333729008838,0.469
26.600000396370888,0.434
26.64666706373294,0.389
26.693333731095,0.408
26.74000039845705,0.392
26.786667065819103,0.376
26.83333373318116,0.378
26.880000400543214,0.427
26.926667067905267,0.443
26.97333373526732,0.454
27.02000040262937,0.42
27.066667069991432,0.423
27.11333373735349,0.465
27.16000040471554,0.458
27.206667072077597,0.442
27.253333739439647,0.46
27.3000004068017,0.439
27.346667074163754,0.405
27.39333374152581,0.433
27.440000408887865,0.495
27.48666707624992,0.49
27.533333743611973,0.478
27.580000410974023,0.467
27.62666707833608,0.46
27.67333374569813,0.417
27.720000413060188,0.39
27.766667080422245,0.446
27.8133337477843,0.516
27.860000415146352,0.508
27.90666708250841,0.504
27.95333374987046,0.508
28.000000417232517,0.517
28.046667084594567,0.517
28.093333751956624,0.467
28.14000041931868,0.444
28.18666708668073,0.479
28.233333754042786,0.473
28.28000042140484,0.444
28.326667088766893,0.461
28.373333756128947,0.442
28.420000423491,0.433
28.466667090853058,0.417
28.51333375821511,0.446
28.560000425577165,0.459
28.60666709293922,0.432
28.653333760301276,0.441
28.700000427663326,0.497
28.74666709502538,0.418
28.79333376238744,0.369
28.84000042974949,0.414
28.886667097111545,0.413
28.9333337644736,0.41
28.98000043183565,0.402
29.026667099197702,0.467
29.07333376655976,0.503
29.120000433921813,0.449
29.16666710128387,0.376
29.213333768645924,0.314
29.260000436007974,0.363
29.30666710337003,0.47
29.353333770732085,0.478
29.40000043809414,0.403
29.446667105456196,0.373
29.49333377281825,0.408
29.540000440180304,0.421
29.58666710754236,0.418
29.63333377490441,0.452
29.680000442266465,0.385
29.72666710962852,0.371
29.77333377699057,0.417
29.820000444352623,0.4
29.866667111714683,0.409
29.913333779076737,0.416
29.96000044643879,0.469
30.006667113800845,0.482
30.053333781162895,0.442
30.100000448524952,0.439
30.14666711588701,0.467
30.193333783249063,0.501
30.24000045061112,0.543
30.28666711797317,0.594
30.333333785335224,0.54
30.38000045269728,0.481
30.42666712005933,0.436
30.473333787421385,0.397
30.52000045478344,0.412
30.566667122145496,0.464
30.61333378950755,0.414
30.660000456869604,0.387
30.706667124231657,0.357
30.75333379159371,0.353
30.800000458955765,0.356
30.84666712631782,0.321
30.89333379367988,0.361
30.94000046104193,0.435
30.986667128403983,0.393
31.03333379576604,0.313
31.08000046312809,0.274
31.126667130490144,0.324
31.1733337978522,0.381
31.22000046521425,0.388
31.26666713257631,0.384
31.313333799938363,0.326
31.360000467300416,0.344
31.40666713466247,0.41
31.453333802024524,0.407
31.500000469386578,0.393
31.54666713674863,0.415
31.59333380411069,0.439
31.640000471472742,0.441
31.6866671388348,0.436
31.73333380619685,0.397
31.780000473558903,0.385
31.82666714092096,0.394
31.87333380828301,0.346
31.920000475645065,0.358
31.96666714300712,0.346
32.013333810369176,0.368
32.06000047773123,0.38
32.10666714509328,0.383
32.15333381245534,0.377
32.20000047981739,0.33
32.246667147179444,0.324
32.2933338145415,0.39
32.34000048190355,0.43
32.386667149265605,0.403
32.43333381662766,0.408
32.48000048398972,0.384
32.526667151351774,0.354
32.57333381871383,0.367
32.62000048607588,0.378
32.666667153437935,0.372
32.71333382079999,0.371
32.76000048816204,0.405
32.806667155524096,0.414
32.85333382288615,0.365
32.9000004902482,0.351
32.94666715761026,0.367
32.99333382497231,0.447
33.040000492334364,0.513
33.08666715969642,0.475
33.13333382705847,0.445
33.18000049442053,0.481
33.226667161782586,0.491
33.27333382914464,0.48
33.320000496506694,0.47
33.36666716386875,0.456
33.4133338312308,0.361
33.460000498592855,0.313
33.50666716595491,0.322
33.55333383331696,0.406
33.600000500679016,0.456
33.64666716804107,0.453
33.69333383540312,0.43
33.74000050276518,0.438
33.78666717012723,0.473
33.833333837489285,0.441
33.880000504851346,0.433
33.9266671722134,0.423
33.97333383957545,0.418
34.02000050693751,0.404
34.06666717429956,0.409
34.113333841661614,0.447
34.16000050902367,0.449
34.20666717638572,0.395
34.253333843747775,0.405
34.30000051110983,0.416
34.34666717847188,0.388
34.393333845833936,0.371
34.44000051319599,0.368
34.486667180558044,0.355
34.5333338479201,0.364
34.58000051528216,0.385
34.62666718264421,0.403
34.673333850006266,0.444
34.72000051736832,0.439
34.76666718473037,0.411
34.81333385209243,0.415
34.86000051945448,0.421
34.906667186816534,0.423
34.95333385417859,0.443
35.00000052154064,0.477
35.046667188902696,0.452
35.09333385626475,0.369
35.1400005236268,0.37
35.18666719098886,0.408
35.23333385835091,0.406
35.28000052571297,0.414
35.326667193075025,0.461
35.37333386043708,0.475
35.42000052779913,0.438
35.466667195161186,0.385
35.51333386252324,0.362
35.56000052988529,0.343
35.60666719724735,0.36
35.6533338646094,0.353
35.700000531971455,0.352
35.74666719933351,0.348
35.79333386669556,0.334
35.840000534057616,0.305
35.88666720141967,0.366
35.93333386878172,0.42
35.980000536143784,0.401
36.02666720350584,0.363
36.07333387086789,0.309
36.120000538229945,0.3
36.166667205592,0.305
36.21333387295405,0.269
36.260000540316106,0.265
36.30666720767816,0.273
36.35333387504021,0.307
36.40000054240227,0.303
36.44666720976432,0.29
36.493333877126375,0.344
36.54000054448843,0.309
36.58666721185048,0.282
36.63333387921254,0.265
36.6800005465746,0.26
36.72666721393665,0.298
36.773333881298704,0.288
36.82000054866076,0.291
36.86666721602281,0.341
36.91333388338487,0.348
36.96000055074692,0.385
37.00666721810897,0.371
37.05333388547103,0.33
37.10000055283308,0.326
37.146667220195134,0.306
37.19333388755719,0.269
37.24000055491924,0.259
37.286667222281295,0.264
37.33333388964336,0.326
37.38000055700541,0.362
37.42666722436746,0.409
37.47333389172952,0.364
37.52000055909157,0.323
37.566667226453625,0.351
37.61333389381568,0.324
37.66000056117773,0.309
37.706667228539786,0.341
37.75333389590184,0.328
37.80000056326389,0.323
37.84666723062595,0.368
37.893333897988,0.365
37.94000056535005,0.373
37.98666723271211,0.382
