time_min,absorb_mau
0.0,0.007
0.0366666672130425,0.017
0.0733333344260851,0.063
0.1100000016391277,0.082
0.1466666688521703,0.167
0.1833333360652129,0.209
0.2200000032782554,0.168
0.256666670491298,0.1
0.2933333377043406,0.099
0.3300000049173832,0.161
0.3666666721304258,0.224
0.4033333393434684,0.172
0.4400000065565109,0.13
0.4766666737695535,0.143
0.5133333409825961,0.193
0.5500000081956387,0.187
0.5866666754086812,0.162
0.6233333426217238,0.163
0.6600000098347664,0.191
0.6966666770478089,0.221
0.7333333442608516,0.22
0.7700000114738942,0.183
0.8066666786869368,0.148
0.8433333458999793,0.211
0.8800000131130219,0.27
0.9166666803260644,0.316
0.953333347539107,0.417
0.9900000147521496,0.606
1.0266666819651922,0.743
1.0633333491782349,0.76
1.100000016391277,0.67
1.13666668360432,0.594
1.1733333508173625,0.672
1.2100000180304051,0.955
1.2466666852434476,1.578
1.2833333524564905,2.713
1.3200000196695327,4.541
1.3566666868825754,7.527
1.393333354095618,12.05
1.4300000213086606,18.356
1.4666666885217032,27.2
1.5033333557347457,38.269
1.5400000229477884,51.06
1.5766666901608308,65.066
1.6133333573738735,80.072
1.650000024586916,95.66
1.6866666917999589,111.476
1.723333359013001,126.495
1.7600000262260438,141.525
1.7966666934390862,155.56
1.833333360652129,167.068
1.8700000278651716,176.2
1.906666695078214,182.913
1.9433333622912567,187.599
1.9800000295042992,190.416
2.016666696717342,191.296
2.0533333639303843,190.271
2.090000031143427,187.534
2.1266666983564697,183.077
2.163333365569512,177.152
2.200000032782554,170.082
2.236666699995597,162.165
2.27333336720864,153.715
2.3100000344216824,145.08
2.346666701634725,135.994
2.383333368847768,126.769
2.4200000360608103,117.769
2.4566667032738527,109.044
2.493333370486895,100.631
2.530000037699938,92.46
2.5666667049129805,84.529
2.603333372126023,77.005
2.640000039339065,69.708
2.6766667065521084,62.97
2.713333373765151,56.853
2.7500000409781933,51.245
2.786666708191236,46.091
2.823333375404278,41.449
2.860000042617321,37.303
2.896666709830364,33.432
2.9333333770434065,29.841
2.970000044256449,26.509
3.0066667114694914,23.6
3.043333378682534,21.051
3.0800000458955767,18.816
3.116666713108619,16.769
3.1533333803216617,14.886
3.190000047534704,13.204
3.226666714747747,11.683
3.263333381960789,10.35
3.300000049173832,9.27
3.336666716386875,8.276
3.3733333835999173,7.351
3.41000005081296,6.52
3.446666718026002,5.851
3.483333385239045,5.254
3.520000052452088,4.701
3.55666671966513,4.225
3.5933333868781725,3.792
3.630000054091216,3.428
3.666666721304258,3.096
3.7033333885173,2.771
3.740000055730343,2.485
3.7766667229433857,2.295
3.813333390156428,2.129
3.850000057369471,1.972
3.8866667245825135,1.821
3.923333391795556,1.697
3.9600000590085984,1.583
3.996666726221641,1.456
4.033333393434684,1.327
4.070000060647726,1.253
4.106666727860769,1.207
4.143333395073811,1.129
4.180000062286854,1.018
4.216666729499896,0.972
4.253333396712939,0.958
4.290000063925982,0.937
4.326666731139024,0.848
4.363333398352067,0.817
4.400000065565109,0.815
4.436666732778152,0.795
4.473333399991194,0.722
4.5100000672042375,0.686
4.54666673441728,0.662
4.583333401630322,0.659
4.620000068843365,0.647
4.656666736056407,0.659
4.69333340326945,0.651
4.730000070482492,0.645
4.766666737695536,0.637
4.803333404908578,0.609
4.8400000721216205,0.628
4.876666739334663,0.649
4.9133334065477055,0.623
4.950000073760748,0.619
4.98666674097379,0.6
5.023333408186833,0.569
5.060000075399876,0.556
5.096666742612919,0.579
5.133333409825961,0.619
5.170000077039004,0.539
5.206666744252046,0.513
5.2433334114650885,0.497
5.280000078678131,0.473
5.316666745891174,0.478
5.353333413104217,0.456
5.390000080317259,0.43
5.426666747530302,0.411
5.463333414743344,0.399
5.500000081956387,0.38
5.536666749169429,0.344
5.573333416382472,0.324
5.610000083595515,0.353
5.646666750808557,0.363
5.6833334180216,0.379
5.720000085234642,0.383
5.756666752447685,0.368
5.793333419660727,0.4
5.83000008687377,0.428
5.866666754086813,0.365
5.903333421299855,0.31
5.940000088512898,0.372
5.97666675572594,0.414
6.013333422938983,0.402
6.050000090152025,0.357
6.086666757365068,0.343
6.12333342457811,0.336
6.1600000917911535,0.345
6.196666759004196,0.384
6.233333426217238,0.366
6.270000093430281,0.348
6.306666760643323,0.335
6.343333427856366,0.332
6.380000095069408,0.34
6.416666762282452,0.345
6.453333429495494,0.349
6.4900000967085365,0.33
6.526666763921579,0.302
6.563333431134621,0.276
6.600000098347664,0.294
6.636666765560706,0.29
6.67333343277375,0.301
6.710000099986792,0.298
6.746666767199835,0.32
6.783333434412877,0.343
6.82000010162592,0.304
6.856666768838962,0.27
6.893333436052004,0.293
6.930000103265047,0.263
6.96666677047809,0.274
7.003333437691133,0.327
7.040000104904175,0.304
7.076666772117218,0.297
7.11333343933026,0.277
7.150000106543303,0.298
7.186666773756345,0.309
7.223333440969388,0.276
7.260000108182431,0.271
7.296666775395473,0.229
7.333333442608516,0.198
7.370000109821558,0.223
7.406666777034601,0.23
7.443333444247643,0.227
7.480000111460685,0.234
7.516666778673729,0.229
7.553333445886771,0.182
7.590000113099814,0.159
7.626666780312856,0.183
7.663333447525899,0.213
7.700000114738941,0.242
7.736666781951984,0.238
7.773333449165027,0.265
7.810000116378069,0.304
7.846666783591112,0.296
7.883333450804154,0.281
7.920000118017197,0.262
7.956666785230239,0.2
7.993333452443282,0.165
8.030000119656325,0.158
8.066666786869368,0.174
8.10333345408241,0.166
8.140000121295452,0.183
8.176666788508495,0.177
8.213333455721537,0.161
8.25000012293458,0.12
8.286666790147622,0.19
8.323333457360665,0.255
8.360000124573707,0.263
8.39666679178675,0.23
8.433333458999792,0.221
8.470000126212836,0.218
8.506666793425879,0.207
8.543333460638921,0.168
8.580000127851964,0.194
8.616666795065006,0.233
8.653333462278049,0.232
8.690000129491091,0.227
8.726666796704134,0.24
8.763333463917176,0.247
8.800000131130219,0.205
8.836666798343261,0.197
8.873333465556303,0.188
8.910000132769346,0.172
8.946666799982388,0.148
8.98333346719543,0.156
9.020000134408477,0.204
9.056666801621516,0.217
9.09333346883456,0.201
9.130000136047602,0.204
9.166666803260645,0.223
9.203333470473687,0.225
9.24000013768673,0.262
9.276666804899772,0.227
9.313333472112816,0.206
9.350000139325855,0.223
9.3866668065389,0.246
9.423333473751942,0.279
9.460000140964985,0.254
9.496666808178029,0.26
9.533333475391071,0.261
9.570000142604114,0.229
9.606666809817156,0.213
9.6433334770302,0.172
9.68000014424324,0.172
9.716666811456284,0.245
9.753333478669326,0.274
9.790000145882368,0.253
9.826666813095413,0.233
9.863333480308452,0.268
9.900000147521496,0.299
9.936666814734538,0.296
9.97333348194758,0.244
