time_min,absorb_mau
0.0,0.008
0.0266666670640309,0.031
0.0533333341280619,0.026
0.0800000011920929,0.013
0.1066666682561238,0.013
0.1333333353201548,0.036
0.1600000023841858,0.088
0.1866666694482167,0.134
0.2133333365122477,0.139
0.2400000035762786,0.167
0.2666666706403096,0.138
0.2933333377043406,0.115
0.3200000047683716,0.054
0.3466666718324026,0.022
0.3733333388964335,-0.004
0.4000000059604645,-0.007
0.4266666730244954,0.001
0.4533333400885264,0.014
0.4800000071525573,0.029
0.5066666742165884,0.016
0.5333333412806193,-0.014
0.5600000083446502,-0.049
0.5866666754086812,-0.022
0.6133333424727122,-0.02
0.6400000095367432,-0.014
0.6666666766007742,0.012
0.6933333436648051,0.042
0.7200000107288361,0.11
0.746666677792867,0.132
0.773333344856898,0.19
0.800000011920929,0.206
0.8266666789849599,0.224
0.8533333460489909,0.222
0.8800000131130219,0.186
0.9066666801770528,0.174
0.933333347241084,0.142
0.9600000143051148,0.153
0.9866666813691456,0.142
1.0133333484331768,0.163
1.0400000154972078,0.158
1.0666666825612383,0.157
1.0933333496252695,0.17
1.1200000166893005,0.187
1.1466666837533317,0.181
1.1733333508173625,0.187
1.2000000178813934,0.166
1.2266666849454244,0.2
1.2533333520094554,0.201
1.2800000190734864,0.254
1.3066666861375174,0.282
1.3333333532015483,0.304
1.360000020265579,0.313
1.3866666873296103,0.326
1.4133333543936413,0.395
1.4400000214576725,0.515
1.4666666885217032,0.704
1.493333355585734,0.981
1.520000022649765,1.353
1.546666689713796,1.88
1.573333356777827,2.511
1.600000023841858,3.383
1.626666690905889,4.445
1.65333335796992,5.789
1.6800000250339509,7.5
1.7066666920979818,9.572
1.7333333591620128,12.159
1.7600000262260438,15.092
1.7866666932900748,18.852
1.8133333603541055,23.222
1.8400000274181367,28.226
1.866666694482168,33.812
1.8933333615461987,40.003
1.9200000286102292,46.863
1.9466666956742604,54.248
1.9733333627382916,62.362
2.0000000298023224,71.218
2.0266666968663536,80.564
2.0533333639303843,90.635
2.0800000309944155,101.112
2.1066666980584463,112.051
2.133333365122477,123.492
2.1600000321865083,134.681
2.186666699250539,146.022
2.2133333663145702,156.805
2.240000033378601,167.535
2.266666700442632,178.338
2.293333367506663,189.111
2.320000034570694,199.423
2.346666701634725,209.69
2.373333368698756,220.094
2.400000035762787,230.504
2.426666702826818,240.578
2.453333369890849,249.874
2.48000003695488,258.562
2.506666704018911,266.728
2.533333371082942,274.332
2.5600000381469727,281.484
2.5866667052110035,288.106
2.6133333722750347,293.913
2.640000039339065,299.312
2.6666667064030967,304.011
2.6933333734671274,308.186
2.720000040531158,311.536
2.7466667075951894,314.157
2.7733333746592206,316.078
2.800000041723252,317.249
2.8266667087872825,317.767
2.8533333758513133,317.703
2.8800000429153445,316.965
2.9066667099793757,315.668
2.9333333770434065,313.722
2.960000044107437,311.13
2.986666711171468,308.02
3.013333378235499,304.393
3.04000004529953,300.428
3.066666712363561,295.998
3.093333379427592,291.175
3.120000046491623,285.984
3.146666713555654,280.419
3.173333380619685,274.667
3.200000047683716,268.563
3.226666714747747,262.227
3.253333381811778,255.818
3.280000048875809,249.155
3.30666671593984,242.462
3.333333383003871,235.556
3.3600000500679017,228.926
3.386666717131933,222.223
3.413333384195964,215.411
3.4400000512599944,208.503
3.4666667183240256,201.671
3.4933333853880564,194.613
3.520000052452088,187.288
3.5466667195161183,180.077
3.573333386580149,172.991
3.6000000536441803,166.284
3.626666720708212,159.76
3.653333387772242,153.536
3.6800000548362735,147.582
3.706666721900304,141.704
3.733333388964336,135.786
3.760000056028366,130.253
3.786666723092397,124.661
3.813333390156428,119.196
3.840000057220459,113.649
3.86666672428449,108.391
3.893333391348521,103.578
3.920000058412552,98.936
3.946666725476583,94.561
3.973333392540614,90.399
4.000000059604645,86.336
4.026666726668676,82.34
4.053333393732707,78.426
4.0800000607967375,74.544
4.106666727860769,70.828
4.1333333949248,67.215
4.160000061988831,63.894
4.186666729052861,60.76
4.213333396116893,57.848
4.240000063180924,55.054
4.266666730244954,52.41
4.293333397308985,49.903
4.3200000643730165,47.488
4.346666731437048,45.203
4.373333398501078,42.917
4.400000065565109,40.817
4.4266667326291405,38.767
4.453333399693172,36.909
4.480000066757202,35.077
4.506666733821233,33.393
4.533333400885264,31.852
4.560000067949296,30.378
4.586666735013326,28.883
4.613333402077357,27.512
4.640000069141388,26.201
4.66666673620542,24.95
4.69333340326945,23.699
4.720000070333481,22.451
4.746666737397512,21.353
4.773333404461543,20.335
4.800000071525574,19.369
4.826666738589605,18.473
4.853333405653636,17.688
4.880000072717666,16.917
4.906666739781698,16.23
4.933333406845729,15.513
4.96000007390976,14.864
4.98666674097379,14.227
5.013333408037822,13.634
5.040000075101853,13.046
5.066666742165884,12.495
5.093333409229914,11.999
5.1200000762939455,11.558
5.146666743357977,11.137
5.173333410422007,10.722
5.200000077486038,10.325
5.226666744550069,9.92
5.253333411614101,9.531
5.280000078678131,9.137
5.306666745742162,8.809
5.333333412806193,8.505
5.3600000798702245,8.2
5.386666746934255,7.933
5.413333413998286,7.663
5.440000081062317,7.442
5.4666667481263485,7.202
5.493333415190379,6.987
5.52000008225441,6.753
5.546666749318441,6.592
5.573333416382472,6.396
5.600000083446503,6.264
5.626666750510534,6.088
5.653333417574565,5.951
5.680000084638595,5.809
5.706666751702627,5.681
5.733333418766658,5.57
5.760000085830689,5.395
5.786666752894719,5.266
5.813333419958751,5.121
5.840000087022782,5.003
5.866666754086813,4.892
5.893333421150843,4.775
5.920000088214874,4.67
5.946666755278906,4.585
5.973333422342936,4.493
6.000000089406967,4.415
6.026666756470998,4.35
6.05333342353503,4.326
6.08000009059906,4.289
6.106666757663091,4.22
6.133333424727122,4.121
6.1600000917911535,4.046
6.186666758855184,3.978
6.213333425919215,3.89
6.240000092983246,3.854
6.266666760047277,3.787
6.293333427111308,3.743
6.320000094175339,3.667
6.34666676123937,3.622
6.373333428303401,3.543
6.400000095367432,3.487
6.426666762431463,3.436
6.453333429495494,3.382
6.480000096559524,3.334
6.506666763623556,3.265
6.533333430687587,3.237
6.560000097751618,3.222
6.586666764815648,3.189
6.61333343187968,3.138
6.640000098943711,3.077
6.666666766007742,3.03
6.693333433071772,3.001
6.720000100135803,2.971
6.746666767199835,2.927
6.773333434263866,2.907
6.800000101327896,2.893
6.826666768391927,2.86
6.853333435455959,2.797
6.880000102519989,2.742
6.90666676958402,2.714
6.933333436648051,2.712
6.960000103712082,2.672
6.986666770776113,2.656
7.013333437840144,2.589
7.040000104904175,2.546
7.066666771968206,2.497
7.093333439032237,2.462
7.120000106096268,2.478
7.146666773160299,2.462
7.17333344022433,2.497
7.200000107288361,2.496
7.226666774352392,2.459
7.253333441416423,2.416
7.280000108480453,2.355
7.306666775544484,2.368
7.333333442608516,2.363
7.360000109672547,2.352
7.386666776736577,2.316
7.413333443800608,2.299
7.44000011086464,2.289
7.466666777928671,2.311
7.493333444992701,2.32
7.520000112056732,2.32
7.546666779120764,2.31
7.573333446184795,2.288
7.600000113248825,2.3
7.626666780312856,2.26
7.653333447376887,2.231
7.680000114440918,2.212
7.706666781504949,2.207
7.73333344856898,2.226
7.760000115633011,2.197
7.786666782697042,2.145
7.813333449761073,2.094
7.840000116825104,2.052
7.866666783889135,2.079
7.893333450953166,2.09
7.920000118017197,2.08
7.946666785081228,2.044
7.973333452145259,2.028
8.00000011920929,2.031
8.02666678627332,2.017
8.053333453337352,2.008
8.080000120401383,1.982
8.106666787465414,1.981
8.133333454529444,1.952
8.160000121593475,1.956
8.186666788657506,1.948
8.213333455721537,1.933
8.240000122785569,1.926
8.2666667898496,1.918
8.293333456913631,1.916
8.320000123977662,1.89
8.346666791041692,1.89
8.373333458105723,1.9
8.400000125169754,1.902
8.426666792233785,1.928
8.453333459297816,1.9
8.480000126361848,1.903
8.506666793425879,1.902
8.533333460489908,1.911
8.56000012755394,1.923
8.58666679461797,1.871
8.613333461682002,1.869
8.640000128746033,1.874
8.666666795810064,1.89
8.693333462874095,1.864
8.720000129938127,1.804
8.746666797002156,1.787
8.773333464066187,1.792
8.800000131130219,1.836
8.82666679819425,1.848
8.853333465258281,1.861
8.880000132322312,1.832
8.906666799386343,1.819
8.933333466450373,1.799
8.960000133514404,1.817
8.986666800578435,1.845
9.013333467642466,1.858
9.040000134706498,1.847
9.066666801770529,1.833
9.09333346883456,1.814
9.120000135898591,1.812
9.14666680296262,1.807
9.173333470026652,1.812
9.200000137090685,1.777
9.226666804154714,1.751
9.253333471218744,1.72
9.280000138282777,1.709
9.306666805346808,1.743
9.33333347241084,1.71
9.360000139474868,1.716
9.3866668065389,1.694
9.41333347360293,1.733
9.440000140666962,1.742
9.466666807730991,1.712
9.493333474795024,1.694
9.520000141859056,1.697
9.546666808923083,1.733
9.573333475987116,1.712
9.600000143051147,1.719
9.62666681011518,1.672
9.65333347717921,1.665
9.68000014424324,1.639
9.706666811307272,1.616
9.733333478371303,1.613
9.760000145435331,1.59
9.786666812499364,1.568
9.813333479563395,1.546
9.840000146627428,1.532
9.866666813691458,1.523
9.893333480755487,1.515
9.92000014781952,1.525
9.94666681488355,1.529
9.97333348194758,1.538
10.000000149011612,1.503
10.026666816075643,1.548
10.053333483139674,1.524
10.080000150203706,1.55
10.106666817267737,1.514
10.133333484331768,1.518
10.160000151395796,1.563
10.186666818459829,1.551
10.21333348552386,1.526
10.240000152587893,1.489
10.266666819651922,1.488
10.293333486715952,1.482
10.320000153779985,1.466
10.346666820844014,1.448
10.373333487908043,1.422
10.400000154972076,1.415
10.426666822036108,1.375
10.45333348910014,1.389
10.48000015616417,1.393
10.5066668232282,1.375
10.533333490292232,1.392
10.560000157356262,1.398
10.586666824420291,1.394
10.613333491484324,1.402
10.640000158548355,1.383
10.666666825612388,1.413
10.693333492676418,1.394
10.720000159740447,1.387
10.746666826804478,1.403
10.77333349386851,1.426
10.80000016093254,1.451
10.826666827996572,1.428
10.853333495060603,1.373
10.880000162124634,1.344
10.906666829188666,1.307
10.933333496252695,1.344
10.960000163316726,1.381
10.986666830380758,1.408
11.013333497444789,1.416
11.04000016450882,1.442
11.066666831572851,1.445
11.093333498636882,1.423
11.120000165700914,1.368
11.146666832764945,1.357
11.173333499828974,1.361
11.200000166893004,1.352
11.226666833957037,1.364
11.253333501021068,1.361
11.2800001680851,1.362
11.30666683514913,1.339
11.33333350221316,1.309
11.36000016927719,1.299
11.386666836341222,1.302
11.413333503405251,1.311
11.440000170469284,1.32
11.466666837533316,1.347
11.493333504597349,1.348
11.520000171661378,1.344
11.546666838725407,1.323
11.57333350578944,1.295
11.60000017285347,1.306
11.6266668399175,1.343
11.653333506981532,1.336
11.680000174045563,1.31
11.706666841109596,1.266
11.733333508173626,1.239
11.760000175237655,1.228
11.786666842301686,1.237
11.813333509365718,1.242
11.840000176429747,1.274
11.86666684349378,1.25
11.893333510557811,1.24
11.920000177621842,1.228
11.946666844685872,1.26
11.973333511749903,1.29
12.000000178813934,1.341
12.026666845877966,1.372
12.053333512941997,1.386
12.080000180006028,1.371
12.10666684707006,1.361
12.13333351413409,1.346
12.16000018119812,1.356
12.186666848262153,1.363
12.213333515326182,1.369
12.240000182390212,1.352
12.266666849454245,1.387
12.293333516518276,1.377
12.320000183582309,1.397
12.346666850646336,1.356
12.373333517710368,1.347
12.4000001847744,1.359
12.42666685183843,1.4
12.45333351890246,1.416
12.480000185966492,1.4
12.506666853030524,1.371
12.533333520094557,1.409
12.560000187158584,1.409
12.586666854222615,1.393
12.613333521286648,1.353
12.640000188350678,1.337
12.666666855414707,1.317
12.69333352247874,1.3
12.720000189542771,1.29
12.746666856606804,1.276
12.773333523670832,1.275
12.800000190734863,1.27
12.826666857798894,1.264
12.853333524862926,1.296
12.880000191926957,1.332
12.906666858990988,1.373
12.93333352605502,1.392
12.960000193119049,1.378
12.98666686018308,1.349
13.013333527247111,1.337
13.040000194311142,1.364
13.066666861375174,1.354
13.093333528439205,1.373
13.120000195503236,1.324
13.146666862567267,1.329
13.173333529631297,1.255
13.200000196695328,1.273
13.22666686375936,1.286
13.25333353082339,1.294
13.28000019788742,1.31
13.306666864951453,1.285
13.333333532015484,1.338
13.360000199079511,1.341
13.386666866143544,1.367
13.413333533207576,1.354
13.440000200271609,1.328
13.466666867335638,1.315
13.49333353439967,1.298
13.5200002014637,1.283
13.546666868527732,1.312
13.57333353559176,1.338
13.600000202655792,1.333
13.626666869719823,1.306
13.653333536783856,1.288
13.680000203847886,1.278
13.706666870911915,1.26
13.733333537975948,1.258
13.760000205039978,1.239
13.786666872104009,1.203
13.81333353916804,1.169
13.840000206232071,1.155
13.866666873296102,1.193
13.893333540360134,1.201
13.920000207424165,1.217
13.946666874488196,1.21
13.973333541552226,1.189
14.000000208616257,1.187
14.026666875680288,1.155
14.05333354274432,1.157
14.08000020980835,1.176
14.106666876872382,1.163
14.133333543936413,1.165
14.160000211000442,1.163
14.186666878064472,1.218
14.213333545128505,1.22
14.240000212192536,1.236
14.266666879256569,1.217
14.293333546320598,1.248
14.32000021338463,1.241
14.34666688044866,1.223
14.37333354751269,1.226
14.40000021457672,1.194
14.426666881640752,1.227
14.453333548704784,1.18
14.480000215768817,1.179
14.506666882832846,1.174
14.533333549896875,1.209
14.560000216960908,1.273
14.586666884024938,1.255
14.613333551088967,1.223
14.640000218153,1.19
14.666666885217031,1.204
14.693333552281064,1.224
14.720000219345094,1.23
14.746666886409123,1.231
14.773333553473154,1.207
14.800000220537186,1.224
14.826666887601217,1.254
14.853333554665248,1.247
14.88000022172928,1.232
14.90666688879331,1.151
14.933333555857342,1.176
14.960000222921373,1.212
14.986666889985402,1.243
15.013333557049434,1.255
15.040000224113465,1.222
15.066666891177496,1.194
15.093333558241527,1.17
15.120000225305558,1.172
15.14666689236959,1.185
15.17333355943362,1.2
15.20000022649765,1.241
15.22666689356168,1.244
15.253333560625713,1.24
15.280000227689744,1.232
15.306666894753777,1.25
15.333333561817806,1.269
15.360000228881836,1.263
15.386666895945869,1.213
15.413333563009898,1.221
15.44000023007393,1.179
15.46666689713796,1.198
15.493333564201992,1.183
15.520000231266025,1.221
15.546666898330054,1.245
15.573333565394083,1.271
15.600000232458116,1.317
15.626666899522146,1.314
15.653333566586175,1.317
15.680000233650208,1.297
15.70666690071424,1.312
15.73333356777827,1.322
15.7600002348423,1.283
15.786666901906331,1.266
15.813333568970362,1.21
15.840000236034394,1.233
15.866666903098425,1.23
15.893333570162456,1.259
15.920000237226487,1.246
15.946666904290518,1.254
15.973333571354548,1.223
16.00000023841858,1.219
16.02666690548261,1.213
16.05333357254664,1.235
16.080000239610673,1.269
16.106666906674704,1.277
16.133333573738735,1.325
16.160000240802766,1.311
16.186666907866798,1.306
16.21333357493083,1.253
16.24000024199486,1.236
16.266666909058888,1.254
16.29333357612292,1.253
16.32000024318695,1.288
16.34666691025098,1.272
16.373333577315012,1.287
16.400000244379044,1.279
16.426666911443075,1.267
16.453333578507106,1.261
16.480000245571137,1.263
16.50666691263517,1.237
16.5333335796992,1.256
16.56000024676323,1.241
16.586666913827262,1.299
16.613333580891293,1.294
16.640000247955324,1.288
16.666666915019352,1.247
16.693333582083383,1.265
16.720000249147414,1.268
16.746666916211446,1.247
16.773333583275477,1.228
16.800000250339508,1.23
16.82666691740354,1.264
16.85333358446757,1.278
16.8800002515316,1.306
16.906666918595633,1.313
16.933333585659664,1.324
16.960000252723695,1.332
16.986666919787726,1.329
17.013333586851758,1.333
17.04000025391579,1.322
17.066666920979817,1.327
17.093333588043848,1.346
17.12000025510788,1.336
17.14666692217191,1.335
17.17333358923594,1.282
17.200000256299973,1.288
17.226666923364004,1.292
17.253333590428035,1.281
17.280000257492066,1.285
17.306666924556097,1.241
17.33333359162013,1.241
17.36000025868416,1.201
17.38666692574819,1.195
17.413333592812222,1.211
17.440000259876253,1.246
17.46666692694028,1.247
17.493333594004312,1.25
17.520000261068343,1.205
17.546666928132375,1.246
17.573333595196406,1.277
17.600000262260437,1.28
17.626666929324468,1.259
17.6533335963885,1.196
17.68000026345253,1.205
17.706666930516562,1.193
17.733333597580593,1.241
17.760000264644624,1.257
17.786666931708655,1.264
17.813333598772687,1.224
17.840000265836718,1.208
17.866666932900745,1.206
17.893333599964777,1.251
17.920000267028808,1.236
17.94666693409284,1.231
17.97333360115687,1.197
18.0000002682209,1.222
18.026666935284933,1.258
18.053333602348964,1.303
18.080000269412995,1.292
18.106666936477023,1.272
18.133333603541057,1.277
18.16000027060509,1.273
18.18666693766912,1.274
18.21333360473315,1.223
18.240000271797182,1.186
18.266666938861214,1.174
18.29333360592524,1.201
18.320000272989272,1.219
18.346666940053304,1.247
18.37333360711733,1.207
18.40000027418137,1.231
18.4266669412454,1.212
18.45333360830943,1.246
18.48000027537346,1.253
18.50666694243749,1.281
18.53333360950152,1.288
18.560000276565557,1.261
18.586666943629584,1.266
18.613333610693616,1.245
18.640000277757647,1.236
18.66666694482168,1.21
18.693333611885706,1.2
18.720000278949737,1.205
18.746666946013768,1.231
18.7733336130778,1.247
18.80000028014183,1.229
18.82666694720586,1.219
18.853333614269893,1.188
18.880000281333924,1.203
18.906666948397955,1.191
18.933333615461983,1.186
18.960000282526018,1.178
18.98666694959005,1.158
19.01333361665408,1.151
19.04000028371811,1.157
19.066666950782142,1.184
19.09333361784617,1.212
19.1200002849102,1.24
19.146666951974236,1.233
19.173333619038264,1.237
19.20000028610229,1.262
19.22666695316633,1.24
19.25333362023036,1.241
19.28000028729439,1.199
19.30666695435842,1.22
19.33333362142245,1.211
19.36000028848648,1.183
19.386666955550517,1.156
19.413333622614545,1.176
19.440000289678576,1.194
19.466666956742607,1.208
19.493333623806635,1.217
19.520000290870662,1.229
19.546666957934697,1.232
19.573333624998728,1.243
19.60000029206276,1.259
19.62666695912679,1.277
19.653333626190825,1.26
19.680000293254853,1.257
19.706666960318884,1.227
19.733333627382915,1.226
19.760000294446947,1.212
19.786666961510974,1.227
19.81333362857501,1.252
19.84000029563904,1.251
19.86666696270307,1.254
19.8933336297671,1.224
19.92000029683113,1.208
19.94666696389516,1.193
19.973333630959196,1.191
