time_min,absorb_mau
0.0,0.112
0.0100000001490116,0.117
0.0200000002980232,0.113
0.0300000004470348,0.106
0.0400000005960464,0.107
0.050000000745058,0.104
0.0600000008940696,0.106
0.0700000010430812,0.115
0.0800000011920929,0.097
0.0900000013411045,0.096
0.1000000014901161,0.105
0.1100000016391277,0.1
0.1200000017881393,0.092
0.1300000019371509,0.089
0.1400000020861625,0.097
0.1500000022351741,0.097
0.1600000023841858,0.105
0.1700000025331974,0.117
0.180000002682209,0.1
0.1900000028312206,0.097
0.2000000029802322,0.107
0.2100000031292438,0.118
0.2200000032782554,0.116
0.2300000034272671,0.124
0.2400000035762786,0.135
0.2500000037252903,0.135
0.2600000038743019,0.145
0.2700000040233135,0.149
0.2800000041723251,0.137
0.2900000043213367,0.123
0.3000000044703483,0.127
0.31000000461936,0.122
0.3200000047683716,0.103
0.3300000049173832,0.09
0.3400000050663948,0.077
0.3500000052154064,0.063
0.360000005364418,0.077
0.3700000055134296,0.09
0.3800000056624412,0.087
0.3900000058114529,0.072
0.4000000059604645,0.07
0.4100000061094761,0.074
0.4200000062584877,0.092
0.4300000064074993,0.116
0.4400000065565109,0.128
0.4500000067055225,0.125
0.4600000068545342,0.132
0.4700000070035457,0.151
0.4800000071525573,0.166
0.490000007301569,0.184
0.5000000074505806,0.175
0.5100000075995922,0.152
0.5200000077486039,0.135
0.5300000078976155,0.13
0.5400000080466271,0.128
0.5500000081956387,0.118
0.5600000083446502,0.114
0.570000008493662,0.107
0.5800000086426735,0.1
0.5900000087916851,0.107
0.6000000089406967,0.107
0.6100000090897083,0.111
0.62000000923872,0.109
0.6300000093877316,0.101
0.6400000095367432,0.088
0.6500000096857548,0.084
0.6600000098347664,0.091
0.6700000099837781,0.11
0.6800000101327897,0.122
0.6900000102818012,0.121
0.7000000104308128,0.134
0.7100000105798244,0.143
0.7200000107288361,0.153
0.7300000108778477,0.158
0.7400000110268593,0.158
0.7500000111758709,0.158
0.7600000113248825,0.148
0.7700000114738942,0.155
0.7800000116229058,0.139
0.7900000117719174,0.12
0.800000011920929,0.115
0.8100000120699405,0.111
0.8200000122189522,0.102
0.8300000123679638,0.086
0.8400000125169754,0.069
0.850000012665987,0.06
0.8600000128149986,0.068
0.8700000129640103,0.08
0.8800000131130219,0.092
0.8900000132620335,0.111
0.9000000134110451,0.124
0.9100000135600568,0.147
0.9200000137090684,0.177
0.93000001385808,0.215
0.9400000140070917,0.241
0.9500000141561032,0.265
0.9600000143051148,0.287
0.9700000144541264,0.31
0.980000014603138,0.324
0.9900000147521496,0.357
1.0000000149011612,0.372
1.010000015050173,0.374
1.0200000151991844,0.387
1.030000015348196,0.417
1.0400000154972078,0.464
1.0500000156462193,0.5
1.060000015795231,0.521
1.0700000159442424,0.543
1.080000016093254,0.578
1.0900000162422658,0.634
1.100000016391277,0.692
1.110000016540289,0.774
1.1200000166893005,0.856
1.1300000168383122,0.957
1.140000016987324,1.122
1.1500000171363354,1.345
1.160000017285347,1.655
1.1700000174343586,2.04
1.1800000175833705,2.518
1.190000017732382,3.078
1.2000000178813934,3.794
1.2100000180304051,4.69
1.2200000181794166,5.721
1.2300000183284283,6.901
1.24000001847744,8.245
1.2500000186264515,9.867
1.2600000187754632,11.737
1.270000018924475,13.842
1.2800000190734864,16.188
1.290000019222498,18.851
1.3000000193715096,22.0
1.3100000195205213,25.445
1.3200000196695327,29.222
1.3300000198185444,33.345
1.340000019967556,37.853
1.3500000201165676,42.934
1.360000020265579,48.381
1.3700000204145908,54.335
1.3800000205636025,60.866
1.3900000207126142,68.026
1.4000000208616257,75.532
1.4100000210106374,83.316
1.4200000211596489,91.591
1.4300000213086606,100.78
1.4400000214576725,110.644
1.4500000216066835,120.47
1.4600000217556954,130.535
1.470000021904707,140.937
1.4800000220537186,152.292
1.4900000222027303,163.72
1.5000000223517418,175.215
1.5100000225007535,186.813
1.520000022649765,198.914
1.530000022798777,211.4
1.5400000229477884,223.597
1.5500000230968,236.45
1.5600000232458116,248.597
1.570000023394823,262.003
1.5800000235438347,275.805
1.5900000236928464,288.584
1.600000023841858,301.895
1.6100000239908696,316.027
1.620000024139881,329.321
1.6300000242888928,342.403
1.6400000244379045,355.849
1.650000024586916,368.424
1.6600000247359277,382.118
1.6700000248849391,396.033
1.6800000250339509,408.459
1.6900000251829626,420.999
1.700000025331974,433.871
1.7100000254809855,446.24
1.7200000256299972,458.333
1.730000025779009,470.259
1.7400000259280206,480.867
1.750000026077032,491.823
1.7600000262260438,501.772
1.7700000263750553,510.946
1.780000026524067,519.765
1.790000026673079,528.257
1.80000002682209,536.394
1.8100000269711016,543.65
1.820000027120113,550.248
1.830000027269125,556.428
1.8400000274181367,562.316
1.850000027567148,567.732
1.86000002771616,572.424
1.8700000278651716,576.702
1.880000028014183,580.606
1.8900000281631948,584.157
1.9000000283122065,587.109
1.910000028461218,589.547
1.9200000286102292,591.597
1.9300000287592407,593.291
1.9400000289082528,594.513
1.9500000290572643,595.173
1.960000029206276,595.441
1.9700000293552875,595.316
1.9800000295042992,594.715
1.990000029653311,593.781
2.0000000298023224,592.447
2.010000029951334,590.681
2.020000030100346,588.4
2.030000030249357,585.709
2.0400000303983687,582.741
2.0500000305473804,579.488
2.060000030696392,575.947
2.070000030845404,571.893
2.0800000309944155,567.568
2.090000031143427,563.146
2.1000000312924385,558.562
2.11000003144145,553.653
2.120000031590462,548.409
2.1300000317394736,543.056
2.140000031888485,537.49
2.150000032037497,531.747
2.1600000321865083,525.538
2.17000003233552,519.246
2.180000032484532,512.862
2.190000032633543,506.341
2.200000032782554,499.765
2.2100000329315663,492.881
2.220000033080578,486.099
2.2300000332295897,479.14
2.240000033378601,471.988
2.2500000335276127,464.372
2.2600000336766244,456.798
2.270000033825636,449.483
2.280000033974648,442.045
2.290000034123659,434.33
2.3000000342726707,426.342
2.3100000344216824,418.709
2.320000034570694,411.208
2.330000034719706,403.762
2.340000034868717,396.107
2.350000035017729,388.457
2.3600000351667405,380.936
2.370000035315752,373.508
2.380000035464764,366.08
2.390000035613775,358.559
2.400000035762787,351.379
2.4100000359117986,344.337
2.4200000360608103,337.32
2.430000036209822,330.094
2.440000036358833,323.079
2.450000036507845,316.247
2.4600000366568566,309.417
2.4700000368058683,302.516
2.48000003695488,295.566
2.4900000371038917,288.992
2.500000037252903,282.569
2.5100000374019147,276.121
2.5200000375509264,269.422
2.530000037699938,262.748
2.5400000378489493,256.42
2.550000037997961,250.213
2.5600000381469727,243.974
2.5700000382959844,237.622
2.580000038444996,231.36
2.5900000385940074,225.351
2.600000038743019,219.511
2.610000038892031,213.686
2.6200000390410425,207.99
2.630000039190054,202.563
2.640000039339065,197.261
2.650000039488077,192.03
2.660000039637089,186.741
2.670000039786101,181.858
2.6800000399351123,177.22
2.6900000400841235,172.692
2.7000000402331352,168.117
2.710000040382147,163.569
2.720000040531158,159.263
2.7300000406801703,154.989
2.7400000408291816,150.732
2.7500000409781933,146.374
2.760000041127205,142.173
2.7700000412762167,138.165
2.7800000414252284,134.303
2.79000004157424,130.377
2.800000041723252,126.408
2.810000041872263,122.696
2.8200000420212747,119.045
2.8300000421702864,115.445
2.8400000423192977,111.83
2.8500000424683094,108.388
2.860000042617321,105.006
2.870000042766333,101.721
2.8800000429153445,98.37
2.890000043064356,95.287
2.9000000432133675,92.375
2.910000043362379,89.576
2.920000043511391,86.836
2.9300000436604026,84.089
2.940000043809414,81.369
2.950000043958425,78.964
2.960000044107437,76.557
2.970000044256449,74.192
2.9800000444054606,71.882
2.990000044554472,69.718
3.000000044703484,67.554
3.0100000448524957,65.57
3.020000045001507,63.467
3.0300000451505187,61.383
3.04000004529953,59.549
3.0500000454485416,57.695
3.0600000455975533,55.824
3.070000045746565,54.07
3.0800000458955767,52.371
3.090000046044588,50.654
3.1000000461936,49.081
3.1100000463426114,47.453
3.120000046491623,45.823
3.130000046640635,44.403
3.140000046789646,42.893
3.1500000469386578,41.429
3.160000047087669,39.978
3.170000047236681,38.694
3.180000047385693,37.397
3.190000047534704,36.214
3.200000047683716,34.97
3.2100000478327275,33.803
3.220000047981739,32.724
3.230000048130751,31.729
3.240000048279762,30.684
3.250000048428774,29.712
3.2600000485777856,28.751
3.2700000487267973,27.881
3.280000048875809,27.03
3.29000004902482,26.172
3.300000049173832,25.286
3.310000049322844,24.521
3.320000049471856,23.728
3.330000049620867,22.969
3.3400000497698783,22.211
3.35000004991889,21.497
3.3600000500679017,20.817
3.3700000502169134,20.188
3.380000050365925,19.507
3.3900000505149364,18.843
3.400000050663948,18.227
3.41000005081296,17.657
3.4200000509619715,17.071
3.430000051110983,16.494
3.4400000512599944,15.928
3.450000051409006,15.384
3.460000051558018,14.869
3.470000051707029,14.374
3.480000051856041,13.903
3.4900000520050525,13.457
3.500000052154064,13.039
3.510000052303076,12.634
3.520000052452088,12.218
3.5300000526010997,11.835
3.5400000527501105,11.485
3.5500000528991222,11.158
3.560000053048134,10.821
3.5700000531971456,10.484
3.5800000533461573,10.172
3.5900000534951686,9.864
3.6000000536441803,9.547
3.610000053793192,9.237
3.620000053942204,8.951
3.630000054091216,8.674
3.640000054240226,8.4
3.6500000543892384,8.151
3.66000005453825,7.9
3.6700000546872618,7.655
3.6800000548362735,7.43
3.6900000549852847,7.231
3.700000055134296,7.017
3.710000055283308,6.814
3.72000005543232,6.633
3.730000055581332,6.45
3.740000055730343,6.251
3.7500000558793545,6.063
3.760000056028366,5.891
3.770000056177378,5.723
3.7800000563263896,5.563
3.790000056475401,5.392
3.800000056624413,5.235
3.810000056773424,5.085
3.820000056922436,4.923
3.830000057071448,4.787
3.840000057220459,4.674
3.850000057369471,4.531
3.8600000575184814,4.397
3.870000057667494,4.288
3.8800000578165057,4.173
3.890000057965517,4.047
3.9000000581145287,3.976
3.910000058263541,3.902
3.920000058412552,3.786
3.930000058561564,3.696
3.940000058710575,3.618
3.9500000588595863,3.528
3.9600000590085984,3.452
3.97000005915761,3.374
3.980000059306622,3.271
3.990000059455633,3.173
4.000000059604645,3.1
4.010000059753657,3.023
4.020000059902668,2.938
4.030000060051679,2.873
4.040000060200692,2.8
4.050000060349703,2.736
4.060000060498715,2.668
4.070000060647726,2.617
4.0800000607967375,2.558
4.09000006094575,2.516
4.100000061094761,2.471
4.110000061243773,2.444
4.120000061392784,2.427
4.130000061541796,2.396
4.140000061690808,2.354
4.150000061839819,2.334
4.160000061988831,2.306
4.170000062137842,2.283
4.180000062286854,2.274
4.190000062435866,2.238
4.200000062584877,2.17
4.210000062733889,2.107
4.2200000628829,2.072
4.230000063031912,2.038
4.240000063180924,1.996
4.250000063329935,1.959
4.260000063478947,1.897
4.270000063627959,1.858
4.28000006377697,1.825
4.290000063925982,1.809
4.300000064074993,1.785
4.310000064224005,1.752
4.3200000643730165,1.713
4.330000064522028,1.675
4.34000006467104,1.649
4.350000064820051,1.62
4.360000064969063,1.599
4.370000065118075,1.58
4.380000065267086,1.559
4.390000065416098,1.541
4.400000065565109,1.532
4.410000065714121,1.523
4.420000065863133,1.505
4.430000066012144,1.493
4.440000066161156,1.485
4.450000066310167,1.478
4.46000006645918,1.459
4.470000066608191,1.453
4.480000066757202,1.441
4.490000066906214,1.429
4.500000067055225,1.422
4.5100000672042375,1.408
4.520000067353249,1.386
4.53000006750226,1.353
4.540000067651272,1.335
4.550000067800283,1.314
4.560000067949296,1.295
4.570000068098307,1.275
4.580000068247318,1.265
4.59000006839633,1.259
4.6000000685453415,1.244
4.610000068694354,1.224
4.620000068843365,1.212
4.630000068992376,1.204
4.640000069141388,1.199
4.6500000692904,1.182
4.660000069439412,1.169
4.670000069588423,1.149
4.680000069737434,1.141
4.690000069886446,1.138
4.700000070035458,1.14
4.71000007018447,1.14
4.720000070333481,1.127
4.730000070482492,1.108
4.740000070631504,1.095
4.750000070780516,1.084
4.760000070929528,1.068
4.770000071078539,1.054
4.78000007122755,1.035
4.7900000713765625,1.034
4.800000071525574,1.017
4.810000071674586,1.013
4.820000071823597,1.011
4.830000071972608,1.0
4.8400000721216205,1.0
4.850000072270632,0.993
4.860000072419644,0.988
4.870000072568655,0.983
4.880000072717666,0.964
4.890000072866679,0.955
4.90000007301569,0.939
4.910000073164702,0.934
4.920000073313713,0.927
4.9300000734627245,0.906
4.940000073611737,0.894
4.950000073760748,0.873
4.96000007390976,0.853
4.970000074058771,0.852
4.980000074207783,0.854
4.990000074356795,0.847
5.000000074505806,0.84
5.010000074654818,0.836
5.020000074803829,0.842
5.030000074952841,0.847
5.040000075101853,0.85
5.050000075250864,0.845
5.060000075399876,0.844
5.070000075548887,0.851
5.080000075697899,0.854
5.090000075846911,0.849
5.100000075995922,0.845
5.110000076144934,0.837
5.1200000762939455,0.84
5.130000076442957,0.844
5.140000076591969,0.836
5.15000007674098,0.822
5.160000076889992,0.816
5.170000077039004,0.823
5.180000077188015,0.818
5.190000077337027,0.797
5.200000077486038,0.776
5.21000007763505,0.762
5.220000077784062,0.759
5.230000077933073,0.754
5.240000078082085,0.745
5.250000078231096,0.74
5.260000078380108,0.741
5.27000007852912,0.748
5.280000078678131,0.769
5.290000078827143,0.783
5.300000078976154,0.778
5.310000079125167,0.775
5.320000079274178,0.776
5.330000079423189,0.783
5.340000079572201,0.762
5.350000079721212,0.765
5.3600000798702245,0.762
5.370000080019236,0.752
5.380000080168247,0.747
5.390000080317259,0.739
5.4000000804662704,0.736
5.410000080615283,0.739
5.420000080764294,0.727
5.430000080913305,0.732
5.440000081062317,0.724
5.4500000812113285,0.721
5.460000081360341,0.723
5.470000081509352,0.73
5.480000081658363,0.737
5.490000081807375,0.717
5.500000081956387,0.704
5.510000082105399,0.705
5.52000008225441,0.7
5.530000082403421,0.697
5.540000082552433,0.69
5.550000082701445,0.678
5.560000082850457,0.695
5.570000082999468,0.703
5.580000083148479,0.7
5.590000083297491,0.687
5.600000083446503,0.682
5.610000083595515,0.688
5.620000083744526,0.69
5.630000083893537,0.687
5.6400000840425495,0.665
5.650000084191561,0.661
5.660000084340573,0.666
5.670000084489584,0.673
5.680000084638595,0.667
5.690000084787608,0.64
5.700000084936619,0.61
5.710000085085631,0.595
5.720000085234642,0.596
5.7300000853836535,0.591
5.740000085532666,0.564
5.750000085681677,0.574
5.760000085830689,0.585
5.7700000859797,0.597
5.780000086128712,0.609
5.790000086277724,0.62
5.800000086426735,0.619
5.810000086575747,0.615
5.820000086724758,0.622
5.83000008687377,0.626
5.840000087022782,0.603
5.850000087171793,0.598
5.860000087320805,0.603
5.870000087469816,0.599
5.880000087618828,0.6
5.89000008776784,0.605
5.900000087916851,0.597
5.910000088065863,0.577
5.920000088214874,0.572
5.930000088363886,0.565
5.940000088512898,0.544
5.950000088661909,0.536
5.960000088810921,0.536
5.9700000889599325,0.525
5.980000089108944,0.514
5.990000089257956,0.516
6.000000089406967,0.517
6.010000089555979,0.517
6.020000089704991,0.515
6.030000089854002,0.521
6.040000090003014,0.533
6.050000090152025,0.535
6.060000090301037,0.54
6.070000090450049,0.544
6.08000009059906,0.543
6.090000090748072,0.534
6.100000090897083,0.522
6.110000091046095,0.531
6.120000091195107,0.516
6.130000091344118,0.51
6.14000009149313,0.498
6.150000091642141,0.499
6.1600000917911535,0.486
6.170000091940165,0.486
6.180000092089176,0.498
6.190000092238188,0.501
6.200000092387199,0.501
6.210000092536212,0.503
6.220000092685223,0.515
6.230000092834234,0.519
6.240000092983246,0.508
6.2500000931322575,0.518
6.26000009328127,0.508
6.270000093430281,0.496
6.280000093579292,0.492
6.290000093728304,0.483
6.300000093877316,0.467
6.310000094026328,0.458
6.320000094175339,0.458
6.33000009432435,0.451
6.340000094473362,0.444
6.350000094622374,0.451
6.360000094771386,0.457
6.370000094920397,0.471
6.380000095069408,0.467
6.39000009521842,0.473
6.400000095367432,0.479
6.410000095516444,0.486
6.420000095665455,0.485
6.430000095814466,0.489
6.440000095963478,0.49
6.45000009611249,0.478
6.460000096261502,0.479
6.470000096410513,0.499
6.480000096559524,0.491
6.4900000967085365,0.487
6.500000096857548,0.504
6.51000009700656,0.496
6.520000097155571,0.482
6.530000097304582,0.486
6.540000097453595,0.479
6.550000097602606,0.458
6.560000097751618,0.451
6.570000097900629,0.456
6.5800000980496405,0.441
6.590000098198653,0.437
6.600000098347664,0.452
6.610000098496676,0.45
6.620000098645687,0.453
6.6300000987946985,0.465
6.640000098943711,0.463
6.650000099092722,0.454
6.660000099241734,0.455
6.670000099390745,0.455
6.680000099539757,0.445
6.690000099688769,0.444
6.70000009983778,0.443
6.710000099986792,0.427
6.720000100135803,0.427
6.730000100284815,0.431
6.740000100433827,0.429
6.750000100582838,0.437
6.76000010073185,0.46
6.7700001008808615,0.474
6.780000101029873,0.465
6.790000101178885,0.482
6.800000101327896,0.489
6.810000101476908,0.49
6.82000010162592,0.493
6.830000101774931,0.494
6.840000101923943,0.485
6.850000102072954,0.475
6.860000102221966,0.472
6.870000102370978,0.479
6.880000102519989,0.473
6.890000102669001,0.471
6.900000102818012,0.466
6.910000102967024,0.455
6.920000103116036,0.449
6.930000103265047,0.442
6.940000103414059,0.437
6.95000010356307,0.425
6.960000103712082,0.425
6.970000103861094,0.419
6.980000104010105,0.418
6.990000104159117,0.424
7.000000104308128,0.435
7.0100001044571405,0.441
7.020000104606152,0.453
7.030000104755163,0.478
7.040000104904175,0.491
7.050000105053186,0.495
7.060000105202199,0.501
7.07000010535121,0.505
7.080000105500221,0.5
7.090000105649233,0.489
7.1000001057982445,0.496
7.110000105947257,0.482
7.120000106096268,0.468
7.130000106245279,0.464
7.140000106394291,0.481
7.150000106543303,0.487
7.160000106692315,0.497
7.170000106841326,0.51
7.180000106990337,0.502
7.190000107139349,0.492
7.200000107288361,0.488
7.210000107437373,0.489
7.220000107586384,0.481
7.230000107735395,0.481
7.240000107884407,0.474
7.250000108033419,0.468
7.260000108182431,0.483
7.270000108331442,0.497
7.280000108480453,0.49
7.2900001086294655,0.498
7.300000108778477,0.495
7.310000108927489,0.475
7.3200001090765,0.461
7.330000109225511,0.462
7.3400001093745235,0.452
7.350000109523535,0.436
7.360000109672547,0.432
7.370000109821558,0.435
7.380000109970569,0.429
7.390000110119582,0.43
7.400000110268593,0.428
7.410000110417605,0.43
7.420000110566616,0.424
7.4300001107156275,0.421
7.44000011086464,0.418
7.450000111013651,0.407
7.460000111162663,0.419
7.470000111311674,0.417
7.480000111460685,0.42
7.490000111609698,0.423
7.500000111758709,0.437
7.510000111907721,0.424
7.520000112056732,0.426
7.530000112205744,0.448
7.540000112354756,0.452
7.550000112503767,0.448
7.560000112652779,0.455
7.57000011280179,0.468
7.580000112950802,0.474
7.590000113099814,0.491
7.600000113248825,0.512
7.610000113397837,0.501
7.620000113546848,0.495
7.63000011369586,0.491
7.640000113844872,0.498
7.650000113993883,0.493
7.660000114142895,0.472
7.670000114291906,0.444
7.680000114440918,0.421
7.69000011458993,0.42
7.700000114738941,0.418
7.710000114887953,0.41
7.720000115036965,0.391
7.730000115185976,0.371
7.740000115334988,0.363
7.750000115483999,0.372
7.760000115633011,0.388
7.770000115782023,0.395
7.780000115931034,0.39
7.790000116080046,0.403
7.800000116229057,0.41
7.810000116378069,0.404
7.820000116527081,0.412
7.830000116676092,0.423
7.840000116825104,0.414
7.850000116974115,0.398
7.860000117123127,0.383
7.870000117272139,0.365
7.88000011742115,0.361
7.890000117570162,0.386
7.900000117719173,0.399
7.910000117868186,0.395
7.920000118017197,0.395
7.930000118166208,0.395
7.94000011831522,0.395
7.950000118464231,0.399
7.960000118613244,0.413
7.970000118762255,0.398
7.980000118911266,0.386
7.990000119060278,0.384
8.00000011920929,0.379
8.0100001193583,0.389
8.020000119507314,0.397
8.030000119656325,0.402
8.040000119805336,0.409
8.050000119954348,0.423
8.060000120103359,0.43
8.070000120252372,0.426
8.080000120401383,0.43
8.090000120550394,0.449
8.100000120699406,0.447
8.110000120848417,0.468
8.12000012099743,0.477
8.130000121146441,0.47
8.140000121295452,0.472
8.150000121444464,0.48
8.160000121593475,0.492
8.170000121742488,0.487
8.1800001218915,0.479
8.19000012204051,0.487
8.200000122189522,0.477
8.210000122338533,0.475
8.220000122487546,0.468
8.230000122636557,0.47
8.240000122785569,0.478
8.25000012293458,0.484
8.260000123083591,0.49
8.270000123232604,0.482
8.280000123381615,0.471
8.290000123530627,0.474
8.300000123679638,0.483
8.31000012382865,0.479
8.320000123977662,0.475
8.330000124126673,0.469
8.340000124275685,0.461
8.350000124424696,0.468
8.360000124573707,0.477
8.37000012472272,0.471
8.380000124871732,0.467
8.390000125020743,0.47
8.400000125169754,0.466
8.410000125318765,0.461
8.420000125467778,0.469
8.43000012561679,0.472
8.4400001257658,0.473
8.450000125914812,0.465
8.460000126063823,0.462
8.470000126212836,0.47
8.480000126361848,0.481
8.490000126510859,0.486
8.50000012665987,0.489
8.510000126808881,0.486
8.520000126957894,0.467
8.530000127106906,0.462
8.540000127255917,0.458
8.550000127404928,0.454
8.56000012755394,0.439
8.570000127702952,0.442
8.580000127851964,0.438
8.590000128000975,0.437
8.600000128149986,0.434
