time_min,absorb_mau
0.0,0.001
0.0266666670640309,0.005
0.0533333341280619,-0.021
0.0800000011920929,-0.015
0.1066666682561238,-0.0119999999999999
0.1333333353201548,0.0259999999999999
0.1600000023841858,0.0549999999999999
0.1866666694482167,0.1089999999999999
0.2133333365122477,0.129
0.2400000035762786,0.112
0.2666666706403096,0.0849999999999999
0.2933333377043406,0.044
0.3200000047683716,0.033
0.3466666718324026,-0.001
0.3733333388964335,0.011
0.4000000059604645,0.014
0.4266666730244954,0.0189999999999999
0.4533333400885264,0.021
0.4800000071525573,0.049
0.5066666742165884,0.075
0.5333333412806193,0.084
0.5600000083446502,0.094
0.5866666754086812,0.1129999999999999
0.6133333424727122,0.164
0.6400000095367432,0.176
0.6666666766007742,0.177
0.6933333436648051,0.142
0.7200000107288361,0.127
0.746666677792867,0.0959999999999999
0.773333344856898,0.099
0.800000011920929,0.1120000000000001
0.8266666789849599,0.1789999999999999
0.8533333460489909,0.196
0.8800000131130219,0.222
0.9066666801770528,0.2089999999999999
0.933333347241084,0.2690000000000001
0.9600000143051148,0.363
0.9866666813691456,0.4590000000000001
1.0133333484331768,0.5390000000000001
1.0400000154972078,0.597
1.0666666825612383,0.621
1.0933333496252695,0.5880000000000001
1.1200000166893005,0.5
1.1466666837533317,0.4050000000000002
1.1733333508173625,0.359
1.2000000178813934,0.36
1.2266666849454244,0.3879999999999999
1.2533333520094554,0.4539999999999997
1.2800000190734864,0.609
1.3066666861375174,0.8870000000000005
1.3333333532015483,1.3049999999999995
1.360000020265579,1.9519999999999984
1.3866666873296103,2.8299999999999983
1.4133333543936413,4.1569999999999965
1.4400000214576725,5.956999999999994
1.4666666885217032,8.472000000000008
1.493333355585734,11.736999999999997
1.520000022649765,15.942000000000007
1.546666689713796,21.158000000000012
1.573333356777827,27.379999999999995
1.600000023841858,34.75400000000002
1.626666690905889,43.307000000000016
1.65333335796992,53.29200000000003
1.6800000250339509,64.947
1.7066666920979818,77.68799999999999
1.7333333591620128,92.52999999999996
1.7600000262260438,108.7829999999999
1.7866666932900748,126.63599999999995
1.8133333603541055,145.50099999999998
1.8400000274181367,164.55099999999993
1.866666694482168,184.2070000000001
1.8933333615461987,203.7270000000001
1.9200000286102292,223.451
1.9466666956742604,243.45499999999996
1.9733333627382916,262.69499999999994
2.0000000298023224,281.655
2.0266666968663536,300.674
2.0533333639303843,318.32500000000005
2.0800000309944155,335.39699999999993
2.1066666980584463,350.8109999999999
2.133333365122477,365.127
2.1600000321865083,377.8380000000001
2.186666699250539,388.666
2.2133333663145702,398.051
2.240000033378601,405.942
2.266666700442632,412.432
2.293333367506663,417.144
2.320000034570694,420.518
2.346666701634725,422.3380000000001
2.373333368698756,422.799
2.400000035762787,421.564
2.426666702826818,418.706
2.453333369890849,414.59100000000007
2.48000003695488,409.367
2.506666704018911,403.118
2.533333371082942,395.981
2.5600000381469727,387.971
2.5866667052110035,379.235
2.6133333722750347,369.7480000000001
2.640000039339065,359.7149999999999
2.6666667064030967,349.038
2.6933333734671274,338.1200000000001
2.720000040531158,326.731
2.7466667075951894,315.6109999999999
2.7733333746592206,304.299
2.800000041723252,293.0
2.8266667087872825,281.22900000000004
2.8533333758513133,269.69000000000005
2.8800000429153445,257.828
2.9066667099793757,245.7550000000001
2.9333333770434065,233.683
2.960000044107437,221.6959999999999
2.986666711171468,210.54
3.013333378235499,199.68499999999997
3.04000004529953,189.28700000000003
3.066666712363561,179.42599999999993
3.093333379427592,169.82899999999995
3.120000046491623,160.6959999999999
3.146666713555654,151.985
3.173333380619685,143.31299999999987
3.200000047683716,135.12200000000007
3.226666714747747,126.97400000000005
3.253333381811778,119.437
3.280000048875809,112.24400000000004
3.30666671593984,105.558
3.333333383003871,99.23799999999994
3.3600000500679017,93.27599999999995
3.386666717131933,87.62599999999998
3.413333384195964,82.11400000000003
3.4400000512599944,77.019
3.4666667183240256,71.96100000000001
3.4933333853880564,67.13900000000001
3.520000052452088,62.38900000000001
3.5466667195161183,57.995000000000005
3.573333386580149,54.192999999999984
3.6000000536441803,50.58499999999998
3.626666720708212,47.281000000000006
3.653333387772242,44.18599999999998
3.6800000548362735,41.25200000000001
3.706666721900304,38.56099999999998
3.733333388964336,35.99599999999998
3.760000056028366,33.603999999999985
3.786666723092397,31.363
3.813333390156428,29.235000000000014
3.840000057220459,27.329000000000008
3.86666672428449,25.52000000000001
3.893333391348521,23.916
3.920000058412552,22.41200000000001
3.946666725476583,21.056999999999988
3.973333392540614,19.724999999999994
4.000000059604645,18.536
4.026666726668676,17.360000000000014
4.053333393732707,16.251000000000005
4.0800000607967375,15.15100000000001
4.106666727860769,14.149
4.1333333949248,13.237000000000007
4.160000061988831,12.437999999999988
4.186666729052861,11.689000000000007
4.213333396116893,11.003
4.240000063180924,10.336
4.266666730244954,9.763000000000003
4.293333397308985,9.242000000000004
4.3200000643730165,8.751000000000005
4.346666731437048,8.272999999999996
4.373333398501078,7.8430000000000035
4.400000065565109,7.450999999999993
4.4266667326291405,7.043999999999997
4.453333399693172,6.668999999999997
4.480000066757202,6.326999999999998
4.506666733821233,6.021999999999999
4.533333400885264,5.762999999999998
4.560000067949296,5.507999999999999
4.586666735013326,5.331000000000003
4.613333402077357,5.113
4.640000069141388,4.912999999999997
4.66666673620542,4.692
4.69333340326945,4.507999999999999
4.720000070333481,4.344000000000001
4.746666737397512,4.179000000000002
4.773333404461543,4.042000000000002
4.800000071525574,3.870000000000001
4.826666738589605,3.740000000000002
4.853333405653636,3.632
4.880000072717666,3.5470000000000006
4.906666739781698,3.446000000000001
4.933333406845729,3.372
4.96000007390976,3.266
4.98666674097379,3.184000000000001
5.013333408037822,3.1
5.040000075101853,3.0700000000000003
5.066666742165884,3.004
5.093333409229914,2.969000000000001
5.1200000762939455,2.8610000000000007
5.146666743357977,2.822000000000001
5.173333410422007,2.7750000000000004
5.200000077486038,2.724
5.226666744550069,2.664
5.253333411614101,2.625
5.280000078678131,2.567
5.306666745742162,2.53
5.333333412806193,2.474000000000002
5.3600000798702245,2.436
5.386666746934255,2.370000000000001
5.413333413998286,2.3130000000000006
5.440000081062317,2.294
5.4666667481263485,2.301
5.493333415190379,2.312
5.52000008225441,2.282
5.546666749318441,2.215
5.573333416382472,2.195
5.600000083446503,2.1579999999999995
5.626666750510534,2.124000000000001
5.653333417574565,2.0760000000000005
5.680000084638595,2.0270000000000006
5.706666751702627,2.02
5.733333418766658,1.9810000000000008
5.760000085830689,1.9550000000000003
5.786666752894719,1.904
5.813333419958751,1.905
5.840000087022782,1.885
5.866666754086813,1.8629999999999995
5.893333421150843,1.8200000000000005
5.920000088214874,1.7889999999999997
5.946666755278906,1.774
5.973333422342936,1.767
6.000000089406967,1.726
6.026666756470998,1.729
6.05333342353503,1.7279999999999998
6.08000009059906,1.7360000000000009
6.106666757663091,1.7230000000000003
6.133333424727122,1.722
6.1600000917911535,1.7079999999999984
6.186666758855184,1.67
6.213333425919215,1.6110000000000009
6.240000092983246,1.581
6.266666760047277,1.5710000000000002
6.293333427111308,1.5719999999999992
6.320000094175339,1.548
6.34666676123937,1.5150000000000006
6.373333428303401,1.4770000000000003
6.400000095367432,1.4779999999999998
6.426666762431463,1.4939999999999998
6.453333429495494,1.507
6.480000096559524,1.475999999999999
6.506666763623556,1.457
6.533333430687587,1.457
6.560000097751618,1.455
6.586666764815648,1.4659999999999993
6.61333343187968,1.4409999999999998
6.640000098943711,1.4469999999999992
6.666666766007742,1.419
6.693333433071772,1.4380000000000006
6.720000100135803,1.432
6.746666767199835,1.44
6.773333434263866,1.436
6.800000101327896,1.4059999999999988
6.826666768391927,1.3810000000000002
6.853333435455959,1.3580000000000003
6.880000102519989,1.3450000000000006
6.90666676958402,1.3579999999999997
6.933333436648051,1.3640000000000008
6.960000103712082,1.413
6.986666770776113,1.431000000000001
7.013333437840144,1.436
7.040000104904175,1.3819999999999997
7.066666771968206,1.3329999999999984
7.093333439032237,1.2880000000000005
7.120000106096268,1.3299999999999998
7.146666773160299,1.3520000000000003
7.17333344022433,1.3859999999999997
7.200000107288361,1.367
7.226666774352392,1.376
7.253333441416423,1.3929999999999998
7.280000108480453,1.416
7.306666775544484,1.4040000000000004
7.333333442608516,1.396
7.360000109672547,1.373000000000001
7.386666776736577,1.34
7.413333443800608,1.322000000000001
7.44000011086464,1.2999999999999998
7.466666777928671,1.3120000000000005
7.493333444992701,1.3480000000000008
7.520000112056732,1.3360000000000003
7.546666779120764,1.328
7.573333446184795,1.2949999999999982
7.600000113248825,1.2750000000000004
7.626666780312856,1.2990000000000004
7.653333447376887,1.351
7.680000114440918,1.354
7.706666781504949,1.359
7.73333344856898,1.3330000000000002
7.760000115633011,1.307
7.786666782697042,1.282
7.813333449761073,1.2829999999999997
7.840000116825104,1.3490000000000002
7.866666783889135,1.373
7.893333450953166,1.367
7.920000118017197,1.3480000000000008
7.946666785081228,1.33
7.973333452145259,1.350999999999999
8.00000011920929,1.311
8.02666678627332,1.3090000000000002
8.053333453337352,1.266
8.080000120401383,1.2519999999999998
8.106666787465414,1.2479999999999998
8.133333454529444,1.2480000000000002
8.160000121593475,1.2889999999999997
8.186666788657506,1.2920000000000005
8.213333455721537,1.298
8.240000122785569,1.2839999999999998
8.2666667898496,1.2940000000000005
8.293333456913631,1.2730000000000006
8.320000123977662,1.263
8.346666791041692,1.2560000000000002
8.373333458105723,1.2649999999999997
8.400000125169754,1.258
8.426666792233785,1.247999999999999
8.453333459297816,1.224
8.480000126361848,1.247
8.506666793425879,1.2400000000000002
8.533333460489908,1.241
8.56000012755394,1.2349999999999994
8.58666679461797,1.201
8.613333461682002,1.183
8.640000128746033,1.193
8.666666795810064,1.1929999999999996
8.693333462874095,1.201
8.720000129938127,1.1800000000000015
8.746666797002156,1.1340000000000003
8.773333464066187,1.1459999999999997
8.800000131130219,1.135
8.82666679819425,1.145
8.853333465258281,1.132
8.880000132322312,1.1419999999999997
8.906666799386343,1.1349999999999998
8.933333466450373,1.1549999999999994
8.960000133514404,1.1839999999999993
8.986666800578435,1.215
9.013333467642466,1.1950000000000005
9.040000134706498,1.1760000000000002
9.066666801770529,1.194
9.09333346883456,1.211
9.120000135898591,1.202
9.14666680296262,1.1709999999999994
9.173333470026652,1.141
9.200000137090685,1.1180000000000003
9.226666804154714,1.1210000000000004
9.253333471218744,1.1240000000000006
9.280000138282777,1.1180000000000003
9.306666805346808,1.1249999999999991
9.33333347241084,1.1349999999999998
9.360000139474868,1.146
9.3866668065389,1.1509999999999998
9.41333347360293,1.129
9.440000140666962,1.154
9.466666807730991,1.149
9.493333474795024,1.17
9.520000141859056,1.122
9.546666808923083,1.126
9.573333475987116,1.138
9.600000143051147,1.181000000000001
9.62666681011518,1.1909999999999998
9.65333347717921,1.1980000000000004
9.68000014424324,1.17
9.706666811307272,1.178
9.733333478371303,1.1590000000000007
9.760000145435331,1.1500000000000004
9.786666812499364,1.122
9.813333479563395,1.0860000000000003
9.840000146627428,1.096
9.866666813691458,1.1
9.893333480755487,1.1470000000000002
9.92000014781952,1.1790000000000005
9.94666681488355,1.2110000000000003
9.97333348194758,1.2320000000000002
10.000000149011612,1.2349999999999994
10.026666816075643,1.2360000000000009
10.053333483139674,1.1999999999999993
10.080000150203706,1.156
10.106666817267737,1.1310000000000002
10.133333484331768,1.114
10.160000151395796,1.122
10.186666818459829,1.1639999999999997
10.21333348552386,1.1689999999999987
10.240000152587893,1.1400000000000006
10.266666819651922,1.0839999999999996
10.293333486715952,1.0530000000000004
10.320000153779985,1.040000000000001
10.346666820844014,1.0200000000000005
10.373333487908043,1.009
10.400000154972076,1.032
10.426666822036108,1.0839999999999996
10.45333348910014,1.122999999999999
10.48000015616417,1.138
10.5066668232282,1.1210000000000004
10.533333490292232,1.08
10.560000157356262,1.0470000000000006
10.586666824420291,1.037
10.613333491484324,1.048
10.640000158548355,1.045
10.666666825612388,1.041
10.693333492676418,1.016
10.720000159740447,1.0360000000000014
10.746666826804478,1.0790000000000006
10.77333349386851,1.1199999999999992
10.80000016093254,1.127000000000001
10.826666827996572,1.1290000000000011
10.853333495060603,1.072
10.880000162124634,1.0709999999999995
10.906666829188666,1.0090000000000003
10.933333496252695,0.9949999999999992
10.960000163316726,0.9740000000000002
10.986666830380758,0.9929999999999986
11.013333497444789,1.013
11.04000016450882,0.984
11.066666831572851,0.9890000000000008
11.093333498636882,0.9610000000000004
11.120000165700914,0.971
11.146666832764945,0.9959999999999988
11.173333499828974,1.0060000000000002
11.200000166893004,1.0510000000000002
11.226666833957037,1.0620000000000012
11.253333501021068,1.0910000000000002
11.2800001680851,1.0539999999999985
11.30666683514913,1.0100000000000016
11.33333350221316,0.9740000000000002
11.36000016927719,0.9699999999999988
11.386666836341222,0.9879999999999995
11.413333503405251,1.0019999999999998
11.440000170469284,1.024000000000001
11.466666837533316,1.072000000000001
11.493333504597349,1.0970000000000004
11.520000171661378,1.0859999999999983
11.546666838725407,1.0229999999999997
11.57333350578944,0.973
11.60000017285347,0.9860000000000008
11.6266668399175,1.0090000000000003
11.653333506981532,1.013
11.680000174045563,1.0
11.706666841109596,0.971
11.733333508173626,1.015
11.760000175237655,1.029
11.786666842301686,1.0679999999999978
11.813333509365718,1.0900000000000007
11.840000176429747,1.097
11.86666684349378,1.0570000000000022
11.893333510557811,0.9979999999999992
11.920000177621842,0.971
11.946666844685872,0.9869999999999984
11.973333511749903,1.008
12.000000178813934,1.0050000000000008
12.026666845877966,0.9879999999999995
12.053333512941997,1.021
12.080000180006028,1.0249999999999986
12.10666684707006,1.085
12.13333351413409,1.0739999999999998
12.16000018119812,1.0660000000000007
12.186666848262153,1.0380000000000005
12.213333515326182,1.0069999999999997
12.240000182390212,1.0389999999999997
12.266666849454245,1.0709999999999995
12.293333516518276,1.0760000000000003
12.320000183582309,1.045
12.346666850646336,1.0579999999999998
12.373333517710368,1.032
12.4000001847744,1.0749999999999993
12.42666685183843,1.0749999999999993
12.45333351890246,1.0739999999999998
12.480000185966492,1.0739999999999998
12.506666853030524,1.0570000000000004
12.533333520094557,1.0440000000000005
12.560000187158584,1.0429999999999993
12.586666854222615,1.0410000000000004
12.613333521286648,1.0329999999999997
12.640000188350678,1.0229999999999997
12.666666855414707,1.0359999999999996
12.69333352247874,1.0629999999999995
12.720000189542771,1.057
12.746666856606804,1.0390000000000017
12.773333523670832,1.0279999999999996
12.800000190734863,1.057
12.826666857798894,1.0569999999999986
12.853333524862926,1.0549999999999995
12.880000191926957,1.0399999999999991
12.906666858990988,1.048
12.93333352605502,1.045
12.960000193119049,1.0579999999999998
12.98666686018308,1.074
13.013333527247111,1.0800000000000018
13.040000194311142,1.0749999999999993
13.066666861375174,1.0709999999999995
13.093333528439205,1.0679999999999996
13.120000195503236,1.0620000000000005
13.146666862567267,1.0680000000000014
13.173333529631297,1.024000000000001
13.200000196695328,1.057
13.22666686375936,1.0500000000000007
13.25333353082339,1.0839999999999996
13.28000019788742,1.087
13.306666864951453,1.072
13.333333532015484,1.059000000000001
13.360000199079511,1.035
13.386666866143544,1.0740000000000016
13.413333533207576,1.0840000000000003
13.440000200271609,1.08
13.466666867335638,1.0800000000000018
13.49333353439967,1.1160000000000003
13.5200002014637,1.1150000000000002
13.546666868527732,1.1140000000000008
13.57333353559176,1.073
13.600000202655792,1.093
13.626666869719823,1.0500000000000007
13.653333536783856,1.0229999999999997
13.680000203847886,1.024000000000001
13.706666870911915,1.0719999999999992
13.733333537975948,1.1150000000000002
13.760000205039978,1.1230000000000002
13.786666872104009,1.1150000000000002
13.81333353916804,1.0980000000000008
13.840000206232071,1.0839999999999996
13.866666873296102,1.077
13.893333540360134,1.069
13.920000207424165,1.0809999999999995
13.946666874488196,1.0969999999999995
13.973333541552226,1.109
14.000000208616257,1.138
14.026666875680288,1.1350000000000016
14.05333354274432,1.1320000000000014
14.08000020980835,1.125
14.106666876872382,1.1189999999999998
14.133333543936413,1.1149999999999984
14.160000211000442,1.0909999999999993
14.186666878064472,1.088000000000001
14.213333545128505,1.0679999999999996
14.240000212192536,1.078
14.266666879256569,1.078000000000003
14.293333546320598,1.122
14.32000021338463,1.123000000000001
14.34666688044866,1.1160000000000003
14.37333354751269,1.0569999999999986
14.40000021457672,1.04
14.426666881640752,1.045
14.453333548704784,1.0760000000000003
14.480000215768817,1.1020000000000003
14.506666882832846,1.0820000000000007
14.533333549896875,1.0710000000000015
14.560000216960908,1.0389999999999997
14.586666884024938,1.009999999999998
14.613333551088967,0.9499999999999992
14.640000218153,0.9339999999999976
14.666666885217031,0.936
14.693333552281064,0.9600000000000009
14.720000219345094,0.995000000000001
14.746666886409123,1.0279999999999987
14.773333553473154,1.0459999999999994
14.800000220537186,1.0079999999999991
14.826666887601217,0.9909999999999995
14.853333554665248,0.976
14.88000022172928,0.996
14.90666688879331,1.0160000000000018
14.933333555857342,0.9930000000000004
14.960000222921373,0.972
14.986666889985402,0.952
15.013333557049434,0.964
15.040000224113465,0.969
15.066666891177496,0.9770000000000004
15.093333558241527,0.981
15.120000225305558,0.997
15.14666689236959,0.9819999999999992
15.17333355943362,0.955
15.20000022649765,0.931
15.22666689356168,0.955
15.253333560625713,0.9640000000000004
15.280000227689744,0.972
15.306666894753777,0.9570000000000008
15.333333561817806,0.955
15.360000228881836,0.966
15.386666895945869,0.9819999999999992
15.413333563009898,1.0460000000000005
15.44000023007393,1.048
15.46666689713796,1.064
15.493333564201992,1.0230000000000032
15.520000231266025,1.0019999999999998
15.546666898330054,0.9890000000000008
15.573333565394083,0.9919999999999972
15.600000232458116,1.0419999999999998
15.626666899522146,1.059
15.653333566586175,1.0510000000000002
15.680000233650208,1.029
15.70666690071424,1.0449999999999982
15.73333356777827,1.0919999999999987
15.7600002348423,1.0690000000000008
15.786666901906331,1.032
15.813333568970362,0.9860000000000008
15.840000236034394,0.9529999999999994
15.866666903098425,0.9339999999999992
15.893333570162456,0.9570000000000008
15.920000237226487,0.9840000000000018
15.946666904290518,1.0449999999999982
15.973333571354548,1.0799999999999983
16.00000023841858,1.1389999999999991
16.02666690548261,1.1640000000000017
16.05333357254664,1.179000000000002
16.080000239610673,1.1290000000000004
16.106666906674704,1.1099999999999994
16.133333573738735,1.0910000000000002
16.160000240802766,1.1189999999999998
16.186666907866798,1.16
16.21333357493083,1.1589999999999998
16.24000024199486,1.176
16.266666909058888,1.1819999999999995
16.29333357612292,1.1929999999999996
16.32000024318695,1.215
16.34666691025098,1.1849999999999987
16.373333577315012,1.177
16.400000244379044,1.1739999999999997
16.426666911443075,1.1780000000000008
16.453333578507106,1.1850000000000005
16.480000245571137,1.1980000000000004
16.50666691263517,1.1500000000000004
16.5333335796992,1.135
16.56000024676323,1.095
16.586666913827262,1.0910000000000002
16.613333580891293,1.0670000000000002
16.640000247955324,1.061
16.666666915019352,1.0770000000000015
16.693333582083383,1.0850000000000009
16.720000249147414,1.0620000000000005
16.746666916211446,1.0670000000000002
16.773333583275477,1.04
16.800000250339508,1.0719999999999992
16.82666691740354,1.08
16.85333358446757,1.0820000000000007
16.8800002515316,1.0759999999999996
16.906666918595633,1.0869999999999995
16.933333585659664,1.116
16.960000252723695,1.1189999999999998
16.986666919787726,1.0919999999999987
17.013333586851758,1.056
17.04000025391579,1.053
17.066666920979817,1.032
17.093333588043848,1.0300000000000002
17.12000025510788,1.0359999999999996
17.14666692217191,1.053
17.17333358923594,1.0769999999999982
17.200000256299973,1.0919999999999987
17.226666923364004,1.09
17.253333590428035,1.0789999999999995
17.280000257492066,1.0829999999999984
17.306666924556097,1.061
17.33333359162013,1.046999999999997
17.36000025868416,0.9849999999999994
17.38666692574819,1.021
17.413333592812222,1.0420000000000016
17.440000259876253,1.1050000000000004
17.46666692694028,1.0700000000000005
17.493333594004312,1.0399999999999991
17.520000261068343,1.0110000000000028
17.546666928132375,0.9930000000000004
17.573333595196406,1.0420000000000016
17.600000262260437,1.097999999999999
17.626666929324468,1.13
17.6533335963885,1.1390000000000011
17.68000026345253,1.1000000000000014
17.706666930516562,1.0999999999999996
17.733333597580593,1.13
17.760000264644624,1.119
17.786666931708655,1.1150000000000002
17.813333598772687,1.120000000000001
17.840000265836718,1.139000000000003
17.866666932900745,1.1799999999999995
17.893333599964777,1.2070000000000007
17.920000267028808,1.2029999999999994
17.94666693409284,1.1649999999999991
17.97333360115687,1.128
18.0000002682209,1.1319999999999997
18.026666935284933,1.1439999999999984
18.053333602348964,1.161
18.080000269412995,1.1590000000000007
18.106666936477023,1.1679999999999993
18.133333603541057,1.1749999999999972
18.16000027060509,1.1789999999999985
18.18666693766912,1.1460000000000008
18.21333360473315,1.097999999999999
18.240000271797182,1.035
18.266666938861214,1.0659999999999998
18.29333360592524,1.0829999999999984
18.320000272989272,1.1080000000000003
18.346666940053304,1.0949999999999989
18.37333360711733,1.0410000000000004
18.40000027418137,1.036999999999999
18.4266669412454,1.0640000000000072
18.45333360830943,1.1510000000000034
18.48000027537346,1.1929999999999978
18.50666694243749,1.1750000000000007
18.53333360950152,1.1840000000000002
18.560000276565557,1.155
18.586666943629584,1.173
18.613333610693616,1.1060000000000016
18.640000277757647,1.0949999999999989
18.66666694482168,1.1090000000000018
18.693333611885706,1.1199999999999974
18.720000278949737,1.134999999999998
18.746666946013768,1.0999999999999996
18.7733336130778,1.0949999999999989
18.80000028014183,1.0620000000000005
18.82666694720586,1.0539999999999985
18.853333614269893,1.0399999999999991
18.880000281333924,1.0199999999999996
18.906666948397955,1.0060000000000002
18.933333615461983,0.9949999999999974
18.960000282526018,1.032
18.98666694959005,1.0419999999999998
19.01333361665408,1.0380000000000005
19.04000028371811,1.0309999999999988
19.066666950782142,1.0859999999999983
19.09333361784617,1.107
19.1200002849102,1.125
19.146666951974236,1.1099999999999994
19.173333619038264,1.1139999999999972
19.20000028610229,1.144
19.22666695316633,1.149000000000001
19.25333362023036,1.197
19.28000028729439,1.201
19.30666695435842,1.1999999999999993
19.33333362142245,1.194
19.36000028848648,1.2020000000000015
19.386666955550517,1.2119999999999995
19.413333622614545,1.1899999999999975
19.440000289678576,1.1690000000000005
19.466666956742607,1.16
19.493333623806635,1.1679999999999993
19.520000290870662,1.186
19.546666957934697,1.1529999999999987
19.573333624998728,1.125
19.60000029206276,1.1389999999999991
19.62666695912679,1.1259999999999977
19.653333626190825,1.1660000000000004
19.680000293254853,1.135
19.706666960318884,1.134999999999998
19.733333627382915,1.0889999999999986
19.760000294446947,1.072
19.786666961510974,1.0839999999999996
19.81333362857501,1.0920000000000003
19.84000029563904,1.088000000000001
19.86666696270307,1.0760000000000003
19.8933336297671,1.088000000000001
19.92000029683113,1.122
19.94666696389516,1.152000000000001
19.973333630959196,1.1560000000000006
20.000000298023224,1.1759999999999984
20.02666696508725,1.1589999999999998
20.053333632151286,1.1559999999999988
20.08000029921532,1.149000000000001
20.10666696627935,1.1469999999999985
20.13333363334338,1.1670000000000005
20.16000030040741,1.1869999999999976
20.18666696747144,1.2520000000000024
20.213333634535477,1.2729999999999997
20.240000301599505,1.25
20.266666968663536,1.1899999999999975
20.293333635727564,1.1499999999999986
20.320000302791595,1.1349999999999998
20.346666969855622,1.1660000000000004
20.373333636919657,1.1359999999999992
20.40000030398369,1.1559999999999988
20.42666697104772,1.1110000000000009
20.45333363811175,1.1469999999999985
20.480000305175786,1.1879999999999988
20.506666972239813,1.1940000000000026
20.533333639303844,1.2040000000000006
20.56000030636788,1.2250000000000014
20.586666973431907,1.2650000000000006
20.613333640495934,1.2550000000000008
20.64000030755997,1.2199999999999989
20.666666974624,1.216000000000001
20.693333641688028,1.253
20.72000030875206,1.247
20.74666697581609,1.2240000000000002
20.77333364288012,1.1989999999999998
20.800000309944156,1.2330000000000003
20.826666977008184,1.253
20.85333364407221,1.2769999999999992
20.880000311136246,1.2349999999999994
20.90666697820028,1.1709999999999994
20.93333364526431,1.1159999999999997
20.96000031232834,1.116
20.98666697939237,1.1239999999999988
21.0133336464564,1.1580000000000013
21.040000313520437,1.1499999999999986
21.066666980584465,1.1809999999999992
21.093333647648493,1.1870000000000012
21.120000314712524,1.171999999999997
21.146666981776555,1.125
21.173333648840583,1.109
21.200000315904617,1.1010000000000009
21.22666698296865,1.1129999999999995
21.25333365003268,1.1319999999999997
21.28000031709671,1.1460000000000008
21.306666984160746,1.173
21.333333651224773,1.1649999999999991
21.360000318288805,1.128
21.38666698535284,1.0970000000000013
21.413333652416867,1.0659999999999998
21.440000319480895,1.0659999999999998
21.46666698654493,1.0649999999999995
21.49333365360896,1.059000000000001
21.520000320672988,1.0780000000000003
21.54666698773702,1.0730000000000004
21.57333365480105,1.0540000000000005
21.60000032186508,1.052
21.626666988929117,1.056
21.653333655993144,1.0769999999999982
21.680000323057172,1.1080000000000003
21.706666990121207,1.1240000000000023
21.73333365718524,1.161999999999999
21.76000032424927,1.1290000000000004
21.7866669913133,1.1400000000000006
21.81333365837733,1.112000000000002
21.840000325441363,1.138
21.866666992505397,1.1380000000000017
21.89333365956942,1.1310000000000002
21.920000326633453,1.152000000000001
21.946666993697484,1.1340000000000003
21.973333660761515,1.157
22.000000327825543,1.1340000000000003
22.026666994889577,1.123000000000001
22.05333366195361,1.1400000000000006
22.08000032901764,1.1539999999999964
22.10666699608167,1.2029999999999994
22.133333663145702,1.1720000000000006
22.160000330209733,1.1780000000000008
22.186666997273765,1.1380000000000017
22.2133336643378,1.107999999999997
22.240000331401827,1.064
22.26666699846586,1.0570000000000004
22.29333366552989,1.0840000000000032
22.32000033259392,1.1090000000000018
22.34666699965795,1.0920000000000003
22.37333366672198,1.100999999999999
22.40000033378601,1.091000000000001
22.42666700085004,1.128
22.453333667914077,1.1080000000000003
22.480000334978104,1.122
22.506667002042136,1.1179999999999986
22.533333669106167,1.09
22.5600003361702,1.0869999999999995
22.58666700323423,1.0909999999999993
22.61333367029826,1.1129999999999995
22.64000033736229,1.1429999999999998
22.666667004426323,1.128
22.69333367149035,1.17
22.72000033855438,1.1559999999999988
22.746667005618413,1.1799999999999995
22.773333672682444,1.1630000000000005
22.800000339746475,1.1669999999999998
22.826667006810503,1.168999999999997
22.853333673874538,1.2150000000000034
22.88000034093857,1.243000000000002
22.9066670080026,1.225999999999999
22.93333367506663,1.1999999999999993
22.960000342130662,1.168999999999997
22.986667009194694,1.198
23.013333676258725,1.1979999999999995
23.04000034332276,1.1980000000000004
23.066667010386787,1.1909999999999998
23.09333367745081,1.213000000000001
23.12000034451485,1.1989999999999998
23.14666701157888,1.1980000000000004
23.17333367864291,1.1759999999999984
23.20000034570694,1.1660000000000004
23.22666701277097,1.1999999999999993
23.253333679835,1.21
23.280000346899037,1.221
23.306667013963065,1.198999999999998
23.333333681027096,1.17
23.360000348091127,1.1960000000000015
23.38666701515516,1.16
23.41333368221919,1.1759999999999984
23.44000034928322,1.1529999999999987
23.46666701634725,1.1580000000000013
23.49333368341128,1.1930000000000014
23.52000035047531,1.179000000000002
23.54666701753934,1.221
23.573333684603373,1.247999999999999
23.600000351667404,1.2830000000000013
23.626667018731435,1.3150000000000013
23.653333685795467,1.2880000000000005
23.680000352859494,1.3240000000000005
23.70666701992353,1.311
