time_min,absorb_mau
0.0,-0.011
0.0933333347241083,-0.191
0.1866666694482167,-0.198
0.2800000041723251,-0.187
0.3733333388964335,-0.115
0.4666666736205418,-0.106
0.5600000083446502,-0.194
0.6533333430687587,-0.1669999999999999
0.746666677792867,-0.079
0.8400000125169754,0.0879999999999999
0.9333333472410836,-0.033
1.0266666819651922,-0.118
1.1200000166893005,-0.168
1.2133333514134088,-0.1239999999999998
1.3066666861375174,-0.0939999999999999
1.4000000208616257,-0.1679999999999999
1.493333355585734,-0.1649999999999998
1.5866666903098423,-0.1109999999999998
1.6800000250339509,-0.1389999999999998
1.7733333597580592,-0.138
1.8666666944821677,-0.0340000000000002
1.960000029206276,0.0999999999999992
2.0533333639303843,0.2939999999999996
2.1466666986544927,0.322
2.240000033378601,0.5270000000000001
2.3333333681027093,0.5469999999999997
2.4266667028268176,0.7209999999999992
2.5200000375509264,0.8479999999999999
2.6133333722750347,1.087
2.706666706999143,1.1989999999999998
2.800000041723252,1.455
2.89333337644736,1.6739999999999997
2.986666711171468,1.9960000000000004
3.0800000458955763,2.302
3.1733333806196846,2.649999999999997
3.2666667153437934,3.1430000000000007
3.3600000500679017,3.5600000000000005
3.45333338479201,4.02
3.5466667195161183,4.587
3.640000054240226,5.414999999999999
3.733333388964335,6.167999999999996
3.8266667236884433,6.998999999999988
3.920000058412552,8.043999999999997
4.01333339313666,9.203000000000005
4.106666727860769,10.589
4.200000062584877,12.079
4.293333397308985,13.787999999999997
4.386666732033094,15.586
4.480000066757202,17.689000000000007
4.57333340148131,19.875
4.666666736205419,22.38499999999999
4.760000070929527,25.09299999999996
4.853333405653635,27.999999999999943
4.946666740377744,30.986999999999966
5.040000075101853,34.215
5.133333409825961,37.53
5.226666744550069,41.082
5.320000079274178,44.99199999999999
5.413333413998286,48.822
5.506666748722394,52.713
5.600000083446503,56.67499999999998
5.693333418170611,60.67099999999999
5.786666752894719,64.844
5.880000087618828,69.08500000000001
5.973333422342936,73.07299999999998
6.066666757067044,77.03799999999995
6.160000091791153,81.01599999999996
6.253333426515261,84.78499999999997
6.346666761239369,88.48599999999993
6.4400000959634776,92.15399999999995
6.533333430687587,95.61700000000002
6.626666765411695,98.798
6.720000100135803,101.782
6.813333434859912,104.531
6.90666676958402,107.073
7.000000104308128,109.545
7.093333439032237,111.547
7.186666773756345,113.306
7.280000108480453,114.794
7.373333443204562,116.096
7.46666677792867,116.922
7.560000112652778,117.584
7.653333447376887,117.883
7.746666782100995,117.964
7.840000116825103,117.71699999999998
7.933333451549212,117.247
8.02666678627332,116.511
8.120000120997428,115.609
8.213333455721537,114.205
8.306666790445645,112.75
8.400000125169754,111.11
8.493333459893861,109.175
8.58666679461797,107.27700000000002
8.68000012934208,105.008
8.773333464066187,102.573
8.866666798790297,100.179
8.960000133514404,97.56400000000002
9.053333468238511,94.84500000000004
9.14666680296262,92.154
9.24000013768673,89.332
9.333333472410835,86.33200000000005
9.426666807134946,83.41899999999998
9.520000141859054,80.63800000000009
9.613333476583165,77.71199999999999
9.70666681130727,75.055
9.80000014603138,72.17000000000002
9.893333480755487,69.21200000000005
9.986666815479596,66.51999999999998
10.080000150203706,63.797000000000025
10.173333484927811,61.20600000000002
10.266666819651922,58.839999999999975
10.36000015437603,56.351999999999975
10.45333348910014,53.882000000000005
10.546666823824246,51.541
10.640000158548355,49.291
10.733333493272465,47.14100000000005
10.826666827996572,45.15500000000003
10.92000016272068,43.23600000000005
11.013333497444789,41.22399999999999
11.106666832168896,39.46900000000005
11.200000166893004,37.815
11.293333501617113,36.13500000000002
11.386666836341222,34.650000000000006
11.480000171065331,33.198999999999984
11.57333350578944,31.779
11.666666840513548,30.388000000000005
11.760000175237655,29.245000000000005
11.853333509961764,28.093999999999998
11.946666844685872,26.89099999999999
12.04000017940998,25.835000000000008
12.133333514134089,24.872000000000043
12.226666848858198,23.965000000000003
12.320000183582303,23.15600000000002
12.413333518306414,22.25099999999999
12.506666853030522,21.507000000000005
12.600000187754633,20.756
12.693333522478738,20.01600000000002
12.786666857202848,19.405
12.880000191926957,18.85800000000002
12.973333526651064,18.298
13.066666861375174,17.766000000000005
13.16000019609928,17.201999999999998
13.25333353082339,16.651999999999994
13.346666865547498,16.155000000000015
13.440000200271609,15.650999999999996
13.533333534995714,15.176000000000002
13.626666869719823,14.747999999999998
13.72000020444393,14.465000000000003
13.81333353916804,14.035000000000004
13.906666873892148,13.667000000000016
14.000000208616257,13.400999999999996
14.093333543340364,13.128
14.186666878064472,12.823
14.28000021278858,12.512
14.37333354751269,12.207999999999998
14.4666668822368,11.989
14.560000216960908,11.718000000000004
14.653333551685016,11.448999999999998
14.746666886409123,11.294
14.840000221133232,11.037
14.93333355585734,10.924
15.026666890581447,10.694000000000004
15.120000225305557,10.478000000000009
15.213333560029666,10.273
15.306666894753771,10.010999999999996
15.400000229477882,9.828000000000005
15.49333356420199,9.714000000000006
15.5866668989261,9.422999999999998
15.680000233650206,9.300000000000004
15.773333568374316,9.174
15.866666903098425,8.985
15.960000237822532,8.852
16.05333357254664,8.769999999999996
16.14666690727075,8.670000000000002
16.240000241994856,8.489000000000011
16.333333576718967,8.386000000000003
16.426666911443075,8.216999999999999
16.520000246167182,8.079
16.61333358089129,7.866000000000007
16.7066669156154,7.875
16.800000250339508,7.714999999999996
16.893333585063615,7.530999999999999
16.986666919787723,7.388000000000002
17.080000254511834,7.432999999999998
17.17333358923594,7.356999999999999
17.26666692396005,7.233999999999999
17.36000025868416,7.131999999999998
17.453333593408267,7.032
17.546666928132375,7.002000000000002
17.640000262856482,6.949000000000005
17.733333597580593,6.82
17.8266669323047,6.702
17.920000267028808,6.686
18.013333601752915,6.51100000000001
18.106666936477023,6.494
18.200000271201134,6.306
18.29333360592524,6.238
18.38666694064935,6.113000000000005
18.48000027537346,6.123999999999999
18.573333610097567,6.041999999999998
18.666666944821674,5.956999999999997
18.760000279545785,5.948
18.853333614269893,5.799999999999997
18.946666948994,5.829
19.040000283718108,5.711000000000002
19.13333361844222,5.611999999999998
19.22666695316633,5.576999999999998
19.320000287890437,5.604
19.41333362261454,5.544999999999997
19.50666695733865,5.458
19.60000029206276,5.402999999999999
19.693333626786867,5.4030000000000005
19.78666696151097,5.367000000000002
19.880000296235085,5.301000000000002
19.973333630959196,5.285
20.0666669656833,5.228000000000009
20.16000030040741,5.161000000000001
20.25333363513152,5.069000000000001
20.346666969855622,5.023999999999999
20.440000304579733,5.053000000000004
20.533333639303844,4.976000000000001
20.626666974027952,4.934000000000001
20.72000030875206,4.852
20.813333643476167,4.799000000000007
20.90666697820028,4.741
21.000000312924385,4.689
21.093333647648493,4.696999999999999
21.1866669823726,4.621
21.28000031709671,4.62
21.37333365182082,4.646999999999999
21.46666698654493,4.543
21.56000032126904,4.521999999999999
21.653333655993144,4.495000000000001
21.74666699071725,4.44
21.84000032544136,4.448999999999998
21.93333366016547,4.41
22.026666994889577,4.346
22.120000329613685,4.3870000000000005
22.213333664337792,4.295999999999999
22.306666999061903,4.202999999999999
22.40000033378601,4.131
22.49333366851012,4.198
22.586667003234226,4.119999999999997
22.680000337958337,4.039
22.773333672682444,4.05
22.86666700740655,4.007
22.960000342130662,3.978
23.05333367685477,3.9460000000000015
23.14666701157888,3.933
23.240000346302985,3.908000000000001
23.333333681027096,3.849
23.426667015751203,3.821999999999999
23.52000035047531,3.8169999999999993
23.613333685199414,3.829000000000001
23.70666701992353,3.855
23.80000035464764,3.853
23.893333689371744,3.918
23.98666702409585,3.823000000000004
24.08000035881996,3.770000000000003
24.17333369354407,3.692
24.266667028268177,3.744000000000007
24.360000362992285,3.680999999999997
24.4533336977164,3.716000000000001
24.546667032440503,3.7079999999999984
24.64000036716461,3.7250000000000014
24.73333370188872,3.677
24.82666703661283,3.6640000000000015
24.920000371336936,3.668999999999997
25.013333706061044,3.563000000000009
25.106667040785155,3.5040000000000013
25.200000375509266,3.552
25.29333371023337,3.4960000000000004
25.38666704495748,3.471
25.480000379681588,3.444999999999993
25.573333714405692,3.423
25.666667049129803,3.4449999999999967
25.76000038385391,3.358000000000004
25.85333371857802,3.317
25.94666705330213,3.323
26.04000038802624,3.3080000000000007
26.133333722750347,3.366
26.22666705747445,3.2970000000000006
26.32000039219856,3.286999999999999
26.41333372692267,3.223
26.50666706164678,3.291999999999998
26.600000396370888,3.331000000000003
26.693333731094995,3.3199999999999967
26.786667065819103,3.3299999999999947
26.880000400543214,3.244999999999999
26.97333373526732,3.217
27.06666706999143,3.1290000000000013
27.160000404715536,3.1759999999999984
27.253333739439647,3.0790000000000006
27.346667074163754,3.073999999999998
27.44000040888786,3.0590000000000046
27.533333743611973,3.1869999999999994
27.62666707833608,3.113
27.720000413060188,3.080000000000002
27.81333374778429,3.027999999999995
27.90666708250841,3.124
28.000000417232517,3.115
28.09333375195662,3.0879999999999974
28.18666708668073,3.0520000000000067
28.28000042140484,3.0919999999999987
28.373333756128947,3.007000000000001
28.46666709085305,2.949000000000005
28.56000042557716,2.943
28.653333760301276,2.8859999999999992
28.74666709502538,2.889
28.840000429749487,2.8599999999999994
28.9333337644736,2.853999999999999
29.026667099197702,2.762
29.120000433921813,2.7750000000000004
29.21333376864592,2.776999999999994
29.30666710337003,2.747
29.40000043809414,2.754
29.493333772818247,2.809000000000001
29.586667107542358,2.863999999999999
29.680000442266465,2.844999999999999
29.77333377699057,2.838999999999998
29.86666711171468,2.7989999999999995
29.960000446438787,2.744999999999997
30.053333781162895,2.729999999999997
30.14666711588701,2.6569999999999965
30.240000450611117,2.727999999999998
30.333333785335224,2.7070000000000007
30.42666712005933,2.758000000000001
30.52000045478344,2.683999999999997
30.613333789507543,2.7099999999999937
30.706667124231657,2.827
30.800000458955765,2.838999999999998
30.893333793679872,2.7709999999999995
30.98666712840398,2.764999999999999
31.08000046312809,2.784
31.1733337978522,2.775999999999996
31.266667132576305,2.811
31.360000467300413,2.797
31.453333802024524,2.803000000000001
31.54666713674863,2.7270000000000003
31.64000047147274,2.658999999999999
31.73333380619685,2.678000000000001
31.82666714092096,2.671
31.920000475645065,2.6629999999999967
32.013333810369176,2.642
32.10666714509328,2.604
32.20000047981739,2.6679999999999997
32.2933338145415,2.641
32.386667149265605,2.634999999999998
32.48000048398971,2.6900000000000004
32.57333381871382,2.617999999999988
32.666667153437935,2.7369999999999948
32.76000048816204,2.565999999999999
32.85333382288615,2.6370000000000005
32.94666715761026,2.696999999999999
33.040000492334364,2.6789999999999985
33.13333382705847,2.622
33.22666716178258,2.63900000000001
33.320000496506694,2.664999999999999
33.4133338312308,2.681000000000001
33.50666716595491,2.5959999999999965
33.600000500679016,2.5930000000000035
33.69333383540312,2.561
33.78666717012723,2.5440000000000005
33.88000050485134,2.631999999999984
33.973333839575446,2.6030000000000086
34.06666717429956,2.567
34.16000050902367,2.619
34.253333843747775,2.5919999999999987
34.34666717847188,2.6019999999999968
34.44000051319599,2.5760000000000005
34.5333338479201,2.571999999999999
34.626667182644205,2.5279999999999987
34.72000051736832,2.526
34.81333385209243,2.4659999999999997
34.906667186816534,2.4549999999999983
35.00000052154064,2.441999999999993
35.09333385626475,2.432000000000002
35.18666719098886,2.565
35.280000525712964,2.611999999999988
35.37333386043707,2.5710000000000037
35.466667195161186,2.587
35.56000052988529,2.5410000000000004
35.6533338646094,2.5779999999999994
35.74666719933351,2.459
35.840000534057616,2.456
35.93333386878172,2.459000000000003
36.02666720350583,2.508999999999997
36.120000538229945,2.4899999999999984
36.21333387295405,2.445999999999998
36.30666720767816,2.382999999999999
36.40000054240227,2.392999999999999
36.493333877126375,2.414000000000001
36.58666721185048,2.365
36.68000054657459,2.3490000000000077
36.7733338812987,2.3799999999999883
36.86666721602281,2.3329999999999984
36.96000055074692,2.264000000000003
37.05333388547103,2.321000000000001
37.146667220195134,2.373000000000001
37.24000055491924,2.3439999999999994
37.33333388964335,2.3349999999999795
37.426667224367456,2.4079999999999995
37.52000055909157,2.371000000000002
37.61333389381568,2.430999999999999
37.706667228539786,2.4180000000000064
37.80000056326389,2.346000000000004
37.893333897988,2.3130000000000006
37.98666723271211,2.301
38.080000567436215,2.2959999999999923
38.17333390216032,2.321999999999996
38.26666723688444,2.2749999999999986
38.36000057160855,2.27
38.45333390633265,2.3249999999999997
38.54666724105676,2.349000000000004
38.64000057578087,2.3500000000000014
38.733333910504975,2.372999999999999
38.82666724522908,2.397999999999989
38.9200005799532,2.459000000000003
39.0133339146773,2.4479999999999933
39.10666724940141,2.3299999999999983
39.20000058412552,2.3040000000000003
39.293333918849626,2.2680000000000007
39.38666725357373,2.2750000000000057
39.48000058829784,2.242999999999981
39.57333392302195,2.2890000000000086
39.66666725774606,2.241
39.76000059247017,2.282000000000001
39.85333392719428,2.2220000000000013
39.94666726191839,2.133
40.04000059664249,2.2179999999999964
40.1333339313666,2.249000000000004
40.22666726609071,2.295999999999985
40.32000060081482,2.3770000000000024
40.41333393553893,2.302
40.50666727026304,2.362
40.60000060498714,2.3039999999999985
40.69333393971125,2.221000000000004
40.78666727443536,2.219999999999999
40.88000060915947,2.269000000000004
40.97333394388357,2.273999999999994
41.06666727860769,2.256
41.1600006133318,2.273
41.253333948055904,2.2860000000000014
41.34666728278001,2.2669999999999995
41.44000061750412,2.301000000000002
41.53333395222823,2.2990000000000066
41.62666728695233,2.221000000000004
41.72000062167645,2.213000000000001
41.81333395640056,2.176000000000002
41.90666729112466,2.2489999999999988
42.00000062584877,2.228999999999999
42.09333396057288,2.1529999999999987
42.186667295296985,2.2360000000000007
42.28000063002109,2.2250000000000014
42.3733339647452,2.212999999999994
42.466667299469314,2.187999999999999
42.56000063419342,2.251
42.65333396891753,2.2290000000000063
42.74666730364164,2.150999999999996
42.840000638365744,2.1419999999999995
42.93333397308985,2.132
43.02666730781396,2.1709999999999976
43.12000064253807,2.2110000000000003
43.21333397726218,2.157000000000004
43.30666731198629,2.131
43.4000006467104,2.1140000000000043
43.4933339814345,2.2149999999999963
43.58666731615861,2.2180000000000035
43.68000065088272,2.221999999999966
43.773333985606826,2.1949999999999967
43.86666732033094,2.1660000000000004
43.96000065505505,2.1850000000000023
44.05333398977916,2.158999999999999
44.14666732450326,2.176
44.24000065922737,2.1090000000000018
44.33333399395148,2.1389999999999887
44.42666732867559,2.143000000000008
44.5200006633997,2.1940000000000026
44.61333399812381,2.1980000000000004
44.70666733284792,2.1790000000000003
44.80000066757202,2.146
44.89333400229613,2.209
44.98666733702024,2.18
45.08000067174434,2.164999999999999
45.17333400646845,2.276999999999987
45.266667341192566,2.2319999999999998
45.36000067591667,2.198999999999998
45.45333401064078,2.129999999999999
45.54666734536489,2.104999999999997
45.640000680089,2.134999999999998
45.7333340148131,2.117999999999988
45.82666734953721,2.070000000000002
45.920000684261325,2.096000000000004
46.01333401898543,2.1229999999999976
46.10666735370954,2.0959999999999965
46.20000068843365,2.1670000000000016
46.29333402315776,2.2950000000000017
46.38666735788186,2.274000000000001
46.48000069260597,2.288999999999999
46.57333402733008,2.281000000000006
46.66666736205419,2.2070000000000007
46.7600006967783,2.181000000000001
46.853334031502406,2.213000000000001
46.946667366226514,2.1560000000000006
47.04000070095062,2.1850000000000005
47.13333403567473,2.161
47.22666737039884,2.126999999999996
47.32000070512295,2.098
47.41333403984706,2.1239999999999988
47.506667374571165,2.1090000000000018
47.60000070929527,2.193999999999999
47.69333404401938,2.134999999999998
47.78666737874349,2.118000000000002
47.8800007134676,2.088000000000001
47.9733340481917,2.1439999999999984
48.06666738291582,2.2040000000000006
48.160000717639925,2.1850000000000023
48.25333405236403,2.155
48.34666738708814,2.2150000000000034
48.44000072181225,2.312999999999999
48.533334056536354,2.250000000000014
48.62666739126046,2.311999999999994
48.72000072598457,2.252000000000006
48.81333406070869,2.242000000000001
48.90666739543279,2.2169999999999987
49.0000007301569,2.2010000000000005
49.093334064881006,2.1110000000000007
49.18666739960511,2.1739999999999995
49.28000073432922,2.168
49.37333406905333,2.221999999999994
49.46666740377744,2.183
49.56000073850155,2.17
49.65333407322566,2.1259999999999977
49.746667407949765,2.171
49.84000074267387,2.1800000000000037
49.93333407739798,2.144999999999996
50.02666741212209,2.2049999999999983
50.1200007468462,2.336999999999999
50.21333408157031,2.2830000000000013
50.30666741629442,2.237000000000002
50.40000075101853,2.1529999999999987
50.49333408574263,2.059000000000001
50.58666742046674,2.097999999999999
50.68000075519085,2.228999999999999
50.77333408991496,2.1910000000000025
50.86666742463907,2.098
50.960000759363176,2.1439999999999984
51.05333409408728,2.0730000000000004
51.14666742881139,2.0660000000000025
51.2400007635355,2.027
51.333334098259606,2.04399999999999
51.42666743298371,2.103999999999985
51.52000076770782,2.174
51.613334102431935,2.178000000000001
51.70666743715604,2.0799999999999983
51.80000077188015,2.1869999999999976
51.89333410660426,2.189000000000007
51.986667441328365,2.0779999999999994
52.08000077605247,2.149
52.17333411077658,2.096000000000004
52.26666744550069,2.136000000000003
52.3600007802248,2.0919999999999987
52.45333411494891,2.065999999999999
52.546667449673016,2.054000000000002
52.64000078439712,2.0189999999999984
52.73333411912123,1.9909999999999852
52.82666745384534,2.0090000000000074
52.920000788569446,2.0059999999999967
53.01333412329356,2.104999999999997
53.10666745801767,2.036
53.200000792741776,2.023
53.29333412746588,2.021000000000001
53.38666746218999,2.1049999999999898
53.4800007969141,2.0540000000000305
53.573334131638205,2.078000000000003
53.66666746636232,2.0470000000000006
53.76000080108643,1.9839999999999984
53.853334135810535,2.1020000000000003
53.94666747053464,2.106
54.04000080525875,2.1469999999999985
54.13333413998286,2.0859999999999994
54.22666747470696,2.11099999999999
54.32000080943107,2.1110000000000007
54.41333414415519,2.153
54.506667478879294,2.169999999999998
54.6000008136034,2.088999999999998
54.69333414832751,2.1809999999999974
54.786667483051616,2.1549999999999976
54.88000081777572,2.163999999999998
54.97333415249983,2.1499999999999915
55.066667487223945,2.1300000000000026
55.16000082194805,2.111000000000004
55.25333415667216,2.112000000000002
55.34666749139627,2.0919999999999987
55.440000826120375,2.159
55.53333416084448,2.1369999999999987
55.62666749556859,2.1370000000000005
55.7200008302927,2.063000000000009
55.81333416501681,2.1169999999999973
55.90666749974092,2.0559999999999974
56.00000083446503,1.977000000000004
56.093334169189134,2.0680000000000014
56.18666750391324,2.143000000000008
56.28000083863735,2.138000000000001
56.37333417336146,2.065000000000005
56.46666750808557,2.058
56.56000084280968,2.023
56.653334177533786,2.096000000000004
56.74666751225789,2.115000000000002
56.840000846982,2.187999999999999
56.93333418170611,2.0980000000000025
57.026667516430216,2.0740000000000123
57.12000085115432,2.0790000000000024
57.21333418587844,2.020000000000003
57.30666752060255,2.0470000000000006
57.40000085532665,2.125
57.49333419005076,2.1069999999999998
57.58666752477487,2.132000000000001
57.680000859498975,2.0869999999999997
57.77333419422308,1.992
57.8666675289472,2.017
57.9600008636713,2.055
58.05333419839541,2.006
58.14666753311952,2.049999999999997
58.24000086784363,1.997
58.33333420256773,2.080000000000002
58.42666753729184,2.174999999999999
58.52000087201595,2.071999999999999
58.61333420674006,2.0189999999999984
58.70666754146417,2.030999999999999
58.80000087618828,2.021000000000001
58.89333421091239,2.0630000000000024
58.98666754563649,2.1060000000000088
59.0800008803606,2.055000000000007
59.17333421508471,2.058999999999997
59.26666754980882,2.058
59.36000088453293,2.131
59.45333421925704,2.1720000000000006
59.546667553981145,2.2029999999999994
59.64000088870525,2.1679999999999997
59.73333422342936,2.134999999999998
59.82666755815347,2.2720000000000056
59.92000089287757,2.23599999999999
60.01333422760169,2.214
60.1066675623258,2.2269999999999968
60.200000897049904,2.260999999999996
60.29333423177401,2.186
60.38666756649812,2.1829999999999927
60.48000090122223,2.2259999999999955
60.573334235946334,2.20600000000001
60.66666757067045,2.189
60.76000090539456,2.183
60.85333424011866,2.1299999999999955
60.94666757484277,2.1359999999999992
61.04000090956688,2.1060000000000016
61.133334244290985,2.0890000000000057
61.22666757901509,2.139999999999993
61.3200009137392,2.08100000000001
61.41333424846332,2.0829999999999984
61.50666758318742,2.129
61.60000091791153,2.1270000000000007
61.69333425263564,2.1340000000000003
61.786667587359744,2.146000000000001
61.88000092208385,2.0599999999999987
61.97333425680796,2.136000000000001
62.06666759153208,2.054
62.16000092625618,2.093999999999994
62.25333426098029,2.131
62.3466675957044,2.076999999999998
62.4400009304285,2.164000000000001
62.53333426515261,2.141
62.62666759987672,2.1770000000000067
62.720000934600826,2.108999999999998
62.81333426932494,2.134999999999998
62.90666760404905,2.126000000000001
63.00000093877316,2.0849999999999937
63.09333427349726,2.145
63.18666760822137,2.140999999999991
63.28000094294548,2.0619999999999976
63.37333427766959,2.161999999999999
63.4666676123937,2.125
63.56000094711781,2.2319999999999998
63.65333428184192,2.212999999999999
63.74666761656602,2.161999999999999
63.84000095129013,2.1300000000000026
63.93333428601424,2.1210000000000093
64.02666762073835,2.1380000000000017
64.12000095546246,2.1899999999999995
64.21333429018657,2.164999999999999
64.30666762491067,2.1579999999999995
64.40000095963478,2.085000000000001
64.49333429435889,2.131
64.586667629083,2.115000000000002
64.6800009638071,2.099000000000004
64.77333429853121,2.123
64.86666763325532,2.1330000000000027
64.96000096797943,2.0600000000000023
65.05333430270353,2.0720000000000027
65.14666763742764,2.0530000000000257
65.24000097215176,2.0489999999999995
65.33333430687587,2.051
65.42666764159998,2.0630000000000024
65.52000097632408,2.116999999999999
65.61333431104819,2.0859999999999985
65.7066676457723,2.075000000000003
65.8000009804964,2.1910000000000025
65.89333431522051,2.1899999999999977
65.98666764994462,2.136000000000003
66.08000098466873,2.059000000000001
66.17333431939284,2.081000000000003
66.26666765411694,2.0430000000000064
66.36000098884105,2.1910000000000007
66.45333432356516,2.144000000000005
66.54666765828927,2.069999999999979
66.64000099301339,2.140000000000001
66.7333343277375,2.147999999999996
66.8266676624616,2.1169999999999973
66.92000099718571,2.069999999999993
67.01333433190982,2.022999999999996
67.10666766663392,2.031000000000006
67.20000100135803,2.1169999999999973
67.29333433608214,2.098999999999989
67.38666767080625,2.193999999999999
67.48000100553035,2.213999999999998
67.57333434025446,2.164
67.66666767497857,2.1710000000000065
67.76000100970268,2.063999999999993
67.85333434442678,2.0890000000000013
67.94666767915089,2.1210000000000093
