time_min,absorb_mau
0.0,0.0
0.0533333341280619,0.021
0.1066666682561238,-0.004
0.1600000023841858,0.032
0.2133333365122477,0.15
0.2666666706403096,0.057
0.3200000047683716,0.079
0.3733333388964335,0.09
0.4266666730244954,0.074
0.4800000071525573,0.042
0.5333333412806193,0.088
0.5866666754086812,0.109
0.6400000095367432,0.108
0.6933333436648051,0.073
0.746666677792867,0.048
0.800000011920929,0.036
0.8533333460489909,0.091
0.9066666801770528,0.121
0.9600000143051148,0.285
1.0133333484331768,0.33
1.0666666825612383,0.352
1.1200000166893005,0.314
1.1733333508173625,0.244
1.2266666849454244,0.2
1.2800000190734864,0.23
1.3333333532015483,0.217
1.3866666873296103,0.413
1.4400000214576725,0.824
1.493333355585734,1.536
1.546666689713796,2.951
1.600000023841858,5.247
1.65333335796992,8.773
1.7066666920979818,13.866
1.7600000262260438,20.688
1.8133333603541055,29.89
1.866666694482168,41.661
1.9200000286102292,55.226
1.9733333627382916,70.598
2.0266666968663536,88.105
2.0800000309944155,107.781
2.133333365122477,129.47
2.186666699250539,150.203
2.240000033378601,169.858
2.293333367506663,189.069
2.346666701634725,206.751
2.400000035762787,224.035
2.453333369890849,239.503
2.506666704018911,252.706
2.5600000381469727,263.624
2.6133333722750347,272.718
2.6666667064030967,279.945
2.720000040531158,284.879
2.7733333746592206,286.816
2.8266667087872825,286.377
2.8800000429153445,283.877
2.9333333770434065,279.518
2.986666711171468,273.463
3.04000004529953,265.984
3.093333379427592,257.581
3.146666713555654,248.16
3.200000047683716,237.674
3.253333381811778,225.957
3.30666671593984,213.604
3.3600000500679017,201.877
3.413333384195964,190.227
3.4666667183240256,178.478
3.520000052452088,166.898
3.573333386580149,155.46
3.626666720708212,144.712
3.6800000548362735,134.642
3.733333388964336,124.982
3.786666723092397,115.432
3.840000057220459,105.987
3.893333391348521,97.255
3.946666725476583,89.482
4.000000059604645,82.255
4.053333393732707,75.631
4.106666727860769,69.384
4.160000061988831,63.473
4.213333396116893,58.263
4.266666730244954,53.615
4.3200000643730165,49.271
4.373333398501078,45.194
4.4266667326291405,41.287
4.480000066757202,37.865
4.533333400885264,34.831
4.586666735013326,32.051
4.640000069141388,29.622
4.69333340326945,27.447
4.746666737397512,25.297
4.800000071525574,23.445
4.853333405653636,21.864
4.906666739781698,20.364
4.96000007390976,19.05
5.013333408037822,17.739
5.066666742165884,16.577
5.1200000762939455,15.591
5.173333410422007,14.771
5.226666744550069,14.02
5.280000078678131,13.214
5.333333412806193,12.525
5.386666746934255,11.965
5.440000081062317,11.517
5.493333415190379,11.044
5.546666749318441,10.608
5.600000083446503,10.141
5.653333417574565,9.791
5.706666751702627,9.431
5.760000085830689,9.153
5.813333419958751,8.821
5.866666754086813,8.508
5.920000088214874,8.312
5.973333422342936,8.094
6.026666756470998,7.889
6.08000009059906,7.718
6.133333424727122,7.441
6.186666758855184,7.302
6.240000092983246,7.195
6.293333427111308,7.105
6.34666676123937,6.868
6.400000095367432,6.694
6.453333429495494,6.536
6.506666763623556,6.416
6.560000097751618,6.288
6.61333343187968,6.152
6.666666766007742,6.11
6.720000100135803,5.992
6.773333434263866,5.9
6.826666768391927,5.783
6.880000102519989,5.654
6.933333436648051,5.549
6.986666770776113,5.508
7.040000104904175,5.44
7.093333439032237,5.32
7.146666773160299,5.274
7.200000107288361,5.199
7.253333441416423,5.185
7.306666775544484,5.108
7.360000109672547,5.029
7.413333443800608,4.964
7.466666777928671,4.865
7.520000112056732,4.851
7.573333446184795,4.789
7.626666780312856,4.744
7.680000114440918,4.683
7.73333344856898,4.684
7.786666782697042,4.614
7.840000116825104,4.521
7.893333450953166,4.527
7.946666785081228,4.482
8.00000011920929,4.478
8.053333453337352,4.486
8.106666787465414,4.445
8.160000121593475,4.459
8.213333455721537,4.436
8.2666667898496,4.398
8.320000123977662,4.294
8.373333458105723,4.318
8.426666792233785,4.378
8.480000126361848,4.283
8.533333460489908,4.219
8.58666679461797,4.171
8.640000128746033,4.14
8.693333462874095,4.148
8.746666797002156,4.137
8.800000131130219,4.05
8.853333465258281,3.956
8.906666799386343,3.939
8.960000133514404,3.941
9.013333467642466,3.876
9.066666801770529,3.791
9.120000135898591,3.785
9.173333470026652,3.803
9.226666804154714,3.745
9.280000138282777,3.653
9.33333347241084,3.639
9.3866668065389,3.659
9.440000140666962,3.618
9.493333474795024,3.602
9.546666808923083,3.563
9.600000143051147,3.576
9.65333347717921,3.543
9.706666811307272,3.538
9.760000145435331,3.539
9.813333479563395,3.518
9.866666813691458,3.577
9.92000014781952,3.513
9.97333348194758,3.369
10.026666816075643,3.388
10.080000150203706,3.328
10.133333484331768,3.346
10.186666818459829,3.341
10.240000152587893,3.322
10.293333486715952,3.371
10.346666820844014,3.448
10.400000154972076,3.45
10.45333348910014,3.498
10.5066668232282,3.576
10.560000157356262,3.619
10.613333491484324,3.605
10.666666825612388,3.467
10.720000159740447,2.976
10.77333349386851,2.572
