time_min,absorb_mau
0.0,0.038
0.1333333353201548,0.188
0.2666666706403096,0.086
0.4000000059604645,0.159
0.5333333412806193,0.198
0.6666666766007742,0.252
0.800000011920929,0.398
0.9333333472410836,0.4200000000000001
1.0666666825612383,0.3309999999999999
1.2000000178813934,0.4329999999999999
1.3333333532015483,0.379
1.466666688521703,0.2819999999999999
1.600000023841858,0.297
1.7333333591620128,0.2670000000000001
1.8666666944821677,0.3520000000000001
2.0000000298023224,0.3600000000000003
2.133333365122477,0.492
2.266666700442632,0.508
2.400000035762787,0.5680000000000001
2.533333371082941,0.4679999999999999
2.6666667064030967,0.5680000000000001
2.800000041723252,0.645
2.933333377043406,0.7639999999999993
3.066666712363561,0.806
3.200000047683716,0.8380000000000001
3.3333333830038705,0.9519999999999996
3.4666667183240256,0.973
3.6000000536441803,1.0229999999999997
3.733333388964335,1.1410000000000005
3.86666672428449,1.27
4.000000059604645,1.324
4.1333333949248,1.4530000000000003
4.266666730244954,1.496
4.400000065565109,1.527
4.533333400885264,1.6109999999999998
4.666666736205419,1.6650000000000005
4.800000071525574,1.8009999999999995
4.933333406845729,1.833
5.066666742165883,1.9749999999999988
5.200000077486038,2.1
5.333333412806193,2.212
5.466666748126348,2.296
5.600000083446503,2.457
5.733333418766658,2.5040000000000004
5.866666754086812,2.610999999999999
6.000000089406967,2.7349999999999994
6.133333424727122,2.8279999999999994
6.2666667600472765,3.030999999999999
6.400000095367432,3.2349999999999994
6.533333430687587,3.3109999999999995
6.666666766007741,3.439
6.800000101327896,3.566
6.933333436648051,3.778000000000001
7.0666667719682055,3.94
7.200000107288361,4.130000000000001
7.333333442608516,4.343
7.46666677792867,4.595999999999998
7.600000113248825,4.889
7.73333344856898,5.114999999999998
7.866666783889134,5.400999999999996
8.00000011920929,5.724
8.133333454529444,6.030999999999999
8.2666667898496,6.445999999999998
8.400000125169754,6.898
8.533333460489908,7.306999999999999
8.666666795810064,7.847000000000001
8.800000131130219,8.390999999999998
8.933333466450373,9.076
9.066666801770529,9.676000000000002
9.200000137090685,10.338
9.333333472410835,10.99799999999999
9.466666807730991,11.858000000000004
9.600000143051147,12.679000000000002
9.733333478371302,13.50499999999998
9.866666813691458,14.497999999999998
10.000000149011612,15.378999999999998
10.133333484331766,16.433999999999983
10.266666819651922,17.480999999999995
10.400000154972076,18.590000000000003
10.53333349029223,19.62399999999998
10.666666825612388,20.896
10.80000016093254,22.098
10.933333496252695,23.412999999999982
11.066666831572851,24.631
11.200000166893004,26.01599999999999
11.33333350221316,27.45699999999998
11.466666837533316,28.950000000000003
11.60000017285347,30.373999999999995
11.733333508173624,31.875999999999976
11.86666684349378,33.44
12.000000178813934,34.904
12.133333514134089,36.36499999999997
12.266666849454245,37.913
12.4000001847744,39.40899999999999
12.533333520094551,41.00799999999995
12.666666855414707,42.40899999999999
12.800000190734863,43.894000000000005
12.933333526055018,45.52399999999996
13.066666861375174,47.021
13.200000196695328,48.417
13.333333532015482,49.85699999999997
13.466666867335638,51.18899999999999
13.600000202655792,52.544
13.733333537975946,53.90299999999999
13.866666873296102,55.253
14.000000208616257,56.370000000000005
14.133333543936413,57.743
14.266666879256569,58.885
14.40000021457672,59.9
14.533333549896875,61.00699999999998
14.666666885217031,62.051
14.800000220537186,63.13
14.93333355585734,64.08699999999999
15.066666891177496,64.837
15.20000022649765,65.708
15.333333561817804,66.53199999999998
15.46666689713796,67.048
15.600000232458116,67.628
15.733333567778269,68.05699999999999
15.866666903098425,68.552
16.00000023841858,68.945
16.133333573738735,69.123
16.266666909058888,69.365
16.400000244379044,69.577
16.5333335796992,69.498
16.666666915019352,69.499
16.800000250339508,69.403
16.933333585659664,69.288
17.066666920979817,69.14499999999998
17.200000256299973,68.826
17.33333359162013,68.567
17.46666692694028,68.001
17.600000262260437,67.51000000000002
17.733333597580593,66.98699999999998
17.866666932900745,66.309
18.0000002682209,65.772
18.133333603541057,64.876
18.26666693886121,64.08500000000004
18.40000027418137,63.24900000000001
18.53333360950152,62.458
18.666666944821674,61.37400000000005
18.80000028014183,60.393
18.933333615461983,59.297
19.06666695078214,58.34800000000001
19.20000028610229,57.25800000000001
19.33333362142245,55.999
19.466666956742603,54.93100000000004
19.60000029206276,53.779
19.733333627382915,52.638000000000005
19.866666962703068,51.39500000000001
20.000000298023224,50.274
20.13333363334338,49.11699999999999
20.26666696866353,47.95300000000003
20.40000030398369,46.91499999999999
20.533333639303844,45.63299999999998
20.666666974624,44.48600000000005
20.800000309944156,43.321
20.93333364526431,42.22999999999999
21.06666698058446,41.06200000000004
21.200000315904617,39.94
21.333333651224773,38.87299999999999
21.46666698654493,37.72200000000004
21.60000032186508,36.583
21.73333365718524,35.829999999999984
21.86666699250539,34.696000000000026
22.000000327825543,33.703
22.133333663145702,32.703
22.26666699846585,31.86500000000001
22.40000033378601,31.018
22.533333669106167,30.195000000000007
22.66666700442632,29.29400000000004
22.800000339746475,28.36800000000001
22.93333367506663,27.599999999999994
23.066667010386784,26.77700000000001
23.20000034570694,26.155
23.333333681027096,25.370000000000005
23.466667016347248,24.89200000000001
23.600000351667404,24.078000000000003
23.73333368698756,23.515
23.866667022307716,22.97
24.00000035762787,22.381
24.133333692948025,21.738
24.266667028268177,21.27700000000001
24.400000363588333,20.78800000000001
24.53333369890849,20.209
24.66666703422864,19.76500000000001
24.8000003695488,19.294
24.933333704868957,18.982
25.066667040189103,18.551000000000016
25.200000375509266,18.160000000000004
25.333333710829415,17.865000000000002
25.46666704614957,17.525000000000006
25.600000381469727,17.268
25.733333716789883,16.957000000000008
25.866667052110035,16.708000000000006
26.00000038743019,16.32
26.133333722750347,16.198999999999998
26.2666670580705,15.89100000000002
26.400000393390656,15.595
26.53333372871081,15.355999999999998
26.666667064030964,15.223000000000006
26.80000039935112,15.116
26.93333373467128,14.991
27.06666706999143,14.732
27.200000405311584,14.53
27.33333374063174,14.357000000000005
27.466667075951893,14.24300000000001
27.60000041127205,14.032000000000004
27.733333746592205,13.85
27.86666708191236,13.696000000000003
28.000000417232517,13.522
28.13333375255267,13.403000000000002
28.266667087872825,13.214000000000013
28.400000423192974,13.097
28.53333375851313,13.005999999999998
28.666667093833286,12.957
28.80000042915344,12.884999999999998
28.9333337644736,12.884
29.06666709979375,12.652
29.200000435113907,12.567
29.333333770434063,12.471000000000004
29.46666710575421,12.271000000000004
29.60000044107437,12.343000000000004
29.733333776394527,12.238
29.86666711171468,12.239
30.00000044703484,12.047999999999998
30.133333782354992,11.984
30.266667117675144,11.923000000000007
30.4000004529953,11.939000000000007
30.533333788315456,11.808
30.66666712363561,11.634000000000007
30.800000458955765,11.662
30.93333379427592,11.614999999999997
31.066667129596077,11.539
31.20000046491623,11.450000000000005
31.333333800236385,11.418
31.466667135556538,11.314999999999998
31.600000470876694,11.257999999999996
31.73333380619685,11.169999999999996
31.866667141517,11.084
32.00000047683716,10.912
32.13333381215731,10.948
32.26666714747747,10.948999999999998
32.40000048279762,10.814
32.533333818117775,10.797
32.666667153437935,10.688000000000002
32.80000048875809,10.656
32.93333382407824,10.671
33.0666671593984,10.521
33.20000049471855,10.488
33.333333830038704,10.404
33.466667165358864,10.339
33.600000500679016,10.285
33.73333383599917,10.233
33.86666717131933,10.232
34.00000050663948,10.025
34.13333384195963,9.984000000000002
34.26666717727979,9.986
34.400000512599945,9.951
34.5333338479201,9.874000000000002
34.66666718324026,9.754
34.80000051856041,9.757
34.93333385388056,9.754999999999995
35.06666718920072,9.775999999999996
35.200000524520874,9.658
35.33333385984103,9.636000000000005
35.466667195161186,9.497
35.60000053048134,9.412
35.73333386580149,9.405
35.86666720112165,9.316
36.0000005364418,9.312
36.13333387176196,9.211000000000002
36.26666720708212,9.087
36.40000054240227,9.140999999999998
36.53333387772242,9.06400000000002
36.66666721304258,8.992999999999999
36.80000054836273,8.837
36.93333388368288,8.885999999999997
37.06666721900304,8.805000000000003
37.2000005543232,8.738
37.33333388964335,8.721000000000004
37.46666722496351,8.68
37.60000056028366,8.61
37.73333389560381,8.713999999999999
37.86666723092397,8.576
38.000000566244125,8.537999999999997
38.13333390156428,8.423000000000002
38.26666723688444,8.427999999999997
38.40000057220459,8.362
38.53333390752474,8.310999999999998
38.6666672428449,8.278
38.800000578165054,8.285999999999998
38.93333391348521,8.27900000000001
39.066667248805366,8.268999999999998
39.20000058412552,8.160999999999994
39.33333391944567,8.102
39.46666725476583,8.057000000000002
39.60000059008598,7.968000000000001
39.733333925406136,8.013000000000002
39.866667260726295,7.975000000000001
40.00000059604645,7.884999999999998
40.1333339313666,7.880000000000003
40.26666726668676,7.959999999999999
40.40000060200691,7.869
40.533333937327065,7.810000000000016
40.66666727264722,7.716000000000001
40.80000060796738,7.606
40.93333394328753,7.583999999999999
41.06666727860769,7.5390000000000015
41.20000061392784,7.462999999999997
41.333333949248,7.426
41.46666728456815,7.378
41.60000061988831,7.282
41.73333395520846,7.271000000000001
41.86666729052862,7.217000000000006
42.00000062584877,7.183
42.13333396116892,7.126000000000005
42.26666729648908,7.181
42.40000063180924,7.1640000000000015
42.53333396712939,7.050000000000026
42.66666730244955,7.107999999999997
42.8000006377697,7.085000000000001
42.93333397308985,7.000999999999991
43.06666730841001,7.002000000000002
43.20000064373016,6.933
43.33333397905032,6.836000000000006
43.46666731437048,6.866999999999997
43.60000064969063,6.792000000000002
43.73333398501078,6.866000000000003
43.86666732033094,6.818
44.00000065565109,6.750999999999998
44.133333990971245,6.742000000000008
44.266667326291405,6.622
44.40000066161156,6.591999999999999
44.53333399693171,6.616000000000007
44.66666733225187,6.538000000000004
44.80000066757202,6.5
44.933334002892174,6.459999999999999
45.06666733821233,6.481999999999999
45.200000673532486,6.424
45.33333400885264,6.459
45.4666673441728,6.464000000000013
45.60000067949295,6.399000000000001
45.7333340148131,6.381000000000004
45.86666735013326,6.314999999999998
46.000000685453415,6.302999999999997
46.13333402077357,6.285000000000011
46.26666735609373,6.207000000000001
46.40000069141388,6.209
46.53333402673403,6.237000000000009
46.66666736205419,6.194999999999993
46.80000069737434,6.138999999999999
46.933334032694496,6.131999999999991
47.066667368014656,6.123999999999995
47.20000070333481,6.153999999999996
47.33333403865496,6.129999999999999
47.46666737397512,6.073999999999998
47.60000070929527,5.994999999999997
47.73333404461543,6.100999999999992
47.86666737993559,6.042999999999999
48.00000071525574,6.004
48.13333405057589,5.911000000000016
48.26666738589605,5.914
48.4000007212162,6.006
48.533334056536354,5.942
48.666667391856514,5.963000000000001
48.800000727176666,5.869999999999997
48.93333406249682,5.828000000000003
49.06666739781698,5.824
49.20000073313713,5.787000000000006
49.33333406845728,5.765000000000001
49.46666740377744,5.693
49.6000007390976,5.715999999999994
49.73333407441775,5.858000000000011
49.86666740973791,5.802
50.00000074505806,5.862000000000002
50.13333408037821,5.819
50.26666741569837,5.754
50.40000075101853,5.712000000000003
50.53333408633868,5.856000000000002
50.66666742165884,5.853999999999999
50.80000075697899,5.826
50.93333409229914,5.798000000000002
51.0666674276193,5.674999999999997
51.20000076293945,5.821
51.333334098259606,5.840999999999994
51.466667433579765,5.786000000000001
51.60000076889992,5.75
51.73333410422007,5.653000000000006
51.86666743954023,5.715
52.00000077486038,5.563000000000002
52.133334110180535,5.611999999999988
52.26666744550069,5.64
52.40000078082085,5.616999999999997
52.533334116141,5.636999999999986
52.66666745146116,5.710000000000001
52.80000078678131,5.614000000000004
52.93333412210146,5.573999999999998
53.06666745742162,5.504
53.200000792741776,5.499
53.33333412806193,5.524000000000001
53.46666746338209,5.466999999999999
53.60000079870224,5.456
53.73333413402239,5.501999999999995
53.86666746934255,5.3870000000000005
54.000000804662704,5.364
54.13333413998286,5.346999999999994
54.26666747530302,5.343
54.40000081062317,5.381
54.53333414594332,5.319000000000006
54.66666748126348,5.273
54.80000081658363,5.318
54.933334151903786,5.309000000000005
55.066667487223945,5.327
55.2000008225441,5.349
55.33333415786425,5.299000000000007
55.46666749318441,5.365
55.60000082850456,5.3580000000000005
55.73333416382472,5.351999999999999
55.86666749914488,5.280000000000001
56.00000083446503,5.331000000000003
56.13333416978518,5.360999999999997
56.26666750510534,5.325000000000003
56.40000084042549,5.2330000000000005
56.53333417574565,5.274999999999999
56.6666675110658,5.213999999999999
56.80000084638596,5.286999999999999
56.93333418170611,5.242999999999995
57.06666751702627,5.21
57.20000085234642,5.215000000000003
57.33333418766657,5.291999999999987
57.46666752298673,5.302999999999997
57.600000858306885,5.231
57.73333419362704,5.302000000000007
57.8666675289472,5.273000000000003
58.00000086426735,5.216000000000001
58.1333341995875,5.216999999999999
58.26666753490766,5.202
58.40000087022781,5.187999999999999
58.533334205547966,5.202999999999999
58.666667540868126,5.2010000000000005
58.80000087618828,5.179000000000002
58.93333421150843,5.217999999999998
59.06666754682859,5.037000000000006
59.20000088214874,5.146000000000001
59.333334217468895,5.112000000000009
59.466667552789055,5.109999999999999
59.60000088810921,5.114999999999995
59.73333422342936,5.048000000000001
59.86666755874952,5.060999999999999
60.00000089406967,5.055
60.133334229389824,5.029000000000011
60.266667564709984,5.037000000000006
60.400000900030136,5.053
60.53333423535029,5.030000000000015
60.66666757067045,4.998000000000001
60.8000009059906,4.9809999999999945
60.93333424131075,5.026
61.06666757663091,5.096000000000004
61.200000911951065,5.022999999999996
61.33333424727122,5.0190000000000055
61.46666758259138,5.003999999999998
61.60000091791153,5.029999999999999
61.73333425323168,4.988000000000003
61.86666758855184,4.947000000000003
62.000000923872,5.030000000000001
62.13333425919215,5.042000000000002
62.26666759451231,4.962999999999994
62.40000092983246,4.913
62.53333426515261,4.945000000000002
62.66666760047277,4.873000000000005
62.80000093579292,4.977
62.93333427111308,4.992000000000004
63.06666760643324,4.945999999999998
63.20000094175339,4.875
63.33333427707354,4.91899999999999
63.4666676123937,4.942999999999998
63.60000094771385,4.963999999999999
63.733334283034,4.868000000000009
63.86666761835416,4.91
64.00000095367432,4.780999999999999
64.13333428899448,4.744
64.26666762431462,4.740999999999996
64.40000095963478,4.660999999999998
64.53333429495494,4.75
64.66666763027509,4.695
64.80000096559525,4.663000000000004
64.9333343009154,4.649000000000001
65.06666763623555,4.625999999999998
65.20000097155571,4.59
65.33333430687587,4.661999999999999
65.46666764219601,4.74
65.60000097751617,4.738
65.73333431283633,4.707999999999998
65.86666764815648,4.700000000000003
66.00000098347664,4.800999999999998
66.1333343187968,4.813000000000002
66.26666765411694,4.775999999999996
66.4000009894371,4.722999999999999
66.53333432475726,4.704000000000001
66.66666766007741,4.739
66.80000099539757,4.716000000000001
66.93333433071773,4.679000000000002
67.06666766603787,4.638000000000005
67.20000100135803,4.611999999999998
67.33333433667819,4.545000000000002
67.46666767199834,4.609000000000002
67.6000010073185,4.624000000000002
67.73333434263866,4.515000000000001
67.8666676779588,4.564000000000004
68.00000101327896,4.555
68.13333434859912,4.529000000000001
68.26666768391927,4.542999999999999
68.40000101923943,4.501000000000005
68.53333435455959,4.442999999999998
68.66666768987973,4.546999999999997
68.80000102519989,4.461
68.93333436052005,4.447000000000003
69.0666676958402,4.425000000000001
69.20000103116035,4.454000000000001
69.33333436648051,4.418999999999997
69.46666770180066,4.428000000000001
69.60000103712082,4.474
69.73333437244098,4.481000000000002
69.86666770776112,4.563
70.00000104308128,4.6370000000000005
70.13333437840144,4.59
70.26666771372159,4.540999999999997
70.40000104904175,4.567
70.53333438436191,4.564
70.66666771968205,4.516
70.80000105500221,4.56
70.93333439032237,4.558
71.06666772564252,4.626000000000001
71.20000106096268,4.522
71.33333439628284,4.573
71.46666773160298,4.564999999999998
71.60000106692314,4.550999999999995
71.7333344022433,4.509
71.86666773756345,4.458999999999996
72.0000010728836,4.364
72.13333440820377,4.375
72.26666774352391,4.420999999999999
72.40000107884407,4.401
72.53333441416423,4.405000000000001
72.66666774948438,4.407000000000011
72.80000108480453,4.4510000000000005
72.9333344201247,4.403999999999996
73.06666775544484,4.394999999999982
73.200001090765,4.388999999999999
73.33333442608516,4.378999999999998
73.4666677614053,4.338000000000008
73.60000109672546,4.398
73.73333443204562,4.402000000000001
73.86666776736577,4.346999999999987
74.00000110268593,4.373000000000005
74.13333443800609,4.390999999999998
74.26666777332623,4.292999999999992
74.40000110864639,4.295000000000002
74.53333444396655,4.341999999999999
74.6666677792867,4.303999999999974
74.80000111460686,4.313000000000002
74.93333444992702,4.346000000000004
75.06666778524716,4.303999999999999
75.20000112056732,4.296000000000001
75.33333445588748,4.299999999999997
75.46666779120763,4.27800000000002
75.60000112652779,4.213999999999999
75.73333446184795,4.228
75.86666779716809,4.263999999999953
76.00000113248825,4.374000000000002
76.13333446780841,4.233999999999995
76.26666780312856,4.2150000000000105
76.40000113844872,4.202
76.53333447376887,4.189999999999998
76.66666780908902,4.233999999999995
76.80000114440918,4.217999999999989
76.93333447972934,4.146000000000001
77.06666781504948,4.104000000000013
77.20000115036964,4.064999999999998
77.3333344856898,4.150999999999996
77.46666782100995,4.043000000000003
77.60000115633011,4.046000000000007
77.73333449165027,4.033000000000001
77.86666782697041,4.067999999999994
78.00000116229057,4.078000000000003
78.13333449761073,4.082000000000001
78.26666783293088,4.066999999999986
78.40000116825104,4.137
78.5333345035712,4.0760000000000005
78.66666783889134,4.069999999999993
78.8000011742115,4.204000000000001
78.93333450953166,4.135
79.0666678448518,4.13300000000001
79.20000118017197,4.156000000000006
79.33333451549213,4.231999999999999
79.46666785081227,4.164000000000005
79.60000118613243,4.265
79.73333452145259,4.23
79.86666785677274,4.2250000000000085
80.0000011920929,4.225000000000001
80.13333452741306,4.305999999999997
80.2666678627332,4.304999999999993
80.40000119805336,4.263
80.53333453337352,4.212000000000003
80.66666786869366,4.2280000000000015
80.80000120401382,4.146
80.93333453933398,4.14
81.06666787465413,4.072000000000017
81.20000120997429,4.089000000000002
81.33333454529445,4.107999999999997
81.4666678806146,4.027999999999997
81.60000121593475,4.055000000000007
81.73333455125491,4.11699999999999
81.86666788657506,4.063999999999993
82.00000122189522,4.150999999999996
82.13333455721538,4.177
82.26666789253552,4.098000000000006
82.40000122785568,4.100999999999999
82.53333456317584,4.064999999999998
82.66666789849599,4.105000000000018
82.80000123381615,4.073
82.9333345691363,3.9980000000000047
83.06666790445645,4.050999999999995
83.20000123977661,4.0070000000000014
83.33333457509677,3.927
83.46666791041692,3.9099999999999966
83.60000124573708,3.903000000000006
83.73333458105724,3.959
83.86666791637738,3.884000000000015
84.00000125169754,3.962
84.1333345870177,3.9339999999999975
84.26666792233785,3.8929999999999865
84.400001257658,3.883999999999986
84.53333459297816,3.888999999999996
84.66666792829831,3.893000000000015
84.80000126361847,3.872
84.93333459893863,3.756999999999998
85.06666793425877,3.780999999999992
85.20000126957893,3.7890000000000015
85.3333346048991,3.798000000000002
85.46666794021924,3.8050000000000033
85.6000012755394,3.823
85.73333461085956,3.8590000000000018
85.8666679461797,3.915999999999983
86.00000128149986,3.867
86.13333461682002,3.8160000000000025
86.26666795214017,3.956999999999999
86.40000128746033,3.916999999999998
86.53333462278049,3.867000000000001
86.66666795810063,3.8450000000000273
86.80000129342079,3.906000000000006
86.93333462874095,3.905000000000001
87.0666679640611,3.814000000000021
87.20000129938126,3.794000000000001
87.33333463470142,3.8100000000000014
87.46666797002156,3.8050000000000033
87.60000130534172,3.7929999999999993
87.73333464066188,3.7950000000000017
87.86666797598203,3.800999999999988
88.00000131130219,3.890000000000001
88.13333464662234,3.844000000000001
88.26666798194249,3.872
88.40000131726265,3.7680000000000007
88.53333465258281,3.802999999999997
88.66666798790295,3.850999999999999
88.80000132322311,3.807000000000002
88.93333465854327,3.8249999999999993
89.06666799386342,3.809999999999999
89.20000132918358,3.8289999999999935
89.33333466450374,3.849
89.46666799982388,3.887999999999991
89.60000133514404,3.934999999999999
89.7333346704642,3.879999999999996
89.86666800578435,3.831999999999979
90.00000134110451,3.929000000000002
90.13333467642468,3.942999999999998
90.2666680117448,3.9020000000000152
90.40000134706496,3.962
90.53333468238512,3.9200000000000017
90.66666801770528,3.878000000000004
90.80000135302544,3.971000000000004
90.9333346883456,4.006
91.06666802366574,3.962000000000007
91.2000013589859,3.9369999999999976
91.33333469430606,3.842999999999997
91.4666680296262,3.869999999999997
91.60000136494637,3.802000000000007
91.73333470026652,3.728999999999999
91.86666803558668,3.7919999999999874
92.00000137090684,3.846000000000004
92.133334706227,3.8159999999999954
92.26666804154712,3.785999999999987
92.4000013768673,3.710000000000001
92.53333471218744,3.765000000000001
92.6666680475076,3.742000000000018
92.80000138282776,3.7750000000000057
92.93333471814792,3.730000000000004
93.06666805346806,3.749
93.20000138878822,3.844999999999999
93.33333472410838,3.846999999999994
93.46666805942851,3.926999999999964
93.60000139474867,3.8130000000000015
93.73333473006883,3.788
93.866668065389,3.794000000000026
94.00000140070917,3.8190000000000026
94.13333473602933,3.8020000000000014
94.26666807134946,3.812999999999999
94.40000140666962,3.723000000000013
94.53333474198978,3.724000000000004
94.66666807730992,3.717000000000006
94.80000141263008,3.754000000000005
94.93333474795024,3.722999999999999
95.0666680832704,3.734
95.20000141859056,3.7150000000000034
95.3333347539107,3.638999999999996
95.46666808923084,3.728999999999999
95.600001424551,3.775
95.73333475987116,3.719999999999999
95.86666809519132,3.6910000000000167
96.00000143051147,3.612
96.13333476583163,3.689
96.26666810115178,3.6720000000000113
96.40000143647194,3.6670000000000016
96.5333347717921,3.640000000000001
96.66666810711224,3.673000000000002
96.8000014424324,3.701000000000001
96.93333477775256,3.738
97.06666811307272,3.747999999999999
97.20000144839288,3.804000000000002
97.33333478371304,3.86
97.46666811903316,3.7920000000000016
97.60000145435332,3.774000000000001
97.73333478967348,3.7490000000000014
97.86666812499364,3.7679999999999993
98.0000014603138,3.762000000000001
98.13333479563396,3.808
98.2666681309541,3.794000000000004
98.40000146627426,3.82
98.53333480159442,3.837
98.66666813691457,3.810999999999993
98.80000147223473,3.7730000000000032
98.93333480755489,3.6920000000000073
99.06666814287505,3.795
99.2000014781952,3.9000000000000057
99.33333481351536,3.820999999999998
99.4666681488355,3.8720000000000017
99.60000148415564,3.824000000000012
99.7333348194758,3.786000000000001
99.86666815479596,3.76700000000001
100.00000149011612,3.747
100.13333482543628,3.6880000000000015
100.26666816075642,3.8219999999999743
100.40000149607658,3.745999999999999
100.53333483139674,3.7889999999999873
100.66666816671687,3.6709999999999994
100.80000150203703,3.729
100.9333348373572,3.7309999999999945
101.06666817267735,3.727000000000004
101.20000150799753,3.701000000000001
101.33333484331769,3.7390000000000008
101.46666817863782,3.63900000000001
101.60000151395798,3.669000000000001
101.73333484927814,3.7299999999999898
101.86666818459828,3.7029999999999887
102.00000151991844,3.6599999999999966
102.1333348552386,3.6030000000000086
102.26666819055876,3.7399999999999807
102.4000015258789,3.795999999999992
102.53333486119908,3.754000000000005
102.6666681965192,3.727
102.80000153183936,3.650999999999996
102.93333486715952,3.628
103.06666820247968,3.693000000000003
103.20000153779984,3.7109999999999994
103.33333487312,3.674999999999997
103.46666820844014,3.675999999999995
103.6000015437603,3.668999999999997
103.73333487908046,3.6030000000000086
103.8666682144006,3.5849999999999937
104.00000154972076,3.593999999999994
104.13333488504092,3.617999999999995
104.26666822036108,3.584
104.40000155568124,3.5690000000000026
104.5333348910014,3.5180000000000007
104.66666822632152,3.645999999999997
104.8000015616417,3.5749999999999997
104.93333489696184,3.527000000000001
105.066668232282,3.5010000000000048
105.20000156760216,3.524000000000001
105.33333490292232,3.5819999999999936
105.46666823824246,3.625000000000007
105.60000157356262,3.5829999999999984
105.73333490888278,3.664999999999999
105.86666824420293,3.658000000000001
106.00000157952309,3.617999999999999
106.13333491484325,3.6409999999999982
106.2666682501634,3.618000000000009
106.40000158548357,3.661
106.53333492080372,3.6839999999999975
106.66666825612386,3.5930000000000035
106.80000159144402,3.646999999999992
106.93333492676418,3.7109999999999994
107.06666826208432,3.696000000000005
107.20000159740448,3.7120000000000033
107.33333493272464,3.722999999999999
107.46666826804478,3.5740000000000123
107.60000160336494,3.602000000000004
107.7333349386851,3.5660000000000025
107.86666827400524,3.588999999999998
108.0000016093254,3.573999999999998
108.13333494464555,3.710000000000008
108.26666827996571,3.671000000000001
108.40000161528587,3.747000000000014
108.53333495060603,3.733
108.66666828592618,3.723999999999961
108.80000162124634,3.6930000000000014
108.9333349565665,3.650999999999996
109.06666829188664,3.5759999999999934
109.2000016272068,3.625
109.33333496252696,3.6269999999999953
109.46666829784712,3.5449999999999946
109.60000163316728,3.5890000000000004
109.73333496848744,3.546999999999997
109.86666830380756,3.466000000000008
110.00000163912772,3.510999999999996
110.13333497444788,3.5710000000000006
110.26666830976804,3.5009999999999906
110.4000016450882,3.5730000000000075
110.53333498040836,3.593999999999994
110.6666683157285,3.637000000000004
110.80000165104866,3.4819999999999998
110.93333498636882,3.4960000000000093
111.06666832168897,3.462000000000017
111.20000165700912,3.4240000000000066
111.33333499232928,3.51400000000001
111.46666832764944,3.482999999999976
111.6000016629696,3.501999999999996
111.73333499828976,3.524000000000001
111.8666683336099,3.564
112.00000166893004,3.507999999999996
112.1333350042502,3.631999999999998
112.26666833957036,3.728999999999999
112.40000167489052,3.725999999999999
112.53333501021068,3.6850000000000014
112.66666834553082,3.65900000000002
112.80000168085098,3.723000000000013
112.93333501617114,3.639000000000003
113.06666835149127,3.6670000000000016
113.20000168681143,3.6650000000000063
113.3333350221316,3.5420000000000016
113.46666835745177,3.523
113.60000169277193,3.581000000000003
113.73333502809209,3.479999999999997
113.86666836341222,3.4579999999999984
114.00000169873238,3.501999999999999
114.13333503405254,3.472
114.26666836937268,3.486999999999981
114.40000170469284,3.513000000000005
114.533335040013,3.524000000000001
114.66666837533316,3.506999999999991
114.8000017106533,3.554000000000002
114.93333504597346,3.439
115.0666683812936,3.4730000000000025
115.20000171661376,3.4579999999999984
115.33333505193391,3.402000000000001
115.46666838725407,3.4579999999999917
115.60000172257423,3.551000000000002
115.7333350578944,3.482000000000001
115.86666839321454,3.522999999999982
116.0000017285347,3.517000000000003
116.13333506385486,3.4480000000000075
116.266668399175,3.480999999999998
116.40000173449516,3.4000000000000004
116.53333506981532,3.441999999999993
116.66666840513548,3.424999999999999
116.80000174045564,3.433
116.9333350757758,3.432000000000002
117.06666841109592,3.412000000000006
117.20000174641608,3.4720000000000013
117.33333508173624,3.4309999999999974
117.4666684170564,3.4899999999999807
117.60000175237656,3.4990000000000023
117.73333508769672,3.490000000000009
117.86666842301686,3.5320000000000107
118.00000175833702,3.5289999999999964
118.13333509365718,3.4849999999999994
118.26666842897733,3.525999999999996
118.40000176429749,3.413000000000011
118.53333509961764,3.4279999999999973
118.6666684349378,3.48299999999999
118.80000177025796,3.4110000000000014
118.93333510557812,3.396000000000001
119.06666844089824,3.399000000000001
119.2000017762184,3.399000000000001
119.33333511153856,3.446000000000001
119.46666844685872,3.3970000000000056
119.60000178217888,3.3760000000000048
119.73333511749904,3.4890000000000043
119.86666845281918,3.5479999999999947
120.00000178813934,3.65
120.1333351234595,3.5999999999999943
120.26666845877963,3.551000000000002
120.4000017940998,3.4410000000000025
120.53333512941995,3.384999999999991
120.66666846474013,3.4270000000000067
120.80000180006029,3.4060000000000006
120.93333513538045,3.4279999999999973
121.06666847070058,3.532000000000004
121.20000180602074,3.515999999999991
121.3333351413409,3.548000000000002
121.46666847666104,3.4620000000000037
121.6000018119812,3.471000000000004
121.73333514730136,3.496000000000002
121.8666684826215,3.474000000000004
122.00000181794168,3.5
122.13333515326184,3.473000000000013
122.26666848858196,3.4710000000000107
122.40000182390212,3.4929999999999986
122.53333515922228,3.4210000000000065
122.66666849454244,3.379000000000005
122.8000018298626,3.414
122.93333516518275,3.4160000000000004
123.0666685005029,3.395
123.20000183582306,3.400999999999996
123.33333517114322,3.3969999999999985
123.46666850646336,3.4679999999999893
123.60000184178352,3.459000000000003
123.73333517710368,3.4279999999999973
123.86666851242384,3.520999999999997
124.000001847744,3.5279999999999987
124.13333518306416,3.4879999999999995
124.2666685183843,3.504999999999981
124.40000185370444,3.4689999999999994
124.5333351890246,3.5020000000000024
124.66666852434476,3.550000000000012
124.80000185966492,3.4839999999999947
124.93333519498508,3.506
125.06666853030522,3.5869999999999607
125.20000186562538,3.599000000000004
125.33333520094554,3.569999999999993
125.46666853626569,3.703
125.60000187158585,3.641999999999996
125.733335206906,3.5799999999999983
125.86666854222617,3.5590000000000046
126.00000187754632,3.5860000000000127
126.13333521286648,3.4849999999999994
126.26666854818662,3.539999999999992
126.40000188350676,3.4879999999999995
126.53333521882692,3.403000000000006
126.66666855414708,3.512999999999977
126.80000188946724,3.507999999999996
126.9333352247874,3.4920000000000044
127.06666856010754,3.4549999999999983
127.2000018954277,3.527000000000001
127.33333523074786,3.430000000000007
127.466668566068,3.5149999999999864
127.60000190138815,3.483000000000004
127.73333523670831,3.422
127.86666857202847,3.322999999999997
128.00000190734863,3.4170000000000016
128.13333524266878,3.428000000000001
128.26666857798895,3.4550000000000125
128.4000019133091,3.413000000000011
128.53333524862924,3.524000000000001
128.66666858394942,3.5189999999999984
128.80000191926956,3.527000000000001
128.9333352545897,3.507999999999999
129.06666858990988,3.631
129.20000192523003,3.521
129.33333526055017,3.5289999999999964
129.46666859587037,3.615000000000002
129.6000019311905,3.569
129.73333526651064,3.509999999999998
129.8666686018308,3.452
130.00000193715096,3.389
130.1333352724711,3.402000000000001
130.26666860779127,3.523
130.40000194311142,3.5279999999999987
130.53333527843157,3.528000000000006
130.66666861375174,3.4609999999999985
130.80000194907188,3.411
130.93333528439203,3.307000000000002
131.0666686197122,3.3710000000000093
131.20000195503235,3.305
131.3333352903525,3.405999999999999
131.46666862567267,3.434000000000001
131.6000019609928,3.346000000000004
131.73333529631296,3.3930000000000007
131.86666863163313,3.391999999999996
132.00000196695328,3.326999999999998
132.13333530227342,3.3419999999999987
132.2666686375936,3.388999999999996
132.40000197291374,3.421
132.5333353082339,3.4190000000000005
132.66666864355406,3.350999999999999
132.8000019788742,3.352000000000004
132.93333531419435,3.320999999999998
133.06666864951453,3.280000000000001
133.20000198483467,3.299999999999999
133.33333532015482,3.343999999999994
133.466668655475,3.383999999999986
133.60000199079514,3.507000000000005
133.73333532611528,3.520000000000003
133.86666866143543,3.5
134.0000019967556,3.4499999999999886
134.13333533207577,3.4809999999999945
134.26666866739592,3.4749999999999943
134.40000200271606,3.4279999999999973
134.5333353380362,3.391
134.66666867335638,3.417
134.80000200867653,3.525
134.93333534399667,3.4799999999999898
135.06666867931685,3.507000000000005
135.200002014637,3.577
135.33333534995714,3.5559999999999974
135.4666686852773,3.662000000000006
135.60000202059746,3.579000000000008
135.7333353559176,3.6169999999999902
135.86666869123778,3.5249999999999986
136.00000202655792,3.5460000000000065
136.13333536187807,3.497000000000014
136.26666869719824,3.4890000000000043
136.4000020325184,3.546
136.53333536783853,3.508999999999986
136.6666687031587,3.5379999999999967
136.80000203847885,3.513000000000005
136.933335373799,3.5759999999999934
137.06666870911917,3.6020000000000003
137.20000204443932,3.491
137.33333537975946,3.510999999999996
137.46666871507963,3.5420000000000016
137.60000205039978,3.620000000000001
137.73333538571993,3.7110000000000127
137.8666687210401,3.567
138.00000205636024,3.536999999999999
138.1333353916804,3.5490000000000066
138.26666872700056,3.506
138.4000020623207,3.457
138.53333539764083,3.4649999999999963
138.66666873296103,3.475999999999999
138.80000206828117,3.512999999999998
138.93333540360132,3.519999999999996
139.0666687389215,3.461999999999989
139.20000207424164,3.4410000000000025
139.33333540956178,3.428000000000001
139.46666874488196,3.4750000000000014
139.6000020802021,3.551000000000002
139.73333541552225,3.491
139.86666875084242,3.4649999999999963
140.00000208616257,3.4819999999999998
140.1333354214827,3.448999999999998
140.2666687568029,3.445999999999998
140.40000209212303,3.4080000000000013
140.53333542744318,3.472999999999999
140.66666876276335,3.439
140.8000020980835,3.3980000000000032
140.93333543340364,3.3899999999999864
141.06666876872382,3.338999999999998
141.20000210404396,3.421999999999997
141.3333354393641,3.312999999999988
141.46666877468428,3.4609999999999985
141.60000211000445,3.526999999999987
141.73333544532457,3.555000000000007
141.86666878064474,3.492999999999995
142.0000021159649,3.585000000000008
142.13333545128503,3.471999999999994
142.2666687866052,3.4150000000000063
142.40000212192535,3.388000000000005
142.5333354572455,3.389000000000003
142.66666879256567,3.431000000000001
142.80000212788582,3.4240000000000066
142.93333546320596,3.4369999999999976
143.06666879852614,3.427999999999999
143.20000213384628,3.4720000000000084
143.33333546916643,3.469999999999999
143.4666688044866,3.4609999999999985
143.60000213980675,3.4579999999999984
143.7333354751269,3.4509999999999934
143.86666881044707,3.394
144.0000021457672,3.4510000000000005
144.13333548108736,3.454000000000008
144.26666881640753,3.4480000000000075
144.40000215172768,3.388000000000005
144.53333548704782,3.3959999999999866
144.666668822368,3.433
144.80000215768814,3.381
144.9333354930083,3.526000000000004
145.06666882832846,3.433999999999997
145.2000021636486,3.4129999999999967
145.33333549896875,3.3629999999999995
145.46666883428892,3.4099999999999966
145.60000216960907,3.366
145.73333550492922,3.3169999999999997
145.8666688402494,3.3739999999999952
146.0000021755695,3.479
146.13333551088968,3.478000000000037
146.26666884620985,3.4549999999999983
146.40000218153,3.507000000000005
146.53333551685014,3.410000000000011
146.66666885217032,3.361000000000004
146.80000218749046,3.4520000000000017
146.9333355228106,3.5439999999999543
147.06666885813078,3.594999999999999
147.20000219345093,3.5730000000000075
147.33333552877107,3.659000000000006
147.46666886409125,3.5520000000000067
147.6000021994114,3.617999999999995
147.73333553473154,3.562999999999988
147.8666688700517,3.4849999999999994
148.00000220537186,3.405999999999999
148.133335540692,3.538999999999973
148.26666887601218,3.434000000000001
148.40000221133232,3.4010000000000105
148.53333554665247,3.3239999999999696
148.66666888197264,3.3700000000000045
148.8000022172928,3.4650000000000034
148.93333555261293,3.4520000000000124
149.0666688879331,3.376999999999999
149.20000222325325,3.337
149.3333355585734,3.359999999999985
149.46666889389357,3.3220000000000027
149.60000222921371,3.396000000000001
149.73333556453386,3.3980000000000103
149.86666889985403,3.491
150.00000223517418,3.508000000000001
150.13333557049432,3.4790000000000134
150.2666689058145,3.4410000000000025
150.40000224113464,3.4010000000000105
150.5333355764548,3.4369999999999976
150.66666891177496,3.4350000000000005
150.8000022470951,3.430999999999983
150.93333558241525,3.532999999999996
151.06666891773543,3.5579999999999927
151.20000225305557,3.492999999999995
151.33333558837572,3.3640000000000185
151.4666689236959,3.456000000000003
151.60000225901604,3.433000000000007
151.73333559433618,3.391999999999996
151.86666892965636,3.402000000000001
152.0000022649765,3.3549999999999898
152.13333560029665,3.426000000000004
152.26666893561682,3.459000000000003
152.40000227093697,3.417
152.5333356062571,3.409999999999968
152.66666894157729,3.366000000000014
152.80000227689743,3.3859999999999992
152.93333561221758,3.440999999999974
153.06666894753775,3.4040000000000035
153.2000022828579,3.358000000000004
153.33333561817804,3.402999999999992
153.4666689534982,3.4110000000000014
153.60000228881836,3.391999999999996
153.7333356241385,3.3600000000000136
153.86666895945868,3.3899999999999864
154.00000229477882,3.396
154.13333563009897,3.4329999999999963
154.26666896541914,3.3430000000000035
154.4000023007393,3.3799999999999955
154.53333563605943,3.2790000000000106
154.6666689713796,3.3220000000000027
154.80000230669975,3.320999999999998
154.9333356420199,3.2870000000000346
155.06666897734007,3.346999999999994
155.20000231266022,3.3669999999999973
155.33333564798036,3.375000000000014
155.46666898330054,3.4209999999999923
155.60000231862068,3.483000000000004
155.73333565394083,3.4559999999999995
155.866668989261,3.43
156.00000232458115,3.390999999999991
156.1333356599013,3.3810000000000078
156.2666689952215,3.475999999999999
156.4000023305416,3.459000000000003
156.53333566586176,3.374999999999993
156.66666900118193,3.3939999999999984
156.80000233650208,3.406000000000006
156.93333567182222,3.450999999999937
157.0666690071424,3.334000000000003
157.20000234246254,3.366
157.33333567778269,3.29200000000003
157.46666901310286,3.326000000000022
157.600002348423,3.390000000000001
157.73333568374315,3.332999999999984
157.86666901906332,3.3730000000000047
158.00000235438347,3.320999999999998
158.1333356897036,3.337999999999994
158.2666690250238,3.3669999999999902
158.40000236034393,3.411999999999999
158.53333569566408,3.388000000000005
158.66666903098425,3.336
158.8000023663044,3.341000000000001
158.93333570162454,3.2990000000000066
159.06666903694472,3.263000000000005
159.20000237226486,3.3619999999999948
159.333335707585,3.3510000000000275
159.46666904290518,3.298000000000002
159.60000237822533,3.344000000000001
159.73333571354547,3.309000000000026
159.86666904886565,3.314
160.0000023841858,3.2249999999999943
160.13333571950594,3.2439999999999998
160.2666690548261,3.282999999999987
160.40000239014626,3.283999999999992
160.5333357254664,3.258999999999997
160.66666906078655,3.305000000000007
160.80000239610672,3.3399999999999963
160.9333357314269,3.2410000000000068
161.06666906674704,3.2680000000000007
161.20000240206718,3.309000000000001
161.33333573738733,3.2939999999999987
161.4666690727075,3.2989999999999995
161.60000240802765,3.453999999999993
161.7333357433478,3.423999999999978
161.86666907866797,3.4809999999999945
162.0000024139881,3.4279999999999973
162.13333574930826,3.564999999999941
162.26666908462843,3.429000000000002
162.40000241994858,3.3969999999999985
162.53333575526872,3.3130000000000166
162.6666690905889,3.3760000000000048
162.80000242590904,3.3130000000000024
162.9333357612292,3.3919999999999817
163.06666909654936,3.3710000000000093
163.2000024318695,3.3959999999999866
163.33333576718965,3.448000000000004
163.46666910250983,3.3760000000000048
163.60000243782997,3.4150000000000205
163.73333577315012,3.374999999999972
163.8666691084703,3.361000000000004
164.00000244379044,3.3420000000000005
164.13333577911058,3.365999999999985
164.26666911443075,3.3429999999999893
164.4000024497509,3.328000000000003
164.53333578507105,3.384999999999991
164.66666912039122,3.343999999999994
164.80000245571136,3.306000000000012
164.9333357910315,3.292000000000016
165.06666912635168,3.3190000000000026
165.20000246167183,3.3400000000000034
165.33333579699195,3.328999999999951
165.46666913231215,3.223000000000013
165.6000024676323,3.2319999999999998
165.73333580295244,3.294000000000004
165.8666691382726,3.3329999999999984
166.00000247359276,3.2869999999999777
166.1333358089129,3.39400000000002
166.26666914423308,3.407000000000004
166.40000247955322,3.4170000000000016
166.53333581487337,3.3849999999999625
166.66666915019354,3.3670000000000044
166.8000024855137,3.347999999999999
166.93333582083383,3.359999999999985
167.066669156154,3.3370000000000037
167.20000249147415,3.323999999999998
167.3333358267943,3.384000000000004
167.46666916211447,3.3540000000000134
167.60000249743462,3.331000000000003
167.73333583275476,3.3189999999999884
167.86666916807494,3.412000000000006
168.00000250339508,3.3180000000000014
168.13333583871523,3.3449999999999704
168.2666691740354,3.3730000000000047
168.40000250935557,3.287000000000001
168.5333358446757,3.339999999999975
168.66666917999586,3.338999999999998
168.800002515316,3.2620000000000005
168.93333585063615,3.1920000000000077
169.06666918595633,3.227000000000004
169.20000252127647,3.3220000000000027
169.33333585659662,3.347000000000022
169.4666691919168,3.301
169.60000252723694,3.300999999999988
169.73333586255708,3.2579999999999245
169.86666919787726,3.25
170.0000025331974,3.3329999999999984
170.13333586851755,3.304999999999998
170.26666920383772,3.277000000000001
170.40000253915787,3.304000000000002
170.533335874478,3.3430000000000746
170.6666692097982,3.3640000000000043
170.80000254511833,3.320999999999998
170.93333588043848,3.2440000000000566
171.06666921575865,3.216000000000001
171.2000025510788,3.175000000000012
171.33333588639894,3.2050000000000125
171.46666922171912,3.2109999999999985
171.60000255703926,3.2799999999999727
171.7333358923594,3.2829999999999586
171.86666922767958,3.244
172.00000256299973,3.343999999999994
172.13333589831987,3.300000000000012
172.26666923364004,3.2930000000000064
172.4000025689602,3.2960000000000065
172.53333590428034,3.3799999999999955
172.6666692396005,3.3580000000000005
172.80000257492063,3.3229999999999933
172.9333359102408,3.315000000000026
173.06666924556097,3.2049999999999983
173.20000258088112,3.219000000000001
173.33333591620126,3.183000000000021
173.46666925152144,3.187000000000012
173.60000258684158,3.203000000000003
173.73333592216173,3.200999999999997
173.8666692574819,3.169000000000011
174.00000259280205,3.195
174.1333359281222,3.176000000000045
174.26666926344237,3.209
174.4000025987625,3.233000000000004
174.53333593408266,3.2640000000000384
174.66666926940283,3.2429999999999986
174.80000260472298,3.2830000000000013
174.93333594004312,3.281999999999993
175.0666692753633,3.2720000000000056
175.20000261068344,3.2469999999999857
175.3333359460036,3.2819999999999965
175.46666928132376,3.271000000000001
175.6000026166439,3.2420000000000044
175.73333595196405,3.2950000000000017
175.86666928728422,3.271999999999992
176.00000262260437,3.296999999999997
176.13333595792452,3.3600000000000705
176.2666692932447,3.245999999999995
176.40000262856483,3.319000000000017
176.53333596388498,3.2920000000000016
176.66666929920515,3.311
176.8000026345253,3.317999999999984
176.93333596984544,3.338000000000008
177.06666930516562,3.3700000000000045
177.20000264048576,3.280000000000001
177.3333359758059,3.3429999999999964
177.46666931112608,3.3199999999999994
177.60000264644623,3.3700000000000045
177.73333598176637,3.3259999999999934
177.86666931708655,3.2990000000000066
178.0000026524067,3.296
178.13333598772684,3.319999999999993
178.266669323047,3.3569999999999998
178.40000265836716,3.2549999999999955
178.5333359936873,3.247000000000014
178.66666932900748,3.210000000000008
178.80000266432762,3.227000000000004
178.93333599964777,3.214000000000013
179.06666933496794,3.257000000000001
179.2000026702881,3.244
179.33333600560823,3.254000000000005
179.4666693409284,3.238999999999997
179.60000267624855,3.2180000000000177
179.7333360115687,3.1579999999999586
179.86666934688887,3.2010000000000005
180.000002682209,3.225999999999999
180.13333601752916,3.1909999999999954
180.26666935284933,3.213999999999998
180.40000268816948,3.221000000000004
180.5333360234896,3.2830000000000013
180.6666693588098,3.2749999999999773
180.80000269412997,3.290999999999997
180.9333360294501,3.279000000000025
181.06666936477023,3.201999999999998
181.2000027000904,3.198999999999998
181.33333603541053,3.1809999999999987
181.46666937073076,3.2010000000000005
181.60000270605087,3.2169999999999987
181.73333604137105,3.2949999999999022
181.8666693766912,3.2760000000000105
182.0000027120113,3.248000000000001
182.13333604733148,3.2610000000000525
182.26666938265168,3.252000000000009
182.4000027179718,3.269999999999996
182.53333605329195,3.209000000000003
182.6666693886121,3.286
182.80000272393227,3.296999999999997
182.9333360592524,3.284999999999968
183.06666939457256,3.2929999999999997
183.20000272989276,3.3499999999999943
183.33333606521288,3.335999999999956
183.46666940053305,3.353999999999999
183.6000027358532,3.3360000000000127
183.7333360711733,3.249999999999943
183.86666940649351,3.311
184.0000027418137,3.3149999999999977
184.1333360771338,3.330999999999989
184.266669412454,3.336
184.40000274777407,3.3160000000000025
184.53333608309427,3.3329999999999917
184.66666941841444,3.230000000000018
184.8000027537346,3.305
184.93333608905476,3.248000000000104
185.0666694243749,3.223999999999989
185.20000275969505,3.2110000000000127
185.3333360950152,3.2169999999999845
185.46666943033537,3.248000000000001
185.60000276565552,3.1370000000000005
185.7333361009757,3.2509999999999906
185.86666943629584,3.2360000000000007
186.000002771616,3.228999999999999
186.13333610693613,3.244999999999976
186.2666694422563,3.200000000000003
186.40000277757645,3.276999999999987
186.5333361128966,3.3709999999999667
186.6666694482168,3.428000000000001
186.8000027835369,3.396000000000001
186.93333611885703,3.363999999999997
