time_min,absorb_mau
0.0,0.0
0.0600000008940696,-0.093
0.1200000017881393,-0.017
0.180000002682209,-0.061
0.2400000035762786,-0.078
0.3000000044703483,-0.068
0.360000005364418,-0.073
0.4200000062584877,-0.082
0.4800000071525573,-0.12
0.5400000080466271,-0.127
0.6000000089406967,-0.148
0.6600000098347664,-0.148
0.7200000107288361,-0.108
0.7800000116229058,-0.095
0.8400000125169754,-0.115
0.9000000134110451,-0.03
0.9600000143051148,0.205
1.0200000151991844,0.45
1.080000016093254,0.465
1.140000016987324,0.38
1.2000000178813934,0.341
1.2600000187754632,0.364
1.3200000196695327,0.303
1.3800000205636025,0.244
1.4400000214576725,0.249
1.5000000223517418,0.317
1.5600000232458116,0.373
1.620000024139881,0.437
1.6800000250339509,0.438
1.7400000259280206,0.543
1.80000002682209,0.688
1.86000002771616,0.849
1.9200000286102292,1.138
1.9800000295042992,1.52
2.0400000303983687,2.031
2.1000000312924385,2.713
2.1600000321865083,3.45
2.220000033080578,4.38
2.280000033974648,5.509
2.340000034868717,6.935
2.400000035762787,8.544
2.4600000366568566,10.581
2.5200000375509264,12.877
2.580000038444996,15.753
2.640000039339065,19.057
2.7000000402331352,22.95
2.760000041127205,27.318
2.8200000420212747,32.071
2.8800000429153445,37.375
2.940000043809414,43.143
3.000000044703484,49.625
3.0600000455975533,56.265
3.120000046491623,63.164
3.180000047385693,70.641
3.240000048279762,78.695
3.300000049173832,87.263
3.3600000500679017,95.679
3.4200000509619715,103.895
3.480000051856041,112.086
3.5400000527501105,120.417
3.6000000536441803,128.775
3.66000005453825,136.729
3.72000005543232,144.178
3.7800000563263896,151.613
3.840000057220459,159.122
3.9000000581145287,166.112
3.9600000590085984,172.258
4.020000059902668,177.702
4.0800000607967375,182.492
4.140000061690808,186.939
4.200000062584877,190.747
4.260000063478947,193.784
4.3200000643730165,196.065
4.380000065267086,197.909
4.440000066161156,199.101
4.500000067055225,199.636
4.560000067949296,199.413
4.620000068843365,198.571
4.680000069737434,197.162
4.740000070631504,195.233
4.800000071525574,192.926
4.860000072419644,190.134
4.920000073313713,186.762
4.980000074207783,182.956
5.040000075101853,178.619
5.100000075995922,174.188
5.160000076889992,169.492
5.220000077784062,164.706
5.280000078678131,159.561
5.340000079572201,154.356
5.4000000804662704,149.198
5.460000081360341,143.826
5.52000008225441,138.433
5.580000083148479,132.648
5.6400000840425495,127.115
5.700000084936619,121.819
5.760000085830689,116.599
5.820000086724758,111.548
5.880000087618828,106.482
5.940000088512898,101.485
6.000000089406967,96.907
6.060000090301037,92.329
6.120000091195107,87.753
6.180000092089176,83.197
6.240000092983246,79.073
6.300000093877316,75.11
6.360000094771386,71.36
6.420000095665455,67.81
6.480000096559524,64.308
6.540000097453595,61.151
6.600000098347664,58.113
6.660000099241734,55.151
6.720000100135803,52.266
6.780000101029873,49.513
6.840000101923943,47.016
6.900000102818012,44.716
6.960000103712082,42.546
7.020000104606152,40.422
7.080000105500221,38.391
7.140000106394291,36.589
7.200000107288361,34.867
7.260000108182431,33.153
7.3200001090765,31.549
7.380000109970569,30.127
7.44000011086464,28.79
7.500000111758709,27.483
7.560000112652779,26.361
7.620000113546848,25.218
7.680000114440918,24.154
7.740000115334988,23.188
7.800000116229057,22.257
7.860000117123127,21.289
7.920000118017197,20.407
7.980000118911266,19.674
8.040000119805336,18.992
8.100000120699406,18.293
8.160000121593475,17.631
8.220000122487546,17.07
8.280000123381615,16.528
8.340000124275685,15.967
8.400000125169754,15.406
8.460000126063823,14.921
8.520000126957894,14.475
8.580000127851964,14.053
8.640000128746033,13.662
8.700000129640102,13.218
8.760000130534172,12.78
8.820000131428243,12.482
8.880000132322312,12.13
8.940000133216381,11.785
9.00000013411045,11.519
9.06000013500452,11.242
9.120000135898591,10.966
9.18000013679266,10.683
9.24000013768673,10.438
9.3000001385808,10.222
9.360000139474868,9.936
9.42000014036894,9.668
9.480000141263009,9.514
9.540000142157078,9.234
9.600000143051147,9.065
9.660000143945217,8.926
9.720000144839288,8.696
9.780000145733355,8.499
9.840000146627428,8.41
9.900000147521496,8.243
9.960000148415563,8.016
10.020000149309636,7.937
10.080000150203706,7.831
10.140000151097777,7.642
10.200000151991844,7.515
10.260000152885912,7.397
10.320000153779985,7.246
10.380000154674054,7.189
10.440000155568123,7.053
10.500000156462193,6.933
10.560000157356262,6.797
10.620000158250331,6.72
10.680000159144402,6.621
10.740000160038472,6.517
10.80000016093254,6.432
10.86000016182661,6.352
10.92000016272068,6.294
10.98000016361475,6.193
11.04000016450882,6.154
11.10000016540289,6.009
11.16000016629696,5.969
11.22000016719103,5.924
11.2800001680851,5.8
11.340000168979168,5.687
11.400000169873238,5.596
11.460000170767309,5.572
11.520000171661378,5.514
11.580000172555447,5.491
11.640000173449517,5.428
11.700000174343586,5.357
11.760000175237655,5.347
11.820000176131726,5.268
11.880000177025796,5.248
11.940000177919863,5.183
12.000000178813934,5.075
12.060000179708004,5.024
12.120000180602077,5.008
12.180000181496144,4.951
12.240000182390212,4.872
12.300000183284284,4.833
12.360000184178352,4.797
12.420000185072425,4.763
12.480000185966492,4.708
12.540000186860562,4.648
12.600000187754633,4.619
12.6600001886487,4.545
12.720000189542771,4.563
12.78000019043684,4.575
12.84000019133091,4.548
12.90000019222498,4.502
12.960000193119049,4.482
13.02000019401312,4.484
13.08000019490719,4.402
13.140000195801258,4.425
13.200000196695328,4.408
13.260000197589395,4.348
13.320000198483468,4.311
13.380000199377536,4.291
13.440000200271609,4.336
13.500000201165676,4.296
13.560000202059744,4.213
13.620000202953817,4.263
13.680000203847886,4.176
13.740000204741955,4.128
13.800000205636024,4.081
13.860000206530094,4.079
13.920000207424165,4.022
13.980000208318234,3.997
14.040000209212304,3.964
14.100000210106373,3.955
14.160000211000442,3.916
14.220000211894511,3.888
14.280000212788584,3.907
14.340000213682652,3.932
14.40000021457672,3.901
14.46000021547079,3.952
14.520000216364862,3.986
14.580000217258933,3.974
14.640000218153,3.884
14.70000021904707,3.856
14.76000021994114,3.87
14.82000022083521,3.867
14.88000022172928,3.813
14.940000222623349,3.825
15.000000223517418,3.82
15.060000224411487,3.818
15.120000225305558,3.844
15.180000226199628,3.863
15.240000227093695,3.807
15.300000227987766,3.735
15.360000228881836,3.765
15.420000229775908,3.705
15.480000230669976,3.762
15.540000231564044,3.69
15.600000232458116,3.633
15.660000233352184,3.659
15.720000234246257,3.604
15.780000235140324,3.619
15.840000236034394,3.667
15.900000236928465,3.676
15.960000237822532,3.593
16.0200002387166,3.629
16.080000239610673,3.608
16.140000240504744,3.657
16.20000024139881,3.618
16.260000242292882,3.553
16.32000024318695,3.511
16.38000024408102,3.552
16.440000244975092,3.644
16.50000024586916,3.672
16.56000024676323,3.603
16.6200002476573,3.558
16.68000024855137,3.5
16.74000024944544,3.56
16.800000250339508,3.497
16.86000025123358,3.51
16.920000252127647,3.522
16.980000253021718,3.446
17.04000025391579,3.516
17.100000254809856,3.485
17.160000255703928,3.481
17.220000256597995,3.537
17.280000257492066,3.516
17.340000258386137,3.572
17.400000259280205,3.474
17.460000260174276,3.497
17.520000261068343,3.464
17.580000261962414,3.436
17.640000262856486,3.472
17.700000263750553,3.48
17.760000264644624,3.413
17.82000026553869,3.428
17.880000266432763,3.384
17.940000267326834,3.316
18.0000002682209,3.334
18.060000269114973,3.354
18.12000027000904,3.398
18.18000027090311,3.366
18.240000271797182,3.306
18.30000027269125,3.281
18.36000027358532,3.322
18.42000027447939,3.33
18.48000027537346,3.338
18.54000027626753,3.382
18.6000002771616,3.367
18.66000027805567,3.324
18.720000278949737,3.354
18.780000279843808,3.286
18.84000028073788,3.3
18.900000281631947,3.2
18.960000282526018,3.311
19.020000283420085,3.3
19.08000028431416,3.264
19.140000285208227,3.225
19.20000028610229,3.19
19.26000028699637,3.189
19.320000287890437,3.235
19.380000288784505,3.233
19.440000289678576,3.278
19.500000290572643,3.24
19.560000291466714,3.204
19.620000292360785,3.283
19.680000293254853,3.343
19.740000294148924,3.285
19.80000029504299,3.236
19.860000295937063,3.25
19.92000029683113,3.273
19.9800002977252,3.249
20.040000298619272,3.258
20.10000029951334,3.24
20.16000030040741,3.259
20.22000030130148,3.289
20.28000030219555,3.219
20.34000030308962,3.213
20.40000030398369,3.222
20.46000030487776,3.299
20.520000305771827,3.273
20.580000306665895,3.261
20.64000030755997,3.224
20.70000030845404,3.193
20.760000309348108,3.193
20.820000310242172,3.1
20.880000311136246,3.153
20.94000031203032,3.173
21.000000312924385,3.13
21.060000313818456,3.115
21.120000314712524,3.108
21.180000315606595,3.131
21.240000316500662,3.076
21.300000317394733,3.12
21.360000318288805,3.116
21.420000319182872,3.029
21.480000320076943,3.049
21.54000032097101,3.067
21.60000032186508,3.01
21.660000322759156,3.019
21.72000032365322,3.028
21.78000032454729,3.102
21.840000325441363,3.088
21.90000032633543,3.097
21.9600003272295,3.093
22.02000032812357,2.992
22.08000032901764,3.053
22.14000032991171,3.09
22.20000033080578,3.071
22.26000033169985,3.057
22.32000033259392,3.091
22.38000033348799,3.098
22.44000033438206,3.13
22.500000335276127,3.084
22.5600003361702,3.088
22.620000337064265,3.108
22.680000337958337,3.073
22.740000338852408,3.063
22.800000339746475,3.012
22.860000340640543,2.99
22.92000034153461,3.087
22.980000342428685,3.131
23.04000034332276,3.092
23.100000344216824,3.074
23.16000034511089,3.043
23.22000034600496,2.976
23.280000346899037,2.912
23.340000347793104,2.963
23.40000034868717,2.998
23.460000349581243,2.954
23.52000035047531,2.92
23.58000035136938,2.872
23.640000352263453,2.922
23.70000035315752,2.892
23.76000035405159,2.882
23.82000035494566,2.944
23.88000035583973,2.958
23.9400003567338,3.007
24.00000035762787,3.12
24.06000035852194,3.097
24.120000359416007,3.071
24.18000036031008,3.024
24.24000036120415,3.099
24.300000362098217,3.038
24.360000362992288,3.009
24.42000036388636,3.053
24.480000364780427,3.057
24.540000365674494,3.056
24.600000366568565,3.103
24.66000036746264,3.041
24.720000368356704,3.05
24.78000036925077,3.063
24.84000037014485,3.061
24.900000371038917,3.076
24.960000371932985,3.082
25.02000037282705,3.042
25.080000373721123,3.117
25.140000374615195,3.108
25.200000375509266,2.961
25.260000376403333,2.984
25.3200003772974,3.04
25.380000378191472,3.115
25.440000379085543,3.05
25.50000037997961,3.078
25.56000038087368,3.129
25.62000038176775,3.09
25.68000038266182,3.107
25.74000038355589,3.13
25.80000038444996,3.078
25.86000038534403,3.058
25.920000386238097,2.997
25.98000038713217,3.023
26.04000038802624,3.004
26.100000388920307,2.98
26.16000038981438,2.976
26.22000039070845,2.986
26.28000039160252,3.008
26.340000392496588,2.989
26.400000393390656,2.971
26.460000394284727,2.975
26.520000395178798,2.994
26.580000396072865,2.982
26.640000396966936,3.008
26.700000397861004,2.961
26.760000398755075,2.949
26.820000399649143,2.978
26.880000400543214,2.967
26.940000401437285,3.064
27.000000402331352,3.065
27.060000403225423,3.029
27.12000040411949,3.036
27.18000040501356,3.014
27.240000405907637,2.934
27.3000004068017,2.936
27.36000040769577,2.973
27.42000040858984,2.851
27.48000040948391,2.837
27.54000041037798,2.889
27.60000041127205,3.016
27.66000041216612,2.934
27.720000413060188,2.958
27.78000041395426,2.937
27.84000041484833,2.923
27.9000004157424,2.876
27.96000041663647,2.812
28.020000417530536,2.831
28.080000418424607,2.878
28.14000041931868,2.876
28.200000420212746,2.782
28.260000421106817,2.781
28.320000422000884,2.834
28.380000422894955,2.782
28.440000423789023,2.846
28.50000042468309,2.879
28.560000425577165,2.846
28.620000426471236,2.847
28.680000427365304,2.793
28.74000042825937,2.755
28.80000042915344,2.843
28.860000430047517,2.788
28.92000043094158,2.806
28.98000043183565,2.798
29.040000432729723,2.893
29.10000043362379,2.845
29.160000434517865,2.84
29.22000043541193,2.86
29.280000436306,2.88
29.34000043720007,2.845
29.40000043809414,2.914
29.46000043898821,2.895
29.52000043988228,2.94
29.58000044077635,2.952
29.64000044167042,2.974
29.700000442564487,2.952
29.76000044345856,2.993
29.820000444352623,2.988
29.880000445246697,2.876
29.94000044614077,2.871
30.00000044703484,2.818
30.060000447928907,2.872
30.12000044882297,2.851
30.18000044971705,2.804
30.24000045061112,2.887
30.300000451505184,2.944
30.36000045239925,2.954
30.420000453293323,2.988
30.480000454187397,2.985
30.540000455081465,3.001
30.600000455975533,2.943
30.660000456869604,2.907
30.72000045776367,2.947
30.780000458657742,2.963
30.840000459551813,3.033
30.90000046044588,2.969
30.960000461339952,2.982
31.02000046223402,2.955
31.08000046312809,2.937
31.14000046402216,2.949
31.20000046491623,2.988
31.2600004658103,2.964
31.320000466704368,2.924
31.38000046759844,2.912
31.44000046849251,2.945
31.500000469386578,2.878
31.56000047028065,2.874
31.62000047117472,2.846
31.680000472068787,2.803
31.74000047296286,2.894
31.80000047385693,2.844
31.860000474751,2.839
31.920000475645065,2.819
31.980000476539136,2.783
32.0400004774332,2.806
32.100000478327274,2.759
32.160000479221345,2.906
32.22000048011542,2.95
32.28000048100949,2.94
32.34000048190355,2.928
32.40000048279762,2.895
32.460000483691694,2.888
32.520000484585765,2.882
32.58000048547984,2.842
32.6400004863739,2.834
32.70000048726797,2.794
32.76000048816204,2.827
32.82000048905611,2.919
32.880000489950184,2.915
32.94000049084425,2.971
33.00000049173832,2.991
33.06000049263239,2.954
33.12000049352646,2.906
33.18000049442053,2.925
33.2400004953146,2.92
33.30000049620867,2.9
33.36000049710274,2.873
33.42000049799681,2.9
33.48000049889088,2.957
33.540000499784945,2.956
33.600000500679016,2.859
33.66000050157309,2.788
33.72000050246716,2.829
33.78000050336123,2.851
33.84000050425529,2.733
33.900000505149364,2.758
33.96000050604344,2.782
34.02000050693751,2.786
34.08000050783158,2.769
34.14000050872564,2.691
34.20000050961971,2.723
34.260000510513784,2.711
34.320000511407855,2.671
34.380000512301926,2.693
34.44000051319599,2.741
34.50000051409006,2.77
34.56000051498413,2.761
34.6200005158782,2.752
34.680000516772274,2.789
34.74000051766634,2.792
34.80000051856041,2.727
34.86000051945448,2.732
34.92000052034855,2.716
34.98000052124262,2.716
35.04000052213669,2.725
35.10000052303076,2.779
35.16000052392483,2.801
35.2200005248189,2.773
35.28000052571297,2.769
35.340000526607035,2.805
35.400000527501106,2.808
35.46000052839518,2.811
35.52000052928925,2.872
35.58000053018332,2.832
35.64000053107738,2.857
35.700000531971455,2.857
35.760000532865526,2.843
35.8200005337596,2.818
35.88000053465367,2.835
35.94000053554773,2.74
36.0000005364418,2.766
36.060000537335874,2.744
36.120000538229945,2.792
36.180000539124016,2.781
36.24000054001808,2.753
36.30000054091215,2.871
36.36000054180622,2.872
36.42000054270029,2.785
36.480000543594365,2.743
36.54000054448843,2.72
36.6000005453825,2.711
36.66000054627657,2.825
36.72000054717064,2.895
36.78000054806471,2.836
36.84000054895878,2.834
36.90000054985285,2.804
36.96000055074692,2.731
37.02000055164099,2.731
37.08000055253506,2.82
37.140000553429125,2.868
37.2000005543232,2.799
37.26000055521727,2.868
37.32000055611134,2.862
37.38000055700541,2.844
37.440000557899474,2.867
37.500000558793545,2.834
37.560000559687616,2.844
37.62000056058169,2.87
37.68000056147576,2.85
37.74000056236982,2.815
37.80000056326389,2.816
37.86000056415797,2.829
37.92000056505204,2.836
37.980000565946106,2.822
38.04000056684017,2.867
38.10000056773424,2.921
38.16000056862831,2.917
38.220000569522384,2.903
38.280000570416455,2.891
38.34000057131052,2.856
38.40000057220459,2.808
38.46000057309866,2.815
38.52000057399273,2.849
38.5800005748868,2.832
38.64000057578087,2.818
38.70000057667494,2.827
38.76000057756901,2.836
38.82000057846308,2.79
38.88000057935715,2.765
38.940000580251215,2.763
39.00000058114529,2.836
39.06000058203936,2.854
39.12000058293343,2.753
39.1800005838275,2.814
39.24000058472157,2.805
39.30000058561564,2.9
39.360000586509706,2.901
39.42000058740378,2.892
39.48000058829785,2.899
39.54000058919191,2.856
39.60000059008598,2.833
39.66000059098005,2.858
39.720000591874125,2.811
39.7800005927682,2.811
39.84000059366226,2.842
39.90000059455633,2.872
39.9600005954504,2.842
40.02000059634448,2.779
40.08000059723855,2.761
40.14000059813261,2.766
40.20000059902668,2.761
40.26000059992075,2.81
40.32000060081482,2.872
40.38000060170889,2.847
40.44000060260296,2.921
40.50000060349703,2.924
40.5600006043911,2.911
40.62000060528517,2.855
40.68000060617924,2.869
40.740000607073306,2.88
40.80000060796738,2.904
40.86000060886145,2.876
40.92000060975552,2.831
40.98000061064959,2.767
41.04000061154365,2.736
41.100000612437725,2.793
41.1600006133318,2.804
41.22000061422587,2.8
41.28000061511994,2.889
41.340000616014,2.87
41.40000061690807,2.827
41.46000061780215,2.884
41.520000618696216,2.881
41.58000061959029,2.777
41.64000062048435,2.857
41.70000062137842,2.865
41.76000062227249,2.825
41.82000062316656,2.856
41.88000062406064,2.797
41.9400006249547,2.825
42.00000062584877,2.817
42.06000062674284,2.753
42.12000062763691,2.791
42.18000062853098,2.683
42.24000062942505,2.76
42.30000063031912,2.793
42.36000063121319,2.799
42.42000063210726,2.814
42.48000063300133,2.805
42.5400006338954,2.836
42.60000063478947,2.849
42.66000063568354,2.824
42.72000063657761,2.767
42.78000063747168,2.776
42.840000638365744,2.745
42.900000639259815,2.798
42.960000640153886,2.794
43.02000064104796,2.813
43.08000064194203,2.771
43.14000064283609,2.797
43.20000064373016,2.787
43.26000064462424,2.795
43.32000064551831,2.81
43.38000064641238,2.842
43.44000064730644,2.831
43.50000064820051,2.879
43.56000064909458,2.883
43.620000649988654,2.838
43.680000650882725,2.841
43.74000065177679,2.859
43.80000065267086,2.884
43.86000065356493,2.898
43.920000654459,2.805
43.980000655353074,2.751
44.04000065624714,2.791
44.10000065714121,2.817
44.16000065803528,2.843
44.22000065892935,2.742
44.28000065982342,2.705
44.340000660717486,2.748
44.40000066161156,2.774
44.46000066250563,2.818
44.5200006633997,2.804
44.58000066429377,2.736
44.64000066518784,2.705
44.70000066608191,2.652
44.76000066697598,2.644
44.82000066787005,2.629
44.88000066876412,2.626
44.94000066965818,2.634
45.000000670552254,2.652
45.060000671446325,2.685
45.1200006723404,2.678
45.18000067323447,2.618
45.24000067412853,2.573
45.3000006750226,2.669
45.36000067591667,2.692
45.42000067681074,2.678
45.480000677704815,2.643
45.54000067859888,2.614
45.60000067949295,2.616
45.66000068038702,2.601
45.72000068128109,2.681
45.78000068217517,2.677
45.84000068306923,2.604
45.9000006839633,2.625
45.96000068485737,2.612
46.02000068575144,2.566
46.08000068664551,2.627
46.140000687539576,2.688
46.20000068843365,2.705
46.26000068932772,2.684
46.32000069022179,2.683
46.38000069111586,2.642
46.44000069200992,2.649
46.500000692904,2.626
46.56000069379807,2.676
46.62000069469214,2.693
46.68000069558621,2.699
46.74000069648027,2.667
46.80000069737434,2.632
46.860000698268415,2.684
46.920000699162486,2.693
46.98000070005656,2.72
47.04000070095062,2.681
47.10000070184469,2.687
47.16000070273876,2.7
47.220000703632834,2.721
47.280000704526906,2.773
47.34000070542097,2.723
47.40000070631504,2.711
47.46000070720911,2.767
47.52000070810318,2.709
47.58000070899725,2.749
47.64000070989132,2.783
47.70000071078539,2.752
47.76000071167946,2.721
47.82000071257353,2.739
47.8800007134676,2.746
47.94000071436167,2.706
48.00000071525574,2.697
48.06000071614981,2.738
48.12000071704388,2.75
48.18000071793795,2.77
48.240000718832015,2.823
48.300000719726086,2.829
48.36000072062016,2.795
48.42000072151423,2.78
48.4800007224083,2.797
48.54000072330236,2.754
48.600000724196434,2.805
48.660000725090505,2.843
48.720000725984576,2.746
48.78000072687865,2.756
48.84000072777271,2.839
48.90000072866678,2.733
48.96000072956085,2.727
49.020000730454925,2.691
49.080000731349,2.614
49.14000073224306,2.619
49.20000073313713,2.678
49.2600007340312,2.64
49.32000073492527,2.617
49.380000735819344,2.614
49.44000073671341,2.649
49.50000073760748,2.672
49.56000073850155,2.712
49.62000073939562,2.732
49.68000074028969,2.719
49.74000074118376,2.709
49.80000074207783,2.671
49.8600007429719,2.723
49.92000074386597,2.707
49.98000074476004,2.647
50.040000745654105,2.648
50.100000746548176,2.692
50.16000074744225,2.728
50.22000074833632,2.684
50.28000074923039,2.656
50.34000075012445,2.713
50.40000075101853,2.692
50.4600007519126,2.704
50.520000752806666,2.669
50.58000075370074,2.651
50.6400007545948,2.71
50.70000075548887,2.649
50.760000756382944,2.653
50.820000757277015,2.638
50.880000758171086,2.606
50.94000075906515,2.619
51.00000075995922,2.651
51.06000076085329,2.624
51.12000076174736,2.635
51.18000076264144,2.66
51.2400007635355,2.726
51.30000076442957,2.819
51.36000076532364,2.757
51.42000076621771,2.693
51.48000076711178,2.712
51.54000076800585,2.714
51.60000076889992,2.649
51.66000076979399,2.654
51.72000077068806,2.722
51.78000077158213,2.66
51.8400007724762,2.681
51.900000773370266,2.696
51.96000077426434,2.735
52.02000077515841,2.719
52.08000077605248,2.689
52.14000077694654,2.668
52.20000077784061,2.621
52.260000778734685,2.621
52.32000077962876,2.611
52.38000078052283,2.63
52.44000078141689,2.721
52.50000078231096,2.791
52.56000078320504,2.766
52.62000078409911,2.728
52.680000784993176,2.77
52.74000078588724,2.735
52.80000078678131,2.756
52.86000078767538,2.741
52.92000078856945,2.741
52.98000078946352,2.698
53.04000079035759,2.719
53.10000079125166,2.745
53.16000079214573,2.664
53.2200007930398,2.656
53.28000079393387,2.64
53.34000079482794,2.638
53.40000079572201,2.586
53.46000079661608,2.599
53.52000079751015,2.608
53.58000079840422,2.639
53.640000799298285,2.703
53.70000080019236,2.721
53.76000080108643,2.669
53.8200008019805,2.678
53.88000080287457,2.652
53.94000080376863,2.67
54.000000804662704,2.638
54.060000805556776,2.608
54.12000080645085,2.715
54.18000080734492,2.726
54.24000080823898,2.643
54.30000080913305,2.682
54.36000081002712,2.64
54.4200008109212,2.635
54.48000081181527,2.647
54.54000081270933,2.6
54.6000008136034,2.525
54.66000081449747,2.51
54.72000081539154,2.604
54.780000816285614,2.646
54.84000081717968,2.671
54.90000081807375,2.673
54.96000081896782,2.665
55.02000081986189,2.626
55.08000082075596,2.696
55.14000082165003,2.729
55.2000008225441,2.743
55.26000082343817,2.79
55.32000082433224,2.752
55.38000082522631,2.784
55.440000826120375,2.743
55.500000827014446,2.724
55.56000082790852,2.713
55.62000082880259,2.759
55.68000082969666,2.734
55.74000083059072,2.715
55.8000008314848,2.764
55.86000083237887,2.724
55.92000083327294,2.763
55.98000083416701,2.759
56.04000083506107,2.699
56.10000083595514,2.657
56.160000836849214,2.64
56.220000837743285,2.673
56.28000083863736,2.684
56.34000083953142,2.704
56.40000084042549,2.716
56.46000084131956,2.645
56.52000084221363,2.682
56.580000843107705,2.655
56.64000084400177,2.694
56.70000084489584,2.712
56.76000084578991,2.639
56.82000084668398,2.67
56.88000084757805,2.732
56.94000084847212,2.679
57.00000084936619,2.705
57.06000085026026,2.707
57.12000085115433,2.73
57.1800008520484,2.699
57.24000085294247,2.638
57.300000853836536,2.63
57.36000085473061,2.694
57.42000085562468,2.693
57.48000085651875,2.72
57.540000857412814,2.747
57.600000858306885,2.778
57.66000085920096,2.799
57.72000086009503,2.805
57.7800008609891,2.73
57.84000086188316,2.713
57.90000086277723,2.693
57.9600008636713,2.713
58.020000864565375,2.671
58.080000865459446,2.748
58.14000086635351,2.75
58.20000086724758,2.681
58.26000086814165,2.647
58.32000086903573,2.69
58.3800008699298,2.717
58.44000087082386,2.677
58.50000087171793,2.682
58.560000872612,2.669
58.62000087350607,2.706
58.68000087440014,2.702
