time_min,absorb_mau
0.0,-0.02
0.0466666673620541,0.013
0.0933333347241083,0.013
0.1400000020861625,-0.077
0.1866666694482167,-0.114
0.2333333368102709,-0.119
0.2800000041723251,-0.119
0.3266666715343793,-0.047
0.3733333388964335,-0.047
0.4200000062584877,-0.103
0.4666666736205419,-0.041
0.5133333409825961,-0.009
0.5600000083446502,-0.005
0.6066666757067045,-0.011
0.6533333430687587,0.007
0.7000000104308128,0.066
0.746666677792867,0.046
0.7933333451549213,0.02
0.8400000125169754,0.028
0.8866666798790296,0.037
0.933333347241084,0.095
0.980000014603138,0.171
1.0266666819651922,0.182
1.0733333493272463,0.133
1.1200000166893005,0.097
1.1666666840513549,0.074
1.213333351413409,0.049
1.2600000187754632,0.062
1.3066666861375174,0.075
1.3533333534995715,0.031
1.4000000208616257,0.001
1.4466666882236798,-0.012
1.493333355585734,0.051
1.5400000229477884,0.208
1.5866666903098423,0.334
1.6333333576718967,0.501
1.6800000250339509,0.856
1.726666692396005,1.405
1.7733333597580592,2.084
1.820000027120113,2.961
1.866666694482168,4.137
1.9133333618442216,5.691
1.960000029206276,7.722
2.00666669656833,10.325
2.0533333639303843,13.432
2.1000000312924385,16.975
2.1466666986544927,21.419
2.193333366016547,26.807
2.240000033378601,33.532
2.286666700740655,41.525
2.3333333681027097,50.345
2.380000035464764,59.967
2.426666702826818,70.241
2.473333370188872,81.01
2.5200000375509264,92.63
2.5666667049129805,104.806
2.6133333722750347,117.017
2.660000039637089,128.872
2.706666706999143,140.532
2.753333374361197,152.424
2.800000041723252,164.471
2.846666709085305,176.36
2.89333337644736,187.378
2.940000043809414,197.552
2.986666711171468,206.607
3.0333333785335226,214.892
3.0800000458955767,222.45
3.126666713257631,229.202
3.173333380619685,234.914
3.220000047981739,239.502
3.2666667153437934,242.801
3.3133333827058475,245.118
3.3600000500679017,246.491
3.406666717429956,246.916
3.45333338479201,246.36
3.500000052154064,244.782
3.5466667195161183,242.343
3.5933333868781725,239.048
3.640000054240226,235.141
3.686666721602281,230.465
3.733333388964336,225.071
3.7800000563263896,219.387
3.826666723688444,213.401
3.873333391050498,206.994
3.920000058412552,200.192
3.966666725774606,192.798
4.01333339313666,185.063
4.060000060498715,177.519
4.106666727860769,170.126
4.153333395222823,162.741
4.200000062584877,155.518
4.246666729946932,148.078
4.293333397308985,140.555
4.34000006467104,133.479
4.386666732033094,126.83
4.433333399395148,120.333
4.480000066757202,113.95
4.526666734119257,107.484
4.57333340148131,101.045
4.620000068843365,95.11
4.66666673620542,89.577
4.713333403567473,84.419
4.760000070929528,79.463
4.8066667382915815,74.686
4.853333405653636,70.136
4.90000007301569,65.793
4.9466667403777445,61.78
4.993333407739798,58.196
5.040000075101853,54.696
5.0866667424639065,51.259
5.133333409825961,47.934
5.180000077188015,44.926
5.226666744550069,42.149
5.273333411912123,39.632
5.320000079274178,37.309
5.366666746636232,35.112
5.413333413998286,32.94
5.460000081360341,30.986
5.506666748722394,29.211
5.553333416084449,27.577
5.600000083446503,26.029
5.646666750808557,24.543
5.693333418170611,23.142
5.740000085532666,21.78
5.786666752894719,20.591
5.833333420256774,19.52
5.880000087618828,18.517
5.926666754980882,17.567
5.973333422342936,16.647
6.020000089704991,15.803
6.066666757067045,15.084
6.113333424429099,14.407
6.1600000917911535,13.784
6.206666759153207,13.232
6.253333426515262,12.644
6.300000093877316,12.028
6.34666676123937,11.537
6.393333428601424,11.067
6.440000095963478,10.61
6.486666763325532,10.233
6.533333430687587,9.846
6.5800000980496405,9.453
6.626666765411695,9.118
6.67333343277375,8.821
6.720000100135803,8.567
6.766666767497858,8.324
6.813333434859912,8.026
6.860000102221966,7.761
6.90666676958402,7.548
6.953333436946075,7.303
7.000000104308128,7.144
7.046666771670183,6.993
7.093333439032237,6.816
7.140000106394291,6.588
7.186666773756345,6.389
7.2333334411184,6.295
7.280000108480453,6.175
7.326666775842508,5.975
7.373333443204562,5.801
7.420000110566616,5.607
7.466666777928671,5.487
7.513333445290723,5.444
7.560000112652779,5.342
7.606666780014833,5.286
7.653333447376887,5.263
7.700000114738941,5.136
7.746666782100996,5.075
7.7933334494630495,5.011
7.840000116825104,4.92
7.886666784187158,4.869
7.933333451549212,4.781
7.980000118911266,4.64
8.02666678627332,4.599
8.073333453635374,4.526
8.12000012099743,4.427
8.166666788359484,4.371
8.213333455721537,4.362
8.260000123083591,4.312
8.306666790445647,4.266
8.3533334578077,4.174
8.400000125169754,4.085
8.446666792531808,4.056
8.493333459893863,4.003
8.540000127255917,3.942
8.58666679461797,3.988
8.633333461980024,3.97
8.68000012934208,3.878
8.726666796704134,3.844
8.773333464066187,3.854
8.820000131428243,3.778
8.866666798790297,3.68
8.91333346615235,3.656
8.960000133514404,3.598
9.00666680087646,3.566
9.053333468238511,3.566
9.100000135600569,3.51
9.14666680296262,3.516
9.193333470324676,3.51
9.24000013768673,3.451
9.286666805048784,3.462
9.33333347241084,3.425
9.380000139772893,3.393
9.426666807134946,3.357
9.473333474497,3.318
9.520000141859056,3.236
9.56666680922111,3.189
9.613333476583165,3.185
9.660000143945217,3.166
9.706666811307272,3.156
9.753333478669326,3.116
9.80000014603138,3.065
9.846666813393432,3.069
9.893333480755487,3.072
9.940000148117544,3.074
9.986666815479596,3.127
10.033333482841652,3.133
10.080000150203706,3.074
10.12666681756576,3.073
10.173333484927811,3.038
10.220000152289868,3.01
10.266666819651922,3.015
10.313333487013976,3.017
10.36000015437603,2.956
10.406666821738083,2.899
10.45333348910014,2.898
10.500000156462193,2.841
10.546666823824246,2.809
10.593333491186302,2.834
10.640000158548355,2.827
10.68666682591041,2.767
10.733333493272465,2.727
10.780000160634518,2.719
10.826666827996572,2.669
10.873333495358626,2.696
10.92000016272068,2.713
10.966666830082737,2.664
11.013333497444789,2.685
11.060000164806842,2.719
11.106666832168898,2.71
11.153333499530952,2.633
11.200000166893004,2.547
11.24666683425506,2.544
11.293333501617116,2.559
11.340000168979168,2.533
11.386666836341222,2.45
11.433333503703278,2.441
11.480000171065331,2.453
11.526666838427383,2.433
11.57333350578944,2.434
11.620000173151494,2.457
11.666666840513548,2.491
11.713333507875602,2.49
11.760000175237655,2.437
11.80666684259971,2.377
11.853333509961764,2.399
11.900000177323818,2.433
11.946666844685872,2.46
11.993333512047927,2.416
12.04000017940998,2.384
12.086666846772037,2.385
12.13333351413409,2.36
12.180000181496144,2.375
12.226666848858198,2.425
12.273333516220251,2.384
12.320000183582309,2.313
12.36666685094436,2.318
12.413333518306414,2.341
12.460000185668468,2.341
12.506666853030524,2.264
12.553333520392576,2.248
12.600000187754633,2.272
12.646666855116685,2.218
12.69333352247874,2.145
12.740000189840794,2.154
12.786666857202848,2.161
12.833333524564903,2.198
12.880000191926957,2.236
12.92666685928901,2.209
12.973333526651064,2.218
13.02000019401312,2.248
13.066666861375174,2.234
13.113333528737227,2.205
13.16000019609928,2.201
13.206666863461336,2.199
13.25333353082339,2.142
13.300000198185444,2.151
13.3466668655475,2.144
13.393333532909551,2.138
13.440000200271609,2.112
13.48666686763366,2.157
13.533333534995716,2.202
13.58000020235777,2.181
13.626666869719823,2.205
13.673333537081875,2.188
13.720000204443933,2.202
13.766666871805986,2.194
13.81333353916804,2.162
13.860000206530094,2.15
13.90666687389215,2.153
13.953333541254205,2.168
14.000000208616257,2.121
14.046666875978312,2.147
14.093333543340366,2.14
14.14000021070242,2.114
14.186666878064472,2.062
14.233333545426529,2.029
14.280000212788584,2.069
14.326666880150636,2.026
14.37333354751269,2.049
14.420000214874744,2.076
14.4666668822368,2.018
14.513333549598851,2.029
14.560000216960908,2.023
14.606666884322962,2.019
14.653333551685016,2.021
14.70000021904707,2.013
14.746666886409123,2.057
14.79333355377118,2.12
14.840000221133232,2.079
14.886666888495286,2.054
14.933333555857342,2.08
14.980000223219395,2.033
15.026666890581447,2.031
15.073333557943505,2.019
15.120000225305558,2.0
15.166666892667612,2.034
15.213333560029666,2.107
15.26000022739172,2.13
15.306666894753777,2.143
15.353333562115829,2.132
15.400000229477882,2.073
15.446666896839938,2.092
15.493333564201992,2.144
15.540000231564044,2.079
15.5866668989261,2.057
15.633333566288156,2.024
15.680000233650208,1.983
15.726666901012262,1.992
15.773333568374316,1.91
15.820000235736371,1.935
15.866666903098425,1.947
15.91333357046048,1.875
15.960000237822532,1.911
16.006666905184588,1.85
16.05333357254664,1.844
16.100000239908695,1.851
16.14666690727075,1.853
16.193333574632803,1.849
16.24000024199486,1.885
16.286666909356914,1.842
16.333333576718967,1.813
16.38000024408102,1.889
16.426666911443075,1.892
16.47333357880513,1.86
16.520000246167182,1.915
16.566666913529236,1.906
16.613333580891293,1.861
16.660000248253347,1.888
16.7066669156154,1.88
16.753333582977454,1.907
16.800000250339508,1.894
16.84666691770156,1.883
16.893333585063615,1.852
16.940000252425673,1.823
16.986666919787726,1.86
17.03333358714978,1.883
17.080000254511834,1.885
17.126666921873888,1.87
17.17333358923594,1.903
17.220000256597995,1.898
17.26666692396005,1.853
17.313333591322106,1.819
17.36000025868416,1.816
17.406666926046213,1.837
17.453333593408267,1.865
17.50000026077032,1.853
17.546666928132375,1.834
17.59333359549443,1.806
17.640000262856486,1.757
17.68666693021854,1.751
17.733333597580593,1.815
17.780000264942647,1.802
17.8266669323047,1.784
17.873333599666754,1.773
17.920000267028808,1.795
17.96666693439086,1.844
18.01333360175292,1.848
18.060000269114973,1.835
18.106666936477023,1.833
18.15333360383908,1.863
18.200000271201134,1.852
18.246666938563187,1.826
18.29333360592524,1.916
18.3400002732873,1.957
18.386666940649352,1.915
18.43333360801141,1.89
18.48000027537346,1.799
18.526666942735517,1.814
18.573333610097567,1.889
18.62000027745962,1.901
18.66666694482168,1.824
18.71333361218373,1.87
18.760000279545785,1.934
18.80666694690784,1.833
18.853333614269893,1.781
18.900000281631947,1.807
18.946666948994,1.763
18.99333361635605,1.821
19.04000028371811,1.873
19.086666951080165,1.854
19.13333361844222,1.84
19.180000285804272,1.801
19.22666695316633,1.778
19.27333362052838,1.785
19.320000287890437,1.738
19.36666695525249,1.732
19.413333622614545,1.78
19.4600002899766,1.797
19.50666695733865,1.797
19.553333624700706,1.78
19.60000029206276,1.761
19.646666959424813,1.739
19.693333626786867,1.689
19.740000294148924,1.69
19.786666961510974,1.724
19.83333362887303,1.727
19.880000296235085,1.705
19.92666696359714,1.776
19.973333630959196,1.733
20.020000298321246,1.705
20.066666965683304,1.758
20.11333363304536,1.826
20.16000030040741,1.813
20.206666967769465,1.762
20.25333363513152,1.699
20.30000030249357,1.687
20.346666969855622,1.726
20.39333363721768,1.77
20.440000304579737,1.75
20.48666697194179,1.749
20.533333639303844,1.736
20.580000306665895,1.749
20.626666974027952,1.707
20.67333364139001,1.685
20.72000030875206,1.761
20.76666697611412,1.761
20.81333364347617,1.747
20.860000310838224,1.748
20.90666697820028,1.687
20.95333364556233,1.678
21.000000312924385,1.677
21.04666698028644,1.686
21.093333647648493,1.707
21.14000031501055,1.762
21.186666982372603,1.734
21.233333649734657,1.734
21.28000031709671,1.731
21.326666984458765,1.73
21.37333365182082,1.74
21.420000319182872,1.682
21.46666698654493,1.657
21.513333653906983,1.677
21.56000032126904,1.665
21.60666698863109,1.634
21.653333655993144,1.652
21.7000003233552,1.674
21.74666699071725,1.689
21.793333658079305,1.732
21.840000325441363,1.789
21.886666992803416,1.784
21.93333366016547,1.781
21.980000327527524,1.756
22.026666994889577,1.756
22.07333366225163,1.743
22.120000329613685,1.731
22.166666996975746,1.742
22.2133336643378,1.761
22.26000033169985,1.777
22.306666999061903,1.758
22.35333366642396,1.753
22.40000033378601,1.762
22.446667001148064,1.807
22.49333366851012,1.805
22.540000335872172,1.761
22.58666700323423,1.756
22.633333670596283,1.772
22.680000337958337,1.716
22.72666700532039,1.66
22.773333672682444,1.76
22.820000340044498,1.789
22.866667007406555,1.753
22.91333367476861,1.715
22.960000342130662,1.768
23.00666700949272,1.812
23.05333367685477,1.819
23.100000344216824,1.841
23.14666701157888,1.848
23.19333367894093,1.853
23.24000034630299,1.875
23.28666701366504,1.806
23.333333681027096,1.818
23.38000034838915,1.852
23.426667015751203,1.83
23.473333683113257,1.872
23.52000035047531,1.849
23.566667017837368,1.814
23.61333368519942,1.787
23.660000352561475,1.772
23.70666701992353,1.787
23.753333687285583,1.791
23.80000035464764,1.779
23.84666702200969,1.766
23.893333689371744,1.802
23.9400003567338,1.828
23.98666702409585,1.819
24.03333369145791,1.84
24.08000035881996,1.785
24.126667026182016,1.765
24.17333369354407,1.753
24.220000360906123,1.712
24.26666702826818,1.709
24.313333695630234,1.712
24.360000362992288,1.698
24.406667030354345,1.746
24.4533336977164,1.771
24.50000036507845,1.804
24.546667032440503,1.796
24.59333369980256,1.803
24.64000036716461,1.839
24.686667034526668,1.844
24.73333370188872,1.809
24.78000036925077,1.756
24.82666703661283,1.799
24.873333703974883,1.829
24.920000371336936,1.811
24.966667038698997,1.801
25.013333706061047,1.817
25.0600003734231,1.814
25.106667040785155,1.834
25.15333370814721,1.825
25.200000375509266,1.786
25.24666704287132,1.83
25.29333371023337,1.808
25.340000377595427,1.789
25.38666704495748,1.824
25.43333371231953,1.75
25.480000379681588,1.751
25.52666704704364,1.811
25.573333714405692,1.822
25.62000038176775,1.782
25.666667049129806,1.735
25.71333371649186,1.74
25.760000383853917,1.756
25.806667051215967,1.749
25.85333371857802,1.813
25.900000385940075,1.834
25.94666705330213,1.78
25.993333720664182,1.772
26.04000038802624,1.797
26.086667055388293,1.783
26.133333722750347,1.743
26.1800003901124,1.742
26.22666705747445,1.735
26.273333724836508,1.742
26.32000039219856,1.781
26.36666705956062,1.763
26.413333726922676,1.764
26.460000394284727,1.779
26.50666706164678,1.794
26.553333729008838,1.799
26.600000396370888,1.751
26.64666706373294,1.826
26.693333731095,1.882
26.74000039845705,1.811
26.786667065819103,1.778
26.83333373318116,1.763
26.880000400543214,1.766
26.926667067905267,1.731
26.97333373526732,1.706
27.02000040262937,1.73
27.066667069991432,1.714
27.11333373735349,1.735
27.16000040471554,1.785
27.206667072077597,1.788
27.253333739439647,1.749
27.3000004068017,1.663
27.346667074163754,1.667
27.39333374152581,1.677
27.440000408887865,1.684
27.48666707624992,1.772
27.533333743611973,1.771
27.580000410974023,1.776
27.62666707833608,1.798
27.67333374569813,1.829
27.720000413060188,1.817
27.766667080422245,1.828
27.8133337477843,1.755
27.860000415146352,1.776
27.90666708250841,1.862
27.95333374987046,1.809
28.000000417232517,1.75
28.046667084594567,1.737
28.093333751956624,1.768
28.14000041931868,1.79
28.18666708668073,1.772
28.233333754042786,1.733
28.28000042140484,1.747
28.326667088766893,1.714
28.373333756128947,1.716
28.420000423491,1.78
28.466667090853058,1.838
28.51333375821511,1.818
28.560000425577165,1.754
28.60666709293922,1.727
28.653333760301276,1.707
28.700000427663326,1.717
28.74666709502538,1.746
28.79333376238744,1.789
28.84000042974949,1.756
28.886667097111545,1.72
28.9333337644736,1.789
28.98000043183565,1.831
29.026667099197702,1.845
29.07333376655976,1.814
29.120000433921813,1.8
29.16666710128387,1.786
29.213333768645924,1.745
29.260000436007974,1.76
29.30666710337003,1.739
29.353333770732085,1.748
29.40000043809414,1.796
29.446667105456196,1.779
29.49333377281825,1.784
29.540000440180304,1.769
29.58666710754236,1.684
29.63333377490441,1.71
29.680000442266465,1.789
29.72666710962852,1.752
29.77333377699057,1.785
29.820000444352623,1.827
29.866667111714683,1.824
29.913333779076737,1.806
29.96000044643879,1.699
30.006667113800845,1.666
30.053333781162895,1.727
30.100000448524952,1.779
30.14666711588701,1.803
30.193333783249063,1.8
30.24000045061112,1.788
30.28666711797317,1.8
30.333333785335224,1.793
30.38000045269728,1.786
30.42666712005933,1.816
30.473333787421385,1.761
30.52000045478344,1.747
30.566667122145496,1.765
30.61333378950755,1.768
30.660000456869604,1.781
30.706667124231657,1.786
30.75333379159371,1.803
30.800000458955765,1.82
30.84666712631782,1.773
30.89333379367988,1.781
30.94000046104193,1.709
30.986667128403983,1.67
31.03333379576604,1.741
31.08000046312809,1.717
31.126667130490144,1.708
31.1733337978522,1.731
31.22000046521425,1.73
31.26666713257631,1.755
31.313333799938363,1.818
31.360000467300416,1.836
31.40666713466247,1.758
31.453333802024524,1.71
31.500000469386578,1.731
31.54666713674863,1.713
31.59333380411069,1.67
31.640000471472742,1.621
31.6866671388348,1.627
31.73333380619685,1.642
31.780000473558903,1.684
31.82666714092096,1.683
31.87333380828301,1.627
31.920000475645065,1.648
31.96666714300712,1.695
32.013333810369176,1.7
32.06000047773123,1.721
32.10666714509328,1.749
32.15333381245534,1.754
32.20000047981739,1.715
32.246667147179444,1.78
32.2933338145415,1.813
32.34000048190355,1.84
32.386667149265605,1.842
32.43333381662766,1.737
32.48000048398972,1.764
32.526667151351774,1.72
32.57333381871383,1.735
32.62000048607588,1.808
32.666667153437935,1.803
32.71333382079999,1.77
32.76000048816204,1.746
32.806667155524096,1.786
32.85333382288615,1.763
32.9000004902482,1.671
32.94666715761026,1.698
32.99333382497231,1.717
33.040000492334364,1.7
33.08666715969642,1.695
33.13333382705847,1.706
33.18000049442053,1.685
33.226667161782586,1.656
33.27333382914464,1.698
33.320000496506694,1.747
33.36666716386875,1.77
33.4133338312308,1.788
33.460000498592855,1.758
33.50666716595491,1.763
33.55333383331696,1.765
33.600000500679016,1.758
33.64666716804107,1.801
33.69333383540312,1.815
33.74000050276518,1.752
33.78666717012723,1.727
33.833333837489285,1.735
33.880000504851346,1.719
33.9266671722134,1.708
33.97333383957545,1.693
34.02000050693751,1.719
34.06666717429956,1.75
34.113333841661614,1.797
34.16000050902367,1.78
34.20666717638572,1.722
34.253333843747775,1.726
34.30000051110983,1.722
34.34666717847188,1.745
34.393333845833936,1.733
34.44000051319599,1.735
34.486667180558044,1.779
34.5333338479201,1.847
34.58000051528216,1.867
34.62666718264421,1.833
34.673333850006266,1.794
34.72000051736832,1.781
34.76666718473037,1.761
34.81333385209243,1.746
34.86000051945448,1.771
34.906667186816534,1.805
34.95333385417859,1.821
35.00000052154064,1.815
35.046667188902696,1.812
35.09333385626475,1.788
35.1400005236268,1.74
35.18666719098886,1.765
35.23333385835091,1.763
35.28000052571297,1.711
35.326667193075025,1.694
35.37333386043708,1.7
35.42000052779913,1.703
35.466667195161186,1.7
35.51333386252324,1.719
35.56000052988529,1.715
35.60666719724735,1.651
35.6533338646094,1.673
35.700000531971455,1.692
35.74666719933351,1.653
35.79333386669556,1.75
35.840000534057616,1.783
35.88666720141967,1.752
35.93333386878172,1.756
35.980000536143784,1.705
36.02666720350584,1.697
36.07333387086789,1.702
36.120000538229945,1.707
36.166667205592,1.696
36.21333387295405,1.729
36.260000540316106,1.74
36.30666720767816,1.694
36.35333387504021,1.724
36.40000054240227,1.727
36.44666720976432,1.731
36.493333877126375,1.757
36.54000054448843,1.752
36.58666721185048,1.728
36.63333387921254,1.733
36.6800005465746,1.762
36.72666721393665,1.834
36.773333881298704,1.849
36.82000054866076,1.85
36.86666721602281,1.827
36.91333388338487,1.82
36.96000055074692,1.841
37.00666721810897,1.866
37.05333388547103,1.837
37.10000055283308,1.807
37.146667220195134,1.781
37.19333388755719,1.814
37.24000055491924,1.827
37.286667222281295,1.814
37.33333388964336,1.791
37.38000055700541,1.811
37.42666722436746,1.795
37.47333389172952,1.742
37.52000055909157,1.742
37.566667226453625,1.809
37.61333389381568,1.86
37.66000056117773,1.807
37.706667228539786,1.81
37.75333389590184,1.844
37.80000056326389,1.812
37.84666723062595,1.827
37.893333897988,1.884
37.94000056535005,1.842
37.98666723271211,1.822
38.03333390007417,1.817
38.08000056743622,1.794
38.12666723479828,1.793
38.17333390216033,1.797
38.220000569522384,1.788
38.26666723688444,1.797
38.31333390424649,1.802
38.36000057160855,1.815
38.4066672389706,1.782
38.45333390633265,1.733
38.50000057369471,1.801
38.54666724105676,1.79
38.59333390841881,1.76
38.64000057578087,1.783
38.68666724314292,1.755
38.73333391050498,1.763
38.78000057786704,1.751
38.82666724522909,1.766
38.87333391259114,1.735
38.9200005799532,1.697
38.96666724731525,1.729
39.0133339146773,1.774
39.06000058203936,1.756
39.10666724940141,1.742
39.153333916763465,1.804
39.20000058412552,1.787
39.24666725148757,1.689
39.293333918849626,1.679
39.34000058621168,1.751
39.38666725357373,1.762
39.433333920935794,1.76
39.48000058829785,1.802
39.5266672556599,1.845
39.57333392302196,1.824
39.62000059038401,1.787
39.66666725774606,1.796
39.71333392510812,1.858
39.76000059247017,1.881
39.806667259832224,1.84
39.85333392719428,1.825
39.90000059455633,1.836
39.94666726191839,1.815
39.99333392928044,1.784
40.04000059664249,1.812
40.08666726400455,1.861
