time_min,absorb_mau
0.0,-0.026
0.0150000002235174,-0.044
0.0300000004470348,-0.033
0.0450000006705522,-0.015
0.0600000008940696,-0.001
0.075000001117587,0.032
0.0900000013411045,0.143
0.1050000015646219,0.156
0.1200000017881393,0.141
0.1350000020116567,0.129
0.1500000022351741,0.11
0.1650000024586916,0.094
0.180000002682209,0.096
0.1950000029057264,0.109
0.2100000031292438,0.121
0.2250000033527612,0.12
0.2400000035762786,0.142
0.2550000037997961,0.122
0.2700000040233135,0.119
0.285000004246831,0.121
0.3000000044703483,0.118
0.3150000046938658,0.131
0.3300000049173832,0.136
0.3450000051409006,0.171
0.360000005364418,0.179
0.3750000055879354,0.175
0.3900000058114529,0.189
0.4050000060349703,0.173
0.4200000062584877,0.171
0.4350000064820051,0.17
0.4500000067055225,0.151
0.46500000692904,0.16
0.4800000071525573,0.138
0.4950000073760748,0.138
0.5100000075995922,0.146
0.5250000078231096,0.151
0.5400000080466271,0.164
0.5550000082701445,0.145
0.570000008493662,0.149
0.5850000087171793,0.171
0.6000000089406967,0.167
0.6150000091642142,0.151
0.6300000093877316,0.15
0.645000009611249,0.165
0.6600000098347664,0.172
0.6750000100582838,0.137
0.6900000102818012,0.132
0.7050000105053187,0.134
0.7200000107288361,0.153
0.7350000109523535,0.159
0.7500000111758709,0.185
0.7650000113993883,0.206
0.7800000116229058,0.225
0.7950000118464232,0.228
0.8100000120699405,0.215
0.825000012293458,0.224
0.8400000125169754,0.213
0.8550000127404929,0.198
0.8700000129640103,0.192
0.8850000131875276,0.215
0.9000000134110451,0.246
0.9150000136345624,0.278
0.93000001385808,0.33
0.9450000140815974,0.391
0.9600000143051148,0.459
0.9750000145286322,0.52
0.9900000147521496,0.578
1.005000014975667,0.636
1.0200000151991844,0.669
1.035000015422702,0.705
1.0500000156462193,0.725
1.0650000158697368,0.704
1.080000016093254,0.669
1.0950000163167717,0.646
1.110000016540289,0.644
1.1250000167638063,0.64
1.140000016987324,0.662
1.1550000172108412,0.792
1.1700000174343586,1.022
1.185000017657876,1.352
1.2000000178813934,1.801
1.215000018104911,2.47
1.2300000183284283,3.334
1.2450000185519456,4.505
1.2600000187754632,5.922
1.2750000189989803,7.8
1.290000019222498,10.013
1.3050000194460154,12.812
1.3200000196695327,15.895
1.3350000198930505,19.671
1.3500000201165676,24.105
1.3650000203400852,29.227
1.3800000205636025,34.909
1.3950000207871198,41.615
1.4100000210106374,48.878
1.4250000212341547,56.597
1.4400000214576725,64.983
1.4550000216811896,74.815
1.470000021904707,85.348
1.4850000221282245,96.546
1.5000000223517418,107.716
1.5150000225752591,120.123
1.530000022798777,133.089
1.545000023022294,146.364
1.5600000232458116,159.424
1.5750000234693289,173.229
1.5900000236928464,186.798
1.6050000239163638,200.359
1.620000024139881,213.835
1.6350000243633986,227.531
1.650000024586916,240.729
1.6650000248104335,253.692
1.6800000250339509,265.821
1.6950000252574682,278.141
1.7100000254809855,289.733
1.725000025704503,300.784
1.7400000259280206,311.498
1.755000026151538,321.654
1.7700000263750553,330.979
1.7850000265985728,339.52
1.80000002682209,347.643
1.815000027045608,355.139
1.830000027269125,361.69
1.8450000274926424,367.284
1.86000002771616,371.962
1.8750000279396768,376.198
1.8900000281631948,379.608
1.905000028386712,382.157
1.9200000286102292,383.983
1.935000028833747,385.072
1.9500000290572643,385.511
1.9650000292807817,385.261
1.9800000295042992,384.356
1.9950000297278163,382.851
2.010000029951334,380.774
2.0250000301748514,378.16
2.0400000303983687,374.95
2.0550000306218865,371.236
2.070000030845404,367.034
2.085000031068921,362.279
2.1000000312924385,357.1
2.115000031515956,351.674
2.1300000317394736,346.027
2.145000031962991,339.871
2.1600000321865083,333.359
2.1750000324100256,326.692
2.190000032633543,319.793
2.2050000328570607,312.813
2.220000033080578,305.781
2.235000033304096,298.64
2.2500000335276127,291.402
2.26500003375113,284.052
2.280000033974648,276.75
2.295000034198165,269.647
2.3100000344216824,262.492
2.3250000346452,255.028
2.340000034868717,247.535
2.355000035092235,240.234
2.370000035315752,232.891
2.385000035539269,225.576
2.400000035762787,218.518
2.415000035986304,211.623
2.430000036209822,204.707
2.4450000364333397,197.814
2.4600000366568566,191.1
2.475000036880374,184.787
2.4900000371038917,178.641
2.505000037327409,172.429
2.5200000375509264,166.295
2.535000037774444,160.257
2.550000037997961,154.139
2.5650000382214784,148.492
2.580000038444996,143.005
2.595000038668513,137.473
2.610000038892031,131.93
2.625000039115548,126.471
2.640000039339065,121.121
2.6550000395625832,116.199
2.670000039786101,111.128
2.685000040009618,106.234
2.7000000402331352,101.631
2.715000040456653,97.133
2.7300000406801703,92.919
2.745000040903688,88.964
2.760000041127205,85.05
2.7750000413507223,81.4
2.79000004157424,77.762
2.8050000417977574,74.326
2.8200000420212747,71.004
2.835000042244792,67.894
2.8500000424683094,64.856
2.8650000426918267,61.996
2.8800000429153445,59.195
2.895000043138862,56.447
2.910000043362379,53.818
2.9250000435858965,51.418
2.940000043809414,48.991
2.955000044032932,46.606
2.970000044256449,44.344
2.9850000444799663,42.281
3.000000044703484,40.296
3.015000044927001,38.427
3.0300000451505187,36.613
3.045000045374036,34.883
3.0600000455975533,33.247
3.0750000458210707,31.689
3.090000046044588,30.234
3.1050000462681058,28.816
3.120000046491623,27.455
3.1350000467151404,26.139
3.1500000469386578,24.893
3.165000047162175,23.695
3.180000047385693,22.534
3.19500004760921,21.419
3.2100000478327275,20.32
3.225000048056245,19.285
3.240000048279762,18.281
3.25500004850328,17.335
3.2700000487267973,16.477
3.2850000489503146,15.688
3.300000049173832,14.922
3.3150000493973493,14.166
3.330000049620867,13.446
3.3450000498443844,12.773
3.3600000500679017,12.139
3.375000050291419,11.558
3.3900000505149364,11.018
3.405000050738454,10.48
3.4200000509619715,9.952
3.435000051185489,9.493
3.450000051409006,9.048
3.4650000516325234,8.63
3.480000051856041,8.186
3.4950000520795586,7.779
3.510000052303076,7.399
3.525000052526593,7.034
3.5400000527501105,6.71
3.5550000529736283,6.39
3.5700000531971456,6.105
3.585000053420663,5.847
3.6000000536441803,5.572
3.6150000538676976,5.292
3.630000054091216,5.057
3.6450000543147327,4.835
3.66000005453825,4.609
3.675000054761768,4.397
3.6900000549852847,4.213
3.7050000552088025,4.033
3.72000005543232,3.852
3.735000055655837,3.676
3.7500000558793545,3.504
3.765000056102872,3.321
3.7800000563263896,3.137
3.795000056549907,2.993
3.810000056773424,2.844
3.8250000569969416,2.696
3.840000057220459,2.567
3.8550000574439767,2.431
3.870000057667494,2.32
3.8850000578910113,2.206
3.9000000581145287,2.124
3.915000058338046,2.054
3.930000058561564,1.991
3.945000058785081,1.929
3.9600000590085984,1.86
3.975000059232116,1.791
3.990000059455633,1.724
4.00500005967915,1.647
4.020000059902668,1.564
4.035000060126186,1.496
4.050000060349703,1.438
4.065000060573221,1.401
4.0800000607967375,1.342
4.095000061020255,1.334
4.110000061243773,1.317
4.12500006146729,1.285
4.140000061690808,1.249
4.155000061914325,1.191
4.170000062137842,1.147
4.18500006236136,1.084
4.200000062584877,1.042
4.215000062808395,1.007
4.230000063031912,0.952
4.245000063255429,0.923
4.260000063478947,0.902
4.275000063702464,0.859
4.290000063925982,0.832
4.305000064149499,0.825
4.3200000643730165,0.798
4.335000064596534,0.797
4.350000064820051,0.761
4.365000065043569,0.749
4.380000065267086,0.735
4.395000065490604,0.733
4.410000065714121,0.758
4.425000065937638,0.741
4.440000066161156,0.75
4.455000066384673,0.739
4.470000066608191,0.729
4.4850000668317085,0.714
4.500000067055225,0.683
4.515000067278743,0.686
4.53000006750226,0.674
4.545000067725778,0.665
4.560000067949296,0.654
4.5750000681728125,0.65
4.59000006839633,0.643
4.605000068619847,0.622
4.620000068843365,0.601
4.635000069066883,0.611
4.6500000692904,0.598
4.665000069513917,0.567
4.680000069737434,0.555
4.695000069960952,0.546
4.71000007018447,0.544
4.725000070407987,0.524
4.740000070631504,0.527
4.755000070855021,0.544
4.770000071078539,0.554
4.785000071302057,0.545
4.800000071525574,0.532
4.815000071749092,0.507
4.830000071972608,0.484
4.845000072196126,0.463
4.860000072419644,0.445
4.875000072643161,0.447
4.890000072866679,0.436
4.905000073090196,0.436
4.920000073313713,0.436
4.935000073537231,0.424
4.950000073760748,0.412
4.965000073984266,0.4
4.980000074207783,0.398
4.9950000744313,0.4
5.010000074654818,0.386
5.025000074878335,0.397
5.040000075101853,0.392
5.05500007532537,0.4
5.070000075548887,0.384
5.085000075772405,0.396
5.100000075995922,0.393
5.11500007621944,0.392
5.130000076442957,0.39
5.1450000766664745,0.387
5.160000076889992,0.393
5.175000077113509,0.375
5.190000077337027,0.388
5.205000077560544,0.395
5.220000077784062,0.413
5.235000078007579,0.403
5.250000078231096,0.388
5.265000078454614,0.38
5.280000078678131,0.355
5.295000078901649,0.345
5.310000079125167,0.347
5.325000079348683,0.366
5.340000079572201,0.369
5.355000079795718,0.363
5.370000080019236,0.348
5.385000080242754,0.322
5.4000000804662704,0.302
5.415000080689788,0.303
5.430000080913305,0.297
5.445000081136823,0.3
5.460000081360341,0.324
5.4750000815838575,0.315
5.490000081807375,0.302
5.505000082030892,0.288
5.52000008225441,0.298
5.535000082477928,0.288
5.550000082701445,0.266
5.565000082924962,0.266
5.580000083148479,0.276
5.595000083371997,0.287
5.610000083595515,0.282
5.625000083819032,0.291
5.6400000840425495,0.314
5.655000084266066,0.332
5.670000084489584,0.32
5.685000084713102,0.326
5.700000084936619,0.338
5.715000085160137,0.345
5.7300000853836535,0.339
5.745000085607171,0.341
5.760000085830689,0.335
5.775000086054206,0.332
5.790000086277724,0.339
5.8050000865012406,0.344
5.820000086724758,0.337
5.835000086948276,0.325
5.850000087171793,0.34
5.865000087395311,0.32
5.880000087618828,0.299
5.895000087842345,0.308
5.910000088065863,0.341
5.92500008828938,0.336
5.940000088512898,0.338
5.955000088736415,0.366
5.9700000889599325,0.382
5.98500008918345,0.37
6.000000089406967,0.348
6.015000089630485,0.34
6.030000089854002,0.337
6.04500009007752,0.336
6.060000090301037,0.332
6.075000090524554,0.339
6.090000090748072,0.355
6.105000090971589,0.364
6.120000091195107,0.34
6.1350000914186245,0.33
6.150000091642141,0.34
6.165000091865659,0.34
6.180000092089176,0.323
6.195000092312694,0.312
6.210000092536212,0.325
6.225000092759728,0.312
6.240000092983246,0.305
6.255000093206763,0.289
6.270000093430281,0.329
6.285000093653799,0.358
6.300000093877316,0.356
6.315000094100833,0.377
6.33000009432435,0.407
6.345000094547868,0.406
6.360000094771386,0.375
6.375000094994903,0.365
6.39000009521842,0.365
6.405000095441937,0.355
6.420000095665455,0.368
6.435000095888973,0.392
6.45000009611249,0.426
6.465000096336008,0.431
6.480000096559524,0.444
6.495000096783042,0.428
6.51000009700656,0.425
6.525000097230077,0.427
6.540000097453595,0.432
6.555000097677112,0.432
6.570000097900629,0.449
6.585000098124147,0.467
6.600000098347664,0.437
6.615000098571182,0.433
6.6300000987946985,0.43
6.645000099018216,0.423
6.660000099241734,0.407
6.675000099465251,0.395
6.690000099688769,0.41
6.705000099912286,0.402
6.720000100135803,0.398
6.735000100359321,0.4
6.750000100582838,0.389
6.765000100806356,0.377
6.780000101029873,0.365
6.795000101253391,0.364
6.810000101476908,0.355
6.825000101700425,0.344
6.840000101923943,0.361
6.85500010214746,0.369
6.870000102370978,0.372
6.885000102594495,0.361
6.900000102818012,0.368
6.91500010304153,0.365
6.930000103265047,0.354
6.945000103488565,0.351
6.960000103712082,0.34
6.975000103935599,0.349
6.990000104159117,0.33
7.005000104382634,0.308
7.020000104606152,0.312
7.0350001048296695,0.32
7.050000105053186,0.31
7.065000105276704,0.302
7.080000105500221,0.313
7.095000105723739,0.32
7.110000105947257,0.325
7.1250001061707735,0.307
7.140000106394291,0.299
7.155000106617808,0.282
7.170000106841326,0.284
7.185000107064844,0.273
7.200000107288361,0.259
7.215000107511878,0.267
7.230000107735395,0.297
7.245000107958913,0.32
7.260000108182431,0.327
7.275000108405948,0.356
7.2900001086294655,0.366
7.305000108852982,0.377
7.3200001090765,0.375
7.335000109300018,0.38
7.350000109523535,0.37
7.3650001097470525,0.384
7.380000109970569,0.384
7.395000110194087,0.368
7.410000110417605,0.371
7.425000110641122,0.382
7.44000011086464,0.377
7.4550001110881565,0.357
7.470000111311674,0.348
7.485000111535192,0.336
7.500000111758709,0.326
7.515000111982227,0.31
7.530000112205744,0.297
7.545000112429261,0.282
7.560000112652779,0.273
7.575000112876296,0.264
7.590000113099814,0.256
7.605000113323331,0.264
7.620000113546848,0.26
7.635000113770366,0.288
7.650000113993883,0.318
7.665000114217401,0.321
7.680000114440918,0.336
7.695000114664436,0.34
7.710000114887953,0.33
7.72500011511147,0.303
7.740000115334988,0.303
7.755000115558505,0.298
7.770000115782023,0.271
7.78500011600554,0.254
7.800000116229057,0.257
7.815000116452575,0.25
7.830000116676092,0.233
7.84500011689961,0.223
7.860000117123127,0.237
7.875000117346644,0.249
7.890000117570162,0.243
7.905000117793679,0.257
7.920000118017197,0.266
7.935000118240715,0.268
7.950000118464231,0.261
7.965000118687749,0.254
7.980000118911266,0.264
7.995000119134784,0.247
8.0100001193583,0.235
8.025000119581819,0.234
8.040000119805336,0.228
8.055000120028854,0.234
8.070000120252372,0.215
8.085000120475888,0.239
8.100000120699406,0.257
8.115000120922923,0.259
8.130000121146441,0.245
8.145000121369959,0.249
8.160000121593475,0.264
8.175000121816993,0.244
8.19000012204051,0.246
8.205000122264028,0.258
8.220000122487546,0.263
8.235000122711062,0.264
8.25000012293458,0.25
8.265000123158098,0.226
8.280000123381615,0.213
8.295000123605133,0.215
8.31000012382865,0.216
8.325000124052167,0.206
8.340000124275685,0.227
8.355000124499202,0.246
8.37000012472272,0.231
8.385000124946236,0.222
8.400000125169754,0.213
8.415000125393272,0.201
8.43000012561679,0.182
8.445000125840307,0.172
8.460000126063823,0.169
8.475000126287341,0.171
8.490000126510859,0.174
8.505000126734377,0.193
8.520000126957894,0.196
8.53500012718141,0.193
8.550000127404928,0.192
8.565000127628446,0.184
8.580000127851964,0.168
8.595000128075482,0.15
8.610000128298998,0.149
8.625000128522515,0.154
8.640000128746033,0.179
8.65500012896955,0.197
8.670000129193069,0.209
8.685000129416585,0.222
8.700000129640102,0.234
8.71500012986362,0.219
8.730000130087138,0.209
8.745000130310656,0.162
8.760000130534172,0.138
8.77500013075769,0.138
8.790000130981207,0.12
8.805000131204725,0.115
8.820000131428243,0.112
8.835000131651759,0.125
8.850000131875277,0.118
8.865000132098794,0.134
8.880000132322312,0.152
8.89500013254583,0.149
8.910000132769346,0.175
8.925000132992864,0.195
8.940000133216381,0.218
8.9550001334399,0.224
8.970000133663417,0.223
8.985000133886933,0.249
9.00000013411045,0.255
9.015000134333969,0.255
9.030000134557486,0.24
9.045000134781004,0.227
9.06000013500452,0.238
9.075000135228038,0.224
9.090000135451556,0.223
9.105000135675072,0.252
9.120000135898591,0.275
9.135000136122107,0.275
9.150000136345623,0.251
9.165000136569144,0.243
9.18000013679266,0.242
9.195000137016178,0.203
9.210000137239694,0.212
9.225000137463212,0.222
9.24000013768673,0.234
9.255000137910248,0.238
9.270000138133764,0.239
9.28500013835728,0.234
9.3000001385808,0.216
9.315000138804317,0.228
9.330000139027836,0.229
9.345000139251352,0.214
9.360000139474868,0.209
9.375000139698386,0.203
9.390000139921904,0.19
9.405000140145422,0.177
9.42000014036894,0.182
9.435000140592456,0.19
9.450000140815972,0.207
9.465000141039493,0.222
9.480000141263009,0.234
9.495000141486528,0.226
9.510000141710044,0.225
9.52500014193356,0.224
9.540000142157078,0.205
9.555000142380596,0.204
9.570000142604114,0.214
9.58500014282763,0.236
9.600000143051147,0.226
9.615000143274663,0.209
9.630000143498185,0.224
9.6450001437217,0.25
9.660000143945217,0.251
9.675000144168736,0.247
9.690000144392252,0.274
9.70500014461577,0.287
9.720000144839288,0.251
9.735000145062804,0.248
9.750000145286322,0.242
9.76500014550984,0.246
9.780000145733355,0.232
9.795000145956877,0.214
9.810000146180393,0.219
9.825000146403909,0.209
9.840000146627428,0.177
9.855000146850944,0.171
9.870000147074462,0.153
9.885000147297978,0.147
9.900000147521496,0.135
9.915000147745014,0.14
9.930000147968531,0.161
9.94500014819205,0.15
9.960000148415563,0.177
9.975000148639085,0.189
9.9900001488626,0.187
10.005000149086118,0.177
10.020000149309636,0.206
10.035000149533152,0.225
10.05000014975667,0.237
10.065000149980188,0.257
10.080000150203706,0.26
10.095000150427223,0.267
10.11000015065074,0.272
10.125000150874255,0.268
10.140000151097777,0.251
10.155000151321293,0.251
10.17000015154481,0.261
10.185000151768326,0.254
10.200000151991844,0.241
10.215000152215362,0.268
10.23000015243888,0.288
10.245000152662396,0.294
10.260000152885912,0.304
10.275000153109431,0.321
10.290000153332947,0.317
10.305000153556469,0.315
10.320000153779985,0.323
10.3350001540035,0.33
10.350000154227018,0.322
10.365000154450536,0.32
10.380000154674054,0.313
10.395000154897572,0.309
10.410000155121088,0.313
10.425000155344604,0.308
10.440000155568123,0.314
10.45500015579164,0.318
10.47000015601516,0.306
10.485000156238677,0.299
10.500000156462193,0.286
10.51500015668571,0.278
10.530000156909228,0.274
10.545000157132746,0.276
10.560000157356262,0.295
10.57500015757978,0.303
10.590000157803296,0.307
10.605000158026815,0.323
10.620000158250331,0.334
10.635000158473847,0.346
10.650000158697368,0.339
10.665000158920884,0.334
10.680000159144402,0.327
10.69500015936792,0.315
10.710000159591436,0.294
10.725000159814954,0.271
10.740000160038472,0.274
10.75500016026199,0.263
10.770000160485507,0.271
10.785000160709023,0.261
10.80000016093254,0.256
10.81500016115606,0.24
10.830000161379576,0.234
10.845000161603094,0.228
10.86000016182661,0.217
10.875000162050128,0.227
10.890000162273646,0.255
10.905000162497164,0.27
10.92000016272068,0.279
10.935000162944196,0.298
10.950000163167717,0.316
10.965000163391233,0.285
10.98000016361475,0.271
10.995000163838268,0.278
11.010000164061784,0.253
11.025000164285302,0.253
11.04000016450882,0.249
11.055000164732338,0.251
11.070000164955855,0.236
11.085000165179371,0.238
11.10000016540289,0.247
11.115000165626409,0.249
11.130000165849925,0.262
11.145000166073444,0.289
11.16000016629696,0.31
11.175000166520476,0.327
11.190000166743994,0.33
11.205000166967512,0.344
11.22000016719103,0.336
11.235000167414546,0.344
11.250000167638063,0.354
11.26500016786158,0.344
11.2800001680851,0.325
11.295000168308617,0.318
11.310000168532133,0.316
11.32500016875565,0.286
11.340000168979168,0.284
11.355000169202686,0.301
11.370000169426204,0.331
11.38500016964972,0.32
11.400000169873238,0.32
11.415000170096755,0.304
11.430000170320271,0.28
11.445000170543793,0.252
11.460000170767309,0.244
11.475000170990825,0.236
11.490000171214342,0.261
11.50500017143786,0.275
11.520000171661378,0.28
11.535000171884894,0.294
11.550000172108412,0.289
11.56500017233193,0.287
11.580000172555447,0.28
11.595000172778963,0.297
11.61000017300248,0.324
11.625000173226,0.311
11.640000173449517,0.304
11.655000173673034,0.297
11.670000173896552,0.299
11.685000174120068,0.277
11.700000174343586,0.263
11.715000174567104,0.256
11.730000174790622,0.263
11.74500017501414,0.244
11.760000175237655,0.244
11.775000175461171,0.235
11.79000017568469,0.239
11.805000175908209,0.245
11.820000176131726,0.249
11.835000176355242,0.259
11.85000017657876,0.277
11.865000176802278,0.264
11.880000177025796,0.27
11.895000177249312,0.285
11.91000017747283,0.264
11.925000177696347,0.237
11.940000177919863,0.222
11.955000178143385,0.236
11.9700001783669,0.208
11.985000178590417,0.207
12.000000178813934,0.229
12.015000179037452,0.222
12.03000017926097,0.216
12.045000179484488,0.191
12.060000179708004,0.2
12.07500017993152,0.188
12.09000018015504,0.181
12.105000180378555,0.2
12.120000180602077,0.217
12.13500018082559,0.241
12.150000181049109,0.236
12.165000181272626,0.259
12.180000181496144,0.243
12.195000181719662,0.259
12.210000181943178,0.263
12.225000182166696,0.247
12.240000182390212,0.252
12.255000182613731,0.245
12.270000182837247,0.247
12.285000183060763,0.226
12.300000183284284,0.219
12.3150001835078,0.223
12.330000183731318,0.217
12.345000183954836,0.21
12.360000184178352,0.214
12.37500018440187,0.221
12.390000184625388,0.231
12.405000184848904,0.232
12.420000185072425,0.235
12.43500018529594,0.225
12.450000185519457,0.219
12.465000185742976,0.195
12.480000185966492,0.18
12.49500018619001,0.164
12.510000186413526,0.167
12.525000186637044,0.175
12.540000186860562,0.179
12.55500018708408,0.178
12.570000187307595,0.172
12.585000187531111,0.176
12.600000187754633,0.179
12.615000187978149,0.159
12.630000188201668,0.146
12.645000188425184,0.159
12.6600001886487,0.183
12.675000188872218,0.181
12.690000189095736,0.178
12.705000189319254,0.188
12.720000189542771,0.191
12.735000189766287,0.186
12.750000189989803,0.159
12.765000190213325,0.173
12.78000019043684,0.189
12.79500019066036,0.212
12.810000190883876,0.231
12.825000191107392,0.22
12.84000019133091,0.224
12.855000191554428,0.212
12.870000191777946,0.225
12.885000192001462,0.208
12.90000019222498,0.212
12.915000192448495,0.229
12.930000192672017,0.228
12.945000192895533,0.234
12.960000193119049,0.234
12.975000193342566,0.254
12.990000193566084,0.265
13.005000193789602,0.267
13.02000019401312,0.288
13.035000194236636,0.296
13.050000194460154,0.314
13.065000194683671,0.306
13.08000019490719,0.3
13.095000195130709,0.296
13.110000195354225,0.283
13.12500019557774,0.281
13.140000195801258,0.276
13.155000196024776,0.275
13.170000196248294,0.285
13.18500019647181,0.295
13.200000196695328,0.313
13.215000196918846,0.315
13.230000197142363,0.315
13.24500019736588,0.329
13.260000197589395,0.309
13.275000197812917,0.313
13.290000198036433,0.3
13.30500019825995,0.324
13.320000198483468,0.332
13.335000198706984,0.345
13.350000198930502,0.343
13.36500019915402,0.352
13.380000199377536,0.316
13.395000199601055,0.274
13.410000199824571,0.249
13.425000200048087,0.257
