time_min,absorb_mau
0.0,-9.994
0.050000000745058,-9.885
0.1000000014901161,-9.899
0.1500000022351741,-9.901
0.2000000029802322,-9.903
0.2500000037252903,-9.941
0.3000000044703483,-10.004
0.3500000052154064,-10.022
0.4000000059604645,-9.988
0.4500000067055225,-9.966
0.5000000074505806,-9.96
0.5500000081956387,-9.994
0.6000000089406967,-10.007
0.6500000096857548,-10.003
0.7000000104308128,-9.936
0.7500000111758709,-9.937
0.800000011920929,-9.916
0.850000012665987,-9.9
0.9000000134110451,-9.973
0.9500000141561032,-9.899
1.0000000149011612,-9.466
1.0500000156462193,-9.006
1.100000016391277,-8.868
1.1500000171363354,-9.052
1.2000000178813934,-9.206
1.2500000186264515,-8.733
1.3000000193715096,-7.041
1.3500000201165676,-3.056
1.4000000208616257,4.224
1.4500000216066835,15.801
1.5000000223517418,32.646
1.5500000230968,54.674
1.600000023841858,81.934
1.650000024586916,113.529
1.700000025331974,145.946
1.750000026077032,176.518
1.80000002682209,205.485
1.850000027567148,231.605
1.9000000283122065,253.348
1.9500000290572643,269.234
2.0000000298023224,278.593
2.0500000305473804,281.864
2.1000000312924385,280.012
2.150000032037497,273.528
2.200000032782554,263.104
2.2500000335276127,249.387
2.3000000342726707,233.864
2.350000035017729,216.942
2.400000035762787,199.019
2.450000036507845,180.053
2.500000037252903,160.912
2.550000037997961,143.086
2.600000038743019,126.469
2.650000039488077,110.927
2.7000000402331352,96.812
2.7500000409781933,83.395
2.800000041723252,70.95
2.8500000424683094,60.344
2.9000000432133675,51.162
2.950000043958425,42.957
3.000000044703484,35.576
3.0500000454485416,28.895
3.1000000461936,23.005
3.1500000469386578,18.171
3.200000047683716,14.139
3.250000048428774,10.676
3.300000049173832,7.707
3.35000004991889,4.999
3.400000050663948,2.761
3.450000051409006,0.964
3.500000052154064,-0.509
3.5500000528991222,-1.829
3.6000000536441803,-2.924
3.6500000543892384,-3.888
3.700000055134296,-4.667
3.7500000558793545,-5.322
3.800000056624413,-5.901
3.850000057369471,-6.354
3.9000000581145287,-6.758
3.9500000588595863,-7.134
4.000000059604645,-7.429
4.050000060349703,-7.626
4.100000061094761,-7.798
4.150000061839819,-7.995
4.200000062584877,-8.126
4.250000063329935,-8.31
4.300000064074993,-8.389
4.350000064820051,-8.452
4.400000065565109,-8.532
4.450000066310167,-8.554
4.500000067055225,-8.65
4.550000067800283,-8.726
4.6000000685453415,-8.724
4.6500000692904,-8.726
4.700000070035458,-8.753
4.750000070780516,-8.812
4.800000071525574,-8.856
4.850000072270632,-8.91
4.90000007301569,-8.866
4.950000073760748,-8.895
5.000000074505806,-8.938
5.050000075250864,-9.021
5.100000075995922,-9.007
5.15000007674098,-9.003
5.200000077486038,-9.045
5.250000078231096,-8.983
5.300000078976154,-9.003
5.350000079721212,-9.003
5.4000000804662704,-9.0
5.4500000812113285,-9.007
5.500000081956387,-8.987
5.550000082701445,-8.996
5.600000083446503,-9.025
5.650000084191561,-9.039
5.700000084936619,-9.031
5.750000085681677,-9.031
5.800000086426735,-9.071
5.850000087171793,-9.074
5.900000087916851,-9.111
5.950000088661909,-9.132
6.000000089406967,-9.105
6.050000090152025,-9.116
6.100000090897083,-9.133
6.150000091642141,-9.16
6.200000092387199,-9.173
6.2500000931322575,-9.127
6.300000093877316,-9.062
6.350000094622374,-9.124
6.400000095367432,-9.155
6.45000009611249,-9.197
6.500000096857548,-9.233
6.550000097602606,-9.228
6.600000098347664,-9.209
6.650000099092722,-9.224
6.70000009983778,-9.246
6.750000100582838,-9.191
6.800000101327896,-9.18
6.850000102072954,-9.183
6.900000102818012,-9.199
6.95000010356307,-9.222
7.000000104308128,-9.189
7.050000105053186,-9.205
7.1000001057982445,-9.256
7.150000106543303,-9.232
7.200000107288361,-9.284
7.250000108033419,-9.264
7.300000108778477,-9.243
7.350000109523535,-9.246
7.400000110268593,-9.303
7.450000111013651,-9.37
7.500000111758709,-9.36
7.550000112503767,-9.274
7.600000113248825,-9.223
7.650000113993883,-9.229
7.700000114738941,-9.185
7.750000115483999,-9.137
7.800000116229057,-9.189
7.850000116974115,-9.186
7.900000117719173,-9.181
7.950000118464231,-9.169
8.00000011920929,-9.246
8.050000119954348,-9.299
8.100000120699406,-9.264
8.150000121444464,-9.256
8.200000122189522,-9.254
8.25000012293458,-9.222
8.300000123679638,-9.177
8.350000124424696,-9.173
8.400000125169754,-9.199
8.450000125914812,-9.21
8.50000012665987,-9.197
8.550000127404928,-9.202
8.600000128149986,-9.233
8.650000128895044,-9.227
8.700000129640102,-9.188
8.75000013038516,-9.243
8.800000131130219,-9.23
8.850000131875277,-9.228
8.900000132620335,-9.241
8.950000133365393,-9.243
9.00000013411045,-9.273
9.050000134855509,-9.246
9.100000135600569,-9.229
9.150000136345623,-9.212
9.200000137090685,-9.231
9.25000013783574,-9.254
9.3000001385808,-9.27
9.350000139325855,-9.249
9.400000140070915,-9.252
9.450000140815972,-9.279
9.500000141561031,-9.275
9.55000014230609,-9.26
9.600000143051147,-9.277
9.650000143796206,-9.296
