time_min,absorb_mau
0.0,4.948
0.1600000023841858,0.036
0.3200000047683716,-0.128
0.4800000071525573,-0.048
0.6400000095367432,-0.036
0.800000011920929,0.072
0.9600000143051148,0.234
1.1200000166893005,0.177
1.2800000190734864,0.232
1.4400000214576725,0.24
1.600000023841858,0.241
1.7600000262260438,0.227
1.9200000286102292,0.383
2.0800000309944155,0.664
2.240000033378601,0.656
2.400000035762787,0.568
2.5600000381469727,0.543
2.720000040531158,0.646
2.8800000429153445,0.595
3.04000004529953,0.71
3.200000047683716,0.695
3.3600000500679017,0.792
3.520000052452088,0.862
3.6800000548362735,0.946
3.840000057220459,0.975
4.000000059604645,1.109
4.160000061988831,1.245
4.3200000643730165,1.295
4.480000066757202,1.261
4.640000069141388,1.346
4.800000071525574,1.446
4.96000007390976,1.624
5.1200000762939455,1.679
5.280000078678131,1.781
5.440000081062317,1.862
5.600000083446503,2.013
5.760000085830689,2.132
5.920000088214874,2.136
6.08000009059906,2.405
6.240000092983246,2.538
6.400000095367432,2.736
6.560000097751618,2.858
6.720000100135803,3.092
6.880000102519989,3.287
7.040000104904175,3.478
7.200000107288361,3.697
7.360000109672547,3.939
7.520000112056732,4.161
7.680000114440918,4.363
7.840000116825104,4.742
8.00000011920929,5.04
8.160000121593475,5.561
8.320000123977662,6.034
8.480000126361848,6.5
8.640000128746033,7.109
8.800000131130219,7.652
8.960000133514404,8.398
9.120000135898591,9.11
9.280000138282777,9.894
9.440000140666962,10.677
9.600000143051147,11.677
9.760000145435331,12.522
9.92000014781952,13.569
10.080000150203706,14.591
10.240000152587893,15.751
10.400000154972076,16.917
10.560000157356262,18.118
10.720000159740447,19.428
10.880000162124634,20.728
11.04000016450882,22.161
11.200000166893004,23.476
11.36000016927719,24.991
11.520000171661378,26.424
11.680000174045563,27.868
11.840000176429747,29.415
12.000000178813934,30.841
12.16000018119812,32.424
12.320000183582309,33.868
12.480000185966492,35.399
12.640000188350678,36.756
12.800000190734863,38.355
12.960000193119049,39.716
13.120000195503236,41.084
13.28000019788742,42.546
13.440000200271609,43.958
13.600000202655792,45.269
13.760000205039978,46.516
13.920000207424165,47.807
14.08000020980835,49.032
14.240000212192536,50.148
14.40000021457672,51.258
14.560000216960908,52.218
14.720000219345094,53.285
14.88000022172928,54.068
15.040000224113465,54.953
15.20000022649765,55.678
15.360000228881836,56.405
15.520000231266025,56.976
15.680000233650208,57.606
15.840000236034394,58.194
16.00000023841858,58.431
16.160000240802766,58.874
16.32000024318695,58.976
16.480000245571137,59.248
16.640000247955324,59.303
16.800000250339508,59.254
16.960000252723695,59.244
17.12000025510788,59.095
17.280000257492066,59.015
17.440000259876253,58.647
17.600000262260437,58.348
17.760000264644624,57.979
17.920000267028808,57.536
18.080000269412995,57.124
18.240000271797182,56.526
18.40000027418137,55.861
18.560000276565557,55.173
18.720000278949737,54.54
18.880000281333924,53.741
19.04000028371811,53.019
19.20000028610229,52.269
19.36000028848648,51.371
19.520000290870662,50.54
19.680000293254853,49.664
19.84000029563904,48.781
20.000000298023224,47.905
20.16000030040741,46.956
20.320000302791595,45.939
20.480000305175786,44.973
20.64000030755997,43.991
20.800000309944156,43.007
20.96000031232834,42.148
21.120000314712524,41.092
21.28000031709671,40.187
21.440000319480895,39.267
21.60000032186508,38.3
21.76000032424927,37.363
21.920000326633453,36.522
22.08000032901764,35.698
22.240000331401827,34.768
22.40000033378601,33.951
22.5600003361702,33.022
22.72000033855438,32.184
22.88000034093857,31.461
23.04000034332276,30.686
23.20000034570694,29.975
23.360000348091127,29.245
23.52000035047531,28.493
23.680000352859494,27.732
23.840000355243685,27.033
24.00000035762787,26.447
24.160000360012056,25.84
24.32000036239624,25.247
24.480000364780427,24.637
24.64000036716461,24.022
24.8000003695488,23.606
24.960000371932985,23.073
25.12000037431717,22.712
25.28000037670136,22.169
25.440000379085543,21.796
25.600000381469727,21.433
25.760000383853917,20.925
25.920000386238097,20.601
26.080000388622285,20.15
26.240000391006472,19.772
26.400000393390656,19.49
26.560000395774843,19.116
26.720000398159023,18.827
26.880000400543214,18.58
27.0400004029274,18.276
27.200000405311584,17.989
27.36000040769577,17.8
27.520000410079955,17.584
27.680000412464143,17.297
27.84000041484833,17.062
28.000000417232517,16.905
28.1600004196167,16.776
28.320000422000884,16.588
28.48000042438507,16.373
28.64000042676926,16.227
28.80000042915344,16.131
28.96000043153763,15.958
29.120000433921813,15.814
29.280000436306,15.635
29.440000438690188,15.503
29.60000044107437,15.441
29.76000044345856,15.285
29.920000445842746,15.183
30.08000044822693,15.09
30.24000045061112,14.896
30.4000004529953,14.803
30.560000455379488,14.721
30.72000045776367,14.66
30.88000046014786,14.626
31.04000046253205,14.497
31.20000046491623,14.423
31.360000467300416,14.362
31.5200004696846,14.258
31.680000472068787,14.076
31.84000047445297,14.031
32.00000047683716,14.082
32.160000479221345,14.062
32.32000048160553,13.968
32.48000048398972,13.846
32.6400004863739,13.885
32.80000048875809,13.817
32.960000491142274,13.778
33.12000049352646,13.749
33.28000049591065,13.703
33.44000049829483,13.608
33.600000500679016,13.554
33.7600005030632,13.447
33.92000050544739,13.309
34.08000050783158,13.254
34.24000051021576,13.179
34.400000512599945,13.123
34.56000051498413,13.121
34.72000051736832,13.046
34.88000051975251,13.043
35.04000052213669,12.958
35.200000524520874,13.013
35.36000052690506,12.856
35.52000052928925,12.826
35.68000053167344,12.744
35.840000534057616,12.646
36.0000005364418,12.528
36.16000053882599,12.52
36.32000054121018,12.471
36.480000543594365,12.317
36.64000054597855,12.352
36.80000054836273,12.201
36.96000055074692,12.152
37.12000055313111,12.073
37.280000555515294,11.998
37.440000557899474,12.024
37.60000056028366,11.965
37.76000056266785,11.911
37.92000056505204,11.907
38.08000056743622,11.847
38.2400005698204,11.777
38.40000057220459,11.714
38.56000057458878,11.618
38.72000057697296,11.612
38.88000057935715,11.528
39.04000058174133,11.458
39.20000058412552,11.435
39.360000586509706,11.269
39.52000058889389,11.3
39.68000059127808,11.193
39.84000059366226,11.116
40.00000059604645,11.141
40.16000059843064,10.943
40.32000060081482,10.977
40.48000060319901,10.866
40.64000060558319,10.849
40.80000060796738,10.812
40.96000061035157,10.685
41.12000061273575,10.746
41.28000061511994,10.541
41.44000061750412,10.461
41.60000061988831,10.454
41.76000062227249,10.426
41.92000062465668,10.346
42.08000062704087,10.366
42.24000062942505,10.292
42.40000063180924,10.221
42.56000063419342,10.156
42.72000063657761,10.053
42.8800006389618,10.042
43.040000641345976,9.914
43.20000064373016,9.823
43.36000064611435,9.808
43.52000064849854,9.811
43.680000650882725,9.795
43.840000653266905,9.738
44.00000065565109,9.671
44.16000065803528,9.623
44.32000066041947,9.582
44.48000066280365,9.413
44.64000066518784,9.377
44.80000066757202,9.523
44.96000066995621,9.48
45.1200006723404,9.398
45.28000067472458,9.321
45.44000067710876,9.264
45.60000067949295,9.185
45.76000068187714,9.174
45.920000684261325,9.106
46.08000068664551,9.062
46.24000068902969,8.997
46.40000069141388,8.964
46.56000069379807,8.837
46.720000696182254,8.934
46.88000069856644,8.853
47.04000070095062,8.895
47.20000070333481,8.812
47.360000705719,8.777
47.52000070810318,8.744
47.68000071048737,8.738
47.84000071287155,8.608
48.00000071525574,8.594
48.160000717639925,8.577
48.32000072002411,8.537
48.4800007224083,8.524
48.64000072479248,8.482
48.800000727176666,8.424
48.96000072956085,8.323
49.12000073194504,8.375
49.28000073432923,8.368
49.44000073671341,8.372
49.6000007390976,8.336
49.76000074148178,8.235
49.92000074386597,8.236
50.08000074625016,8.257
50.24000074863434,8.115
50.40000075101853,8.047
50.56000075340271,8.003
50.7200007557869,8.063
50.880000758171086,8.044
51.04000076055527,8.063
51.20000076293945,8.073
51.36000076532364,8.043
51.52000076770783,8.791
51.680000770092015,7.885
51.8400007724762,7.948
52.00000077486038,8.262
52.16000077724457,8.67
52.32000077962876,7.768
52.480000782012944,7.535
52.64000078439712,7.427
52.80000078678131,7.427
52.9600007891655,7.343
53.120000791549685,7.368
53.28000079393387,7.317
53.44000079631805,7.246
53.60000079870224,7.144
53.76000080108643,7.188
53.92000080347061,7.247
54.0800008058548,7.244
54.24000080823898,7.159
54.40000081062317,7.179
54.56000081300736,7.142
54.72000081539154,7.024
54.88000081777573,7.07
55.04000082015991,6.985
55.2000008225441,6.975
55.360000824928285,6.956
55.52000082731247,6.926
55.68000082969666,6.921
55.84000083208084,6.874
56.00000083446503,6.845
56.160000836849214,6.836
56.3200008392334,6.857
56.48000084161759,6.804
56.64000084400177,6.851
56.80000084638596,6.822
56.96000084877014,6.79
57.12000085115433,6.763
57.28000085353852,6.766
57.4400008559227,6.767
57.600000858306885,6.876
57.76000086069107,6.897
57.92000086307526,6.929
58.080000865459446,6.841
58.24000086784363,6.732
58.40000087022781,6.761
58.560000872612,6.789
58.72000087499619,6.755
58.880000877380375,6.702
59.04000087976456,6.693
59.20000088214874,6.642
59.36000088453293,6.549
59.52000088691712,6.53
59.6800008893013,6.59
59.84000089168549,6.489
60.00000089406967,6.425
60.16000089645386,6.417
60.320000898838046,6.402
60.48000090122223,6.417
60.64000090360641,6.372
60.8000009059906,6.453
60.96000090837479,6.54
61.120000910758975,6.329
61.28000091314316,6.363
61.44000091552734,6.356
61.60000091791153,6.377
61.76000092029572,6.286
61.920000922679904,6.41
62.08000092506409,6.314
62.24000092744827,6.355
62.40000092983246,6.359
62.560000932216646,6.266
62.72000093460083,6.238
62.88000093698502,6.232
63.0400009393692,6.248
63.20000094175339,6.221
63.360000944137575,6.138
63.52000094652176,6.235
63.68000094890595,6.153
63.84000095129013,6.161
64.00000095367432,6.136
64.16000095605851,6.007
64.32000095844269,6.041
64.48000096082687,6.033
64.64000096321107,5.958
64.80000096559525,6.111
64.96000096797944,6.123
65.12000097036362,5.963
65.2800009727478,6.043
65.440000975132,6.096
65.60000097751617,6.068
65.76000097990037,5.911
65.92000098228455,5.993
66.08000098466873,5.899
66.24000098705292,5.988
66.4000009894371,5.908
66.5600009918213,5.849
66.72000099420548,5.83
66.88000099658966,5.898
67.04000099897385,5.871
67.20000100135803,5.839
67.36000100374223,5.866
67.5200010061264,5.902
67.68000100851059,5.868
67.84000101089478,5.92
68.00000101327896,5.832
68.16000101566316,5.812
68.32000101804734,5.749
68.48000102043152,5.765
68.64000102281571,5.755
68.80000102519989,5.78
68.96000102758408,5.774
69.12000102996826,5.711
69.28000103235244,5.724
69.44000103473664,5.654
69.60000103712082,5.619
69.76000103950501,5.588
69.9200010418892,5.595
70.08000104427337,5.545
70.24000104665757,5.61
70.40000104904175,5.486
70.56000105142594,5.546
70.72000105381012,5.588
70.8800010561943,5.59
71.0400010585785,5.654
71.20000106096268,5.547
71.36000106334687,5.566
71.52000106573105,5.518
71.68000106811523,5.563
71.84000107049943,5.497
72.0000010728836,5.509
72.1600010752678,5.452
72.32000107765198,5.435
72.48000108003616,5.482
72.64000108242035,5.46
72.80000108480453,5.447
72.96000108718873,5.402
73.12000108957291,5.485
73.28000109195709,5.427
73.44000109434128,5.401
73.60000109672546,5.316
73.76000109910966,5.43
73.92000110149384,5.38
74.08000110387802,5.418
74.24000110626221,5.34
74.40000110864639,5.256
74.56000111103059,5.251
74.72000111341477,5.307
74.88000111579895,5.277
75.04000111818314,5.293
75.20000112056732,5.273
75.36000112295152,5.259
75.5200011253357,5.235
75.68000112771988,5.278
75.84000113010407,5.18
76.00000113248825,5.256
76.16000113487245,5.186
76.32000113725663,5.181
76.4800011396408,5.232
76.640001142025,5.116
76.80000114440918,5.174
76.96000114679337,5.147
77.12000114917755,5.173
77.28000115156173,5.164
77.44000115394593,5.181
77.60000115633011,5.101
77.7600011587143,5.146
77.92000116109848,5.126
78.08000116348266,5.059
78.24000116586686,5.047
78.40000116825104,4.994
78.56000117063523,5.031
78.72000117301941,5.04
78.88000117540359,5.07
79.04000117778779,5.006
79.20000118017197,5.019
79.36000118255616,4.967
79.52000118494034,5.077
79.68000118732452,4.997
79.84000118970872,5.057
80.0000011920929,5.033
80.16000119447709,4.911
80.32000119686127,4.981
80.48000119924545,4.99
80.64000120162964,5.018
80.80000120401382,4.999
80.96000120639802,4.934
81.1200012087822,4.954
81.28000121116638,4.9
81.44000121355057,4.878
81.60000121593475,4.843
81.76000121831895,4.821
81.92000122070313,4.875
82.08000122308731,4.82
82.2400012254715,4.912
82.40000122785568,4.83
82.56000123023988,4.82
82.72000123262406,4.883
82.88000123500824,4.848
83.04000123739243,4.855
83.20000123977661,4.943
83.3600012421608,4.833
83.52000124454499,4.818
83.68000124692917,4.743
83.84000124931336,4.79
84.00000125169754,4.786
84.16000125408173,4.817
84.32000125646591,4.772
84.4800012588501,4.717
84.64000126123429,4.724
84.80000126361847,4.638
84.96000126600266,4.693
85.12000126838684,4.647
85.28000127077102,4.626
85.44000127315522,4.642
85.6000012755394,4.687
85.76000127792359,4.698
85.92000128030777,4.68
86.08000128269195,4.564
86.24000128507615,4.554
86.40000128746033,4.67
86.56000128984452,4.636
86.7200012922287,4.645
86.88000129461288,4.683
87.04000129699708,4.677
87.20000129938126,4.662
87.36000130176545,4.605
87.52000130414963,4.576
87.68000130653381,4.645
87.840001308918,4.634
88.00000131130219,4.604
88.16000131368638,4.55
88.32000131607056,4.589
88.48000131845474,4.56
88.64000132083893,4.646
88.80000132322311,4.562
88.96000132560731,4.609
89.12000132799149,4.6
89.28000133037567,4.458
89.44000133275986,4.487
89.60000133514404,4.513
89.76000133752824,4.458
89.92000133991242,4.583
90.0800013422966,4.523
90.2400013446808,4.45
90.40000134706496,4.446
90.56000134944917,4.567
90.72000135183336,4.484
90.88000135421753,4.38
91.04000135660172,4.438
91.2000013589859,4.498
91.3600013613701,4.458
91.52000136375428,4.525
91.68000136613846,4.451
91.84000136852264,4.436
92.00000137090684,4.467
92.16000137329102,4.435
92.3200013756752,4.448
92.48000137805938,4.457
92.64000138044358,4.497
92.80000138282776,4.447
92.96000138521195,4.457
93.12000138759612,4.458
93.28000138998031,4.465
93.44000139236452,4.449
93.60000139474867,4.478
93.76000139713288,4.504
93.92000139951706,4.448
94.08000140190124,4.477
94.24000140428544,4.408
94.40000140666962,4.454
94.5600014090538,4.421
94.720001411438,4.382
94.88000141382216,4.331
95.04000141620637,4.388
95.20000141859056,4.349
95.36000142097474,4.26
95.52000142335892,4.321
95.6800014257431,4.392
95.8400014281273,4.356
96.00000143051147,4.323
96.16000143289568,4.337
96.32000143527983,4.371
96.48000143766404,4.367
96.64000144004822,4.361
96.8000014424324,4.34
96.9600014448166,4.358
97.12000144720078,4.3
97.28000144958496,4.433
97.44000145196917,4.327
97.60000145435332,4.323
97.76000145673753,4.302
97.9200014591217,4.357
98.08000146150589,4.227
98.24000146389008,4.227
98.40000146627426,4.294
98.56000146865846,4.21
98.72000147104264,4.265
98.88000147342682,4.177
99.040001475811,4.179
99.2000014781952,4.158
99.36000148057938,4.196
99.52000148296356,4.246
99.68000148534774,4.194
99.84000148773194,4.208
100.00000149011612,4.134
100.16000149250031,4.123
100.3200014948845,4.122
100.48000149726867,4.151
100.64000149965288,4.174
100.80000150203703,4.108
100.96000150442124,4.115
101.12000150680542,4.199
101.2800015091896,4.174
101.4400015115738,4.165
101.60000151395798,4.104
101.76000151634216,4.167
101.92000151872637,4.112
102.08000152111052,4.158
102.24000152349473,4.186
102.4000015258789,4.2
102.5600015282631,4.266
102.72000153064728,4.271
102.88000153303146,4.166
103.04000153541566,4.248
103.20000153779984,4.292
103.36000154018404,4.26
103.5200015425682,4.244
103.6800015449524,4.257
103.84000154733658,4.219
104.00000154972076,4.182
104.16000155210496,4.252
104.32000155448914,4.222
104.48000155687332,4.213
104.64000155925751,4.215
104.8000015616417,4.121
104.96000156402587,4.103
105.12000156641008,4.047
105.28000156879423,4.101
105.44000157117844,4.093
105.60000157356262,4.16
105.76000157594682,4.086
105.920001578331,3.971
106.08000158071518,4.028
106.24000158309936,4.094
106.40000158548357,4.132
106.56000158786776,4.059
106.72000159025193,4.065
106.8800015926361,4.064
107.0400015950203,4.08
107.20000159740448,4.121
107.36000159978867,4.109
107.52000160217284,4.073
107.68000160455703,4.031
107.84000160694124,3.98
108.0000016093254,4.007
108.1600016117096,4.116
108.32000161409378,4.028
108.48000161647796,4.12
108.64000161886216,4.07
108.80000162124634,4.063
108.96000162363052,4.042
109.12000162601473,4.105
109.28000162839888,4.019
109.44000163078309,4.008
109.60000163316728,4.037
109.76000163555146,4.034
109.92000163793564,4.087
110.08000164031982,4.163
110.24000164270402,4.143
110.4000016450882,4.192
110.5600016474724,5.914
110.72000164985656,4.347
110.88000165224076,4.378
111.04000165462494,4.772
111.20000165700912,5.487
111.36000165939332,4.538
111.5200016617775,4.04
111.68000166416168,3.895
111.84000166654587,3.886
112.00000166893004,3.953
112.16000167131423,3.898
112.32000167369844,3.936
112.4800016760826,3.959
112.6400016784668,3.9
112.80000168085098,3.94
112.96000168323518,3.8
113.12000168561936,3.879
113.28000168800354,3.961
113.44000169038772,3.871
113.60000169277193,3.958
113.7600016951561,3.904
113.92000169754029,3.901
114.08000169992448,3.829
114.24000170230866,3.8
114.40000170469284,3.852
114.56000170707703,3.867
114.72000170946122,3.803
114.8800017118454,3.827
115.0400017142296,3.827
115.20000171661376,3.774
115.36000171899796,3.798
115.52000172138214,3.738
115.68000172376632,3.811
115.84000172615052,3.826
116.0000017285347,3.89
116.16000173091888,3.973
116.32000173330307,3.861
116.48000173568724,3.891
116.64000173807143,3.856
116.80000174045564,3.858
116.96000174283982,3.822
117.120001745224,3.833
117.28000174760818,3.805
117.44000174999238,3.776
117.60000175237656,3.84
117.76000175476076,3.823
117.92000175714492,3.784
118.08000175952913,3.741
118.2400017619133,3.714
118.40000176429749,3.673
118.56000176668168,3.767
118.72000176906586,3.712
118.88000177145004,3.726
119.04000177383423,3.812
119.2000017762184,3.736
119.3600017786026,3.768
119.5200017809868,3.714
119.68000178337095,3.735
119.84000178575516,3.629
120.00000178813934,3.774
120.16000179052354,3.75
120.32000179290772,3.766
120.4800017952919,3.741
120.64000179767608,3.769
120.80000180006029,3.804
120.96000180244448,3.817
121.12000180482865,3.763
121.28000180721284,3.762
121.44000180959702,3.777
121.6000018119812,3.782
121.7600018143654,3.845
121.92000181674958,3.845
122.08000181913376,3.778
122.24000182151796,3.776
122.40000182390212,3.67
122.56000182628632,3.635
122.7200018286705,3.556
122.88000183105468,3.588
123.04000183343888,3.68
123.20000183582306,3.667
123.36000183820724,3.656
123.52000184059143,3.637
123.6800018429756,3.617
123.8400018453598,3.618
124.000001847744,3.59
124.16000185012818,3.703
124.32000185251236,3.676
124.48000185489654,3.609
124.64000185728074,3.663
124.80000185966492,3.585
124.96000186204913,3.531
125.12000186443328,3.565
125.28000186681749,3.547
125.44000186920168,3.636
125.60000187158585,3.518
125.76000187397004,3.608
125.92000187635422,3.678
126.0800018787384,3.523
126.2400018811226,3.572
126.40000188350676,3.598
126.56000188589096,3.617
126.72000188827516,3.526
126.88000189065932,3.63
127.04000189304352,3.546
127.2000018954277,3.575
127.3600018978119,3.555
127.52000190019608,3.675
127.68000190258026,3.643
127.84000190496444,3.637
128.00000190734863,3.774
128.1600019097328,3.652
128.32000191211702,3.562
128.4800019145012,3.618
128.64000191688538,3.719
128.80000191926956,3.679
128.96000192165374,3.749
129.12000192403795,3.698
129.28000192642213,3.696
129.4400019288063,3.674
129.6000019311905,3.649
129.76000193357467,3.585
