time_min,absorb_mau
0.0,0.0
0.0266666670640309,-0.028
0.0533333341280619,-0.064
0.0800000011920929,-0.127
0.1066666682561238,-0.142
0.1333333353201548,-0.1569999999999999
0.1600000023841858,-0.118
0.1866666694482167,-0.134
0.2133333365122477,-0.133
0.2400000035762786,-0.191
0.2666666706403096,-0.2
0.2933333377043406,-0.183
0.3200000047683716,-0.178
0.3466666718324026,-0.171
0.3733333388964335,-0.1959999999999999
0.4000000059604645,-0.2189999999999999
0.4266666730244954,-0.242
0.4533333400885264,-0.257
0.4800000071525573,-0.263
0.5066666742165884,-0.258
0.5333333412806193,-0.276
0.5600000083446502,-0.285
0.5866666754086812,-0.268
0.6133333424727122,-0.2269999999999998
0.6400000095367432,-0.1899999999999999
0.6666666766007742,-0.186
0.6933333436648051,-0.197
0.7200000107288361,-0.1709999999999999
0.746666677792867,-0.1089999999999999
0.773333344856898,-0.026
0.800000011920929,0.028
0.8266666789849599,0.098
0.8533333460489909,0.1179999999999998
0.8800000131130219,0.0569999999999999
0.9066666801770528,-0.0129999999999999
0.933333347241084,-0.086
0.9600000143051148,-0.0830000000000001
0.9866666813691456,-0.044
1.0133333484331768,0.0519999999999996
1.0400000154972078,0.1629999999999998
1.0666666825612383,0.2230000000000001
1.0933333496252695,0.2000000000000001
1.1200000166893005,0.1360000000000001
1.1466666837533317,0.046
1.1733333508173625,0.022
1.2000000178813934,-0.0089999999999998
1.2266666849454244,-0.0390000000000001
1.2533333520094554,-0.064
1.2800000190734864,-0.053
1.3066666861375174,-0.0249999999999999
1.3333333532015483,-0.02
1.360000020265579,-0.042
1.3866666873296103,-0.028
1.4133333543936413,-0.0099999999999997
1.4400000214576725,0.0649999999999999
1.4666666885217032,0.062
1.493333355585734,0.1029999999999999
1.520000022649765,0.141
1.546666689713796,0.2320000000000002
1.573333356777827,0.3810000000000002
1.600000023841858,0.5640000000000001
1.626666690905889,0.766
1.65333335796992,1.0380000000000005
1.6800000250339509,1.3520000000000003
1.7066666920979818,1.7650000000000006
1.7333333591620128,2.2749999999999986
1.7600000262260438,2.9129999999999967
1.7866666932900748,3.674
1.8133333603541055,4.587999999999994
1.8400000274181367,5.698999999999998
1.866666694482168,7.058000000000007
1.8933333615461987,8.638000000000005
1.9200000286102292,10.590000000000003
1.9466666956742604,12.765000000000017
1.9733333627382916,15.221000000000004
2.0000000298023224,17.863
2.0266666968663536,20.76400000000001
2.0533333639303843,24.012
2.0800000309944155,27.61099999999999
2.1066666980584463,31.538999999999987
2.133333365122477,35.73000000000002
2.1600000321865083,40.30099999999999
2.186666699250539,45.03199999999998
2.2133333663145702,49.957
2.240000033378601,54.86899999999997
2.266666700442632,59.85700000000003
2.293333367506663,64.93
2.320000034570694,70.05700000000002
2.346666701634725,75.28899999999999
2.373333368698756,80.745
2.400000035762787,86.27499999999998
2.426666702826818,92.221
2.453333369890849,98.47000000000004
2.48000003695488,105.03999999999996
2.506666704018911,111.83100000000002
2.533333371082942,118.53499999999995
2.5600000381469727,125.39200000000004
2.5866667052110035,132.116
2.6133333722750347,138.84500000000003
2.640000039339065,145.567
2.6666667064030967,152.37099999999998
2.6933333734671274,159.11199999999997
2.720000040531158,166.048
2.7466667075951894,173.019
2.7733333746592206,179.793
2.800000041723252,186.544
2.8266667087872825,192.796
2.8533333758513133,198.817
2.8800000429153445,204.642
2.9066667099793757,210.06
2.9333333770434065,215.148
2.960000044107437,219.987
2.986666711171468,224.423
3.013333378235499,228.784
3.04000004529953,232.863
3.066666712363561,236.793
3.093333379427592,240.252
3.120000046491623,243.233
3.146666713555654,245.87
3.173333380619685,248.065
3.200000047683716,249.911
3.226666714747747,251.476
3.253333381811778,252.665
3.280000048875809,253.548
3.30666671593984,254.095
3.333333383003871,254.352
3.3600000500679017,254.265
3.386666717131933,253.856
3.413333384195964,253.119
3.4400000512599944,252.076
3.4666667183240256,250.704
3.4933333853880564,249.051
3.520000052452088,247.119
3.5466667195161183,245.01300000000003
3.573333386580149,242.653
3.6000000536441803,240.00200000000007
3.626666720708212,237.12800000000004
3.653333387772242,233.92900000000003
3.6800000548362735,230.669
3.706666721900304,227.20700000000005
3.733333388964336,223.726
3.760000056028366,220.155
3.786666723092397,216.44600000000003
3.813333390156428,212.57000000000005
3.840000057220459,208.615
3.86666672428449,204.423
3.893333391348521,200.03
3.920000058412552,195.50200000000007
3.946666725476583,190.99799999999996
3.973333392540614,186.54599999999996
4.000000059604645,182.052
4.026666726668676,177.58799999999997
4.053333393732707,173.10500000000002
4.0800000607967375,168.71400000000006
4.106666727860769,164.26699999999994
4.1333333949248,160.01
4.160000061988831,155.582
4.186666729052861,151.31100000000004
4.213333396116893,146.673
4.240000063180924,142.27800000000002
4.266666730244954,138.00400000000002
4.293333397308985,133.865
4.3200000643730165,129.89300000000003
4.346666731437048,126.005
4.373333398501078,122.10199999999998
4.400000065565109,118.29399999999998
4.4266667326291405,114.44000000000004
4.453333399693172,110.562
4.480000066757202,106.69500000000004
4.506666733821233,102.86199999999997
4.533333400885264,99.27800000000002
4.560000067949296,95.78300000000002
4.586666735013326,92.509
4.613333402077357,89.293
4.640000069141388,86.20000000000005
4.66666673620542,83.15600000000006
4.69333340326945,80.257
4.720000070333481,77.44299999999998
4.746666737397512,74.56300000000005
4.773333404461543,71.74199999999996
4.800000071525574,68.95399999999995
4.826666738589605,66.37199999999996
4.853333405653636,63.90199999999999
4.880000072717666,61.589
4.906666739781698,59.42700000000002
4.933333406845729,57.317999999999984
4.96000007390976,55.238
4.98666674097379,53.17599999999999
5.013333408037822,51.146000000000015
5.040000075101853,49.14499999999998
5.066666742165884,47.20600000000002
5.093333409229914,45.29899999999998
5.1200000762939455,43.55599999999998
5.146666743357977,41.892
5.173333410422007,40.38
5.200000077486038,38.91700000000003
5.226666744550069,37.512
5.253333411614101,36.11700000000002
5.280000078678131,34.79699999999997
5.306666745742162,33.45600000000002
5.333333412806193,32.18999999999997
5.3600000798702245,30.964
5.386666746934255,29.79400000000001
5.413333413998286,28.67500000000001
5.440000081062317,27.625
5.4666667481263485,26.65100000000001
5.493333415190379,25.77500000000001
5.52000008225441,24.887
5.546666749318441,23.99199999999999
5.573333416382472,23.158999999999992
5.600000083446503,22.297
5.626666750510534,21.474999999999994
5.653333417574565,20.62899999999999
5.680000084638595,19.91
5.706666751702627,19.217000000000013
5.733333418766658,18.57499999999999
5.760000085830689,17.97800000000001
5.786666752894719,17.418999999999997
5.813333419958751,16.88300000000001
5.840000087022782,16.338000000000008
5.866666754086813,15.862000000000007
5.893333421150843,15.34599999999999
5.920000088214874,14.845
5.946666755278906,14.326000000000008
5.973333422342936,13.882000000000003
6.000000089406967,13.527
6.026666756470998,13.137
6.05333342353503,12.769000000000004
6.08000009059906,12.397999999999996
6.106666757663091,12.040000000000006
6.133333424727122,11.695999999999998
6.1600000917911535,11.352000000000004
6.186666758855184,10.979
6.213333425919215,10.694999999999991
6.240000092983246,10.370000000000005
6.266666760047277,10.137999999999998
6.293333427111308,9.864000000000004
6.320000094175339,9.621000000000002
6.34666676123937,9.336
6.373333428303401,9.082
6.400000095367432,8.864000000000004
6.426666762431463,8.677
6.453333429495494,8.481000000000002
6.480000096559524,8.263999999999996
6.506666763623556,8.028999999999996
6.533333430687587,7.869
6.560000097751618,7.708999999999996
6.586666764815648,7.524000000000001
6.61333343187968,7.342999999999996
6.640000098943711,7.18
6.666666766007742,7.088999999999999
6.693333433071772,7.0
6.720000100135803,6.866999999999997
6.746666767199835,6.715000000000003
6.773333434263866,6.536000000000001
6.800000101327896,6.4140000000000015
6.826666768391927,6.298000000000002
6.853333435455959,6.190999999999999
6.880000102519989,6.100999999999999
6.90666676958402,6.003999999999998
6.933333436648051,5.908000000000001
6.960000103712082,5.782
6.986666770776113,5.701999999999998
7.013333437840144,5.642000000000001
7.040000104904175,5.584000000000001
7.066666771968206,5.501999999999999
7.093333439032237,5.423000000000002
7.120000106096268,5.368000000000002
7.146666773160299,5.311
7.17333344022433,5.238999999999999
7.200000107288361,5.189
7.226666774352392,5.123999999999999
7.253333441416423,5.064
7.280000108480453,5.015999999999998
7.306666775544484,4.948
7.333333442608516,4.876999999999999
7.360000109672547,4.815000000000001
7.386666776736577,4.732999999999999
7.413333443800608,4.686
7.44000011086464,4.627000000000002
7.466666777928671,4.575999999999999
7.493333444992701,4.533000000000001
7.520000112056732,4.449000000000002
7.546666779120764,4.401
7.573333446184795,4.311
7.600000113248825,4.280000000000001
7.626666780312856,4.215999999999999
7.653333447376887,4.176
7.680000114440918,4.109999999999999
7.706666781504949,4.038
7.73333344856898,3.99
7.760000115633011,3.967000000000001
7.786666782697042,3.9730000000000008
7.813333449761073,3.943
7.840000116825104,3.932
7.866666783889135,3.9090000000000007
7.893333450953166,3.850999999999999
7.920000118017197,3.810000000000001
7.946666785081228,3.738
7.973333452145259,3.7070000000000007
8.00000011920929,3.719999999999999
8.02666678627332,3.7040000000000006
8.053333453337352,3.722999999999999
8.080000120401383,3.676
8.106666787465414,3.658
8.133333454529444,3.6149999999999984
8.160000121593475,3.5700000000000003
8.186666788657506,3.523999999999999
8.213333455721537,3.513
8.240000122785569,3.528
8.2666667898496,3.540000000000001
8.293333456913631,3.537
8.320000123977662,3.517999999999999
8.346666791041692,3.491
8.373333458105723,3.4559999999999995
8.400000125169754,3.378
8.426666792233785,3.3279999999999994
8.453333459297816,3.2970000000000006
8.480000126361848,3.295
8.506666793425879,3.298000000000002
8.533333460489908,3.279
8.56000012755394,3.286
8.58666679461797,3.249
8.613333461682002,3.226000000000001
8.640000128746033,3.196
8.666666795810064,3.171
8.693333462874095,3.142
8.720000129938127,3.1290000000000013
8.746666797002156,3.1
8.773333464066187,3.0740000000000016
8.800000131130219,3.0189999999999992
8.82666679819425,3.006
8.853333465258281,3.016
8.880000132322312,3.05
8.906666799386343,3.065
8.933333466450373,3.0619999999999994
8.960000133514404,3.029
8.986666800578435,2.9929999999999986
9.013333467642466,2.963
9.040000134706498,2.931000000000001
9.066666801770529,2.915000000000001
9.09333346883456,2.886
9.120000135898591,2.889
9.14666680296262,2.8670000000000004
9.173333470026652,2.882
9.200000137090685,2.853
9.226666804154714,2.834
9.253333471218744,2.821999999999999
9.280000138282777,2.792
9.306666805346808,2.781
9.33333347241084,2.799999999999999
9.360000139474868,2.836
9.3866668065389,2.8480000000000008
9.41333347360293,2.806000000000001
9.440000140666962,2.7589999999999995
9.466666807730991,2.7270000000000003
9.493333474795024,2.7330000000000005
9.520000141859056,2.694
9.546666808923083,2.701
9.573333475987116,2.684
9.600000143051147,2.691
9.62666681011518,2.706
9.65333347717921,2.694
9.68000014424324,2.735
9.706666811307272,2.722999999999999
9.733333478371303,2.6869999999999994
9.760000145435331,2.640000000000001
9.786666812499364,2.5890000000000004
9.813333479563395,2.587
9.840000146627428,2.555
9.866666813691458,2.571
9.893333480755487,2.5860000000000003
9.92000014781952,2.599
9.94666681488355,2.609
9.97333348194758,2.5989999999999984
10.000000149011612,2.548
10.026666816075643,2.53
10.053333483139674,2.513
10.080000150203706,2.539
10.106666817267737,2.56
10.133333484331768,2.545
10.160000151395796,2.5169999999999995
10.186666818459829,2.4440000000000026
10.21333348552386,2.395
10.240000152587893,2.3710000000000004
10.266666819651922,2.3680000000000003
10.293333486715952,2.3600000000000003
10.320000153779985,2.3590000000000004
10.346666820844014,2.363
10.373333487908043,2.367
10.400000154972076,2.353
10.426666822036108,2.334
10.45333348910014,2.355999999999998
10.48000015616417,2.411
10.5066668232282,2.450000000000001
10.533333490292232,2.463999999999998
10.560000157356262,2.3920000000000003
10.586666824420291,2.390000000000001
10.613333491484324,2.374
10.640000158548355,2.36
10.666666825612388,2.315999999999999
10.693333492676418,2.282
10.720000159740447,2.2830000000000004
10.746666826804478,2.277000000000001
10.77333349386851,2.2459999999999987
10.80000016093254,2.2189999999999994
10.826666827996572,2.2460000000000004
10.853333495060603,2.265
10.880000162124634,2.279
10.906666829188666,2.2270000000000003
10.933333496252695,2.181
10.960000163316726,2.1670000000000016
10.986666830380758,2.116
11.013333497444789,2.1340000000000003
11.04000016450882,2.125
11.066666831572851,2.1340000000000003
11.093333498636882,2.120000000000001
11.120000165700914,2.106
11.146666832764945,2.1340000000000003
11.173333499828974,2.134999999999998
11.200000166893004,2.1380000000000017
11.226666833957037,2.1110000000000007
11.253333501021068,2.0630000000000006
11.2800001680851,2.061
11.30666683514913,2.094999999999999
11.33333350221316,2.147
11.36000016927719,2.1530000000000005
11.386666836341222,2.103999999999999
11.413333503405251,2.0820000000000007
11.440000170469284,2.0540000000000003
11.466666837533316,2.0180000000000007
11.493333504597349,1.962
11.520000171661378,1.9860000000000009
11.546666838725407,2.036999999999999
11.57333350578944,2.077
11.60000017285347,2.068999999999999
11.6266668399175,2.048
11.653333506981532,2.058
11.680000174045563,2.086
11.706666841109596,2.067
11.733333508173626,2.051
11.760000175237655,2.041999999999998
11.786666842301686,2.0939999999999994
11.813333509365718,2.1380000000000017
11.840000176429747,2.147
11.86666684349378,2.1099999999999994
11.893333510557811,2.099
11.920000177621842,2.068
11.946666844685872,2.0730000000000004
11.973333511749903,2.072
12.000000178813934,2.061
12.026666845877966,2.061
12.053333512941997,2.0380000000000003
12.080000180006028,2.0790000000000006
12.10666684707006,2.0920000000000005
12.13333351413409,2.079
12.16000018119812,2.0330000000000013
12.186666848262153,2.035
12.213333515326182,2.0429999999999997
12.240000182390212,2.035
12.266666849454245,2.0710000000000006
12.293333516518276,2.066
12.320000183582309,2.087999999999999
12.346666850646336,2.036999999999999
12.373333517710368,2.033
12.4000001847744,2.019
12.42666685183843,2.0460000000000003
12.45333351890246,2.006
12.480000185966492,1.994
12.506666853030524,1.9719999999999995
12.533333520094557,1.956
12.560000187158584,1.9549999999999983
12.586666854222615,1.9350000000000005
12.613333521286648,1.94
12.640000188350678,1.9239999999999997
12.666666855414707,1.8680000000000003
12.69333352247874,1.866
12.720000189542771,1.8670000000000009
12.746666856606804,1.887
12.773333523670832,1.893
12.800000190734863,1.9179999999999997
12.826666857798894,1.942
12.853333524862926,1.933
12.880000191926957,1.91
12.906666858990988,1.896
12.93333352605502,1.9030000000000005
12.960000193119049,1.9
12.98666686018308,1.893000000000001
13.013333527247111,1.869
13.040000194311142,1.8630000000000004
13.066666861375174,1.8610000000000009
13.093333528439205,1.877
13.120000195503236,1.8800000000000008
13.146666862567267,1.854
13.173333529631297,1.8359999999999983
13.200000196695328,1.799
13.22666686375936,1.809000000000001
13.25333353082339,1.787
13.28000019788742,1.7769999999999992
13.306666864951453,1.7729999999999997
13.333333532015484,1.766
13.360000199079511,1.7750000000000004
13.386666866143544,1.8000000000000007
13.413333533207576,1.827
13.440000200271609,1.8200000000000005
13.466666867335638,1.8210000000000013
13.49333353439967,1.8120000000000005
13.5200002014637,1.8419999999999987
13.546666868527732,1.859
13.57333353559176,1.856
13.600000202655792,1.8500000000000003
13.626666869719823,1.835
13.653333536783856,1.8290000000000008
13.680000203847886,1.8120000000000007
13.706666870911915,1.7899999999999991
13.733333537975948,1.7799999999999994
13.760000205039978,1.7909999999999997
13.786666872104009,1.785
13.81333353916804,1.851
13.840000206232071,1.8619999999999983
13.866666873296102,1.8840000000000003
13.893333540360134,1.8459999999999983
13.920000207424165,1.8629999999999995
13.946666874488196,1.869
13.973333541552226,1.8870000000000005
14.000000208616257,1.870000000000001
14.026666875680288,1.893
14.05333354274432,1.9
14.08000020980835,1.8889999999999996
14.106666876872382,1.8569999999999995
14.133333543936413,1.826
14.160000211000442,1.8139999999999992
14.186666878064472,1.818999999999999
14.213333545128505,1.837
14.240000212192536,1.872
14.266666879256569,1.9090000000000005
14.293333546320598,1.893000000000001
14.32000021338463,1.8500000000000012
14.34666688044866,1.836
14.37333354751269,1.84
14.40000021457672,1.8740000000000008
14.426666881640752,1.8899999999999988
14.453333548704784,1.8839999999999997
14.480000215768817,1.889
14.506666882832846,1.879
14.533333549896875,1.865
14.560000216960908,1.849
14.586666884024938,1.849
14.613333551088967,1.8360000000000003
14.640000218153,1.8469999999999995
14.666666885217031,1.814
14.693333552281064,1.819
14.720000219345094,1.805
14.746666886409123,1.7829999999999997
14.773333553473154,1.7510000000000003
14.800000220537186,1.7669999999999997
14.826666887601217,1.752
14.853333554665248,1.771
14.88000022172928,1.7340000000000018
14.90666688879331,1.7379999999999995
14.933333555857342,1.745
14.960000222921373,1.7719999999999985
14.986666889985402,1.817
15.013333557049434,1.7999999999999998
15.040000224113465,1.805
15.066666891177496,1.7799999999999998
15.093333558241527,1.774
15.120000225305558,1.7609999999999992
15.14666689236959,1.7599999999999998
15.17333355943362,1.7500000000000004
15.20000022649765,1.737
15.22666689356168,1.7270000000000003
15.253333560625713,1.737
15.280000227689744,1.75
15.306666894753777,1.753
15.333333561817806,1.7650000000000006
15.360000228881836,1.7809999999999997
15.386666895945869,1.8120000000000007
15.413333563009898,1.813
15.44000023007393,1.8290000000000008
15.46666689713796,1.8249999999999995
15.493333564201992,1.802
15.520000231266025,1.783999999999999
15.546666898330054,1.7689999999999984
15.573333565394083,1.81
15.600000232458116,1.827
15.626666899522146,1.833
15.653333566586175,1.8070000000000004
15.680000233650208,1.809
15.70666690071424,1.7989999999999997
15.73333356777827,1.811
15.7600002348423,1.804000000000002
15.786666901906331,1.7889999999999997
15.813333568970362,1.7669999999999997
15.840000236034394,1.774
15.866666903098425,1.7539999999999978
15.893333570162456,1.7349999999999994
15.920000237226487,1.722
15.946666904290518,1.7420000000000009
15.973333571354548,1.7540000000000011
16.00000023841858,1.745000000000001
16.02666690548261,1.766
16.05333357254664,1.768000000000001
16.080000239610673,1.7540000000000004
16.106666906674704,1.724999999999998
16.133333573738735,1.7
16.160000240802766,1.707
16.186666907866798,1.711
16.21333357493083,1.71
16.24000024199486,1.7330000000000003
16.266666909058888,1.7230000000000008
16.29333357612292,1.754999999999999
16.32000024318695,1.745
16.34666691025098,1.7650000000000006
16.373333577315012,1.747
16.400000244379044,1.7349999999999994
16.426666911443075,1.7120000000000033
16.453333578507106,1.681
16.480000245571137,1.6580000000000013
16.50666691263517,1.633000000000001
16.5333335796992,1.6370000000000005
16.56000024676323,1.6529999999999987
16.586666913827262,1.6769999999999996
16.613333580891293,1.6980000000000004
16.640000247955324,1.6720000000000006
16.666666915019352,1.7120000000000006
16.693333582083383,1.705
16.720000249147414,1.7119999999999995
16.746666916211446,1.6660000000000004
16.773333583275477,1.66
16.800000250339508,1.6630000000000005
16.82666691740354,1.6559999999999997
16.85333358446757,1.6609999999999996
16.8800002515316,1.634
16.906666918595633,1.638
16.933333585659664,1.6170000000000009
16.960000252723695,1.622
16.986666919787726,1.6300000000000008
17.013333586851758,1.6449999999999996
17.04000025391579,1.6530000000000005
17.066666920979817,1.658
17.093333588043848,1.6629999999999998
17.12000025510788,1.649000000000001
17.14666692217191,1.6340000000000003
17.17333358923594,1.651
17.200000256299973,1.6610000000000014
17.226666923364004,1.687
17.253333590428035,1.6789999999999985
17.280000257492066,1.6900000000000013
17.306666924556097,1.6589999999999998
17.33333359162013,1.6779999999999973
17.36000025868416,1.6259999999999994
17.38666692574819,1.637999999999998
17.413333592812222,1.6110000000000009
17.440000259876253,1.657
17.46666692694028,1.6829999999999998
17.493333594004312,1.731999999999999
17.520000261068343,1.7220000000000013
17.546666928132375,1.7090000000000032
17.573333595196406,1.67
17.600000262260437,1.671
17.626666929324468,1.686
17.6533335963885,1.7119999999999995
17.68000026345253,1.7240000000000002
17.706666930516562,1.7200000000000006
17.733333597580593,1.715
17.760000264644624,1.7139999999999986
17.786666931708655,1.6870000000000012
17.813333598772687,1.661
17.840000265836718,1.6559999999999988
17.866666932900745,1.6649999999999991
17.893333599964777,1.7070000000000007
17.920000267028808,1.7489999999999997
17.94666693409284,1.7439999999999998
17.97333360115687,1.7459999999999989
18.0000002682209,1.715
18.026666935284933,1.6870000000000005
18.053333602348964,1.6590000000000007
18.080000269412995,1.6500000000000004
18.106666936477023,1.6449999999999996
18.133333603541057,1.6599999999999966
18.16000027060509,1.6719999999999997
18.18666693766912,1.6799999999999995
18.21333360473315,1.6820000000000022
18.240000271797182,1.689
18.266666938861214,1.6799999999999995
18.29333360592524,1.6910000000000025
18.320000272989272,1.6910000000000025
18.346666940053304,1.6679999999999993
18.37333360711733,1.666
18.40000027418137,1.6639999999999997
18.4266669412454,1.7010000000000003
18.45333360830943,1.7280000000000015
18.48000027537346,1.7010000000000003
18.50666694243749,1.7119999999999995
18.53333360950152,1.7170000000000003
18.560000276565557,1.755
18.586666943629584,1.755
18.613333610693616,1.724
18.640000277757647,1.6929999999999978
18.66666694482168,1.6819999999999986
18.693333611885706,1.6549999999999976
18.720000278949737,1.6230000000000002
18.746666946013768,1.6049999999999969
18.7733336130778,1.58
18.80000028014183,1.6159999999999997
18.82666694720586,1.605
18.853333614269893,1.6100000000000003
18.880000281333924,1.572
18.906666948397955,1.5799999999999983
18.933333615461983,1.5510000000000002
18.960000282526018,1.5419999999999998
18.98666694959005,1.5600000000000005
19.01333361665408,1.5769999999999982
19.04000028371811,1.6110000000000009
19.066666950782142,1.632
19.09333361784617,1.6670000000000016
19.1200002849102,1.681
19.146666951974236,1.6559999999999997
19.173333619038264,1.6640000000000017
19.20000028610229,1.6429999999999998
19.22666695316633,1.6730000000000018
19.25333362023036,1.6940000000000026
19.28000028729439,1.7420000000000009
19.30666695435842,1.7660000000000018
19.33333362142245,1.7589999999999997
19.36000028848648,1.7390000000000008
19.386666955550517,1.7209999999999963
19.413333622614545,1.7269999999999968
19.440000289678576,1.7080000000000002
19.466666956742607,1.715
19.493333623806635,1.6920000000000002
19.520000290870662,1.7110000000000003
19.546666957934697,1.6910000000000025
19.573333624998728,1.6749999999999972
19.60000029206276,1.7029999999999994
19.62666695912679,1.747
19.653333626190825,1.7540000000000004
19.680000293254853,1.7519999999999998
19.706666960318884,1.7029999999999994
19.733333627382915,1.6720000000000006
19.760000294446947,1.6479999999999997
19.786666961510974,1.6749999999999998
19.81333362857501,1.684000000000001
19.84000029563904,1.6739999999999997
19.86666696270307,1.6509999999999998
19.8933336297671,1.6769999999999996
19.92000029683113,1.6630000000000005
19.94666696389516,1.6439999999999984
19.973333630959196,1.6020000000000003
20.000000298023224,1.6290000000000011
20.02666696508725,1.6779999999999973
20.053333632151286,1.7250000000000014
20.08000029921532,1.742
20.10666696627935,1.7350000000000003
20.13333363334338,1.7280000000000002
20.16000030040741,1.731
20.18666696747144,1.7170000000000003
20.213333634535477,1.7010000000000003
20.240000301599505,1.6799999999999995
20.266666968663536,1.66
20.293333635727564,1.6549999999999994
20.320000302791595,1.658999999999999
20.346666969855622,1.6469999999999998
20.373333636919657,1.6499999999999997
20.40000030398369,1.6550000000000011
20.42666697104772,1.702
20.45333363811175,1.6770000000000014
20.480000305175786,1.6940000000000026
20.506666972239813,1.6529999999999987
20.533333639303844,1.6559999999999988
20.56000030636788,1.628
20.586666973431907,1.668999999999997
20.613333640495934,1.6950000000000005
20.64000030755997,1.7159999999999993
20.666666974624,1.723
20.693333641688028,1.7120000000000015
20.72000030875206,1.6950000000000005
20.74666697581609,1.6400000000000006
20.77333364288012,1.5939999999999994
20.800000309944156,1.5889999999999986
20.826666977008184,1.6170000000000009
20.85333364407221,1.6140000000000008
20.880000311136246,1.6110000000000009
20.90666697820028,1.6029999999999998
20.93333364526431,1.606999999999999
20.96000031232834,1.5990000000000002
20.98666697939237,1.5970000000000004
21.0133336464564,1.6189999999999998
21.040000313520437,1.673
21.066666980584465,1.6839999999999993
21.093333647648493,1.6870000000000012
21.120000314712524,1.6449999999999996
21.146666981776555,1.655
21.173333648840583,1.6310000000000002
21.200000315904617,1.6189999999999998
21.22666698296865,1.595
21.25333365003268,1.615000000000002
21.28000031709671,1.665
21.306666984160746,1.6720000000000006
21.333333651224773,1.681000000000001
21.360000318288805,1.6389999999999998
21.38666698535284,1.6469999999999985
21.413333652416867,1.6159999999999997
21.440000319480895,1.6149999999999984
21.46666698654493,1.6449999999999996
21.49333365360896,1.654
21.520000320672988,1.6720000000000006
21.54666698773702,1.668
21.57333365480105,1.6819999999999986
21.60000032186508,1.6920000000000002
21.626666988929117,1.6590000000000007
21.653333655993144,1.6410000000000018
21.680000323057172,1.626999999999999
21.706666990121207,1.654
21.73333365718524,1.6359999999999992
21.76000032424927,1.6719999999999997
21.7866669913133,1.684000000000001
21.81333365837733,1.7040000000000006
21.840000325441363,1.6899999999999995
21.866666992505397,1.6920000000000002
21.89333365956942,1.676000000000002
21.920000326633453,1.6670000000000016
21.946666993697484,1.6780000000000008
21.973333660761515,1.7010000000000003
22.000000327825543,1.73
22.026666994889577,1.6969999999999992
22.05333366195361,1.706000000000003
22.08000032901764,1.6849999999999987
22.10666699608167,1.7019999999999982
22.133333663145702,1.6860000000000008
22.160000330209733,1.69
22.186666997273765,1.6869999999999994
22.2133336643378,1.658999999999999
22.240000331401827,1.6829999999999998
22.26666699846586,1.673
22.29333366552989,1.685
22.32000033259392,1.6630000000000005
22.34666699965795,1.6720000000000006
22.37333366672198,1.647
22.40000033378601,1.6649999999999991
22.42666700085004,1.66
22.453333667914077,1.664
22.480000334978104,1.6720000000000006
22.506667002042136,1.6930000000000014
22.533333669106167,1.7009999999999996
22.5600003361702,1.722999999999999
22.58666700323423,1.7570000000000014
22.61333367029826,1.790000000000001
22.64000033736229,1.7809999999999988
22.666667004426323,1.7379999999999995
22.69333367149035,1.7190000000000012
22.72000033855438,1.694
22.746667005618413,1.7040000000000006
22.773333672682444,1.7079999999999984
22.800000339746475,1.7059999999999995
22.826667006810503,1.7029999999999994
22.853333673874538,1.693999999999999
22.88000034093857,1.685
22.9066670080026,1.684
22.93333367506663,1.675
22.960000342130662,1.7040000000000006
22.986667009194694,1.718
23.013333676258725,1.705
23.04000034332276,1.7249999999999996
23.066667010386787,1.7110000000000003
23.09333367745081,1.7539999999999978
23.12000034451485,1.775
23.14666701157888,1.7809999999999988
23.17333367864291,1.8039999999999985
23.20000034570694,1.7940000000000005
23.22666701277097,1.779
23.253333679835,1.7600000000000002
23.280000346899037,1.768000000000001
23.306667013963065,1.747
23.333333681027096,1.762999999999998
23.360000348091127,1.7599999999999998
23.38666701515516,1.8070000000000024
23.41333368221919,1.803
23.44000034928322,1.814
23.46666701634725,1.7800000000000011
23.49333368341128,1.8030000000000008
23.52000035047531,1.7840000000000007
23.54666701753934,1.7799999999999994
23.573333684603373,1.747
23.600000351667404,1.7650000000000006
23.626667018731435,1.771
23.653333685795467,1.772
23.680000352859494,1.732
23.70666701992353,1.7390000000000008
23.73333368698756,1.713
23.76000035405159,1.7489999999999988
23.786667021115623,1.7169999999999987
23.81333368817965,1.721
23.840000355243685,1.689
23.86666702230772,1.686
23.893333689371744,1.6839999999999993
23.92000035643577,1.714
23.946667023499806,1.6789999999999985
23.97333369056384,1.6969999999999992
24.00000035762787,1.708
24.0266670246919,1.7340000000000018
24.05333369175593,1.722999999999999
24.08000035881996,1.723
24.106667025883997,1.7210000000000003
24.133333692948025,1.735999999999997
24.160000360012056,1.711
24.186667027076087,1.6980000000000004
24.21333369414012,1.6720000000000006
24.24000036120415,1.6739999999999997
24.26666702826818,1.6610000000000014
24.29333369533221,1.6849999999999987
24.32000036239624,1.6730000000000018
24.34666702946027,1.6760000000000002
24.373333696524305,1.6699999999999982
24.400000363588333,1.66
24.426667030652364,1.665000000000001
24.4533336977164,1.66
24.480000364780427,1.676000000000002
24.506667031844454,1.714
24.53333369890849,1.703
24.56000036597252,1.6950000000000005
24.58666703303655,1.654
24.613333700100583,1.6929999999999978
24.64000036716461,1.693999999999999
24.666667034228645,1.6990000000000016
24.693333701292676,1.6660000000000004
24.720000368356704,1.6829999999999998
24.74666703542073,1.7029999999999994
24.773333702484766,1.6900000000000013
24.8000003695488,1.6920000000000002
24.82666703661283,1.6670000000000007
24.85333370367686,1.6690000000000005
24.88000037074089,1.6679999999999993
24.90666703780492,1.6310000000000002
24.933333704868957,1.6
24.960000371932985,1.5900000000000034
24.986667038997016,1.6290000000000049
25.013333706061047,1.6879999999999988
25.04000037312508,1.6910000000000025
25.06666704018911,1.703000000000003
25.093333707253137,1.6910000000000025
25.12000037431717,1.7390000000000008
25.1466670413812,1.747
25.17333370844523,1.7460000000000022
25.200000375509266,1.6930000000000014
25.226667042573293,1.6700000000000017
25.253333709637324,1.6829999999999998
25.28000037670136,1.676000000000002
25.306667043765387,1.6529999999999987
25.333333710829415,1.625
25.36000037789345,1.6210000000000004
25.38666704495748,1.6359999999999992
25.41333371202151,1.672
25.440000379085543,1.7019999999999982
25.46666704614957,1.7479999999999976
25.493333713213605,1.7490000000000006
25.520000380277637,1.735000000000003
25.546667047341664,1.7339999999999982
25.573333714405692,1.7399999999999984
25.600000381469727,1.7190000000000012
25.62666704853376,1.6610000000000014
25.65333371559779,1.5820000000000007
25.68000038266182,1.5960000000000036
25.70666704972585,1.6310000000000002
25.733333716789883,1.6649999999999991
25.760000383853917,1.6630000000000005
25.786667050917945,1.654
25.813333717981976,1.623000000000001
25.840000385046007,1.6170000000000009
25.86666705211004,1.5839999999999996
25.89333371917407,1.631999999999998
25.920000386238097,1.6550000000000002
25.94666705330213,1.6550000000000002
25.97333372036616,1.6370000000000005
26.00000038743019,1.6529999999999987
26.026667054494222,1.6910000000000025
26.053333721558253,1.7099999999999935
26.080000388622285,1.6499999999999986
26.10666705568632,1.609
26.133333722750347,1.6109999999999998
26.16000038981438,1.626999999999999
26.18666705687841,1.658
26.21333372394244,1.649
26.240000391006472,1.6720000000000006
26.266667058070503,1.6559999999999988
26.29333372513453,1.643000000000001
26.32000039219856,1.606999999999999
26.346667059262597,1.5819999999999972
26.373333726326624,1.5600000000000005
26.400000393390656,1.5769999999999982
26.426667060454687,1.5879999999999992
26.45333372751872,1.5820000000000007
26.48000039458275,1.6039999999999992
26.50666706164678,1.6610000000000014
26.53333372871081,1.7070000000000007
26.560000395774843,1.693999999999999
26.586667062838877,1.6670000000000016
26.613333729902905,1.6329999999999991
26.640000396966936,1.620000000000001
26.666667064030968,1.618000000000002
26.693333731095,1.6189999999999998
26.720000398159023,1.6419999999999997
26.746667065223058,1.6629999999999967
26.77333373228709,1.7029999999999994
26.80000039935112,1.7139999999999986
26.82666706641515,1.6779999999999973
26.853333733479182,1.6359999999999992
26.880000400543214,1.6329999999999991
26.906667067607245,1.6610000000000014
26.93333373467128,1.649000000000001
26.960000401735307,1.6359999999999957
26.98666706879934,1.568999999999999
27.01333373586337,1.6230000000000049
27.0400004029274,1.5760000000000003
27.066667069991432,1.6010000000000009
27.093333737055463,1.5650000000000013
27.12000040411949,1.5940000000000012
27.14666707118352,1.597
27.173333738247557,1.600999999999999
27.200000405311584,1.5980000000000008
27.226667072375616,1.6260000000000012
27.253333739439647,1.646
27.28000040650368,1.6839999999999993
27.30666707356771,1.658999999999999
27.33333374063174,1.6419999999999997
27.36000040769577,1.6080000000000003
27.386667074759803,1.6000000000000014
27.413333741823838,1.6109999999999998
27.440000408887865,1.614
27.466667075951896,1.612
27.493333743015928,1.616
27.520000410079955,1.612
27.546667077143987,1.601
27.573333744208018,1.628
27.60000041127205,1.6260000000000012
27.62666707833608,1.6189999999999998
27.65333374540011,1.5940000000000012
27.680000412464143,1.5949999999999989
27.706667079528174,1.6189999999999998
27.733333746592205,1.686
27.76000041365624,1.6479999999999997
27.786667080720267,1.6550000000000011
27.8133337477843,1.7079999999999984
27.84000041484833,1.763
27.86666708191236,1.7809999999999988
27.893333748976392,1.7390000000000043
27.92000041604042,1.6709999999999994
27.94666708310445,1.6780000000000008
27.97333375016848,1.6479999999999997
28.000000417232517,1.6479999999999997
28.026667084296545,1.6580000000000013
28.053333751360576,1.673
28.080000418424607,1.667
28.10666708548864,1.652000000000001
28.13333375255267,1.6540000000000037
28.1600004196167,1.6559999999999988
28.18666708668073,1.66
28.213333753744763,1.633000000000003
28.240000420808794,1.5970000000000013
28.266667087872825,1.6090000000000018
28.293333754936857,1.6170000000000009
28.320000422000884,1.6110000000000009
28.34666708906492,1.5839999999999996
28.373333756128947,1.572
28.400000423192974,1.572
28.42666709025701,1.5850000000000009
28.45333375732104,1.5860000000000003
28.48000042438507,1.5799999999999983
28.506667091449103,1.5949999999999989
28.53333375851313,1.6239999999999988
28.560000425577165,1.654
28.5866670926412,1.6910000000000025
28.613333759705228,1.718
28.64000042676926,1.7349999999999994
28.66666709383329,1.754999999999999
28.69333376089732,1.713000000000001
28.72000042796135,1.6950000000000005
28.74666709502538,1.7199999999999989
28.77333376208941,1.705
28.80000042915344,1.7170000000000003
28.826667096217477,1.681000000000001
28.853333763281505,1.7000000000000028
28.880000430345536,1.737
28.906667097409567,1.742
28.9333337644736,1.75
28.96000043153763,1.7699999999999996
28.98666709860166,1.7509999999999994
29.01333376566569,1.735999999999997
29.040000432729723,1.6640000000000017
29.066667099793754,1.6820000000000022
29.093333766857786,1.661999999999999
29.120000433921813,1.6559999999999988
29.146667100985844,1.641
29.17333376804988,1.6649999999999991
29.200000435113907,1.713000000000001
29.226667102177935,1.6870000000000012
29.25333376924197,1.6879999999999995
29.280000436306,1.649000000000001
29.30666710337003,1.661999999999999
29.333333770434063,1.647999999999996
29.36000043749809,1.5999999999999996
29.386667104562125,1.5740000000000016
29.41333377162616,1.5900000000000034
29.440000438690188,1.6289999999999978
29.46666710575422,1.706
29.49333377281825,1.7030000000000003
29.52000043988228,1.7139999999999995
29.54666710694631,1.7109999999999983
29.57333377401034,1.705
29.60000044107437,1.7089999999999996
29.626667108138403,1.693999999999999
29.653333775202437,1.7119999999999995
29.680000442266465,1.7400000000000002
29.706667109330496,1.7289999999999992
29.733333776394527,1.7399999999999984
29.76000044345856,1.7090000000000032
29.78666711052259,1.6980000000000004
29.81333377758662,1.6819999999999986
29.84000044465065,1.6719999999999997
29.866667111714683,1.6760000000000002
29.893333778778715,1.6739999999999997
29.920000445842746,1.6870000000000005
29.946667112906773,1.6780000000000008
29.973333779970805,1.6910000000000007
30.00000044703484,1.6910000000000007
30.026667114098867,1.6980000000000004
30.053333781162895,1.6969999999999992
30.08000044822693,1.6760000000000002
30.10666711529096,1.6989999999999998
30.133333782354992,1.705
30.160000449419023,1.7690000000000057
30.18666711648305,1.821
30.213333783547085,1.829
30.24000045061112,1.7980000000000018
30.266667117675148,1.7689999999999984
30.29333378473918,1.7649999999999997
30.320000451803207,1.7560000000000002
30.34666711886724,1.753
30.37333378593127,1.7460000000000004
30.4000004529953,1.7570000000000014
30.42666712005933,1.7779999999999987
30.453333787123363,1.796999999999997
30.480000454187397,1.7620000000000005
30.506667121251425,1.7509999999999977
30.533333788315456,1.703000000000003
30.560000455379488,1.7070000000000007
30.58666712244352,1.6640000000000017
30.61333378950755,1.6500000000000004
30.64000045657158,1.6880000000000024
30.66666712363561,1.714
30.693333790699644,1.731999999999999
30.72000045776367,1.7409999999999997
30.746667124827702,1.7199999999999989
30.773333791891734,1.774000000000001
30.800000458955765,1.8170000000000075
30.8266671260198,1.878
30.853333793083827,1.853000000000001
30.88000046014786,1.8160000000000025
30.90666712721189,1.769
30.93333379427592,1.786999999999999
30.960000461339952,1.7800000000000011
30.986667128403983,1.7920000000000016
31.01333379546801,1.7880000000000005
31.04000046253205,1.795
31.06666712959608,1.804000000000002
31.093333796660108,1.7890000000000017
31.120000463724136,1.7989999999999997
31.146667130788167,1.7910000000000004
31.1733337978522,1.818999999999999
31.20000046491623,1.848
31.22666713198026,1.8569999999999995
31.25333379904429,1.8510000000000009
31.280000466108323,1.8240000000000016
31.306667133172358,1.8350000000000009
31.333333800236385,1.8029999999999973
31.360000467300416,1.768
31.386667134364448,1.737
31.41333380142848,1.7349999999999994
31.44000046849251,1.7330000000000003
31.46666713555654,1.7119999999999995
31.49333380262057,1.6999999999999993
31.5200004696846,1.6660000000000004
31.54666713674863,1.661999999999999
31.573333803812663,1.689
31.600000470876694,1.7139999999999986
31.626667137940725,1.7250000000000014
31.65333380500476,1.6799999999999995
31.680000472068787,1.7150000000000034
31.70666713913282,1.7250000000000014
31.73333380619685,1.742
31.76000047326088,1.7250000000000014
31.786667140324912,1.7169999999999987
31.813333807388943,1.7009999999999996
31.84000047445297,1.6850000000000025
31.86666714151701,1.617999999999995
31.89333380858104,1.606999999999999
31.920000475645065,1.626
31.946667142709096,1.659000000000006
31.973333809773127,1.7280000000000015
32.00000047683716,1.716000000000001
32.02666714390119,1.7289999999999992
32.05333381096522,1.6910000000000025
32.080000478029255,1.6900000000000013
32.10666714509328,1.6790000000000005
32.13333381215731,1.66
32.160000479221345,1.6400000000000006
32.18666714628537,1.6220000000000017
32.21333381334941,1.641999999999996
32.240000480413435,1.6809999999999992
32.26666714747747,1.6920000000000002
32.2933338145415,1.7010000000000003
32.32000048160553,1.684000000000001
32.34666714866956,1.7409999999999997
32.373333815733595,1.747
32.40000048279762,1.7649999999999997
32.42666714986166,1.75
32.453333816925685,1.7719999999999985
32.48000048398972,1.769
32.50666715105375,1.768000000000001
32.533333818117775,1.7349999999999994
32.56000048518181,1.7270000000000003
32.58666715224584,1.7100000000000009
32.61333381930987,1.716000000000001
32.6400004863739,1.7400000000000002
32.666667153437935,1.7650000000000006
32.69333382050196,1.7929999999999993
32.720000487566,1.7399999999999949
32.746667154630025,1.686
32.77333382169406,1.649000000000001
32.80000048875809,1.6200000000000043
32.82666715582212,1.6630000000000005
32.85333382288615,1.6559999999999988
32.880000489950184,1.6940000000000026
32.90666715701421,1.654
32.93333382407824,1.642000000000003
32.960000491142274,1.6550000000000011
32.9866671582063,1.6679999999999993
33.01333382527034,1.6789999999999985
33.040000492334364,1.689
33.0666671593984,1.6890000000000072
33.09333382646243,1.6580000000000013
33.12000049352646,1.644
33.14666716059049,1.636999999999999
33.173333827654524,1.652
33.20000049471855,1.6419999999999997
33.226667161782586,1.6310000000000002
33.253333828846614,1.6310000000000002
33.28000049591065,1.625
33.30666716297468,1.6289999999999996
33.333333830038704,1.6580000000000013
33.36000049710274,1.682
33.38666716416677,1.705
33.4133338312308,1.6999999999999993
33.44000049829483,1.705
33.466667165358864,1.7010000000000003
33.49333383242289,1.6759999999999984
33.520000499486926,1.641
33.546667166550954,1.6510000000000034
33.57333383361499,1.6929999999999978
33.600000500679016,1.721
33.62666716774305,1.7250000000000014
33.65333383480708,1.6850000000000025
33.68000050187111,1.668999999999997
33.70666716893514,1.6610000000000014
33.73333383599917,1.7250000000000014
33.7600005030632,1.705
33.78666717012723,1.7249999999999996
33.813333837191266,1.686
33.84000050425529,1.732999999999997
33.86666717131933,1.6740000000000066
33.89333383838336,1.6770000000000005
33.92000050544739,1.6799999999999995
33.94666717251142,1.7389999999999972
33.97333383957545,1.7890000000000017
34.00000050663948,1.808000000000007
34.026667173703515,1.7999999999999998
34.05333384076754,1.8000000000000007
34.08000050783158,1.768000000000001
34.106667174895605,1.7490000000000023
34.13333384195963,1.7849999999999984
34.16000050902367,1.7970000000000006
34.186667176087695,1.813
34.21333384315173,1.8100000000000025
34.24000051021576,1.7870000000000008
34.26666717727979,1.7779999999999987
34.29333384434382,1.7300000000000004
34.320000511407855,1.7289999999999992
34.34666717847188,1.7139999999999986
34.37333384553592,1.7689999999999984
34.400000512599945,1.7970000000000006
34.42666717966398,1.8389999999999984
34.45333384672801,1.8129999999999988
34.48000051379204,1.8320000000000007
34.50666718085607,1.8329999999999984
34.5333338479201,1.857
34.56000051498413,1.8149999999999975
34.58666718204816,1.786999999999999
34.613333849112195,1.8009999999999984
34.64000051617622,1.8070000000000024
34.66666718324026,1.8299999999999983
34.693333850304285,1.782
34.72000051736832,1.7859999999999996
34.74666718443235,1.7840000000000007
34.77333385149638,1.8010000000000002
34.80000051856041,1.8130000000000008
34.826667185624444,1.808
34.85333385268847,1.8099999999999987
34.88000051975251,1.777000000000001
34.906667186816534,1.7560000000000002
34.93333385388056,1.7560000000000002
34.9600005209446,1.7860000000000014
34.986667188008624,1.801000000000002
35.01333385507266,1.8419999999999987
35.04000052213669,1.8220000000000027
35.06666718920072,1.794
35.09333385626475,1.777000000000001
35.120000523328784,1.751
35.14666719039281,1.762999999999998
35.173333857456846,1.758000000000001
35.200000524520874,1.748000000000001
35.22666719158491,1.727000000000004
35.253333858648936,1.686
35.28000052571297,1.6770000000000005
35.306667192777,1.698999999999998
35.33333385984103,1.7270000000000003
35.36000052690506,1.7409999999999997
35.38666719396909,1.725999999999999
35.413333861033124,1.722999999999999
35.44000052809715,1.718
35.466667195161186,1.6960000000000015
35.493333862225214,1.6570000000000036
35.52000052928925,1.6209999999999989
35.54666719635328,1.6350000000000016
35.57333386341731,1.6680000000000064
35.60000053048134,1.714
35.62666719754537,1.6980000000000004
35.6533338646094,1.6720000000000006
35.68000053167344,1.6429999999999998
35.70666719873746,1.618000000000002
35.73333386580149,1.6000000000000014
35.760000532865526,1.588000000000001
35.78666719992955,1.6299999999999957
35.81333386699359,1.6479999999999997
35.840000534057616,1.6329999999999991
35.86666720112165,1.6159999999999997
35.89333386818568,1.642000000000003
35.92000053524971,1.6820000000000022
35.94666720231374,1.7079999999999984
35.973333869377775,1.7059999999999995
36.0000005364418,1.735999999999997
36.02666720350584,1.752000000000001
36.053333870569865,1.758
36.0800005376339,1.758
36.10666720469793,1.7950000000000017
36.13333387176196,1.820999999999998
36.16000053882599,1.8359999999999983
36.18666720589002,1.838000000000001
36.21333387295405,1.8050000000000068
36.24000054001808,1.7550000000000026
36.26666720708212,1.706000000000003
36.29333387414614,1.6580000000000013
36.32000054121018,1.6580000000000013
36.346667208274205,1.6659999999999997
36.37333387533824,1.673
36.40000054240227,1.6819999999999986
36.4266672094663,1.689
36.45333387653033,1.7379999999999995
36.480000543594365,1.7710000000000008
36.50666721065839,1.805
36.53333387772243,1.789
36.560000544786455,1.783999999999999
36.58666721185048,1.7609999999999992
36.61333387891452,1.7759999999999998
36.64000054597855,1.774000000000001
36.66666721304258,1.7999999999999972
36.69333388010661,1.8290000000000008
36.72000054717064,1.863
36.74666721423467,1.8619999999999983
36.773333881298704,1.865000000000002
36.80000054836273,1.877
36.82666721542677,1.872
36.8533338824908,1.8429999999999964
36.88000054955483,1.8309999999999995
36.90666721661886,1.8589999999999949
36.93333388368289,1.8960000000000008
36.96000055074692,1.906000000000006
36.98666721781095,1.861000000000004
37.01333388487498,1.8200000000000005
37.04000055193901,1.808
37.06666721900304,1.808
37.09333388606707,1.8190000000000024
37.12000055313111,1.802
37.146667220195134,1.8190000000000024
37.17333388725917,1.793999999999997
37.2000005543232,1.7600000000000051
37.22666722138723,1.7150000000000034
37.25333388845126,1.7409999999999997
37.280000555515294,1.7860000000000014
37.30666722257932,1.8419999999999987
37.33333388964336,1.8599999999999997
37.36000055670738,1.847999999999999
37.38666722377141,1.8219999999999992
37.413333890835446,1.768000000000001
37.440000557899474,1.7640000000000002
37.46666722496351,1.7609999999999992
37.493333892027536,1.7929999999999993
37.52000055909157,1.7980000000000018
37.5466672261556,1.803
37.57333389321963,1.7790000000000037
37.60000056028366,1.7890000000000017
37.626667227347696,1.8150000000000013
37.65333389441172,1.798
37.68000056147576,1.7620000000000005
37.706667228539786,1.7079999999999984
37.73333389560382,1.722999999999999
37.76000056266785,1.7879999999999967
37.78666722973188,1.7879999999999967
37.81333389679591,1.7860000000000014
37.84000056385994,1.7340000000000018
37.86666723092397,1.7510000000000003
37.893333897988,1.7429999999999986
37.92000056505204,1.7460000000000022
37.94666723211606,1.7199999999999989
37.9733338991801,1.7289999999999992
38.000000566244125,1.731999999999999
38.02666723330816,1.7169999999999987
38.05333390037219,1.7540000000000011
38.08000056743622,1.7620000000000005
38.10666723450025,1.7969999999999997
38.133333901564285,1.7920000000000016
38.16000056862831,1.7689999999999984
38.18666723569234,1.7729999999999997
38.213333902756375,1.7479999999999976
38.2400005698204,1.7339999999999982
38.26666723688444,1.7250000000000014
38.29333390394847,1.6770000000000067
38.3200005710125,1.6360000000000028
38.34666723807653,1.6590000000000007
38.37333390514056,1.6850000000000025
38.40000057220459,1.764000000000003
38.42666723926863,1.782
38.45333390633265,1.7830000000000013
38.48000057339669,1.7819999999999965
38.50666724046072,1.7910000000000004
38.53333390752475,1.8179999999999976
38.56000057458878,1.8379999999999936
38.586667241652805,1.7989999999999997
38.61333390871684,1.7890000000000017
38.64000057578087,1.7590000000000003
38.6666672428449,1.785
38.69333390990893,1.8059999999999972
38.72000057697296,1.821
38.74666724403699,1.8029999999999973
38.77333391110103,1.757000000000005
38.800000578165054,1.7409999999999997
38.82666724522909,1.767000000000003
38.85333391229312,1.7920000000000016
38.88000057935715,1.814
38.90666724642118,1.7950000000000017
38.933333913485214,1.787000000000006
38.96000058054924,1.8249999999999995
38.98666724761327,1.814
39.0133339146773,1.8359999999999983
39.04000058174133,1.8219999999999992
39.066667248805366,1.8120000000000007
39.093333915869394,1.786999999999999
39.12000058293343,1.758000000000003
39.146667249997456,1.7439999999999998
39.17333391706149,1.7299999999999969
39.20000058412552,1.7220000000000013
39.226667251189554,1.7210000000000036
39.25333391825358,1.7550000000000026
39.280000585317616,1.7800000000000011
39.30666725238165,1.7379999999999995
39.33333391944568,1.7119999999999995
39.360000586509706,1.7010000000000003
39.38666725357373,1.701
39.41333392063777,1.703000000000003
39.4400005877018,1.681000000000001
39.46666725476583,1.7150000000000034
39.49333392182986,1.7579999999999991
39.52000058889389,1.7780000000000005
39.54666725595792,1.777000000000001
39.57333392302196,1.764000000000003
39.60000059008598,1.7779999999999996
39.62666725715002,1.762999999999998
39.653333924214046,1.731
39.68000059127808,1.731999999999999
39.70666725834211,1.748000000000001
39.73333392540614,1.775
39.76000059247017,1.786999999999999
39.7866672595342,1.75
39.81333392659823,1.7560000000000002
39.84000059366226,1.7439999999999998
39.866667260726295,1.7550000000000008
39.89333392779032,1.7590000000000003
39.92000059485436,1.7620000000000005
39.94666726191839,1.7400000000000002
39.97333392898242,1.747
40.00000059604645,1.766
40.02666726311048,1.7719999999999985
40.05333393017451,1.782
40.08000059723855,1.7439999999999998
40.10666726430257,1.7289999999999992
40.13333393136661,1.7170000000000003
40.16000059843064,1.7399999999999949
40.18666726549466,1.769
40.2133339325587,1.774
40.240000599622725,1.7540000000000011
40.26666726668676,1.7560000000000002
40.29333393375079,1.7780000000000058
40.32000060081482,1.794
40.34666726787885,1.774000000000001
40.373333934942885,1.75
40.40000060200691,1.7560000000000002
40.42666726907095,1.7490000000000023
40.453333936134975,1.7729999999999997
40.48000060319901,1.7670000000000003
40.50666727026304,1.7800000000000011
40.53333393732707,1.7760000000000034
40.5600006043911,1.7800000000000011
40.58666727145513,1.753
40.61333393851916,1.7389999999999972
40.64000060558319,1.7459999999999951
40.66666727264722,1.8089999999999973
40.69333393971125,1.8539999999999992
40.72000060677529,1.857
40.746667273839314,1.8320000000000007
40.77333394090335,1.803
40.80000060796738,1.814
40.82666727503141,1.8059999999999972
40.85333394209544,1.7720000000000002
40.880000609159474,1.7909999999999968
40.9066672762235,1.793999999999997
40.933333943287536,1.824
40.96000061035157,1.7519999999999951
40.98666727741559,1.703000000000003
41.013333944479626,1.6610000000000005
41.04000061154365,1.668999999999997
41.06666727860769,1.684000000000001
41.09333394567172,1.698999999999998
41.12000061273575,1.676000000000002
41.14666727979978,1.7110000000000003
41.17333394686381,1.7059999999999995
41.20000061392784,1.7210000000000036
41.22666728099188,1.693999999999999
41.253333948055904,1.706000000000003
41.28000061511994,1.735
41.306667282183966,1.722999999999999
41.333333949248,1.7289999999999992
41.36000061631203,1.7069999999999936
41.386667283376056,1.6899999999999975
41.41333395044009,1.7239999999999966
41.44000061750412,1.706000000000003
41.46666728456815,1.7560000000000002
41.49333395163218,1.779
41.520000618696216,1.7950000000000017
41.54666728576024,1.8240000000000047
41.57333395282428,1.7759999999999998
41.60000061988831,1.7539999999999978
41.62666728695234,1.7240000000000038
41.65333395401637,1.7029999999999994
41.6800006210804,1.712999999999994
41.70666728814443,1.7639999999999991
41.73333395520847,1.7950000000000017
41.76000062227249,1.8059999999999972
41.78666728933652,1.7479999999999976
41.81333395640056,1.7289999999999992
41.84000062346458,1.745000000000001
41.86666729052862,1.7590000000000003
41.893333957592645,1.766
41.92000062465668,1.735999999999997
41.94666729172071,1.7280000000000015
41.97333395878474,1.735999999999997
42.00000062584877,1.717
42.026667292912805,1.721
42.05333395997683,1.7220000000000013
42.08000062704087,1.759999999999998
42.106667294104895,1.774
42.13333396116893,1.774
42.16000062823296,1.779999999999994
42.186667295296985,1.75
42.21333396236102,1.7650000000000006
42.24000062942505,1.7429999999999986
42.26666729648908,1.7650000000000006
42.29333396355311,1.7659999999999982
42.320000630617145,1.7710000000000008
42.34666729768117,1.806000000000001
42.37333396474521,1.7910000000000004
42.40000063180924,1.811
42.42666729887327,1.8270000000000015
42.4533339659373,1.843
42.48000063300133,1.8059999999999972
