time_min,absorb_mau
0.0,0.0
0.0533333341280619,-0.068
0.1066666682561238,-0.154
0.1600000023841858,-0.143
0.2133333365122477,-0.081
0.2666666706403096,-0.111
0.3200000047683716,-0.159
0.3733333388964335,-0.129
0.4266666730244954,-0.11
0.4800000071525573,-0.078
0.5333333412806193,-0.083
0.5866666754086812,-0.123
0.6400000095367432,-0.146
0.6933333436648051,-0.118
0.746666677792867,-0.169
0.800000011920929,-0.132
0.8533333460489909,-0.139
0.9066666801770528,-0.037
0.9600000143051148,0.151
1.0133333484331768,0.318
1.0666666825612383,0.403
1.1200000166893005,0.39
1.1733333508173625,0.419
1.2266666849454244,0.714
1.2800000190734864,1.704
1.3333333532015483,4.186
1.3866666873296103,9.374
1.4400000214576725,18.641
1.493333355585734,33.149
1.546666689713796,53.089
1.600000023841858,79.81
1.65333335796992,112.831
1.7066666920979818,153.47
1.7600000262260438,196.13
1.8133333603541055,237.054
1.866666694482168,276.244
1.9200000286102292,311.921
1.9733333627382916,343.577
2.0266666968663536,368.988
2.0800000309944155,385.73
2.133333365122477,395.117
2.186666699250539,398.153
2.240000033378601,394.608
2.293333367506663,385.221
2.346666701634725,371.069
2.400000035762787,353.174
2.453333369890849,332.767
2.506666704018911,310.689
2.5600000381469727,287.2
2.6133333722750347,263.538
2.6666667064030967,240.491
2.720000040531158,218.295
2.7733333746592206,196.446
2.8266667087872825,174.92
2.8800000429153445,153.917
2.9333333770434065,135.961
2.986666711171468,119.885
3.04000004529953,105.285
3.093333379427592,92.079
3.146666713555654,80.111
3.200000047683716,69.737
3.253333381811778,60.826
3.30666671593984,52.901
3.3600000500679017,45.84
3.413333384195964,39.343
3.4666667183240256,33.624
3.520000052452088,29.004
3.573333386580149,25.176
3.626666720708212,21.931
3.6800000548362735,19.037
3.733333388964336,16.517
3.786666723092397,14.473
3.840000057220459,12.738
3.893333391348521,11.232
3.946666725476583,9.979
4.000000059604645,8.78
4.053333393732707,7.783
4.106666727860769,7.023
4.160000061988831,6.299
4.213333396116893,5.675
4.266666730244954,5.189
4.3200000643730165,4.869
4.373333398501078,4.481
4.4266667326291405,4.107
4.480000066757202,3.822
4.533333400885264,3.647
4.586666735013326,3.446
4.640000069141388,3.246
4.69333340326945,3.092
4.746666737397512,2.943
4.800000071525574,2.806
4.853333405653636,2.655
4.906666739781698,2.593
4.96000007390976,2.568
5.013333408037822,2.527
5.066666742165884,2.456
5.1200000762939455,2.411
5.173333410422007,2.325
5.226666744550069,2.251
5.280000078678131,2.188
5.333333412806193,2.121
5.386666746934255,2.157
5.440000081062317,2.109
5.493333415190379,2.023
5.546666749318441,1.97
5.600000083446503,1.964
5.653333417574565,1.93
5.706666751702627,1.919
5.760000085830689,1.88
5.813333419958751,1.837
5.866666754086813,1.834
5.920000088214874,1.81
5.973333422342936,1.765
6.026666756470998,1.748
6.08000009059906,1.646
6.133333424727122,1.646
6.186666758855184,1.605
6.240000092983246,1.568
6.293333427111308,1.551
6.34666676123937,1.523
6.400000095367432,1.549
6.453333429495494,1.559
6.506666763623556,1.513
6.560000097751618,1.531
6.61333343187968,1.499
6.666666766007742,1.469
6.720000100135803,1.456
6.773333434263866,1.452
6.826666768391927,1.446
6.880000102519989,1.425
6.933333436648051,1.359
6.986666770776113,1.364
7.040000104904175,1.389
7.093333439032237,1.386
7.146666773160299,1.418
7.200000107288361,1.349
7.253333441416423,1.321
7.306666775544484,1.281
7.360000109672547,1.293
7.413333443800608,1.297
7.466666777928671,1.263
7.520000112056732,1.243
7.573333446184795,1.249
7.626666780312856,1.235
7.680000114440918,1.226
7.73333344856898,1.284
7.786666782697042,1.269
7.840000116825104,1.216
7.893333450953166,1.227
7.946666785081228,1.24
8.00000011920929,1.264
8.053333453337352,1.268
8.106666787465414,1.245
8.160000121593475,1.238
8.213333455721537,1.227
8.2666667898496,1.216
8.320000123977662,1.225
8.373333458105723,1.235
8.426666792233785,1.31
8.480000126361848,1.255
8.533333460489908,1.257
8.58666679461797,1.24
8.640000128746033,1.175
8.693333462874095,1.165
8.746666797002156,1.147
8.800000131130219,1.182
8.853333465258281,1.182
8.906666799386343,1.192
8.960000133514404,1.198
9.013333467642466,1.185
9.066666801770529,1.2
9.120000135898591,1.205
9.173333470026652,1.184
9.226666804154714,1.195
9.280000138282777,1.144
9.33333347241084,1.19
9.3866668065389,1.155
9.440000140666962,1.157
9.493333474795024,1.231
9.546666808923083,1.251
9.600000143051147,1.163
9.65333347717921,1.168
9.706666811307272,1.107
9.760000145435331,1.092
9.813333479563395,1.16
9.866666813691458,1.133
9.92000014781952,1.095
9.97333348194758,1.113
10.026666816075643,1.043
10.080000150203706,1.073
10.133333484331768,1.081
10.186666818459829,1.11
10.240000152587893,1.128
10.293333486715952,1.033
10.346666820844014,0.799
10.400000154972076,0.497
