time_min,absorb_mau
0.0,0.004
0.0533333341280619,0.023
0.1066666682561238,0.045
0.1600000023841858,0.09
0.2133333365122477,0.131
0.2666666706403096,0.123
0.3200000047683716,0.1
0.3733333388964335,0.097
0.4266666730244954,0.098
0.4800000071525573,0.184
0.5333333412806193,0.192
0.5866666754086812,0.214
0.6400000095367432,0.24
0.6933333436648051,0.285
0.746666677792867,0.324
0.800000011920929,0.343
0.8533333460489909,0.331
0.9066666801770528,0.367
0.9600000143051148,0.422
1.0133333484331768,0.389
1.0666666825612383,0.367
1.1200000166893005,0.324
1.1733333508173625,0.325
1.2266666849454244,0.389
1.2800000190734864,0.384
1.3333333532015483,0.328
1.3866666873296103,0.321
1.4400000214576725,0.294
1.493333355585734,0.342
1.546666689713796,0.328
1.600000023841858,0.27
1.65333335796992,0.336
1.7066666920979818,0.362
1.7600000262260438,0.338
1.8133333603541055,0.431
1.866666694482168,0.482
1.9200000286102292,0.504
1.9733333627382916,0.551
2.0266666968663536,0.651
2.0800000309944155,0.694
2.133333365122477,0.801
2.186666699250539,0.931
2.240000033378601,1.066
2.293333367506663,1.209
2.346666701634725,1.279
2.400000035762787,1.455
2.453333369890849,1.713
2.506666704018911,1.951
2.5600000381469727,2.244
2.6133333722750347,2.542
2.6666667064030967,2.927
2.720000040531158,3.307
2.7733333746592206,3.597
2.8266667087872825,4.047
2.8800000429153445,4.533
2.9333333770434065,5.098
2.986666711171468,5.854
3.04000004529953,6.697
3.093333379427592,7.572
3.146666713555654,8.518
3.200000047683716,9.532
3.253333381811778,10.658
3.30666671593984,11.948
3.3600000500679017,13.415
3.413333384195964,15.031
3.4666667183240256,16.676
3.520000052452088,18.52
3.573333386580149,20.591
3.626666720708212,22.738
3.6800000548362735,25.02
3.733333388964336,27.366
3.786666723092397,29.814
3.840000057220459,32.504
3.893333391348521,35.283
3.946666725476583,38.122
4.000000059604645,41.13
4.053333393732707,44.249
4.106666727860769,47.502
4.160000061988831,50.925
4.213333396116893,54.426
4.266666730244954,57.777
4.3200000643730165,61.148
4.373333398501078,64.675
4.4266667326291405,68.272
4.480000066757202,71.898
4.533333400885264,75.338
4.586666735013326,78.748
4.640000069141388,82.244
4.69333340326945,85.815
4.746666737397512,89.19
4.800000071525574,92.59
4.853333405653636,95.709
4.906666739781698,98.682
4.96000007390976,101.658
5.013333408037822,104.548
5.066666742165884,107.287
5.1200000762939455,109.759
5.173333410422007,112.141
5.226666744550069,114.397
5.280000078678131,116.5
5.333333412806193,118.498
5.386666746934255,120.217
5.440000081062317,121.676
5.493333415190379,123.052
5.546666749318441,124.274
5.600000083446503,125.248
5.653333417574565,126.082
5.706666751702627,126.644
5.760000085830689,126.957
5.813333419958751,127.264
5.866666754086813,127.347
5.920000088214874,127.213
5.973333422342936,126.844
6.026666756470998,126.31
6.08000009059906,125.682
6.133333424727122,124.916
6.186666758855184,123.923
6.240000092983246,122.845
6.293333427111308,121.609
6.34666676123937,120.242
6.400000095367432,118.744
6.453333429495494,117.124
6.506666763623556,115.324
6.560000097751618,113.526
6.61333343187968,111.744
6.666666766007742,109.792
6.720000100135803,107.7
6.773333434263866,105.584
6.826666768391927,103.461
6.880000102519989,101.255
6.933333436648051,99.084
6.986666770776113,96.735
7.040000104904175,94.398
7.093333439032237,92.038
7.146666773160299,89.678
7.200000107288361,87.453
7.253333441416423,85.197
7.306666775544484,82.846
7.360000109672547,80.501
7.413333443800608,78.306
7.466666777928671,76.102
7.520000112056732,73.795
7.573333446184795,71.528
7.626666780312856,69.34
7.680000114440918,67.166
7.73333344856898,65.099
7.786666782697042,63.173
7.840000116825104,61.161
7.893333450953166,59.229
7.946666785081228,57.274
8.00000011920929,55.454
8.053333453337352,53.656
8.106666787465414,51.903
8.160000121593475,50.122
8.213333455721537,48.362
8.2666667898496,46.764
8.320000123977662,45.361
8.373333458105723,43.88
8.426666792233785,42.407
8.480000126361848,41.059
8.533333460489908,39.773
8.58666679461797,38.501
8.640000128746033,37.33
8.693333462874095,36.088
8.746666797002156,34.892
8.800000131130219,33.764
8.853333465258281,32.67
8.906666799386343,31.682
8.960000133514404,30.71
9.013333467642466,29.716
9.066666801770529,28.78
9.120000135898591,27.928
9.173333470026652,27.12
9.226666804154714,26.381
9.280000138282777,25.576
9.33333347241084,24.777
9.3866668065389,24.011
9.440000140666962,23.34
9.493333474795024,22.747
9.546666808923083,22.096
9.600000143051147,21.485
9.65333347717921,20.889
9.706666811307272,20.346
9.760000145435331,19.874
9.813333479563395,19.366
9.866666813691458,18.884
9.92000014781952,18.442
9.97333348194758,18.026
10.026666816075643,17.597
10.080000150203706,17.163
10.133333484331768,16.753
10.186666818459829,16.343
10.240000152587893,15.967
10.293333486715952,15.652
10.346666820844014,15.315
10.400000154972076,14.939
10.45333348910014,14.691
10.5066668232282,14.377
10.560000157356262,14.02
10.613333491484324,13.761
10.666666825612388,13.525
10.720000159740447,13.239
10.77333349386851,12.985
10.826666827996572,12.725
10.880000162124634,12.454
10.933333496252695,12.192
10.986666830380758,11.983
11.04000016450882,11.787
11.093333498636882,11.555
11.146666832764945,11.315
11.200000166893004,11.108
11.253333501021068,10.947
11.30666683514913,10.763
11.36000016927719,10.635
11.413333503405251,10.438
11.466666837533316,10.274
11.520000171661378,10.196
11.57333350578944,10.036
11.6266668399175,9.845
11.680000174045563,9.693
11.733333508173626,9.49
11.786666842301686,9.285
11.840000176429747,9.234
11.893333510557811,9.171
11.946666844685872,9.031
12.000000178813934,8.91
12.053333512941997,8.806
12.10666684707006,8.627
12.16000018119812,8.509
12.213333515326182,8.43
12.266666849454245,8.296
12.320000183582309,8.228
12.373333517710368,8.084
12.42666685183843,7.988
12.480000185966492,7.919
12.533333520094557,7.829
12.586666854222615,7.717
12.640000188350678,7.578
12.69333352247874,7.459
12.746666856606804,7.394
12.800000190734863,7.308
12.853333524862926,7.18
12.906666858990988,7.042
12.960000193119049,6.958
13.013333527247111,6.955
13.066666861375174,6.892
13.120000195503236,6.831
13.173333529631297,6.759
13.22666686375936,6.659
13.28000019788742,6.625
13.333333532015484,6.572
13.386666866143544,6.463
13.440000200271609,6.372
13.49333353439967,6.289
13.546666868527732,6.237
13.600000202655792,6.142
13.653333536783856,6.106
13.706666870911915,6.099
13.760000205039978,6.071
13.81333353916804,5.948
13.866666873296102,5.888
13.920000207424165,5.855
13.973333541552226,5.76
14.026666875680288,5.662
14.08000020980835,5.63
14.133333543936413,5.605
14.186666878064472,5.554
14.240000212192536,5.512
14.293333546320598,5.462
14.34666688044866,5.472
14.40000021457672,5.45
14.453333548704784,5.403
14.506666882832846,5.41
14.560000216960908,5.343
14.613333551088967,5.32
14.666666885217031,5.272
14.720000219345094,5.128
14.773333553473154,5.082
14.826666887601217,5.089
14.88000022172928,5.064
14.933333555857342,4.945
14.986666889985402,4.917
15.040000224113465,4.905
15.093333558241527,4.895
15.14666689236959,4.873
15.20000022649765,4.825
15.253333560625713,4.821
15.306666894753777,4.798
15.360000228881836,4.788
15.413333563009898,4.724
15.46666689713796,4.68
15.520000231266025,4.588
15.573333565394083,4.53
15.626666899522146,4.519
15.680000233650208,4.521
15.73333356777827,4.461
15.786666901906331,4.414
15.840000236034394,4.401
15.893333570162456,4.444
15.946666904290518,4.379
16.00000023841858,4.378
16.05333357254664,4.399
16.106666906674704,4.399
16.160000240802766,4.361
16.21333357493083,4.348
16.266666909058888,4.336
16.32000024318695,4.319
16.373333577315012,4.262
16.426666911443075,4.2
16.480000245571137,4.152
16.5333335796992,4.084
16.586666913827262,4.061
16.640000247955324,3.986
16.693333582083383,3.982
16.746666916211446,3.943
16.800000250339508,3.96
16.85333358446757,3.983
16.906666918595633,4.055
16.960000252723695,3.936
17.013333586851758,3.839
17.066666920979817,3.81
17.12000025510788,3.877
17.17333358923594,3.906
17.226666923364004,3.819
17.280000257492066,3.78
17.33333359162013,3.731
17.38666692574819,3.653
17.440000259876253,3.675
17.493333594004312,3.678
17.546666928132375,3.665
17.600000262260437,3.635
17.6533335963885,3.648
17.706666930516562,3.625
17.760000264644624,3.577
17.813333598772687,3.558
17.866666932900745,3.576
17.920000267028808,3.518
17.97333360115687,3.461
18.026666935284933,3.451
18.080000269412995,3.485
18.133333603541057,3.449
18.18666693766912,3.473
18.240000271797182,3.438
18.29333360592524,3.424
18.346666940053304,3.407
18.40000027418137,3.367
18.45333360830943,3.363
18.50666694243749,3.329
18.560000276565557,3.323
18.613333610693616,3.374
18.66666694482168,3.332
18.720000278949737,3.295
18.7733336130778,3.235
18.82666694720586,3.222
18.880000281333924,3.245
18.933333615461983,3.239
18.98666694959005,3.194
19.04000028371811,3.248
19.09333361784617,3.275
19.146666951974236,3.226
19.20000028610229,3.198
19.25333362023036,3.229
19.30666695435842,3.229
19.36000028848648,3.212
19.413333622614545,3.204
19.466666956742607,3.226
19.520000290870662,3.146
19.573333624998728,3.122
19.62666695912679,3.061
19.680000293254853,3.045
19.733333627382915,3.081
19.786666961510974,3.095
19.84000029563904,3.056
19.8933336297671,3.026
19.94666696389516,3.032
20.000000298023224,2.992
20.053333632151286,2.989
20.10666696627935,2.99
20.16000030040741,2.991
20.213333634535477,2.978
20.266666968663536,2.975
20.320000302791595,2.98
20.373333636919657,2.97
20.42666697104772,2.941
20.480000305175786,2.97
20.533333639303844,2.942
20.586666973431907,2.92
20.64000030755997,2.948
20.693333641688028,2.95
20.74666697581609,2.967
20.800000309944156,2.925
20.85333364407221,2.908
20.90666697820028,2.926
20.96000031232834,2.911
21.0133336464564,2.852
21.066666980584465,2.874
21.120000314712524,2.9
21.173333648840583,2.889
21.22666698296865,2.888
21.28000031709671,2.848
21.333333651224773,2.803
21.38666698535284,2.84
21.440000319480895,2.849
21.49333365360896,2.876
21.54666698773702,2.857
21.60000032186508,2.81
21.653333655993144,2.761
21.706666990121207,2.748
21.76000032424927,2.828
21.81333365837733,2.845
21.866666992505397,2.791
21.920000326633453,2.744
21.973333660761515,2.717
22.026666994889577,2.719
22.08000032901764,2.747
22.133333663145702,2.764
22.186666997273765,2.725
22.240000331401827,2.727
22.29333366552989,2.72
22.34666699965795,2.706
22.40000033378601,2.692
22.453333667914077,2.684
22.506667002042136,2.756
22.5600003361702,2.738
22.61333367029826,2.762
22.666667004426323,2.789
22.72000033855438,2.739
22.773333672682444,2.714
22.826667006810503,2.732
22.88000034093857,2.716
22.93333367506663,2.688
22.986667009194694,2.755
23.04000034332276,2.702
23.09333367745081,2.657
23.14666701157888,2.646
23.20000034570694,2.658
23.253333679835,2.617
23.306667013963065,2.548
23.360000348091127,2.539
23.41333368221919,2.576
23.46666701634725,2.599
23.52000035047531,2.596
23.573333684603373,2.638
23.626667018731435,2.636
23.680000352859494,2.669
23.73333368698756,2.653
23.786667021115623,2.539
23.840000355243685,2.502
23.893333689371744,2.513
23.946667023499806,2.504
24.00000035762787,2.495
24.05333369175593,2.523
24.106667025883997,2.504
24.160000360012056,2.511
24.21333369414012,2.515
24.26666702826818,2.48
24.32000036239624,2.509
24.373333696524305,2.554
24.426667030652364,2.524
24.480000364780427,2.512
24.53333369890849,2.529
24.58666703303655,2.51
24.64000036716461,2.527
24.693333701292676,2.549
24.74666703542073,2.546
24.8000003695488,2.557
24.85333370367686,2.611
24.90666703780492,2.593
24.960000371932985,2.549
25.013333706061047,2.587
25.06666704018911,2.542
25.12000037431717,2.544
25.17333370844523,2.617
25.226667042573293,2.676
25.28000037670136,2.565
25.333333710829415,2.578
25.38666704495748,2.59
25.440000379085543,2.619
25.493333713213605,2.623
25.546667047341664,2.597
25.600000381469727,2.631
25.65333371559779,2.568
25.70666704972585,2.579
25.760000383853917,2.571
25.813333717981976,2.554
25.86666705211004,2.475
25.920000386238097,2.472
25.97333372036616,2.549
26.026667054494222,2.547
26.080000388622285,2.569
26.133333722750347,2.527
26.18666705687841,2.514
26.240000391006472,2.516
26.29333372513453,2.461
26.346667059262597,2.508
26.400000393390656,2.508
26.45333372751872,2.478
26.50666706164678,2.507
26.560000395774843,2.504
26.613333729902905,2.548
26.666667064030968,2.556
26.720000398159023,2.59
26.77333373228709,2.611
26.82666706641515,2.605
26.880000400543214,2.637
26.93333373467128,2.625
26.98666706879934,2.589
27.0400004029274,2.57
27.093333737055463,2.557
27.14666707118352,2.572
27.200000405311584,2.54
27.253333739439647,2.554
27.30666707356771,2.551
27.36000040769577,2.486
27.413333741823838,2.455
27.466667075951896,2.487
27.520000410079955,2.477
27.573333744208018,2.488
27.62666707833608,2.501
27.680000412464143,2.519
27.733333746592205,2.517
27.786667080720267,2.471
27.84000041484833,2.449
27.893333748976392,2.478
27.94666708310445,2.417
28.000000417232517,2.403
28.053333751360576,2.427
28.10666708548864,2.435
28.1600004196167,2.444
28.213333753744763,2.463
28.266667087872825,2.495
28.320000422000884,2.506
28.373333756128947,2.492
28.42666709025701,2.486
28.48000042438507,2.506
28.53333375851313,2.486
28.5866670926412,2.482
28.64000042676926,2.526
28.69333376089732,2.525
28.74666709502538,2.52
28.80000042915344,2.529
28.853333763281505,2.534
28.906667097409567,2.557
28.96000043153763,2.516
29.01333376566569,2.506
29.066667099793754,2.506
29.120000433921813,2.534
29.17333376804988,2.553
29.226667102177935,2.514
29.280000436306,2.502
29.333333770434063,2.506
29.386667104562125,2.477
29.440000438690188,2.48
29.49333377281825,2.548
29.54666710694631,2.532
29.60000044107437,2.64
29.653333775202437,2.677
29.706667109330496,2.631
29.76000044345856,2.583
29.81333377758662,2.576
29.866667111714683,2.547
29.920000445842746,2.55
29.973333779970805,2.512
30.026667114098867,2.467
30.08000044822693,2.432
30.133333782354992,2.442
30.18666711648305,2.473
30.24000045061112,2.563
30.29333378473918,2.543
30.34666711886724,2.51
30.4000004529953,2.51
30.453333787123363,2.474
30.506667121251425,2.464
30.560000455379488,2.489
30.61333378950755,2.448
30.66666712363561,2.421
30.72000045776367,2.462
30.773333791891734,2.403
30.8266671260198,2.41
30.88000046014786,2.47
30.93333379427592,2.458
30.986667128403983,2.468
31.04000046253205,2.53
31.093333796660108,2.456
31.146667130788167,2.457
31.20000046491623,2.41
31.25333379904429,2.393
31.306667133172358,2.361
31.360000467300416,2.44
31.41333380142848,2.429
31.46666713555654,2.422
31.5200004696846,2.485
31.573333803812663,2.475
31.626667137940725,2.48
31.680000472068787,2.443
31.73333380619685,2.394
31.786667140324912,2.379
31.84000047445297,2.441
31.89333380858104,2.416
31.946667142709096,2.403
32.00000047683716,2.429
32.05333381096522,2.385
32.10666714509328,2.342
32.160000479221345,2.348
32.21333381334941,2.439
32.26666714747747,2.48
32.32000048160553,2.478
32.373333815733595,2.503
32.42666714986166,2.5
32.48000048398972,2.495
32.533333818117775,2.438
32.58666715224584,2.404
32.6400004863739,2.399
32.69333382050196,2.465
32.746667154630025,2.444
32.80000048875809,2.4
32.85333382288615,2.423
32.90666715701421,2.404
32.960000491142274,2.4
33.01333382527034,2.395
33.0666671593984,2.366
33.12000049352646,2.426
33.173333827654524,2.397
33.226667161782586,2.358
33.28000049591065,2.345
33.333333830038704,2.252
33.38666716416677,2.329
33.44000049829483,2.359
33.49333383242289,2.337
33.546667166550954,2.337
33.600000500679016,2.329
33.65333383480708,2.328
33.70666716893514,2.369
33.7600005030632,2.364
33.813333837191266,2.374
33.86666717131933,2.365
33.92000050544739,2.385
33.97333383957545,2.368
34.026667173703515,2.345
34.08000050783158,2.374
34.13333384195963,2.397
34.186667176087695,2.385
34.24000051021576,2.4
34.29333384434382,2.335
34.34666717847188,2.34
34.400000512599945,2.319
34.45333384672801,2.275
34.50666718085607,2.266
34.56000051498413,2.292
34.613333849112195,2.278
34.66666718324026,2.353
34.72000051736832,2.323
34.77333385149638,2.3
34.826667185624444,2.341
34.88000051975251,2.304
34.93333385388056,2.29
34.986667188008624,2.275
35.04000052213669,2.31
35.09333385626475,2.348
35.14666719039281,2.398
35.200000524520874,2.415
35.253333858648936,2.49
35.306667192777,2.433
35.36000052690506,2.451
35.413333861033124,2.39
35.466667195161186,2.358
35.52000052928925,2.353
35.57333386341731,2.336
35.62666719754537,2.42
35.68000053167344,2.453
35.73333386580149,2.463
35.78666719992955,2.502
35.840000534057616,2.49
35.89333386818568,2.417
35.94666720231374,2.418
36.0000005364418,2.433
36.053333870569865,2.458
36.10666720469793,2.425
36.16000053882599,2.394
36.21333387295405,2.417
36.26666720708212,2.398
36.32000054121018,2.378
36.37333387533824,2.384
36.4266672094663,2.397
36.480000543594365,2.425
36.53333387772243,2.363
36.58666721185048,2.321
36.64000054597855,2.3
36.69333388010661,2.311
36.74666721423467,2.318
36.80000054836273,2.336
36.8533338824908,2.353
36.90666721661886,2.311
36.96000055074692,2.333
37.01333388487498,2.329
37.06666721900304,2.294
37.12000055313111,2.331
37.17333388725917,2.354
37.22666722138723,2.345
37.280000555515294,2.339
37.33333388964336,2.364
37.38666722377141,2.319
37.440000557899474,2.334
37.493333892027536,2.378
37.5466672261556,2.445
37.60000056028366,2.472
37.65333389441172,2.468
37.706667228539786,2.419
37.76000056266785,2.317
37.81333389679591,2.315
37.86666723092397,2.305
37.92000056505204,2.346
37.9733338991801,2.341
38.02666723330816,2.322
38.08000056743622,2.316
38.133333901564285,2.355
38.18666723569234,2.34
38.2400005698204,2.301
38.29333390394847,2.371
38.34666723807653,2.405
38.40000057220459,2.417
38.45333390633265,2.396
38.50666724046072,2.344
38.56000057458878,2.372
38.61333390871684,2.417
38.6666672428449,2.404
38.72000057697296,2.429
38.77333391110103,2.481
38.82666724522909,2.501
38.88000057935715,2.47
38.933333913485214,2.473
38.98666724761327,2.461
39.04000058174133,2.439
39.093333915869394,2.39
39.146667249997456,2.372
39.20000058412552,2.453
39.25333391825358,2.425
39.30666725238165,2.401
39.360000586509706,2.383
39.41333392063777,2.43
39.46666725476583,2.377
39.52000058889389,2.355
39.57333392302196,2.341
39.62666725715002,2.317
39.68000059127808,2.306
39.73333392540614,2.276
39.7866672595342,2.301
39.84000059366226,2.346
39.89333392779032,2.326
39.94666726191839,2.347
40.00000059604645,2.429
40.05333393017451,2.419
40.10666726430257,2.349
40.16000059843064,2.306
40.2133339325587,2.328
40.26666726668676,2.359
40.32000060081482,2.363
40.373333934942885,2.373
40.42666726907095,2.387
40.48000060319901,2.382
40.53333393732707,2.352
40.58666727145513,2.38
40.64000060558319,2.358
40.69333393971125,2.355
40.746667273839314,2.319
40.80000060796738,2.303
40.85333394209544,2.313
40.9066672762235,2.305
40.96000061035157,2.287
41.013333944479626,2.331
41.06666727860769,2.265
41.12000061273575,2.279
41.17333394686381,2.315
41.22666728099188,2.277
41.28000061511994,2.267
41.333333949248,2.262
41.386667283376056,2.246
41.44000061750412,2.284
41.49333395163218,2.306
41.54666728576024,2.331
41.60000061988831,2.357
41.65333395401637,2.354
41.70666728814443,2.305
41.76000062227249,2.298
41.81333395640056,2.309
41.86666729052862,2.357
41.92000062465668,2.338
41.97333395878474,2.341
42.026667292912805,2.359
42.08000062704087,2.388
42.13333396116893,2.383
42.186667295296985,2.404
42.24000062942505,2.493
42.29333396355311,2.506
42.34666729768117,2.488
42.40000063180924,2.497
42.4533339659373,2.481
42.50666730006536,2.489
42.56000063419342,2.458
42.61333396832149,2.442
42.66666730244955,2.457
42.72000063657761,2.456
42.77333397070567,2.416
42.82666730483373,2.436
42.8800006389618,2.464
42.93333397308986,2.413
42.98666730721792,2.394
43.040000641345976,2.426
43.09333397547404,2.429
43.1466673096021,2.439
43.20000064373016,2.45
43.25333397785823,2.485
43.30666731198629,2.458
43.36000064611435,2.429
43.41333398024241,2.439
43.46666731437048,2.373
43.52000064849854,2.371
43.5733339826266,2.377
43.62666731675466,2.402
43.680000650882725,2.428
43.73333398501079,2.388
43.78666731913884,2.382
43.840000653266905,2.35
43.89333398739497,2.337
43.94666732152303,2.378
44.00000065565109,2.408
44.05333398977916,2.51
44.10666732390722,2.552
44.16000065803528,2.478
44.21333399216334,2.452
44.266667326291405,2.473
44.32000066041947,2.44
44.37333399454753,2.448
44.42666732867559,2.458
44.48000066280365,2.397
44.53333399693172,2.376
44.58666733105977,2.42
44.64000066518784,2.439
44.6933339993159,2.47
44.74666733344396,2.407
44.80000066757202,2.399
44.85333400170008,2.452
44.90666733582815,2.468
44.96000066995621,2.383
45.01333400408427,2.367
45.06666733821233,2.414
45.1200006723404,2.483
45.17333400646846,2.494
45.22666734059652,2.492
45.28000067472458,2.462
45.333334008852646,2.453
45.3866673429807,2.43
45.44000067710876,2.401
45.493334011236826,2.357
45.54666734536489,2.373
45.60000067949295,2.394
45.65333401362101,2.347
45.70666734774908,2.392
45.76000068187714,2.379
45.8133340160052,2.331
45.86666735013326,2.363
45.920000684261325,2.436
45.97333401838939,2.437
46.02666735251745,2.375
46.08000068664551,2.359
46.13333402077357,2.348
46.18666735490163,2.326
46.24000068902969,2.344
46.29333402315776,2.317
46.34666735728582,2.296
46.40000069141388,2.349
46.45333402554194,2.394
46.50666735967,2.415
46.56000069379807,2.371
46.61333402792613,2.342
46.66666736205419,2.358
46.720000696182254,2.324
46.77333403031032,2.311
46.82666736443838,2.351
46.88000069856644,2.384
46.9333340326945,2.365
46.98666736682256,2.378
47.04000070095062,2.375
47.09333403507868,2.358
47.146667369206746,2.424
47.20000070333481,2.482
47.25333403746287,2.449
47.30666737159093,2.405
47.360000705719,2.359
47.41333403984706,2.346
47.46666737397512,2.336
47.52000070810318,2.316
47.573334042231245,2.303
47.62666737635931,2.254
47.68000071048737,2.265
47.73333404461543,2.325
47.78666737874349,2.355
47.84000071287155,2.349
47.89333404699961,2.352
47.94666738112768,2.373
48.00000071525574,2.358
48.0533340493838,2.33
48.10666738351186,2.342
48.160000717639925,2.344
48.21333405176799,2.322
48.26666738589605,2.298
48.32000072002411,2.302
48.373334054152174,2.289
48.42666738828024,2.301
48.4800007224083,2.38
48.53333405653636,2.398
48.58666739066442,2.333
48.64000072479248,2.305
48.69333405892054,2.276
48.74666739304861,2.335
48.800000727176666,2.329
48.85333406130473,2.311
48.90666739543279,2.33
48.96000072956085,2.326
49.01333406368892,2.337
49.06666739781698,2.324
49.12000073194504,2.313
49.1733340660731,2.333
49.226667400201165,2.325
49.28000073432923,2.28
49.33333406845729,2.293
49.38666740258535,2.324
49.44000073671341,2.339
49.49333407084147,2.351
49.54666740496953,2.362
49.6000007390976,2.321
49.65333407322566,2.335
49.70666740735372,2.318
49.76000074148178,2.366
49.813334075609845,2.387
49.86666740973791,2.387
49.92000074386597,2.369
49.97333407799403,2.325
50.026667412122094,2.314
50.08000074625016,2.33
50.13333408037822,2.37
50.18666741450628,2.346
50.24000074863434,2.341
50.2933340827624,2.309
50.34666741689046,2.282
