time_min,absorb_mau
0.0,-0.01
0.0133333335320155,-0.048
0.026666667064031,-0.041
0.0400000005960465,-0.031
0.0533333341280619,-0.017
0.0666666676600774,-0.007
0.0800000011920929,-0.01
0.0933333347241084,0.05
0.106666668256124,0.081
0.120000001788139,0.091
0.133333335320155,0.097
0.14666666885217,0.1
0.160000002384186,0.103
0.173333335916201,0.106
0.186666669448217,0.105
0.200000002980232,0.097
0.213333336512248,0.076
0.226666670044263,0.081
0.240000003576279,0.07
0.253333337108294,0.055
0.26666667064031,0.044
0.280000004172325,0.0529999999999999
0.293333337704341,0.117
0.306666671236356,0.138
0.320000004768372,0.128
0.333333338300387,0.13
0.346666671832403,0.119
0.360000005364418,0.0880000000000001
0.373333338896433,0.0389999999999999
0.386666672428449,-0.014
0.400000005960465,-0.038
0.41333333949248,-0.015
0.426666673024495,-0.01
0.440000006556511,0.0
0.453333340088526,0.019
0.466666673620542,0.024
0.480000007152557,0.023
0.493333340684573,0.033
0.506666674216588,0.048
0.520000007748604,0.065
0.533333341280619,0.053
0.546666674812635,0.049
0.56000000834465,0.057
0.573333341876666,0.068
0.586666675408681,0.062
0.600000008940697,0.053
0.613333342472712,0.074
0.626666676004728,0.087
0.640000009536743,0.086
0.653333343068759,0.073
0.666666676600774,0.0449999999999999
0.68000001013279,0.029
0.693333343664805,0.0069999999999999
0.706666677196821,-0.014
0.720000010728836,-0.011
0.733333344260852,-0.0009999999999998
0.746666677792867,0.024
0.760000011324882,0.043
0.773333344856898,0.051
0.786666678388913,0.051
0.800000011920929,0.042
0.813333345452944,0.041
0.82666667898496,0.0270000000000001
0.840000012516975,0.004
0.853333346048991,0.026
0.866666679581006,0.021
0.880000013113022,0.0329999999999999
0.893333346645037,0.04
0.906666680177053,0.038
0.920000013709068,0.0529999999999999
0.933333347241084,0.0289999999999999
0.946666680773099,0.024
0.960000014305115,0.0269999999999999
0.97333334783713,0.009
0.986666681369146,0.011
1.00000001490116,0.02
1.01333334843318,0.027
1.02666668196519,0.0269999999999999
1.04000001549721,0.013
1.05333334902922,0.005
1.06666668256124,-0.005
1.08000001609325,-0.028
1.09333334962527,-0.055
1.10666668315729,-0.0659999999999999
1.1200000166893,-0.057
1.13333335022132,-0.052
1.14666668375333,-0.0429999999999999
1.16000001728535,-0.0289999999999999
1.17333335081736,-0.0139999999999998
1.18666668434938,0.0209999999999999
1.20000001788139,0.0539999999999998
1.21333335141341,0.079
1.22666668494542,0.097
1.24000001847744,0.111
1.25333335200946,0.134
1.26666668554147,0.161
1.28000001907349,0.166
1.2933333526055,0.149
1.30666668613752,0.145
1.32000001966953,0.138
1.33333335320155,0.138
1.34666668673356,0.134
1.36000002026558,0.11
1.37333335379759,0.135
1.38666668732961,0.134
1.40000002086163,0.13
1.41333335439364,0.134
1.42666668792566,0.15
1.44000002145767,0.148
1.45333335498969,0.153
1.4666666885217,0.153
1.48000002205372,0.154
1.49333335558573,0.154
1.50666668911775,0.12
1.52000002264977,0.117
1.53333335618178,0.117
1.5466666897138,0.103
1.56000002324581,0.114
1.57333335677783,0.142
1.58666669030984,0.167
1.60000002384186,0.181
1.61333335737387,0.182
1.62666669090589,0.203
1.6400000244379,0.216
1.65333335796992,0.218
1.66666669150194,0.214
1.68000002503395,0.216
1.69333335856597,0.229
1.70666669209798,0.223
1.72000002563,0.217
1.73333335916201,0.221
1.74666669269403,0.234
1.76000002622604,0.236
1.77333335975806,0.252
1.78666669329007,0.273
1.80000002682209,0.294
1.81333336035411,0.308
1.82666669388612,0.302
1.84000002741814,0.321
1.85333336095015,0.334
1.86666669448217,0.321
1.88000002801418,0.288
1.8933333615462,0.303
1.90666669507821,0.328
1.92000002861023,0.346
1.93333336214225,0.353
1.94666669567426,0.372
1.96000002920628,0.416
1.97333336273829,0.435
1.98666669627031,0.441
2.00000002980232,0.457
2.01333336333434,0.473
2.02666669686635,0.484
2.04000003039837,0.514
2.05333336393038,0.549
2.0666666974624,0.576
2.08000003099442,0.609
2.09333336452643,0.633
2.10666669805845,0.668
2.12000003159046,0.694
2.13333336512248,0.681
2.14666669865449,0.71
2.16000003218651,0.725
2.17333336571852,0.729
2.18666669925054,0.734
2.20000003278255,0.734
2.21333336631457,0.741
2.22666669984659,0.749
2.2400000333786,0.754
2.25333336691062,0.761
2.26666670044263,0.794
2.28000003397465,0.809
2.29333336750666,0.835
2.30666670103868,0.863
2.32000003457069,0.884
2.33333336810271,0.916
2.34666670163472,0.928
2.36000003516674,0.94
2.37333336869876,0.953
2.38666670223077,0.963
2.40000003576279,0.975
2.4133333692948,0.971
2.42666670282682,0.978
2.44000003635883,0.995
2.45333336989085,1.012
2.46666670342286,1.028
2.48000003695488,1.034
2.4933333704869,1.055
2.50666670401891,1.086
2.52000003755093,1.096
2.53333337108294,1.111
2.54666670461496,1.119
2.56000003814697,1.132
2.57333337167899,1.155
2.586666705211,1.156
2.60000003874302,1.182
2.61333337227503,1.195
2.62666670580705,1.204
2.64000003933907,1.216
2.65333337287108,1.226
2.6666667064031,1.245
2.68000003993511,1.249
2.69333337346713,1.247
2.70666670699914,1.262
2.72000004053116,1.286
2.73333337406317,1.306
2.74666670759519,1.326
2.7600000411272,1.346
2.77333337465922,1.371
2.78666670819124,1.406
2.80000004172325,1.449
2.81333337525527,1.485
2.82666670878728,1.516
2.8400000423193,1.546
2.85333337585131,1.557
2.86666670938333,1.584
2.88000004291534,1.595
2.89333337644736,1.591
2.90666670997938,1.609
2.92000004351139,1.61
2.93333337704341,1.612
2.94666671057542,1.621
2.96000004410744,1.632
2.97333337763945,1.668
2.98666671117147,1.685
3.00000004470348,1.71
3.0133333782355,1.753
3.02666671176751,1.816
3.04000004529953,1.84
3.05333337883155,1.858
3.06666671236356,1.871
3.08000004589558,1.891
3.09333337942759,1.923
3.10666671295961,1.949
3.12000004649162,1.98
3.13333338002364,2.019
3.14666671355565,2.07
3.16000004708767,2.139
3.17333338061968,2.195
3.1866667141517,2.233
3.20000004768372,2.259
3.21333338121573,2.282
3.22666671474775,2.301
3.24000004827976,2.304
3.25333338181178,2.311
3.26666671534379,2.308
3.28000004887581,2.301
3.29333338240782,2.325
3.30666671593984,2.363
3.32000004947186,2.38
3.33333338300387,2.393
3.34666671653589,2.414
3.3600000500679,2.478
3.37333338359992,2.508
3.38666671713193,2.533
3.40000005066395,2.574
3.41333338419596,2.655
3.42666671772798,2.7
3.44000005125999,2.76
3.45333338479201,2.806
3.46666671832403,2.847
3.48000005185604,2.895
3.49333338538806,2.906
3.50666671892007,2.925
3.52000005245209,2.941
3.5333333859841,2.952
3.54666671951612,2.992
3.56000005304813,3.019
3.57333338658015,3.044
3.58666672011217,3.069
3.60000005364418,3.098
3.6133333871762,3.14
3.62666672070821,3.172
3.64000005424023,3.208
3.65333338777224,3.247
3.66666672130426,3.299
3.68000005483627,3.359
3.69333338836829,3.375
3.7066667219003,3.409
3.72000005543232,3.457
3.73333338896434,3.504
3.74666672249635,3.541
3.76000005602837,3.568
3.77333338956038,3.609
3.7866667230924,3.657
3.80000005662441,3.691
3.81333339015643,3.723
3.82666672368844,3.772
3.84000005722046,3.814
3.85333339075247,3.855
3.86666672428449,3.901
3.88000005781651,3.959
3.89333339134852,4.014
3.90666672488054,4.068
3.92000005841255,4.121
3.93333339194457,4.181
3.94666672547658,4.253
3.9600000590086,4.323
3.97333339254061,4.384
3.98666672607263,4.435
4.00000005960465,4.493
4.01333339313666,4.551
4.02666672666868,4.59
4.04000006020069,4.621
4.05333339373271,4.657
4.06666672726472,4.698
4.08000006079674,4.725
4.09333339432875,4.751
4.10666672786077,4.79
4.12000006139278,4.847
4.1333333949248,4.905
4.14666672845682,4.976
4.16000006198883,5.035
4.17333339552085,5.088
4.18666672905286,5.158
4.20000006258488,5.195
4.21333339611689,5.235
4.22666672964891,5.272
4.24000006318092,5.308
4.25333339671294,5.357
4.26666673024495,5.382
4.28000006377697,5.427
4.29333339730899,5.478
4.306666730841,5.524
4.32000006437302,5.578
4.33333339790503,5.625
4.34666673143705,5.694
4.36000006496906,5.763
4.37333339850108,5.812
4.38666673203309,5.847
4.40000006556511,5.893
4.41333339909713,5.929
4.42666673262914,5.964
4.44000006616116,5.997
4.45333339969317,6.036
4.46666673322519,6.065
4.4800000667572,6.106
4.49333340028922,6.16
4.50666673382123,6.234
4.52000006735325,6.276
4.53333340088526,6.326
4.54666673441728,6.38
4.5600000679493,6.431
4.57333340148131,6.453
4.58666673501333,6.486
4.60000006854534,6.513
4.61333340207736,6.537
4.62666673560937,6.56
4.64000006914139,6.599
4.6533334026734,6.642
4.66666673620542,6.682
4.68000006973743,6.725
4.69333340326945,6.784
4.70666673680147,6.863
4.72000007033348,6.935
4.7333334038655,7.008
4.74666673739751,7.082
4.76000007092953,7.155
4.77333340446154,7.227
4.78666673799356,7.275
4.80000007152557,7.332
4.81333340505759,7.389
4.82666673858961,7.429
4.84000007212162,7.473
4.85333340565364,7.534
4.86666673918565,7.595
4.88000007271767,7.65
4.89333340624968,7.7
4.9066667397817,7.768
4.92000007331371,7.838
4.93333340684573,7.886
4.94666674037774,7.92
4.96000007390976,7.977
4.97333340744178,8.048
4.98666674097379,8.097
5.00000007450581,8.134
5.01333340803782,8.17
5.02666674156984,8.231
5.04000007510185,8.296
5.05333340863387,8.33
5.06666674216588,8.358
5.0800000756979,8.412
5.09333340922991,8.492
5.10666674276193,8.538
5.12000007629395,8.582
5.13333340982596,8.64
5.14666674335798,8.727
5.16000007688999,8.801
5.17333341042201,8.845
5.18666674395402,8.907
5.20000007748604,8.986
5.21333341101805,9.05
5.22666674455007,9.115
5.24000007808209,9.184
5.2533334116141,9.262
5.26666674514612,9.346
5.28000007867813,9.422
5.29333341221015,9.503
5.30666674574216,9.583
5.32000007927418,9.668
5.33333341280619,9.757
5.34666674633821,9.831
5.36000007987022,9.924
5.37333341340224,10.016
5.38666674693426,10.116
5.40000008046627,10.217
5.41333341399829,10.306
5.4266667475303,10.408
5.44000008106232,10.507
5.45333341459433,10.614
5.46666674812635,10.74
5.48000008165836,10.813
5.49333341519038,10.924
5.50666674872239,11.042
5.52000008225441,11.165
5.53333341578643,11.287
5.54666674931844,11.387
5.56000008285046,11.507
5.57333341638247,11.632
5.58666674991449,11.746
5.6000000834465,11.845
5.61333341697852,11.974
5.62666675051053,12.105
5.64000008404255,12.238
5.65333341757457,12.365
5.66666675110658,12.468
5.6800000846386,12.617
5.69333341817061,12.743
5.70666675170263,12.856
5.72000008523464,12.968
5.73333341876666,13.072
5.74666675229867,13.22
5.76000008583069,13.361
5.7733334193627,13.49
5.78666675289472,13.616
5.80000008642674,13.741
5.81333341995875,13.873
5.82666675349077,13.998
5.84000008702278,14.119
5.8533334205548,14.257
5.86666675408681,14.399
5.88000008761883,14.554
5.89333342115084,14.707
5.90666675468286,14.857
5.92000008821487,15.002
5.93333342174689,15.12
5.94666675527891,15.253
5.96000008881092,15.385
5.97333342234294,15.513
5.98666675587495,15.655
6.00000008940697,15.807
6.01333342293898,15.968
6.026666756471,16.123
6.04000009000301,16.269
6.05333342353503,16.422
6.06666675706705,16.565
6.08000009059906,16.701
6.09333342413108,16.835
6.10666675766309,16.974
6.12000009119511,17.125
6.13333342472712,17.28
6.14666675825914,17.452
6.16000009179115,17.633
6.17333342532317,17.81
6.18666675885518,17.992
6.2000000923872,18.186
6.21333342591922,18.383
6.22666675945123,18.578
6.24000009298325,18.764
6.25333342651526,18.984
6.26666676004728,19.189
6.28000009357929,19.375
6.29333342711131,19.565
6.30666676064332,19.789
6.32000009417534,19.993
6.33333342770735,20.175
6.34666676123937,20.367
6.36000009477139,20.583
6.3733334283034,20.82
6.38666676183542,21.016
6.40000009536743,21.214
6.41333342889945,21.408
6.42666676243146,21.609
6.44000009596348,21.803
6.45333342949549,21.976
6.46666676302751,22.157
6.48000009655952,22.334
6.49333343009154,22.531
6.50666676362356,22.745
6.52000009715557,22.948
6.53333343068759,23.166
6.5466667642196,23.383
6.56000009775162,23.611
6.57333343128363,23.842
6.58666676481565,24.057
6.60000009834766,24.29
6.61333343187968,24.511
6.6266667654117,24.713
6.64000009894371,24.914
6.65333343247573,25.13
6.66666676600774,25.358
6.68000009953976,25.59
6.69333343307177,25.8
6.70666676660379,26.057
6.7200001001358,26.321
6.73333343366782,26.562
6.74666676719983,26.806
6.76000010073185,27.026
6.77333343426387,27.247
6.78666676779588,27.478
6.8000001013279,27.697
6.81333343485991,27.932
6.82666676839193,28.203
6.84000010192394,28.464
6.85333343545596,28.747
6.86666676898797,29.027
6.88000010251999,29.321
6.893333436052,29.605
6.90666676958402,29.886
6.92000010311604,30.168
6.93333343664805,30.435
6.94666677018007,30.716
6.96000010371208,30.993
6.9733334372441,31.281
6.98666677077611,31.558
7.00000010430813,31.83
7.01333343784014,32.147
7.02666677137216,32.434
7.04000010490418,32.72
7.05333343843619,33.019
7.06666677196821,33.337
7.08000010550022,33.663
7.09333343903224,33.968
7.10666677256425,34.291
7.12000010609627,34.632
7.13333343962828,34.982
7.1466667731603,35.308
7.16000010669232,35.641
7.17333344022433,35.986
7.18666677375635,36.331
7.20000010728836,36.665
7.21333344082038,36.989
7.22666677435239,37.325
7.24000010788441,37.685
7.25333344141642,38.052
7.26666677494844,38.4
7.28000010848045,38.779
7.29333344201247,39.16
7.30666677554448,39.534
7.3200001090765,39.896
7.33333344260852,40.228
7.34666677614053,40.58
7.36000010967255,40.952
7.37333344320456,41.311
7.38666677673658,41.66
7.40000011026859,42.015
7.41333344380061,42.379
7.42666677733262,42.741
7.44000011086464,43.088
7.45333344439666,43.417
7.46666677792867,43.772
7.48000011146069,44.115
7.4933334449927,44.46
7.50666677852472,44.805
7.52000011205673,45.152
7.53333344558875,45.504
7.54666677912076,45.821
7.56000011265278,46.152
7.5733334461848,46.473
7.58666677971681,46.804
7.60000011324883,47.14
7.61333344678084,47.449
7.62666678031286,47.796
7.64000011384487,48.143
7.65333344737689,48.483
7.6666667809089,48.849
7.68000011444092,49.198
7.69333344797293,49.526
7.70666678150495,49.841
7.72000011503696,50.134
7.73333344856898,50.464
7.746666782101,50.772
7.76000011563301,51.068
7.77333344916503,51.394
7.78666678269704,51.753
7.80000011622906,52.096
7.81333344976107,52.434
7.82666678329309,52.772
7.8400001168251,53.11
7.85333345035712,53.456
7.86666678388914,53.811
7.88000011742115,54.173
7.89333345095317,54.542
7.90666678448518,54.918
7.9200001180172,55.27
7.93333345154921,55.607
7.94666678508123,55.927
7.96000011861324,56.243
7.97333345214526,56.562
7.98666678567727,56.869
8.00000011920929,57.189
8.01333345274131,57.525
8.02666678627332,57.875
8.04000011980534,58.228
8.05333345333735,58.558
8.06666678686937,58.902
8.08000012040138,59.24
8.0933334539334,59.565
8.10666678746541,59.873
8.12000012099743,60.183
8.13333345452944,60.507
8.14666678806146,60.819
8.16000012159348,61.111
8.17333345512549,61.436
8.18666678865751,61.77
8.20000012218952,62.109
8.21333345572154,62.451
8.22666678925355,62.789
8.24000012278557,63.117
8.25333345631758,63.434
8.2666667898496,63.755
8.28000012338162,64.077
8.29333345691363,64.382
8.30666679044565,64.655
8.32000012397766,64.964
8.33333345750968,65.283
8.34666679104169,65.583
8.36000012457371,65.838
8.37333345810572,66.114
8.38666679163774,66.399
8.40000012516975,66.678
8.41333345870177,66.941
8.42666679223379,67.181
8.4400001257658,67.458
8.45333345929782,67.722
8.46666679282983,67.971
8.48000012636185,68.214
8.49333345989386,68.475
8.50666679342588,68.739
8.52000012695789,68.998
8.53333346048991,69.252
8.54666679402192,69.51
8.56000012755394,69.805
8.57333346108596,70.068
8.58666679461797,70.326
8.60000012814999,70.592
8.613333461682,70.878
8.62666679521402,71.2
8.64000012874603,71.495
8.65333346227805,71.806
8.66666679581006,72.155
8.68000012934208,72.538
8.6933334628741,72.912
8.70666679640611,73.272
8.72000012993813,73.632
8.73333346347014,74.014
8.74666679700216,74.413
8.76000013053417,74.777
8.77333346406619,75.165
8.7866667975982,75.562
8.80000013113022,75.963
8.81333346466223,76.386
8.82666679819425,76.795
8.84000013172627,77.211
8.85333346525828,77.627
8.8666667987903,78.032
8.88000013232231,78.452
8.89333346585433,78.891
8.90666679938634,79.338
8.92000013291836,79.761
8.93333346645037,80.198
8.94666679998239,80.64
8.9600001335144,81.073
8.97333346704642,81.516
8.98666680057844,81.922
9.00000013411045,82.324
9.01333346764247,82.739
9.02666680117448,83.152
9.0400001347065,83.575
9.05333346823851,83.968
9.06666680177053,84.338
9.08000013530254,84.752
9.09333346883456,85.127
9.10666680236658,85.48
9.12000013589859,85.824
9.13333346943061,86.174
9.14666680296262,86.499
9.16000013649464,86.794
9.17333347002665,87.087
9.18666680355867,87.385
9.20000013709068,87.669
9.2133334706227,87.947
9.22666680415471,88.232
9.24000013768673,88.523
9.25333347121875,88.816
9.26666680475076,89.097
9.28000013828278,89.411
9.29333347181479,89.702
9.30666680534681,89.98
9.32000013887882,90.271
9.33333347241084,90.546
9.34666680594285,90.83
9.36000013947487,91.101
9.37333347300688,91.367
9.3866668065389,91.647
9.40000014007092,91.893
9.41333347360293,92.163
9.42666680713495,92.432
9.44000014066696,92.689
9.45333347419898,92.93
9.46666680773099,93.172
9.48000014126301,93.432
9.49333347479502,93.689
9.50666680832704,93.93
9.52000014185906,94.161
9.53333347539107,94.406
9.54666680892309,94.654
9.5600001424551,94.894
9.57333347598712,95.12
9.58666680951913,95.358
9.60000014305115,95.61
9.61333347658316,95.87
9.62666681011518,96.13
9.64000014364719,96.387
9.65333347717921,96.663
9.66666681071123,96.933
9.68000014424324,97.201
9.69333347777526,97.469
9.70666681130727,97.736
9.72000014483929,97.986
9.7333334783713,98.237
9.74666681190332,98.488
9.76000014543533,98.741
9.77333347896735,98.974
9.78666681249936,99.219
9.80000014603138,99.487
9.8133334795634,99.733
9.82666681309541,99.946
9.84000014662743,100.161
9.85333348015944,100.417
9.86666681369146,100.662
9.88000014722347,100.885
9.89333348075549,101.09
9.9066668142875,101.311
9.92000014781952,101.521
9.93333348135154,101.711
9.94666681488355,101.89
9.96000014841557,102.071
9.97333348194758,102.264
9.9866668154796,102.492
10.0000001490116,102.712
10.0133334825436,102.914
10.0266668160756,103.1
10.0400001496077,103.279
10.0533334831397,103.46
10.0666668166717,103.636
10.0800001502037,103.804
10.0933334837357,103.972
10.1066668172677,104.151
10.1200001507998,104.332
10.1333334843318,104.503
10.1466668178638,104.669
10.1600001513958,104.846
10.1733334849278,105.043
10.1866668184598,105.23
10.2000001519918,105.436
10.2133334855239,105.662
10.2266668190559,105.866
10.2400001525879,106.074
10.2533334861199,106.262
10.2666668196519,106.465
10.2800001531839,106.709
10.293333486716,106.899
10.306666820248,107.164
10.32000015378,107.437
10.333333487312,107.695
10.346666820844,107.993
10.360000154376,108.245
10.373333487908,108.52
10.3866668214401,108.789
10.4000001549721,109.024
10.4133334885041,109.279
10.4266668220361,109.568
10.4400001555681,109.843
10.4533334891001,110.114
10.4666668226322,110.384
10.4800001561642,110.664
10.4933334896962,110.939
10.5066668232282,111.18
10.5200001567602,111.417
10.5333334902922,111.667
10.5466668238242,111.9
10.5600001573563,112.102
10.5733334908883,112.298
10.5866668244203,112.491
10.6000001579523,112.675
10.6133334914843,112.826
10.6266668250163,112.988
10.6400001585484,113.13
10.6533334920804,113.264
10.6666668256124,113.399
10.6800001591444,113.535
10.6933334926764,113.662
10.7066668262084,113.776
10.7200001597404,113.881
10.7333334932725,114.0
10.7466668268045,114.115
10.7600001603365,114.213
10.7733334938685,114.307
10.7866668274005,114.398
10.8000001609325,114.471
10.8133334944646,114.538
10.8266668279966,114.598
10.8400001615286,114.651
10.8533334950606,114.698
10.8666668285926,114.74
10.8800001621246,114.801
10.8933334956567,114.845
10.9066668291887,114.892
10.9200001627207,114.949
10.9333334962527,114.98
10.9466668297847,115.01
10.9600001633167,115.049
10.9733334968487,115.085
10.9866668303808,115.117
11.0000001639128,115.101
11.0133334974448,115.129
11.0266668309768,115.147
11.0400001645088,115.15
11.0533334980408,115.137
11.0666668315729,115.142
11.0800001651049,115.156
11.0933334986369,115.149
11.1066668321689,115.128
11.1200001657009,115.142
11.1333334992329,115.105
11.1466668327649,115.055
11.160000166297,114.996
11.173333499829,114.936
11.186666833361,114.894
11.200000166893,114.83
11.213333500425,114.762
11.226666833957,114.699
11.2400001674891,114.633
11.2533335010211,114.561
11.2666668345531,114.463
11.2800001680851,114.343
11.2933335016171,114.232
11.3066668351491,114.151
11.3200001686811,114.037
11.3333335022132,113.92
11.3466668357452,113.808
11.3600001692772,113.693
11.3733335028092,113.572
11.3866668363412,113.405
11.4000001698732,113.285
11.4133335034053,113.161
11.4266668369373,113.021
11.4400001704693,112.876
11.4533335040013,112.733
11.4666668375333,112.585
11.4800001710653,112.435
11.4933335045973,112.275
11.5066668381294,112.113
11.5200001716614,111.959
11.5333335051934,111.793
11.5466668387254,111.622
11.5600001722574,111.452
11.5733335057894,111.273
11.5866668393215,111.078
11.6000001728535,110.899
11.6133335063855,110.732
11.6266668399175,110.576
11.6400001734495,110.419
11.6533335069815,110.234
11.6666668405135,110.062
11.6800001740456,109.892
11.6933335075776,109.685
11.7066668411096,109.489
11.7200001746416,109.318
11.7333335081736,109.126
11.7466668417056,108.919
11.7600001752377,108.73
11.7733335087697,108.547
11.7866668423017,108.366
11.8000001758337,108.167
11.8133335093657,107.968
11.8266668428977,107.804
11.8400001764297,107.633
11.8533335099618,107.454
11.8666668434938,107.299
11.8800001770258,107.156
11.8933335105578,107.001
11.9066668440898,106.868
11.9200001776218,106.722
11.9333335111539,106.6
11.9466668446859,106.507
11.9600001782179,106.38
11.9733335117499,106.268
11.9866668452819,106.17
12.0000001788139,106.086
12.013333512346,106.0
12.026666845878,105.883
12.04000017941,105.798
12.053333512942,105.716
12.066666846474,105.631
12.080000180006,105.524
12.093333513538,105.466
12.1066668470701,105.391
12.1200001806021,105.297
12.1333335141341,105.198
12.1466668476661,105.119
12.1600001811981,105.072
12.1733335147301,104.999
12.1866668482622,104.908
12.2000001817942,104.813
12.2133335153262,104.703
12.2266668488582,104.621
12.2400001823902,104.488
12.2533335159222,104.337
12.2666668494542,104.178
12.2800001829863,104.046
12.2933335165183,103.928
12.3066668500503,103.77
12.3200001835823,103.608
12.3333335171143,103.465
12.3466668506463,103.295
12.3600001841784,103.127
12.3733335177104,102.938
12.3866668512424,102.733
12.4000001847744,102.499
12.4133335183064,102.277
12.4266668518384,102.065
12.4400001853704,101.829
12.4533335189025,101.575
12.4666668524345,101.334
12.4800001859665,101.109
12.4933335194985,100.84
12.5066668530305,100.557
12.5200001865625,100.273
12.5333335200946,99.996
12.5466668536266,99.701
12.5600001871586,99.416
12.5733335206906,99.13
12.5866668542226,98.84
12.6000001877546,98.561
12.6133335212866,98.279
12.6266668548187,97.978
12.6400001883507,97.67
12.6533335218827,97.366
12.6666668554147,97.075
12.6800001889467,96.757
12.6933335224787,96.445
12.7066668560108,96.139
12.7200001895428,95.834
12.7333335230748,95.491
12.7466668566068,95.141
12.7600001901388,94.814
12.7733335236708,94.498
12.7866668572028,94.17
12.8000001907349,93.871
12.8133335242669,93.561
12.8266668577989,93.265
12.8400001913309,92.98
12.8533335248629,92.687
12.8666668583949,92.407
12.880000191927,92.137
12.893333525459,91.879
12.906666858991,91.635
12.920000192523,91.371
12.933333526055,91.086
12.946666859587,90.798
12.960000193119,90.503
12.9733335266511,90.197
12.9866668601831,89.914
13.0000001937151,89.642
13.0133335272471,89.366
13.0266668607791,89.107
13.0400001943111,88.851
13.0533335278432,88.581
13.0666668613752,88.323
13.0800001949072,88.042
13.0933335284392,87.763
13.1066668619712,87.468
13.1200001955032,87.146
13.1333335290353,86.857
13.1466668625673,86.55
13.1600001960993,86.239
13.1733335296313,85.907
13.1866668631633,85.615
13.2000001966953,85.321
13.2133335302273,85.019
13.2266668637594,84.71
13.2400001972914,84.414
13.2533335308234,84.142
13.2666668643554,83.831
13.2800001978874,83.509
13.2933335314194,83.189
13.3066668649515,82.876
13.3200001984835,82.557
13.3333335320155,82.23
13.3466668655475,81.909
13.3600001990795,81.594
13.3733335326115,81.28
13.3866668661435,80.981
13.4000001996756,80.669
13.4133335332076,80.349
13.4266668667396,80.037
13.4400002002716,79.718
13.4533335338036,79.421
13.4666668673356,79.11
13.4800002008677,78.779
13.4933335343997,78.453
13.5066668679317,78.14
13.5200002014637,77.827
13.5333335349957,77.515
13.5466668685277,77.208
13.5600002020597,76.923
13.5733335355918,76.658
13.5866668691238,76.395
13.6000002026558,76.135
13.6133335361878,75.879
13.6266668697198,75.631
13.6400002032518,75.392
13.6533335367839,75.146
13.6666668703159,74.894
13.6800002038479,74.641
13.6933335373799,74.403
13.7066668709119,74.189
13.7200002044439,73.951
13.733333537976,73.694
13.746666871508,73.441
13.76000020504,73.218
13.773333538572,72.966
13.786666872104,72.691
13.800000205636,72.403
13.813333539168,72.129
13.8266668727001,71.86
13.8400002062321,71.589
13.8533335397641,71.304
13.8666668732961,71.011
13.8800002068281,70.718
13.8933335403601,70.426
13.9066668738921,70.136
13.9200002074242,69.837
13.9333335409562,69.52
13.9466668744882,69.215
13.9600002080202,68.899
13.9733335415522,68.566
13.9866668750842,68.238
14.0000002086163,67.926
14.0133335421483,67.631
14.0266668756803,67.347
14.0400002092123,67.052
14.0533335427443,66.761
14.0666668762763,66.485
14.0800002098084,66.164
14.0933335433404,65.834
14.1066668768724,65.485
14.1200002104044,65.133
14.1333335439364,64.793
14.1466668774684,64.429
14.1600002110004,64.102
14.1733335445325,63.765
14.1866668780645,63.42
14.2000002115965,63.111
14.2133335451285,62.817
14.2266668786605,62.505
14.2400002121925,62.173
14.2533335457246,61.824
14.2666668792566,61.503
14.2800002127886,61.182
14.2933335463206,60.829
14.3066668798526,60.471
14.3200002133846,60.137
14.3333335469166,59.844
14.3466668804487,59.519
14.3600002139807,59.164
14.3733335475127,58.822
14.3866668810447,58.487
14.4000002145767,58.172
14.4133335481087,57.813
14.4266668816408,57.452
14.4400002151728,57.127
14.4533335487048,56.797
14.4666668822368,56.479
14.4800002157688,56.153
14.4933335493008,55.81
14.5066668828328,55.486
14.5200002163649,55.144
14.5333335498969,54.828
14.5466668834289,54.5
14.5600002169609,54.146
14.5733335504929,53.806
14.5866668840249,53.492
14.600000217557,53.17
14.613333551089,52.856
14.626666884621,52.538
14.640000218153,52.203
14.653333551685,51.912
14.666666885217,51.618
14.680000218749,51.33
14.6933335522811,51.027
14.7066668858131,50.699
14.7200002193451,50.412
14.7333335528771,50.129
14.7466668864091,49.825
14.7600002199411,49.511
14.7733335534732,49.205
14.7866668870052,48.942
14.8000002205372,48.668
14.8133335540692,48.394
14.8266668876012,48.115
14.8400002211332,47.845
14.8533335546652,47.58
14.8666668881973,47.311
14.8800002217293,47.03
14.8933335552613,46.741
14.9066668887933,46.441
14.9200002223253,46.158
14.9333335558573,45.879
14.9466668893894,45.589
14.9600002229214,45.288
14.9733335564534,45.022
14.9866668899854,44.758
15.0000002235174,44.487
15.0133335570494,44.208
15.0266668905814,43.924
15.0400002241135,43.666
15.0533335576455,43.384
15.0666668911775,43.106
15.0800002247095,42.831
15.0933335582415,42.563
15.1066668917735,42.309
15.1200002253056,42.053
15.1333335588376,41.804
15.1466668923696,41.552
15.1600002259016,41.276
15.1733335594336,41.027
15.1866668929656,40.782
15.2000002264977,40.53
15.2133335600297,40.271
15.2266668935617,40.015
15.2400002270937,39.798
15.2533335606257,39.577
15.2666668941577,39.347
15.2800002276897,39.112
15.2933335612218,38.893
15.3066668947538,38.69
15.3200002282858,38.48
15.3333335618178,38.273
15.3466668953498,38.074
15.3600002288818,37.885
15.3733335624139,37.675
15.3866668959459,37.48
15.4000002294779,37.295
15.4133335630099,37.118
15.4266668965419,36.928
15.4400002300739,36.722
15.4533335636059,36.532
15.466666897138,36.359
15.48000023067,36.187
15.493333564202,36.001
15.506666897734,35.781
15.520000231266,35.564
15.533333564798,35.36
15.5466668983301,35.16
15.5600002318621,34.929
15.5733335653941,34.712
15.5866668989261,34.506
15.6000002324581,34.306
15.6133335659901,34.105
15.6266668995221,33.898
15.6400002330542,33.677
15.6533335665862,33.449
15.6666669001182,33.217
15.6800002336502,32.998
15.6933335671822,32.798
15.7066669007142,32.609
15.7200002342463,32.424
15.7333335677783,32.245
15.7466669013103,32.057
15.7600002348423,31.903
15.7733335683743,31.714
15.7866669019063,31.513
15.8000002354383,31.295
15.8133335689704,31.083
15.8266669025024,30.892
15.8400002360344,30.685
15.8533335695664,30.484
15.8666669030984,30.299
15.8800002366304,30.085
15.8933335701625,29.911
15.9066669036945,29.714
15.9200002372265,29.512
15.9333335707585,29.306
15.9466669042905,29.132
15.9600002378225,28.952
15.9733335713545,28.749
15.9866669048866,28.53
16.0000002384186,28.356
16.0133335719506,28.161
16.0266669054826,27.95
16.0400002390146,27.747
16.0533335725466,27.562
16.0666669060787,27.412
16.0800002396107,27.231
16.0933335731427,27.064
16.1066669066747,26.898
16.1200002402067,26.727
16.1333335737387,26.589
16.1466669072707,26.414
16.1600002408028,26.262
16.1733335743348,26.116
16.1866669078668,25.949
16.2000002413988,25.801
16.2133335749308,25.631
16.2266669084628,25.46
16.2400002419949,25.299
16.2533335755269,25.136
16.2666669090589,24.995
16.2800002425909,24.845
16.2933335761229,24.694
16.3066669096549,24.552
16.320000243187,24.439
16.333333576719,24.272
16.346666910251,24.105
16.360000243783,23.953
16.373333577315,23.819
16.386666910847,23.678
16.400000244379,23.514
16.4133335779111,23.368
16.4266669114431,23.236
16.4400002449751,23.106
16.4533335785071,22.978
16.4666669120391,22.85
16.4800002455711,22.724
16.4933335791032,22.589
16.5066669126352,22.439
16.5200002461672,22.314
16.5333335796992,22.166
16.5466669132312,22.016
16.5600002467632,21.872
16.5733335802952,21.74
16.5866669138273,21.606
16.6000002473593,21.48
16.6133335808913,21.35
16.6266669144233,21.211
16.6400002479553,21.061
16.6533335814873,20.919
16.6666669150194,20.778
16.6800002485514,20.634
16.6933335820834,20.487
16.7066669156154,20.373
16.7200002491474,20.255
16.7333335826794,20.127
16.7466669162114,19.992
16.7600002497435,19.866
16.7733335832755,19.753
16.7866669168075,19.615
16.8000002503395,19.488
16.8133335838715,19.369
16.8266669174035,19.246
16.8400002509356,19.127
16.8533335844676,18.989
16.8666669179996,18.87
16.8800002515316,18.756
16.8933335850636,18.624
16.9066669185956,18.536
16.9200002521276,18.449
16.9333335856597,18.361
16.9466669191917,18.273
16.9600002527237,18.18
16.9733335862557,18.11
16.9866669197877,18.022
17.0000002533197,17.926
17.0133335868518,17.841
17.0266669203838,17.778
17.0400002539158,17.679
17.0533335874478,17.59
17.0666669209798,17.503
17.0800002545118,17.416
17.0933335880438,17.365
17.1066669215759,17.245
17.1200002551079,17.14
17.1333335886399,17.041
17.1466669221719,16.933
17.1600002557039,16.827
17.1733335892359,16.691
17.186666922768,16.592
17.2000002563,16.509
17.213333589832,16.394
17.226666923364,16.315
17.240000256896,16.221
17.253333590428,16.121
17.26666692396,16.015
17.2800002574921,15.879
17.2933335910241,15.79
17.3066669245561,15.672
17.3200002580881,15.546
17.3333335916201,15.444
17.3466669251521,15.362
17.3600002586842,15.272
17.3733335922162,15.169
17.3866669257482,15.075
17.4000002592802,14.996
17.4133335928122,14.934
17.4266669263442,14.829
17.4400002598763,14.731
17.4533335934083,14.648
17.4666669269403,14.568
17.4800002604723,14.479
17.4933335940043,14.382
17.5066669275363,14.295
17.5200002610683,14.216
17.5333335946004,14.119
17.5466669281324,14.046
17.5600002616644,13.946
17.5733335951964,13.83
17.5866669287284,13.717
17.6000002622604,13.606
17.6133335957925,13.522
17.6266669293245,13.425
17.6400002628565,13.342
17.6533335963885,13.279
17.6666669299205,13.205
17.6800002634525,13.123
17.6933335969845,13.032
17.7066669305166,12.948
17.7200002640486,12.871
17.7333335975806,12.779
17.7466669311126,12.714
17.7600002646446,12.646
17.7733335981766,12.589
17.7866669317087,12.54
17.8000002652407,12.484
17.8133335987727,12.42
17.8266669323047,12.35
17.8400002658367,12.288
17.8533335993687,12.234
17.8666669329007,12.193
17.8800002664328,12.115
17.8933335999648,12.035
17.9066669334968,11.971
17.9200002670288,11.914
17.9333336005608,11.844
17.9466669340928,11.758
17.9600002676249,11.688
17.9733336011569,11.639
17.9866669346889,11.592
18.0000002682209,11.513
18.0133336017529,11.453
18.0266669352849,11.393
18.0400002688169,11.326
18.053333602349,11.257
18.066666935881,11.166
18.080000269413,11.089
18.093333602945,11.018
18.106666936477,10.941
18.120000270009,10.87
18.1333336035411,10.784
18.1466669370731,10.716
18.1600002706051,10.659
18.1733336041371,10.602
18.1866669376691,10.54
18.2000002712011,10.478
18.2133336047332,10.423
18.2266669382652,10.368
18.2400002717972,10.298
18.2533336053292,10.216
18.2666669388612,10.134
18.2800002723932,10.068
18.2933336059252,10.011
18.3066669394573,9.953
18.3200002729893,9.89
18.3333336065213,9.839
18.3466669400533,9.797
18.3600002735853,9.759
18.3733336071173,9.717
18.3866669406494,9.658
18.4000002741814,9.614
18.4133336077134,9.58
18.4266669412454,9.547
18.4400002747774,9.497
18.4533336083094,9.43599999999999
18.4666669418414,9.389
18.4800002753735,9.345
18.4933336089055,9.288
18.5066669424375,9.233
18.5200002759695,9.199
18.5333336095015,9.174
18.5466669430335,9.15
18.5600002765656,9.116
18.5733336100976,9.082
18.5866669436296,9.081
18.6000002771616,9.073
18.6133336106936,9.05
18.6266669442256,9.009
18.6400002777576,8.972
18.6533336112897,8.955
18.6666669448217,8.92400000000001
18.6800002783537,8.877
18.6933336118857,8.84
18.7066669454177,8.816
18.7200002789497,8.793
18.7333336124818,8.75700000000001
18.7466669460138,8.706
18.7600002795458,8.658
18.7733336130778,8.611
18.7866669466098,8.56400000000001
18.8000002801418,8.528
18.8133336136738,8.505
18.8266669472059,8.501
18.8400002807379,8.461
18.8533336142699,8.429
18.8666669478019,8.403
18.8800002813339,8.383
18.8933336148659,8.35299999999999
18.906666948398,8.301
18.92000028193,8.267
18.933333615462,8.237
18.946666948994,8.17999999999999
18.960000282526,8.13200000000001
18.973333616058,8.086
18.9866669495901,8.033
19.0000002831221,7.986
19.0133336166541,7.95
19.0266669501861,7.931
19.0400002837181,7.902
19.0533336172501,7.854
19.0666669507821,7.801
19.0800002843142,7.791
19.0933336178462,7.749
19.1066669513782,7.691
19.1200002849102,7.641
19.1333336184422,7.608
19.1466669519742,7.584
19.1600002855062,7.526
19.1733336190383,7.491
19.1866669525703,7.467
19.2000002861023,7.439
19.2133336196343,7.402
19.2266669531663,7.354
19.2400002866983,7.315
19.2533336202304,7.289
19.2666669537624,7.262
19.2800002872944,7.221
19.2933336208264,7.184
19.3066669543584,7.149
19.3200002878904,7.11300000000001
19.3333336214225,7.069
19.3466669549545,7.017
19.3600002884865,6.98
19.3733336220185,6.948
19.3866669555505,6.918
19.4000002890825,6.907
19.4133336226145,6.901
19.4266669561466,6.885
19.4400002896786,6.866
19.4533336232106,6.85
19.4666669567426,6.82300000000001
19.4800002902746,6.776
19.4933336238066,6.74
19.5066669573387,6.69799999999999
19.5200002908707,6.644
19.5333336244027,6.619
19.5466669579347,6.583
19.5600002914667,6.56
19.5733336249987,6.535
19.5866669585307,6.494
19.6000002920628,6.47600000000001
19.6133336255948,6.42999999999999
19.6266669591268,6.408
19.6400002926588,6.399
19.6533336261908,6.365
19.6666669597228,6.369
19.6800002932549,6.347
19.6933336267869,6.337
19.7066669603189,6.32300000000001
19.7200002938509,6.257
19.7333336273829,6.221
19.7466669609149,6.178
19.7600002944469,6.131
19.773333627979,6.09
19.786666961511,6.033
19.800000295043,6.009
19.813333628575,6.011
19.826666962107,6.003
19.840000295639,5.975
19.8533336291711,5.965
19.8666669627031,5.936
19.8800002962351,5.907
19.8933336297671,5.871
19.9066669632991,5.813
19.9200002968311,5.776
19.9333336303631,5.765
19.9466669638952,5.763
19.9600002974272,5.758
19.9733336309592,5.741
19.9866669644912,5.747
20.0000002980232,5.751
20.0133336315552,5.746
20.0266669650873,5.734
20.0400002986193,5.724
20.0533336321513,5.76
20.0666669656833,5.755
20.0800002992153,5.74
20.0933336327473,5.725
20.1066669662793,5.704
20.1200002998114,5.698
20.1333336333434,5.68
20.1466669668754,5.661
20.1600003004074,5.658
20.1733336339394,5.659
20.1866669674714,5.656
20.2000003010035,5.639
20.2133336345355,5.617
20.2266669680675,5.598
20.2400003015995,5.602
20.2533336351315,5.575
20.2666669686635,5.558
20.2800003021955,5.559
20.2933336357276,5.573
20.3066669692596,5.547
20.3200003027916,5.514
20.3333336363236,5.487
20.3466669698556,5.471
20.3600003033876,5.455
20.3733336369197,5.419
20.3866669704517,5.409
20.4000003039837,5.391
20.4133336375157,5.361
20.4266669710477,5.338
20.4400003045797,5.323
20.4533336381118,5.288
20.4666669716438,5.241
20.4800003051758,5.199
20.4933336387078,5.2
20.5066669722398,5.183
20.5200003057718,5.14700000000001
20.5333336393038,5.106
20.5466669728359,5.076
20.5600003063679,5.056
20.5733336398999,5.012
20.5866669734319,4.973
20.6000003069639,4.955
20.6133336404959,4.954
20.626666974028,4.943
20.64000030756,4.947
20.653333641092,4.934
20.666666974624,4.916
20.680000308156,4.91
20.693333641688,4.852
20.70666697522,4.841
20.7200003087521,4.823
20.7333336422841,4.806
20.7466669758161,4.844
20.7600003093481,4.844
20.7733336428801,4.852
20.7866669764121,4.862
20.8000003099441,4.859
20.8133336434762,4.851
20.8266669770082,4.819
20.8400003105402,4.782
20.8533336440722,4.765
20.8666669776042,4.764
20.8800003111362,4.716
20.8933336446683,4.709
20.9066669782003,4.673
20.9200003117323,4.639
20.9333336452643,4.637
20.9466669787963,4.575
20.9600003123283,4.566
20.9733336458604,4.544
20.9866669793924,4.516
21.0000003129244,4.523
21.0133336464564,4.499
21.0266669799884,4.503
21.0400003135204,4.498
21.0533336470524,4.478
21.0666669805845,4.473
21.0800003141165,4.485
21.0933336476485,4.476
21.1066669811805,4.447
21.1200003147125,4.413
21.1333336482445,4.401
21.1466669817766,4.38
21.1600003153086,4.343
21.1733336488406,4.31
21.1866669823726,4.301
21.2000003159046,4.312
21.2133336494366,4.287
21.2266669829686,4.259
21.2400003165007,4.244
21.2533336500327,4.239
21.2666669835647,4.207
21.2800003170967,4.18
21.2933336506287,4.168
21.3066669841607,4.172
21.3200003176928,4.19
21.3333336512248,4.195
21.3466669847568,4.199
21.3600003182888,4.206
21.3733336518208,4.208
21.3866669853528,4.204
21.4000003188848,4.203
21.4133336524169,4.197
21.4266669859489,4.202
21.4400003194809,4.221
21.4533336530129,4.243
21.4666669865449,4.269
21.4800003200769,4.288
21.493333653609,4.287
21.506666987141,4.269
21.520000320673,4.237
21.533333654205,4.214
21.546666987737,4.202
21.560000321269,4.17999999999999
21.5733336548011,4.142
21.5866669883331,4.135
21.6000003218651,4.141
21.6133336553971,4.139
21.6266669889291,4.125
21.6400003224611,4.103
21.6533336559931,4.1
21.6666669895252,4.1
21.6800003230572,4.083
21.6933336565892,4.056
21.7066669901212,4.036
21.7200003236532,4.008
21.7333336571852,3.988
21.7466669907173,3.977
21.7600003242493,3.975
21.7733336577813,3.986
21.7866669913133,3.984
21.8000003248453,3.992
21.8133336583773,3.996
21.8266669919093,3.987
21.8400003254414,3.971
21.8533336589734,3.942
21.8666669925054,3.909
21.8800003260374,3.88
21.8933336595694,3.855
21.9066669931014,3.842
21.9200003266334,3.822
21.9333336601655,3.812
21.9466669936975,3.819
21.9600003272295,3.838
21.9733336607615,3.83
21.9866669942935,3.811
22.0000003278255,3.8
22.0133336613576,3.796
22.0266669948896,3.79000000000001
22.0400003284216,3.75
22.0533336619536,3.722
22.0666669954856,3.717
22.0800003290176,3.722
22.0933336625497,3.711
22.1066669960817,3.685
22.1200003296137,3.672
22.1333336631457,3.67
22.1466669966777,3.66200000000001
22.1600003302097,3.618
22.1733336637417,3.604
22.1866669972738,3.609
22.2000003308058,3.625
22.2133336643378,3.639
22.2266669978698,3.633
22.2400003314018,3.646
22.2533336649338,3.665
22.2666669984659,3.68
22.2800003319979,3.685
22.2933336655299,3.664
22.3066669990619,3.667
22.3200003325939,3.666
22.3333336661259,3.656
22.3466669996579,3.629
22.36000033319,3.595
22.373333666722,3.57
22.386667000254,3.542
22.400000333786,3.52
22.413333667318,3.525
22.42666700085,3.533
22.4400003343821,3.535
22.4533336679141,3.533
22.4666670014461,3.539
22.4800003349781,3.567
22.4933336685101,3.562
22.5066670020421,3.558
22.5200003355741,3.556
22.5333336691062,3.564
22.5466670026382,3.602
22.5600003361702,3.588
22.5733336697022,3.567
22.5866670032342,3.545
22.6000003367662,3.528
22.6133336702983,3.542
22.6266670038303,3.514
22.6400003373623,3.482
22.6533336708943,3.461
22.6666670044263,3.456
22.6800003379583,3.459
22.6933336714904,3.457
22.7066670050224,3.452
22.7200003385544,3.461
22.7333336720864,3.496
22.7466670056184,3.502
22.7600003391504,3.499
22.7733336726824,3.483
22.7866670062145,3.458
22.8000003397465,3.445
22.8133336732785,3.412
22.8266670068105,3.411
22.8400003403425,3.411
22.8533336738745,3.401
22.8666670074066,3.394
22.8800003409386,3.392
22.8933336744706,3.401
22.9066670080026,3.403
22.9200003415346,3.388
22.9333336750666,3.386
22.9466670085986,3.392
22.9600003421307,3.387
22.9733336756627,3.387
22.9866670091947,3.401
23.0000003427267,3.398
23.0133336762587,3.4
23.0266670097907,3.398
23.0400003433228,3.392
23.0533336768548,3.392
23.0666670103868,3.359
23.0800003439188,3.354
23.0933336774508,3.342
23.1066670109828,3.326
23.1200003445148,3.323
23.1333336780469,3.354
23.1466670115789,3.369
23.1600003451109,3.378
23.1733336786429,3.383
23.1866670121749,3.395
23.2000003457069,3.386
23.213333679239,3.374
23.226667012771,3.358
23.240000346303,3.344
23.253333679835,3.334
23.266667013367,3.335
23.280000346899,3.328
23.293333680431,3.327
23.3066670139631,3.332
23.3200003474951,3.32
23.3333336810271,3.311
23.3466670145591,3.306
23.3600003480911,3.302
23.3733336816231,3.297
23.3866670151552,3.256
23.4000003486872,3.247
23.4133336822192,3.22799999999999
23.4266670157512,3.194
23.4400003492832,3.165
23.4533336828152,3.18
23.4666670163473,3.178
23.4800003498793,3.182
23.4933336834113,3.198
23.5066670169433,3.231
23.5200003504753,3.219
23.5333336840073,3.201
23.5466670175393,3.195
23.5600003510714,3.207
23.5733336846034,3.191
23.5866670181354,3.182
23.6000003516674,3.185
23.6133336851994,3.193
23.6266670187314,3.19
23.6400003522635,3.176
23.6533336857955,3.159
23.6666670193275,3.138
23.6800003528595,3.118
23.6933336863915,3.113
23.7066670199235,3.132
23.7200003534555,3.114
23.7333336869876,3.094
23.7466670205196,3.085
23.7600003540516,3.089
23.7733336875836,3.083
23.7866670211156,3.067
23.8000003546476,3.051
23.8133336881797,3.047
23.8266670217117,3.047
23.8400003552437,3.035
23.8533336887757,3.035
23.8666670223077,3.026
23.8800003558397,3.002
23.8933336893717,2.999
23.9066670229038,2.998
23.9200003564358,2.979
23.9333336899678,2.965
23.9466670234998,2.961
23.9600003570318,2.961
23.9733336905638,2.969
23.9866670240959,2.967
24.0000003576279,2.965
24.0133336911599,2.976
24.0266670246919,2.95
24.0400003582239,2.961
24.0533336917559,2.958
24.0666670252879,2.949
24.08000035882,2.955
24.093333692352,2.919
24.106667025884,2.907
24.120000359416,2.888
24.133333692948,2.864
24.14666702648,2.858
24.1600003600121,2.829
24.1733336935441,2.812
24.1866670270761,2.806
24.2000003606081,2.795
24.2133336941401,2.767
24.2266670276721,2.771
24.2400003612041,2.755
24.2533336947362,2.748
24.2666670282682,2.756
24.2800003618002,2.736
24.2933336953322,2.727
24.3066670288642,2.718
24.3200003623962,2.711
24.3333336959283,2.721
24.3466670294603,2.703
24.3600003629923,2.725
24.3733336965243,2.734
24.3866670300563,2.732
24.4000003635883,2.72
24.4133336971203,2.706
24.4266670306524,2.712
24.4400003641844,2.701
24.4533336977164,2.679
24.4666670312484,2.682
24.4800003647804,2.664
24.4933336983124,2.66
24.5066670318445,2.651
24.5200003653765,2.636
24.5333336989085,2.648
24.5466670324405,2.663
24.5600003659725,2.67
24.5733336995045,2.677
24.5866670330366,2.685
24.6000003665686,2.699
24.6133337001006,2.687
24.6266670336326,2.674
24.6400003671646,2.668
24.6533337006966,2.679
24.6666670342286,2.69
24.6800003677607,2.698
24.6933337012927,2.715
24.7066670348247,2.724
24.7200003683567,2.711
24.7333337018887,2.703
24.7466670354207,2.704
24.7600003689528,2.718
24.7733337024848,2.733
24.7866670360168,2.727
24.8000003695488,2.738
24.8133337030808,2.753
24.8266670366128,2.756
24.8400003701448,2.73699999999999
24.8533337036769,2.695
24.8666670372089,2.676
24.8800003707409,2.681
24.8933337042729,2.684
24.9066670378049,2.676
24.9200003713369,2.669
24.933333704869,2.676
24.946667038401,2.681
24.960000371933,2.673
24.973333705465,2.65
24.986667038997,2.642
25.000000372529,2.642
25.013333706061,2.635
25.0266670395931,2.629
25.0400003731251,2.636
25.0533337066571,2.636
25.0666670401891,2.637
25.0800003737211,2.635
25.0933337072531,2.631
25.1066670407852,2.63
25.1200003743172,2.625
25.1333337078492,2.633
25.1466670413812,2.633
25.1600003749132,2.629
25.1733337084452,2.642
25.1866670419772,2.65
25.2000003755093,2.64
25.2133337090413,2.637
25.2266670425733,2.653
25.2400003761053,2.689
25.2533337096373,2.693
25.2666670431693,2.694
25.2800003767014,2.701
25.2933337102334,2.718
25.3066670437654,2.708
25.3200003772974,2.702
25.3333337108294,2.691
25.3466670443614,2.69
25.3600003778934,2.708
25.3733337114255,2.725
25.3866670449575,2.728
25.4000003784895,2.719
25.4133337120215,2.702
25.4266670455535,2.694
25.4400003790855,2.699
25.4533337126176,2.676
25.4666670461496,2.654
25.4800003796816,2.645
25.4933337132136,2.647
25.5066670467456,2.653
25.5200003802776,2.644
25.5333337138096,2.628
25.5466670473417,2.623
25.5600003808737,2.626
25.5733337144057,2.612
25.5866670479377,2.583
25.6000003814697,2.56
25.6133337150017,2.554
25.6266670485338,2.59
25.6400003820658,2.584
25.6533337155978,2.579
25.6666670491298,2.584
25.6800003826618,2.606
25.6933337161938,2.617
25.7066670497259,2.598
25.7200003832579,2.602
25.7333337167899,2.617
25.7466670503219,2.618
25.7600003838539,2.62
25.7733337173859,2.608
25.7866670509179,2.597
25.80000038445,2.595
25.813333717982,2.594
25.826667051514,2.618
25.840000385046,2.633
25.853333718578,2.651
25.86666705211,2.673
25.8800003856421,2.688
25.8933337191741,2.685
25.9066670527061,2.687
25.9200003862381,2.694
25.9333337197701,2.698
25.9466670533021,2.669
25.9600003868341,2.651
25.9733337203662,2.638
25.9866670538982,2.624
26.0000003874302,2.602
26.0133337209622,2.565
26.0266670544942,2.563
26.0400003880262,2.559
26.0533337215583,2.556
26.0666670550903,2.562
26.0800003886223,2.575
26.0933337221543,2.6
26.1066670556863,2.62
26.1200003892183,2.634
26.1333337227503,2.658
26.1466670562824,2.672
26.1600003898144,2.665
26.1733337233464,2.673
26.1866670568784,2.699
26.2000003904104,2.727
26.2133337239424,2.745
26.2266670574745,2.733
26.2400003910065,2.729
26.2533337245385,2.736
26.2666670580705,2.713
26.2800003916025,2.687
26.2933337251345,2.65000000000001
26.3066670586665,2.629
26.3200003921986,2.631
26.3333337257306,2.611
26.3466670592626,2.591
26.3600003927946,2.593
26.3733337263266,2.607
26.3866670598586,2.62
26.4000003933907,2.61
26.4133337269227,2.6
26.4266670604547,2.593
26.4400003939867,2.587
26.4533337275187,2.575
26.4666670610507,2.568
26.4800003945827,2.573
26.4933337281148,2.574
26.5066670616468,2.572
26.5200003951788,2.574
26.5333337287108,2.557
26.5466670622428,2.55
26.5600003957748,2.538
26.5733337293069,2.527
26.5866670628389,2.542
26.6000003963709,2.536
26.6133337299029,2.534
26.6266670634349,2.531
26.6400003969669,2.521
26.6533337304989,2.517
26.666667064031,2.495
26.680000397563,2.488
26.693333731095,2.487
26.706667064627,2.483
26.720000398159,2.484
26.733333731691,2.497
26.7466670652231,2.516
26.7600003987551,2.531
26.7733337322871,2.531
26.7866670658191,2.525
26.8000003993511,2.513
26.8133337328831,2.516
26.8266670664152,2.525
26.8400003999472,2.522
26.8533337334792,2.52
26.8666670670112,2.517
26.8800004005432,2.519
26.8933337340752,2.518
26.9066670676072,2.49
26.9200004011393,2.463
26.9333337346713,2.45
26.9466670682033,2.443
26.9600004017353,2.443
26.9733337352673,2.462
26.9866670687993,2.472
27.0000004023314,2.487
27.0133337358634,2.497
27.0266670693954,2.499
27.0400004029274,2.529
27.0533337364594,2.521
27.0666670699914,2.511
27.0800004035234,2.521
27.0933337370555,2.553
27.1066670705875,2.576
27.1200004041195,2.576
27.1333337376515,2.566
27.1466670711835,2.556
27.1600004047155,2.552
27.1733337382476,2.533
27.1866670717796,2.517
27.2000004053116,2.507
27.2133337388436,2.51
27.2266670723756,2.541
27.2400004059076,2.592
27.2533337394396,2.613
27.2666670729717,2.624
27.2800004065037,2.642
27.2933337400357,2.665
27.3066670735677,2.661
27.3200004070997,2.633
27.3333337406317,2.593
27.3466670741638,2.569
27.3600004076958,2.592
27.3733337412278,2.58
27.3866670747598,2.571
27.4000004082918,2.576
27.4133337418238,2.592
27.4266670753558,2.61
27.4400004088879,2.604
27.4533337424199,2.605
27.4666670759519,2.618
27.4800004094839,2.633
27.4933337430159,2.614
27.5066670765479,2.604
27.52000041008,2.595
27.533333743612,2.583
27.546667077144,2.569
27.560000410676,2.553
27.573333744208,2.546
27.58666707774,2.545
27.600000411272,2.54
27.6133337448041,2.516
27.6266670783361,2.496
27.6400004118681,2.469
27.6533337454001,2.44
27.6666670789321,2.419
27.6800004124641,2.418
27.6933337459962,2.436
27.7066670795282,2.448
27.7200004130602,2.452
27.7333337465922,2.46
27.7466670801242,2.491
27.7600004136562,2.486
27.7733337471882,2.473
27.7866670807203,2.459
27.8000004142523,2.445
27.8133337477843,2.44
27.8266670813163,2.411
27.8400004148483,2.379
27.8533337483803,2.349
27.8666670819124,2.316
27.8800004154444,2.322
27.8933337489764,2.31
27.9066670825084,2.31
27.9200004160404,2.323
27.9333337495724,2.333
27.9466670831045,2.367
27.9600004166365,2.38
27.9733337501685,2.377
27.9866670837005,2.374
28.0000004172325,2.352
28.0133337507645,2.365
28.0266670842965,2.362
28.0400004178286,2.351
28.0533337513606,2.343
28.0666670848926,2.36
28.0800004184246,2.359
28.0933337519566,2.353
28.1066670854886,2.357
28.1200004190207,2.383
28.1333337525527,2.372
28.1466670860847,2.37
28.1600004196167,2.388
28.1733337531487,2.408
28.1866670866807,2.407
28.2000004202127,2.371
28.2133337537448,2.354
28.2266670872768,2.34
28.2400004208088,2.326
28.2533337543408,2.311
28.2666670878728,2.315
28.2800004214048,2.317
28.2933337549369,2.326
28.3066670884689,2.341
28.3200004220009,2.355
28.3333337555329,2.355
28.3466670890649,2.365
28.3600004225969,2.376
28.3733337561289,2.389
28.386667089661,2.404
28.400000423193,2.418
28.413333756725,2.434
28.426667090257,2.444
28.440000423789,2.446
28.453333757321,2.48
28.4666670908531,2.487
28.4800004243851,2.483
28.4933337579171,2.469
28.5066670914491,2.442
28.5200004249811,2.424
28.5333337585131,2.406
28.5466670920451,2.394
28.5600004255772,2.388
28.5733337591092,2.379
28.5866670926412,2.384
28.6000004261732,2.397
28.6133337597052,2.395
28.6266670932372,2.375
28.6400004267693,2.35
28.6533337603013,2.355
28.6666670938333,2.359
28.6800004273653,2.356
28.6933337608973,2.347
28.7066670944293,2.361
28.7200004279613,2.364
28.7333337614934,2.367
28.7466670950254,2.368
28.7600004285574,2.365
28.7733337620894,2.356
28.7866670956214,2.359
28.8000004291534,2.36
28.8133337626855,2.368
28.8266670962175,2.387
28.8400004297495,2.387
28.8533337632815,2.398
28.8666670968135,2.396
28.8800004303455,2.383
28.8933337638776,2.379
28.9066670974096,2.371
28.9200004309416,2.363
28.9333337644736,2.366
28.9466670980056,2.372
28.9600004315376,2.372
28.9733337650696,2.389
28.9866670986017,2.386
29.0000004321337,2.39
29.0133337656657,2.406
29.0266670991977,2.393
29.0400004327297,2.394
29.0533337662617,2.388
29.0666670997938,2.378
29.0800004333258,2.369
29.0933337668578,2.343
29.1066671003898,2.313
29.1200004339218,2.312
29.1333337674538,2.319
29.1466671009858,2.313
29.1600004345179,2.303
29.1733337680499,2.304
29.1866671015819,2.315
29.2000004351139,2.328
29.2133337686459,2.318
29.2266671021779,2.321
29.24000043571,2.332
29.253333769242,2.33
29.266667102774,2.325
29.280000436306,2.344
29.293333769838,2.336
29.30666710337,2.327
29.320000436902,2.316
29.3333337704341,2.307
29.3466671039661,2.312
29.3600004374981,2.314
29.3733337710301,2.306
29.3866671045621,2.307
29.4000004380941,2.321
29.4133337716262,2.331
29.4266671051582,2.342
29.4400004386902,2.341
29.4533337722222,2.342
29.4666671057542,2.365
29.4800004392862,2.372
29.4933337728182,2.376
29.5066671063503,2.372
29.5200004398823,2.373
29.5333337734143,2.392
29.5466671069463,2.404
29.5600004404783,2.41
29.5733337740103,2.403
29.5866671075424,2.398
29.6000004410744,2.41800000000001
29.6133337746064,2.384
29.6266671081384,2.372
29.6400004416704,2.367
29.6533337752024,2.364
29.6666671087344,2.365
29.6800004422665,2.36
29.6933337757985,2.361
29.7066671093305,2.358
29.7200004428625,2.337
29.7333337763945,2.318
29.7466671099265,2.332
29.7600004434586,2.325
29.7733337769906,2.326
29.7866671105226,2.354
29.8000004440546,2.358
29.8133337775866,2.356
29.8266671111186,2.353
29.8400004446507,2.354
29.8533337781827,2.36799999999999
29.8666671117147,2.335
29.8800004452467,2.319
29.8933337787787,2.307
29.9066671123107,2.295
29.9200004458427,2.27200000000001
29.9333337793748,2.246
29.9466671129068,2.229
29.9600004464388,2.20699999999999
29.9733337799708,2.181
29.9866671135028,2.167
30.0000004470348,2.163
30.0133337805669,2.163
30.0266671140989,2.167
30.0400004476309,2.177
30.0533337811629,2.192
30.0666671146949,2.203
30.0800004482269,2.203
30.0933337817589,2.2
30.106667115291,2.206
30.120000448823,2.24
30.133333782355,2.235
30.146667115887,2.229
30.160000449419,2.23
30.173333782951,2.239
30.1866671164831,2.237
30.2000004500151,2.24
30.2133337835471,2.239
30.2266671170791,2.247
30.2400004506111,2.257
30.2533337841431,2.258
30.2666671176751,2.261
30.2800004512072,2.247
30.2933337847392,2.221
30.3066671182712,2.219
30.3200004518032,2.214
30.3333337853352,2.21
30.3466671188672,2.205
30.3600004523993,2.199
30.3733337859313,2.196
30.3866671194633,2.196
30.4000004529953,2.186
30.4133337865273,2.187
30.4266671200593,2.209
30.4400004535913,2.237
30.4533337871234,2.252
30.4666671206554,2.272
30.4800004541874,2.29900000000001
30.4933337877194,2.332
30.5066671212514,2.349
30.5200004547834,2.337
30.5333337883155,2.336
30.5466671218475,2.342
30.5600004553795,2.338
30.5733337889115,2.332
30.5866671224435,2.317
30.6000004559755,2.308
30.6133337895075,2.304
30.6266671230396,2.285
30.6400004565716,2.28
30.6533337901036,2.284
30.6666671236356,2.292
30.6800004571676,2.298
30.6933337906996,2.291
30.7066671242317,2.319
30.7200004577637,2.332
30.7333337912957,2.333
30.7466671248277,2.327
30.7600004583597,2.321
30.7733337918917,2.333
30.7866671254237,2.322
30.8000004589558,2.303
30.8133337924878,2.294
30.8266671260198,2.28
30.8400004595518,2.27
30.8533337930838,2.252
30.8666671266158,2.229
30.8800004601479,2.209
30.8933337936799,2.231
30.9066671272119,2.224
30.9200004607439,2.224
30.9333337942759,2.232
30.9466671278079,2.243
30.96000046134,2.248
30.973333794872,2.229
30.986667128404,2.216
31.000000461936,2.217
31.013333795468,2.199
31.026667129,2.216
31.040000462532,2.219
31.0533337960641,2.219
31.0666671295961,2.219
31.0800004631281,2.235
31.0933337966601,2.229
31.1066671301921,2.211
31.1200004637241,2.2
31.1333337972562,2.208
31.1466671307882,2.182
31.1600004643202,2.156
31.1733337978522,2.142
31.1866671313842,2.129
31.2000004649162,2.108
31.2133337984482,2.115
31.2266671319803,2.135
31.2400004655123,2.144
31.2533337990443,2.132
31.2666671325763,2.11
31.2800004661083,2.131
31.2933337996403,2.136
31.3066671331724,2.131
31.3200004667044,2.126
31.3333338002364,2.122
31.3466671337684,2.172
31.3600004673004,2.18
31.3733338008324,2.176
31.3866671343644,2.175
31.4000004678965,2.184
31.4133338014285,2.206
31.4266671349605,2.202
31.4400004684925,2.20399999999999
31.4533338020245,2.237
31.4666671355565,2.26
31.4800004690886,2.258
31.4933338026206,2.245
31.5066671361526,2.232
31.5200004696846,2.228
31.5333338032166,2.21299999999999
31.5466671367486,2.16500000000001
31.5600004702806,2.13
31.5733338038127,2.112
31.5866671373447,2.099
31.6000004708767,2.08
31.6133338044087,2.047
31.6266671379407,2.024
31.6400004714727,2.026
31.6533338050048,2.047
31.6666671385368,2.074
31.6800004720688,2.093
31.6933338056008,2.109
31.7066671391328,2.123
31.7200004726648,2.137
31.7333338061968,2.132
31.7466671397289,2.10599999999999
31.7600004732609,2.076
31.7733338067929,2.06
31.7866671403249,2.08
31.8000004738569,2.076
31.8133338073889,2.062
31.826667140921,2.051
31.840000474453,2.053
31.853333807985,2.052
31.866667141517,2.035
31.880000475049,2.025
31.893333808581,2.024
31.906667142113,2.021
31.9200004756451,2.004
31.9333338091771,2.028
31.9466671427091,2.037
31.9600004762411,2.034
31.9733338097731,2.046
31.9866671433051,2.067
32.0000004768372,2.08
32.0133338103692,2.077
32.0266671439012,2.058
32.0400004774332,2.063
32.0533338109652,2.055
32.0666671444972,2.029
32.0800004780293,2.014
32.0933338115613,2.019
32.1066671450933,2.01
32.1200004786253,2.023
32.1333338121573,2.031
32.1466671456893,2.043
32.1600004792213,2.06999999999999
32.1733338127534,2.101
32.1866671462854,2.109
32.2000004798174,2.118
32.2133338133494,2.128
32.2266671468814,2.143
32.2400004804134,2.138
32.2533338139455,2.124
32.2666671474775,2.13
32.2800004810095,2.141
32.2933338145415,2.118
32.3066671480735,2.11
32.3200004816055,2.11
32.3333338151375,2.101
32.3466671486696,2.07100000000001
32.3600004822016,2.021
32.3733338157336,2.017
32.3866671492656,2.013
32.4000004827976,2.0
32.4133338163296,1.979
32.4266671498617,1.948
32.4400004833937,1.955
32.4533338169257,1.959
32.4666671504577,1.951
32.4800004839897,1.934
32.4933338175217,1.937
32.5066671510537,1.957
32.5200004845858,1.965
32.5333338181178,1.964
32.5466671516498,1.966
32.5600004851818,1.979
32.5733338187138,1.979
32.5866671522458,1.978
32.6000004857779,1.977
32.6133338193099,1.974
32.6266671528419,1.975
32.6400004863739,1.947
32.6533338199059,1.925
32.6666671534379,1.917
32.68000048697,1.922
32.693333820502,1.949
32.706667154034,1.954
32.720000487566,1.968
32.733333821098,2.004
32.74666715463,2.035
32.760000488162,2.052
32.7733338216941,2.06
32.7866671552261,2.061
32.8000004887581,2.059
32.8133338222901,2.053
32.8266671558221,2.044
32.8400004893541,2.026
32.8533338228861,2.01
32.8666671564182,2.006
32.8800004899502,2.032
32.8933338234822,2.038
32.9066671570142,2.055
32.9200004905462,2.089
32.9333338240782,2.137
32.9466671576103,2.158
32.9600004911423,2.169
32.9733338246743,2.193
32.9866671582063,2.226
33.0000004917383,2.236
33.0133338252703,2.215
33.0266671588024,2.207
33.0400004923344,2.207
33.0533338258664,2.19799999999999
33.0666671593984,2.16
33.0800004929304,2.138
33.0933338264624,2.151
33.1066671599944,2.162
33.1200004935265,2.152
33.1333338270585,2.124
33.1466671605905,2.128
33.1600004941225,2.117
33.1733338276545,2.092
33.1866671611865,2.062
33.2000004947186,2.077
33.2133338282506,2.087
33.2266671617826,2.095
33.2400004953146,2.106
33.2533338288466,2.128
33.2666671623786,2.137
33.2800004959106,2.135
33.2933338294427,2.129
33.3066671629747,2.125
33.3200004965067,2.121
33.3333338300387,2.119
33.3466671635707,2.125
33.3600004971027,2.128
33.3733338306348,2.13
33.3866671641668,2.141
33.4000004976988,2.152
33.4133338312308,2.151
33.4266671647628,2.145
33.4400004982948,2.135
33.4533338318268,2.134
33.4666671653589,2.149
33.4800004988909,2.144
33.4933338324229,2.141
33.5066671659549,2.148
33.5200004994869,2.141
33.5333338330189,2.157
33.546667166551,2.15
33.560000500083,2.138
33.573333833615,2.142
33.586667167147,2.141
33.600000500679,2.129
33.613333834211,2.113
33.6266671677431,2.101
33.6400005012751,2.108
33.6533338348071,2.099
33.6666671683391,2.089
33.6800005018711,2.084
33.6933338354031,2.087
33.7066671689351,2.08
33.7200005024672,2.062
33.7333338359992,2.064
33.7466671695312,2.065
33.7600005030632,2.054
33.7733338365952,2.029
33.7866671701272,2.019
33.8000005036592,2.017
33.8133338371913,2.01
33.8266671707233,1.995
33.8400005042553,1.983
33.8533338377873,2.006
33.8666671713193,2.012
33.8800005048513,2.011
33.8933338383834,2.012
33.9066671719154,1.999
33.9200005054474,1.993
33.9333338389794,1.97199999999999
33.9466671725114,1.949
33.9600005060434,1.942
33.9733338395755,1.935
33.9866671731075,1.934
34.0000005066395,1.934
34.0133338401715,1.936
34.0266671737035,1.949
34.0400005072355,1.956
34.0533338407675,1.961
34.0666671742996,1.962
34.0800005078316,1.966
34.0933338413636,1.979
34.1066671748956,1.971
34.1200005084276,1.978
34.1333338419596,1.981
34.1466671754916,1.979
34.1600005090237,1.995
34.1733338425557,1.977
34.1866671760877,1.972
34.2000005096197,1.975
34.2133338431517,1.973
34.2266671766837,1.976
34.2400005102158,1.968
34.2533338437478,1.982
34.2666671772798,2.012
34.2800005108118,2.035
34.2933338443438,2.016
34.3066671778758,1.991
34.3200005114079,2.0
34.3333338449399,2.019
34.3466671784719,2.0
34.3600005120039,1.977
34.3733338455359,1.983
34.3866671790679,1.993
34.4000005125999,1.98400000000001
34.413333846132,1.925
34.426667179664,1.953
34.440000513196,1.964
34.453333846728,1.964
34.46666718026,1.96
34.480000513792,1.98399999999999
34.4933338473241,2.011
34.5066671808561,2.004
34.5200005143881,1.985
34.5333338479201,1.988
34.5466671814521,1.994
34.5600005149841,1.993
34.5733338485161,1.994
34.5866671820482,2.002
34.6000005155802,2.016
34.6133338491122,2.025
34.6266671826442,2.024
34.6400005161762,2.009
34.6533338497082,1.991
34.6666671832403,1.989
34.6800005167723,1.987
34.6933338503043,1.977
34.7066671838363,1.959
34.7200005173683,1.952
34.7333338509003,1.98
34.7466671844323,1.976
34.7600005179644,1.958
34.7733338514964,1.947
34.7866671850284,1.95699999999999
34.8000005185604,1.99
34.8133338520924,1.98
34.8266671856244,1.98
34.8400005191565,1.99
34.8533338526885,1.997
34.8666671862205,1.984
34.8800005197525,1.992
34.8933338532845,2.001
34.9066671868165,2.008
34.9200005203485,2.003
34.9333338538806,2.018
34.9466671874126,2.021
34.9600005209446,2.01
34.9733338544766,2.001
34.9866671880086,2.018
35.0000005215406,2.018
35.0133338550727,2.027
35.0266671886047,2.03
35.0400005221367,2.031
35.0533338556687,2.03
35.0666671892007,1.998
35.0800005227327,1.996
35.0933338562647,1.993
35.1066671897968,1.98399999999999
35.1200005233288,2.019
35.1333338568608,2.036
35.1466671903928,2.042
35.1600005239248,2.043
35.1733338574568,2.043
35.1866671909889,2.05399999999999
35.2000005245209,2.026
35.2133338580529,2.015
35.2266671915849,2.01
35.2400005251169,2.005
35.2533338586489,2.008
35.266667192181,2.008
35.280000525713,2.009
35.293333859245,2.00599999999999
35.306667192777,1.984
35.320000526309,1.995
35.333333859841,1.985
35.346667193373,1.956
35.3600005269051,1.925
35.3733338604371,1.913
35.3866671939691,1.924
35.4000005275011,1.928
35.4133338610331,1.927
35.4266671945651,1.928
35.4400005280972,1.941
35.4533338616292,1.951
35.4666671951612,1.945
35.4800005286932,1.932
35.4933338622252,1.925
35.5066671957572,1.94
35.5200005292892,1.958
35.5333338628213,1.963
35.5466671963533,1.966
35.5600005298853,1.978
35.5733338634173,1.987
35.5866671969493,1.973
35.6000005304813,1.955
35.6133338640134,1.944
35.6266671975454,1.949
35.6400005310774,1.947
35.6533338646094,1.932
35.6666671981414,1.919
35.6800005316734,1.92
35.6933338652054,1.935
35.7066671987375,1.93
35.7200005322695,1.932
35.7333338658015,1.929
35.7466671993335,1.928
35.7600005328655,1.933
35.7733338663975,1.913
35.7866671999296,1.899
35.8000005334616,1.891
35.8133338669936,1.884
35.8266672005256,1.892
35.8400005340576,1.9
35.8533338675896,1.907
35.8666672011217,1.914
35.8800005346537,1.917
35.8933338681857,1.91
35.9066672017177,1.89
35.9200005352497,1.886
35.9333338687817,1.886
35.9466672023137,1.884
35.9600005358458,1.884
35.9733338693778,1.898
35.9866672029098,1.925
36.0000005364418,1.956
36.0133338699738,1.97
36.0266672035058,1.991
36.0400005370378,1.992
36.0533338705699,1.99
36.0666672041019,1.987
36.0800005376339,1.986
36.0933338711659,1.953
36.1066672046979,1.938
36.1200005382299,1.945
36.133333871762,1.964
36.146667205294,1.959
36.160000538826,1.943
36.173333872358,1.943
36.18666720589,1.952
36.200000539422,1.949
36.2133338729541,1.917
36.2266672064861,1.902
36.2400005400181,1.909
36.2533338735501,1.922
36.2666672070821,1.931
36.2800005406141,1.93
36.2933338741461,1.944
36.3066672076782,1.966
36.3200005412102,1.988
36.3333338747422,2.003
36.3466672082742,2.019
36.3600005418062,2.029
36.3733338753382,2.032
36.3866672088702,2.032
36.4000005424023,2.029
36.4133338759343,1.991
36.4266672094663,1.974
36.4400005429983,1.967
36.4533338765303,1.964
36.4666672100623,1.972
36.4800005435944,1.97
36.4933338771264,1.98
36.5066672106584,1.991
36.5200005441904,1.996
36.5333338777224,2.015
36.5466672112544,1.996
36.5600005447865,1.979
36.5733338783185,1.974
36.5866672118505,1.981
36.6000005453825,1.988
36.6133338789145,1.95999999999999
36.6266672124465,1.944
36.6400005459785,1.942
36.6533338795106,1.93599999999999
36.6666672130426,1.907
36.6800005465746,1.881
36.6933338801066,1.863
36.7066672136386,1.851
36.7200005471706,1.84
36.7333338807027,1.833
36.7466672142347,1.84
36.7600005477667,1.849
36.7733338812987,1.858
36.7866672148307,1.868
36.8000005483627,1.874
36.8133338818947,1.892
36.8266672154268,1.903
36.8400005489588,1.902
36.8533338824908,1.907
36.8666672160228,1.899
36.8800005495548,1.907
36.8933338830868,1.914
36.9066672166189,1.913
36.9200005501509,1.934
36.9333338836829,1.939
36.9466672172149,1.935
36.9600005507469,1.935
36.9733338842789,1.941
36.9866672178109,1.952
37.000000551343,1.957
37.013333884875,1.964
37.026667218407,1.975
37.040000551939,1.992
37.053333885471,1.986
37.066667219003,2.007
37.0800005525351,2.019
37.0933338860671,2.014
37.1066672195991,1.999
37.1200005531311,2.011
37.1333338866631,2.024
37.1466672201951,2.01000000000001
37.1600005537271,1.976
37.1733338872592,1.97
37.1866672207912,1.955
37.2000005543232,1.932
37.2133338878552,1.906
37.2266672213872,1.887
37.2400005549192,1.889
37.2533338884513,1.871
37.2666672219833,1.869
37.2800005555153,1.874
37.2933338890473,1.87
37.3066672225793,1.85
37.3200005561113,1.851
37.3333338896434,1.842
37.3466672231754,1.832
37.3600005567074,1.827
37.3733338902394,1.833
37.3866672237714,1.866
37.4000005573034,1.898
37.4133338908354,1.915
37.4266672243675,1.929
37.4400005578995,1.931
37.4533338914315,1.94
37.4666672249635,1.952
37.4800005584955,1.95399999999999
37.4933338920275,1.922
37.5066672255596,1.918
37.5200005590916,1.907
37.5333338926236,1.898
37.5466672261556,1.889
37.5600005596876,1.866
37.5733338932196,1.891
37.5866672267516,1.903
37.6000005602837,1.916
37.6133338938157,1.945
37.6266672273477,1.966
37.6400005608797,1.962
37.6533338944117,1.946
37.6666672279437,1.928
37.6800005614758,1.928
37.6933338950078,1.91
37.7066672285398,1.88
37.7200005620718,1.853
37.7333338956038,1.837
37.7466672291358,1.825
37.7600005626678,1.846
37.7733338961999,1.831
37.7866672297319,1.828
37.8000005632639,1.848
37.8133338967959,1.88
37.8266672303279,1.898
37.8400005638599,1.901
37.853333897392,1.91900000000001
37.866667230924,1.961
37.880000564456,1.963
37.893333897988,1.97
37.90666723152,1.958
37.920000565052,1.941
37.9333338985841,1.926
37.9466672321161,1.896
37.9600005656481,1.899
37.9733338991801,1.874
37.9866672327121,1.846
38.0000005662441,1.851
38.0133338997761,1.838
38.0266672333082,1.848
38.0400005668402,1.855
38.0533339003722,1.85
38.0666672339042,1.853
38.0800005674362,1.852
38.0933339009682,1.866
38.1066672345002,1.862
38.1200005680323,1.83499999999999
38.1333339015643,1.79600000000001
38.1466672350963,1.831
38.1600005686283,1.837
38.1733339021603,1.846
38.1866672356923,1.863
38.2000005692244,1.87
38.2133339027564,1.881
38.2266672362884,1.874
38.2400005698204,1.867
38.2533339033524,1.874
38.2666672368844,1.851
38.2800005704165,1.842
38.2933339039485,1.847
38.3066672374805,1.852
38.3200005710125,1.853
38.3333339045445,1.864
38.3466672380765,1.858
38.3600005716085,1.856
38.3733339051406,1.864
38.3866672386726,1.875
38.4000005722046,1.876
38.4133339057366,1.867
38.4266672392686,1.863
38.4400005728006,1.871
38.4533339063327,1.884
38.4666672398647,1.872
38.4800005733967,1.898
38.4933339069287,1.913
38.5066672404607,1.908
38.5200005739927,1.903
38.5333339075247,1.883
38.5466672410568,1.892
38.5600005745888,1.89
38.5733339081208,1.868
38.5866672416528,1.886
38.6000005751848,1.876
38.6133339087168,1.873
38.6266672422489,1.868
38.6400005757809,1.851
38.6533339093129,1.846
38.6666672428449,1.822
38.6800005763769,1.816
38.6933339099089,1.825
38.7066672434409,1.835
38.720000576973,1.824
38.733333910505,1.815
38.746667244037,1.816
38.760000577569,1.824
38.773333911101,1.826
38.786667244633,1.811
38.8000005781651,1.817
38.8133339116971,1.812
38.8266672452291,1.797
38.8400005787611,1.789
38.8533339122931,1.77
38.8666672458251,1.755
38.8800005793572,1.745
38.8933339128892,1.744
38.9066672464212,1.76
38.9200005799532,1.759
38.9333339134852,1.782
38.9466672470172,1.809
38.9600005805492,1.827
38.9733339140813,1.819
38.9866672476133,1.816
39.0000005811453,1.829
39.0133339146773,1.833
39.0266672482093,1.826
39.0400005817413,1.827
39.0533339152733,1.834
39.0666672488054,1.854
39.0800005823374,1.865
39.0933339158694,1.859
39.1066672494014,1.869
39.1200005829334,1.866
39.1333339164654,1.868
39.1466672499975,1.865
39.1600005835295,1.845
39.1733339170615,1.845
39.1866672505935,1.833
39.2000005841255,1.835
39.2133339176575,1.84
39.2266672511896,1.834
39.2400005847216,1.83
39.2533339182536,1.84
39.2666672517856,1.841
39.2800005853176,1.834
39.2933339188496,1.82
39.3066672523816,1.81
39.3200005859137,1.817
39.3333339194457,1.819
39.3466672529777,1.816
39.3600005865097,1.837
39.3733339200417,1.822
39.3866672535737,1.825
39.4000005871057,1.833
39.4133339206378,1.831
39.4266672541698,1.82
39.4400005877018,1.829
39.4533339212338,1.845
39.4666672547658,1.86
39.4800005882978,1.866
39.4933339218299,1.9
39.5066672553619,1.91
39.5200005888939,1.915
39.5333339224259,1.916
39.5466672559579,1.92
39.5600005894899,1.93000000000001
39.573333923022,1.893
39.586667256554,1.875
39.600000590086,1.881
39.613333923618,1.883
39.62666725715,1.874
39.640000590682,1.879
39.653333924214,1.90000000000001
39.6666672577461,1.929
39.6800005912781,1.941
39.6933339248101,1.919
39.7066672583421,1.911
39.7200005918741,1.913
39.7333339254061,1.913
39.7466672589382,1.901
39.7600005924702,1.889
39.7733339260022,1.879
39.7866672595342,1.885
39.8000005930662,1.903
39.8133339265982,1.896
39.8266672601302,1.891
39.8400005936623,1.887
39.8533339271943,1.886
39.8666672607263,1.88800000000001
39.8800005942583,1.86
39.8933339277903,1.842
39.9066672613223,1.83
39.9200005948544,1.82
39.9333339283864,1.806
39.9466672619184,1.813
39.9600005954504,1.811
39.9733339289824,1.815
39.9866672625144,1.822
40.0000005960465,1.831
40.0133339295785,1.87
40.0266672631105,1.895
40.0400005966425,1.926
40.0533339301745,1.956
40.0666672637065,1.95
40.0800005972385,1.952
40.0933339307706,1.953
40.1066672643026,1.953
40.1200005978346,1.953
40.1333339313666,1.95
40.1466672648986,1.963
40.1600005984306,1.976
40.1733339319627,1.982
40.1866672654947,1.981
40.2000005990267,1.974
40.2133339325587,1.958
40.2266672660907,1.946
40.2400005996227,1.937
40.2533339331547,1.924
40.2666672666868,1.914
40.2800006002188,1.899
40.2933339337508,1.884
40.3066672672828,1.87
40.3200006008148,1.852
40.3333339343468,1.857
40.3466672678788,1.847
40.3600006014109,1.835
40.3733339349429,1.824
40.3866672684749,1.805
40.4000006020069,1.815
40.4133339355389,1.804
40.426667269071,1.789
40.440000602603,1.784
40.453333936135,1.79
40.466667269667,1.811
40.480000603199,1.815
40.493333936731,1.807
40.506667270263,1.80800000000001
40.5200006037951,1.85
40.5333339373271,1.846
40.5466672708591,1.831
40.5600006043911,1.817
40.5733339379231,1.816
40.5866672714551,1.839
40.6000006049871,1.81400000000001
40.6133339385192,1.798
40.6266672720512,1.8
40.6400006055832,1.795
40.6533339391152,1.782
40.6666672726472,1.76300000000001
40.6800006061792,1.759
40.6933339397113,1.76
40.7066672732433,1.74
40.7200006067753,1.729
40.7333339403073,1.722
40.7466672738393,1.713
40.7600006073713,1.699
40.7733339409034,1.668
40.7866672744354,1.66
40.8000006079674,1.669
40.8133339414994,1.682
40.8266672750314,1.691
40.8400006085634,1.699
40.8533339420954,1.715
40.8666672756275,1.725
40.8800006091595,1.72199999999999
40.8933339426915,1.698
40.9066672762235,1.689
40.9200006097555,1.687
40.9333339432875,1.684
40.9466672768196,1.673
40.9600006103516,1.657
40.9733339438836,1.69199999999999
40.9866672774156,1.721
41.0000006109476,1.732
41.0133339444796,1.737
41.0266672780116,1.75700000000001
41.0400006115437,1.795
41.0533339450757,1.797
41.0666672786077,1.789
41.0800006121397,1.787
41.0933339456717,1.798
41.1066672792037,1.777
41.1200006127358,1.761
41.1333339462678,1.765
41.1466672797998,1.782
41.1600006133318,1.782
41.1733339468638,1.796
41.1866672803958,1.809
41.2000006139278,1.821
41.2133339474599,1.82599999999999
41.2266672809919,1.803
41.2400006145239,1.8
41.2533339480559,1.805
41.2666672815879,1.808
41.2800006151199,1.808
41.293333948652,1.813
41.306667282184,1.819
41.320000615716,1.827
41.333333949248,1.82299999999999
41.34666728278,1.798
41.360000616312,1.798
41.373333949844,1.794
41.3866672833761,1.803
41.4000006169081,1.821
41.4133339504401,1.828
41.4266672839721,1.851
41.4400006175041,1.861
41.4533339510361,1.867
41.4666672845682,1.867
41.4800006181002,1.832
41.4933339516322,1.831
41.5066672851642,1.807
41.5200006186962,1.784
41.5333339522282,1.77800000000001
41.5466672857602,1.752
41.5600006192923,1.77200000000001
41.5733339528243,1.784
41.5866672863563,1.79
41.6000006198883,1.812
41.6133339534203,1.825
41.6266672869523,1.861
41.6400006204844,1.883
41.6533339540164,1.89
41.6666672875484,1.899
41.6800006210804,1.931
41.6933339546124,1.953
41.7066672881444,1.962
41.7200006216765,1.96599999999999
41.7333339552085,1.991
41.7466672887405,1.987
41.7600006222725,1.977
41.7733339558045,1.965
41.7866672893365,1.951
41.8000006228685,1.934
41.8133339564006,1.916
41.8266672899326,1.904
41.8400006234646,1.893
41.8533339569966,1.876
41.8666672905286,1.864
41.8800006240606,1.857
41.8933339575927,1.847
41.9066672911247,1.837
41.9200006246567,1.835
41.9333339581887,1.847
41.9466672917207,1.854
41.9600006252527,1.872
41.9733339587847,1.892
41.9866672923168,1.904
42.0000006258488,1.924
42.0133339593808,1.933
42.0266672929128,1.94
42.0400006264448,1.93899999999999
42.0533339599768,1.917
42.0666672935089,1.917
42.0800006270409,1.899
42.0933339605729,1.882
42.1066672941049,1.866
42.1200006276369,1.84
42.1333339611689,1.827
42.1466672947009,1.8
42.160000628233,1.773
42.173333961765,1.764
42.186667295297,1.775
42.200000628829,1.782
42.213333962361,1.789
42.226667295893,1.806
42.2400006294251,1.836
42.2533339629571,1.854
42.2666672964891,1.83199999999999
42.2800006300211,1.817
42.2933339635531,1.811
42.3066672970851,1.809
42.3200006306171,1.819
42.3333339641492,1.837
42.3466672976812,1.861
42.3600006312132,1.881
42.3733339647452,1.885
42.3866672982772,1.889
42.4000006318092,1.899
42.4133339653413,1.889
42.4266672988733,1.866
42.4400006324053,1.853
42.4533339659373,1.861
42.4666672994693,1.865
42.4800006330013,1.862
42.4933339665333,1.852
42.5066673000654,1.87
42.5200006335974,1.865
42.5333339671294,1.874
42.5466673006614,1.884
42.5600006341934,1.888
42.5733339677254,1.888
42.5866673012574,1.90600000000001
42.6000006347895,1.92700000000001
42.6133339683215,1.939
42.6266673018535,1.929
42.6400006353855,1.932
42.6533339689175,1.929
42.6666673024496,1.918
42.6800006359816,1.907
42.6933339695136,1.911
42.7066673030456,1.918
42.7200006365776,1.916
42.7333339701096,1.915
42.7466673036416,1.921
42.7600006371737,1.937
42.7733339707057,1.918
42.7866673042377,1.902
42.8000006377697,1.898
42.8133339713017,1.898
42.8266673048337,1.88200000000001
42.8400006383657,1.846
42.8533339718978,1.822
42.8666673054298,1.808
42.8800006389618,1.79600000000001
42.8933339724938,1.76600000000001
42.9066673060258,1.749
42.9200006395578,1.729
42.9333339730899,1.717
42.9466673066219,1.722
42.9600006401539,1.715
42.9733339736859,1.736
42.9866673072179,1.768
43.0000006407499,1.801
43.013333974282,1.832
43.026667307814,1.844
43.040000641346,1.847
43.053333974878,1.85
43.06666730841,1.85
43.080000641942,1.85
43.093333975474,1.842
43.1066673090061,1.828
43.1200006425381,1.829
43.1333339760701,1.841
43.1466673096021,1.834
43.1600006431341,1.82
43.1733339766661,1.82
43.1866673101982,1.827
43.2000006437302,1.831
43.2133339772622,1.808
43.2266673107942,1.792
43.2400006443262,1.798
43.2533339778582,1.802
43.2666673113902,1.796
43.2800006449223,1.805
43.2933339784543,1.821
43.3066673119863,1.831
43.3200006455183,1.825
43.3333339790503,1.8
43.3466673125823,1.805
43.3600006461144,1.791
43.3733339796464,1.787
43.3866673131784,1.794
43.4000006467104,1.805
43.4133339802424,1.807
43.4266673137744,1.804
43.4400006473064,1.806
43.4533339808385,1.815
43.4666673143705,1.817
43.4800006479025,1.803
43.4933339814345,1.796
43.5066673149665,1.798
43.5200006484985,1.803
43.5333339820306,1.803
43.5466673155626,1.799
43.5600006490946,1.794
43.5733339826266,1.799
43.5866673161586,1.809
43.6000006496906,1.799
43.6133339832226,1.792
43.6266673167547,1.783
43.6400006502867,1.783
43.6533339838187,1.806
43.6666673173507,1.824
43.6800006508827,1.82
43.6933339844147,1.812
43.7066673179468,1.805
43.7200006514788,1.798
43.7333339850108,1.773
43.7466673185428,1.744
43.7600006520748,1.727
43.7733339856068,1.729
43.7866673191388,1.731
43.8000006526709,1.727
43.8133339862029,1.735
43.8266673197349,1.741
43.8400006532669,1.744
43.8533339867989,1.757
43.8666673203309,1.769
43.880000653863,1.783
43.893333987395,1.79
43.906667320927,1.786
43.920000654459,1.784
43.933333987991,1.773
43.946667321523,1.76
43.9600006550551,1.747
43.9733339885871,1.735
43.9866673221191,1.72
44.0000006556511,1.713
44.0133339891831,1.717
44.0266673227151,1.724
44.0400006562471,1.731
44.0533339897792,1.722
44.0666673233112,1.735
44.0800006568432,1.749
44.0933339903752,1.76
44.1066673239072,1.764
44.1200006574392,1.766
44.1333339909713,1.785
44.1466673245033,1.801
44.1600006580353,1.811
44.1733339915673,1.83
44.1866673250993,1.845
44.2000006586313,1.849
44.2133339921633,1.855
44.2266673256954,1.863
44.2400006592274,1.865
44.2533339927594,1.85
44.2666673262914,1.851
44.2800006598234,1.865
44.2933339933554,1.887
44.3066673268875,1.897
44.3200006604195,1.907
44.3333339939515,1.928
44.3466673274835,1.947
44.3600006610155,1.941
44.3733339945475,1.926
44.3866673280795,1.915
44.4000006616116,1.908
44.4133339951436,1.905
44.4266673286756,1.896
44.4400006622076,1.892
44.4533339957396,1.892
44.4666673292716,1.896
44.4800006628037,1.896
44.4933339963357,1.892
44.5066673298677,1.889
44.5200006633997,1.89
44.5333339969317,1.904
44.5466673304637,1.924
44.5600006639957,1.921
44.5733339975278,1.917
44.5866673310598,1.89700000000001
44.6000006645918,1.872
44.6133339981238,1.84700000000001
44.6266673316558,1.804
44.6400006651878,1.796
44.6533339987199,1.806
44.6666673322519,1.818
44.6800006657839,1.828
44.6933339993159,1.837
44.7066673328479,1.852
44.7200006663799,1.865
44.733333999912,1.868
44.746667333444,1.857
44.760000666976,1.866
44.773334000508,1.869
44.78666733404,1.872
44.800000667572,1.876
44.813334001104,1.869
44.8266673346361,1.851
44.8400006681681,1.863
44.8533340017001,1.877
44.8666673352321,1.879
44.8800006687641,1.868
44.8933340022961,1.863
44.9066673358282,1.866
44.9200006693602,1.867
44.9333340028922,1.854
44.9466673364242,1.846
44.9600006699562,1.861
44.9733340034882,1.858
44.9866673370202,1.852
45.0000006705523,1.857
45.0133340040843,1.843
45.0266673376163,1.834
45.0400006711483,1.81999999999999
45.0533340046803,1.807
45.0666673382123,1.821
45.0800006717444,1.807
45.0933340052764,1.83
45.1066673388084,1.852
45.1200006723404,1.865
45.1333340058724,1.879
45.1466673394044,1.887
45.1600006729364,1.922
45.1733340064685,1.941
45.1866673400005,1.935
45.2000006735325,1.938
45.2133340070645,1.956
45.2266673405965,1.977
45.2400006741285,1.992
45.2533340076606,1.996
45.2666673411926,2.008
45.2800006747246,2.021
45.2933340082566,2.02
45.3066673417886,2.009
45.3200006753206,1.994
45.3333340088526,1.953
45.3466673423847,1.938
45.3600006759167,1.93
45.3733340094487,1.93
45.3866673429807,1.935
45.4000006765127,1.91
45.4133340100447,1.89
45.4266673435768,1.87
45.4400006771088,1.85
45.4533340106408,1.838
45.4666673441728,1.832
45.4800006777048,1.831
45.4933340112368,1.838
45.5066673447688,1.84
45.5200006783009,1.819
45.5333340118329,1.82
45.5466673453649,1.811
45.5600006788969,1.808
45.5733340124289,1.822
45.5866673459609,1.84099999999999
45.600000679493,1.87
45.613334013025,1.881
45.626667346557,1.883
45.640000680089,1.891
45.653334013621,1.896
45.666667347153,1.88
45.6800006806851,1.879
45.6933340142171,1.879
45.7066673477491,1.868
45.7200006812811,1.875
45.7333340148131,1.885
45.7466673483451,1.893
45.7600006818771,1.899
45.7733340154092,1.896
45.7866673489412,1.917
45.8000006824732,1.909
45.8133340160052,1.894
45.8266673495372,1.878
45.8400006830692,1.861
45.8533340166012,1.858
45.8666673501333,1.851
45.8800006836653,1.839
45.8933340171973,1.827
45.9066673507293,1.827
45.9200006842613,1.814
45.9333340177933,1.804
45.9466673513254,1.793
45.9600006848574,1.786
45.9733340183894,1.792
45.9866673519214,1.767
46.0000006854534,1.756
46.0133340189854,1.756
46.0266673525175,1.747
46.0400006860495,1.752
46.0533340195815,1.759
46.0666673531135,1.762
46.0800006866455,1.764
46.0933340201775,1.77
46.1066673537095,1.771
46.1200006872416,1.77
46.1333340207736,1.758
46.1466673543056,1.747
46.1600006878376,1.763
46.1733340213696,1.762
46.1866673549016,1.766
46.2000006884337,1.767
46.2133340219657,1.77
46.2266673554977,1.788
46.2400006890297,1.78
46.2533340225617,1.779
46.2666673560937,1.779
46.2800006896257,1.773
46.2933340231578,1.779
46.3066673566898,1.775
46.3200006902218,1.782
46.3333340237538,1.792
46.3466673572858,1.8
46.3600006908178,1.828
46.3733340243499,1.822
46.3866673578819,1.798
46.4000006914139,1.774
46.4133340249459,1.758
46.4266673584779,1.751
46.4400006920099,1.732
46.4533340255419,1.714
46.466667359074,1.714
46.480000692606,1.741
46.493334026138,1.743
46.50666735967,1.76000000000001
46.520000693202,1.776
46.533334026734,1.79499999999999
46.5466673602661,1.836
46.5600006937981,1.86
46.5733340273301,1.879
46.5866673608621,1.887
46.6000006943941,1.883
46.6133340279261,1.877
46.6266673614581,1.864
46.6400006949902,1.856
46.6533340285222,1.858
46.6666673620542,1.864
46.6800006955862,1.854
46.6933340291182,1.859
46.7066673626502,1.871
46.7200006961823,1.884
46.7333340297143,1.896
46.7466673632463,1.887
46.7600006967783,1.90300000000001
46.7733340303103,1.931
46.7866673638423,1.962
46.8000006973743,1.991
46.8133340309064,1.999
46.8266673644384,2.02800000000001
46.8400006979704,2.05
46.8533340315024,2.053
46.8666673650344,2.042
46.8800006985664,2.01600000000001
46.8933340320985,1.997
46.9066673656305,1.977
46.9200006991625,1.951
46.9333340326945,1.953
46.9466673662265,1.953
46.9600006997585,1.965
46.9733340332906,1.974
46.9866673668226,1.975
47.0000007003546,1.981
47.0133340338866,1.982
47.0266673674186,1.991
47.0400007009506,1.991
47.0533340344826,1.961
47.0666673680147,1.964
47.0800007015467,1.953
47.0933340350787,1.943
47.1066673686107,1.93300000000001
47.1200007021427,1.915
47.1333340356747,1.917
47.1466673692068,1.918
47.1600007027388,1.93300000000001
47.1733340362708,1.951
47.1866673698028,1.952
47.2000007033348,1.948
47.2133340368668,1.949
47.2266673703988,1.95
47.2400007039309,1.951
47.2533340374629,1.95
47.2666673709949,1.954
47.2800007045269,1.963
47.2933340380589,1.977
47.3066673715909,1.995
47.320000705123,2.006
47.333334038655,1.992
47.346667372187,1.99
47.360000705719,1.999
47.373334039251,2.009
47.386667372783,1.997
47.400000706315,1.979
47.4133340398471,1.959
47.4266673733791,1.944
47.4400007069111,1.928
47.4533340404431,1.9
47.4666673739751,1.896
47.4800007075071,1.896
47.4933340410392,1.902
47.5066673745712,1.925
47.5200007081032,1.933
47.5333340416352,1.933
47.5466673751672,1.926
47.5600007086992,1.912
47.5733340422312,1.911
47.5866673757633,1.902
47.6000007092953,1.886
47.6133340428273,1.874
47.6266673763593,1.88
47.6400007098913,1.897
47.6533340434233,1.9
47.6666673769554,1.912
47.6800007104874,1.921
47.6933340440194,1.921
47.7066673775514,1.929
47.7200007110834,1.926
47.7333340446154,1.915
47.7466673781474,1.90000000000001
47.7600007116795,1.876
47.7733340452115,1.913
47.7866673787435,1.941
47.8000007122755,1.967
47.8133340458075,1.978
47.8266673793395,1.975
47.8400007128715,1.992
47.8533340464036,2.003
47.8666673799356,1.99
47.8800007134676,1.961
47.8933340469996,1.929
47.9066673805316,1.983
47.9200007140637,2.008
47.9333340475957,2.009
47.9466673811277,1.999
47.9600007146597,2.026
47.9733340481917,2.04000000000001
47.9866673817237,2.055
48.0000007152557,2.058
48.0133340487878,2.056
48.0266673823198,2.048
48.0400007158518,2.046
48.0533340493838,2.057
48.0666673829158,2.063
48.0800007164478,2.045
48.0933340499798,2.059
48.1066673835119,2.08799999999999
48.1200007170439,2.096
48.1333340505759,2.096
48.1466673841079,2.103
48.1600007176399,2.109
48.1733340511719,2.116
48.186667384704,2.108
48.200000718236,2.087
48.213334051768,2.075
48.2266673853,2.04600000000001
48.240000718832,2.01600000000001
48.253334052364,1.992
48.2666673858961,1.977
48.2800007194281,1.973
48.2933340529601,1.968
48.3066673864921,1.973
48.3200007200241,1.976
48.3333340535561,1.97199999999999
48.3466673870881,1.947
48.3600007206202,1.956
48.3733340541522,1.965
48.3866673876842,1.961
48.4000007212162,1.933
48.4133340547482,1.922
48.4266673882802,1.94
48.4400007218123,1.91800000000001
48.4533340553443,1.888
48.4666673888763,1.892
48.4800007224083,1.895
48.4933340559403,1.883
48.5066673894723,1.873
48.5200007230043,1.867
48.5333340565364,1.878
48.5466673900684,1.853
48.5600007236004,1.849
48.5733340571324,1.859
48.5866673906644,1.871
48.6000007241964,1.859
48.6133340577285,1.847
48.6266673912605,1.851
48.6400007247925,1.851
48.6533340583245,1.838
48.6666673918565,1.833
48.6800007253885,1.81
48.6933340589205,1.796
48.7066673924526,1.786
48.7200007259846,1.769
48.7333340595166,1.755
48.7466673930486,1.744
48.7600007265806,1.734
48.7733340601126,1.739
48.7866673936447,1.761
48.8000007271767,1.768
48.8133340607087,1.80799999999999
48.8266673942407,1.826
48.8400007277727,1.83199999999999
48.8533340613047,1.855
48.8666673948367,1.86
48.8800007283688,1.864
48.8933340619008,1.859
48.9066673954328,1.84999999999999
48.9200007289648,1.874
48.9333340624968,1.883
48.9466673960288,1.878
48.9600007295609,1.88
48.9733340630929,1.893
48.9866673966249,1.899
49.0000007301569,1.91
49.0133340636889,1.928
49.0266673972209,1.944
49.0400007307529,1.954
49.053334064285,1.95
49.066667397817,1.952
49.080000731349,1.944
49.093334064881,1.925
49.106667398413,1.90300000000001
49.120000731945,1.922
49.1333340654771,1.933
49.1466673990091,1.941
49.1600007325411,1.947
49.1733340660731,1.955
49.1866673996051,1.957
49.2000007331371,1.954
49.2133340666692,1.945
49.2266674002012,1.941
49.2400007337332,1.948
49.2533340672652,1.941
49.2666674007972,1.958
49.2800007343292,1.972
49.2933340678612,1.972
49.3066674013933,1.974
49.3200007349253,1.989
49.3333340684573,1.994
49.3466674019893,2.003
49.3600007355213,2.011
49.3733340690533,2.011
49.3866674025854,2.015
49.4000007361174,1.995
