time_min,absorb_mau
0.0,0.0
0.0533333341280619,0.047
0.106666668256124,0.098
0.160000002384186,0.089
0.213333336512248,0.115
0.26666667064031,0.071
0.320000004768372,0.038
0.373333338896433,0.049
0.426666673024495,0.102
0.480000007152557,0.083
0.533333341280619,0.124
0.586666675408681,0.154
0.640000009536743,0.115
0.693333343664805,0.094
0.746666677792867,0.138
0.800000011920929,0.133
0.853333346048991,0.102
0.906666680177053,0.09
0.960000014305115,0.119
1.01333334843318,0.115
1.06666668256124,0.098
1.1200000166893,0.087
1.17333335081736,0.147
1.22666668494542,0.069
1.28000001907349,0.102
1.33333335320155,0.104
1.38666668732961,0.064
1.44000002145767,0.089
1.49333335558573,0.136
1.5466666897138,0.117
1.60000002384186,0.075
1.65333335796992,0.1
1.70666669209798,0.094
1.76000002622604,0.146
1.81333336035411,0.195
1.86666669448217,0.264
1.92000002861023,0.301
1.97333336273829,0.302
2.02666669686635,0.36
2.08000003099442,0.413
2.13333336512248,0.475
2.18666669925054,0.497
2.2400000333786,0.47
2.29333336750666,0.431
2.34666670163472,0.405
2.40000003576279,0.4
2.45333336989085,0.332
2.50666670401891,0.291
2.56000003814697,0.263
2.61333337227503,0.319
2.6666667064031,0.361
2.72000004053116,0.316
2.77333337465922,0.356
2.82666670878728,0.388
2.88000004291534,0.381
2.93333337704341,0.399
2.98666671117147,0.404
3.04000004529953,0.454
3.09333337942759,0.49
3.14666671355565,0.559
3.20000004768372,0.575
3.25333338181178,0.58
3.30666671593984,0.531
3.3600000500679,0.541
3.41333338419596,0.571
3.46666671832403,0.624
3.52000005245209,0.673
3.57333338658015,0.676
3.62666672070821,0.669
3.68000005483627,0.608
3.73333338896434,0.639
3.7866667230924,0.596
3.84000005722046,0.619
3.89333339134852,0.663
3.94666672547658,0.636
4.00000005960465,0.573
4.05333339373271,0.627
4.10666672786077,0.62
4.16000006198883,0.61
4.21333339611689,0.63
4.26666673024495,0.645
4.32000006437302,0.647
4.37333339850108,0.611
4.42666673262914,0.658
4.4800000667572,0.623
4.53333340088526,0.589
4.58666673501333,0.596
4.64000006914139,0.663
4.69333340326945,0.642
4.74666673739751,0.633
4.80000007152557,0.671
4.85333340565364,0.697
4.9066667397817,0.687
4.96000007390976,0.686
5.01333340803782,0.679
5.06666674216588,0.75
5.12000007629395,0.792
5.17333341042201,0.798
5.22666674455007,0.804
5.28000007867813,0.806
5.33333341280619,0.824
5.38666674693426,0.863
5.44000008106232,0.857
5.49333341519038,0.853
5.54666674931844,0.908
5.6000000834465,0.975
5.65333341757457,1.005
5.70666675170263,1.015
5.76000008583069,1.041
5.81333341995875,1.004
5.86666675408681,1.05
5.92000008821487,1.055
5.97333342234294,1.047
6.026666756471,1.022
6.08000009059906,1.051
6.13333342472712,1.093
6.18666675885518,1.116
6.24000009298325,1.14
6.29333342711131,1.115
6.34666676123937,1.118
6.40000009536743,1.11
6.45333342949549,1.138
6.50666676362356,1.181
6.56000009775162,1.185
6.61333343187968,1.205
6.66666676600774,1.233
6.7200001001358,1.201
6.77333343426387,1.216
6.82666676839193,1.221
6.88000010251999,1.204
6.93333343664805,1.258
6.98666677077611,1.278
7.04000010490418,1.28
7.09333343903224,1.351
7.1466667731603,1.287
7.20000010728836,1.275
7.25333344141642,1.308
7.30666677554448,1.348
7.36000010967255,1.358
7.41333344380061,1.368
7.46666677792867,1.346
7.52000011205673,1.392
7.5733334461848,1.498
7.62666678031286,1.486
7.68000011444092,1.524
7.73333344856898,1.539
7.78666678269704,1.519
7.8400001168251,1.49
7.89333345095317,1.532
7.94666678508123,1.558
8.00000011920929,1.563
8.05333345333735,1.54
8.10666678746541,1.498
8.16000012159348,1.544
8.21333345572154,1.552
8.2666667898496,1.507
8.32000012397766,1.523
8.37333345810572,1.54
8.42666679223379,1.573
8.48000012636185,1.578
8.53333346048991,1.548
8.58666679461797,1.533
8.64000012874603,1.526
8.6933334628741,1.534
8.74666679700216,1.556
8.80000013113022,1.579
8.85333346525828,1.615
8.90666679938634,1.582
8.9600001335144,1.58
9.01333346764247,1.618
9.06666680177053,1.647
9.12000013589859,1.612
9.17333347002665,1.64
9.22666680415471,1.69
9.28000013828278,1.728
9.33333347241084,1.772
9.3866668065389,1.795
9.44000014066696,1.795
9.49333347479502,1.861
9.54666680892309,1.857
9.60000014305115,1.888
9.65333347717921,1.876
9.70666681130727,1.869
9.76000014543533,1.833
9.8133334795634,1.869
9.86666681369146,1.908
9.92000014781952,1.977
9.97333348194758,2.019
10.0266668160756,2.051
10.0800001502037,2.085
10.1333334843318,2.071
10.1866668184598,2.13
10.2400001525879,2.113
10.293333486716,2.112
10.346666820844,2.079
10.4000001549721,2.07
10.4533334891001,2.143
10.5066668232282,2.159
10.5600001573563,2.102
10.6133334914843,2.09
10.6666668256124,2.062
10.7200001597404,2.075
10.7733334938685,2.119
10.8266668279966,2.125
10.8800001621246,2.112
10.9333334962527,2.105
10.9866668303808,2.166
11.0400001645088,2.172
11.0933334986369,2.141
11.1466668327649,2.152
11.200000166893,2.165
11.2533335010211,2.174
11.3066668351491,2.186
11.3600001692772,2.231
11.4133335034053,2.276
11.4666668375333,2.33
11.5200001716614,2.295
11.5733335057894,2.27
11.6266668399175,2.268
11.6800001740456,2.313
11.7333335081736,2.319
11.7866668423017,2.262
11.8400001764297,2.315
11.8933335105578,2.304
11.9466668446859,2.296
12.0000001788139,2.309
12.053333512942,2.296
12.1066668470701,2.317
12.1600001811981,2.375
12.2133335153262,2.427
12.2666668494542,2.437
12.3200001835823,2.454
12.3733335177104,2.513
12.4266668518384,2.481
12.4800001859665,2.435
12.5333335200946,2.416
12.5866668542226,2.449
12.6400001883507,2.476
12.6933335224787,2.554
12.7466668566068,2.56
12.8000001907349,2.554
12.8533335248629,2.542
12.906666858991,2.55
12.960000193119,2.56
13.0133335272471,2.633
13.0666668613752,2.699
13.1200001955032,2.73
13.1733335296313,2.711
13.2266668637594,2.679
13.2800001978874,2.722
13.3333335320155,2.728
13.3866668661435,2.76
13.4400002002716,2.831
13.4933335343997,2.871
13.5466668685277,2.829
13.6000002026558,2.852
13.6533335367839,2.785
13.7066668709119,2.744
13.76000020504,2.818
13.813333539168,2.898
13.8666668732961,2.927
13.9200002074242,2.841
13.9733335415522,2.847
14.0266668756803,2.855
14.0800002098084,2.817
14.1333335439364,2.804
14.1866668780645,2.793
14.2400002121925,2.793
14.2933335463206,2.834
14.3466668804487,2.835
14.4000002145767,2.913
14.4533335487048,2.939
14.5066668828328,2.975
14.5600002169609,2.967
14.613333551089,3.038
14.666666885217,3.085
14.7200002193451,3.045
14.7733335534732,3.126
14.8266668876012,3.175
14.8800002217293,3.131
14.9333335558573,3.092
14.9866668899854,3.093
15.0400002241135,3.118
15.0933335582415,3.106
15.1466668923696,3.073
15.2000002264977,3.089
15.2533335606257,3.137
15.3066668947538,3.165
15.3600002288818,3.171
15.4133335630099,3.148
15.466666897138,3.138
15.520000231266,3.143
15.5733335653941,3.166
15.6266668995221,3.147
15.6800002336502,3.085
15.7333335677783,3.097
15.7866669019063,3.119
15.8400002360344,3.142
15.8933335701625,3.168
15.9466669042905,3.186
16.0000002384186,3.237
16.0533335725466,3.238
16.1066669066747,3.242
16.1600002408028,3.274
16.2133335749308,3.305
16.2666669090589,3.33
16.320000243187,3.371
16.373333577315,3.376
16.4266669114431,3.337
16.4800002455711,3.346
16.5333335796992,3.367
16.5866669138273,3.433
16.6400002479553,3.388
16.6933335820834,3.409
16.7466669162114,3.492
16.8000002503395,3.454
16.8533335844676,3.525
16.9066669185956,3.598
16.9600002527237,3.576
17.0133335868518,3.513
17.0666669209798,3.467
17.1200002551079,3.464
17.1733335892359,3.5
17.226666923364,3.514
17.2800002574921,3.517
17.3333335916201,3.548
17.3866669257482,3.542
17.4400002598763,3.58
17.4933335940043,3.541
17.5466669281324,3.48
17.6000002622604,3.522
17.6533335963885,3.544
17.7066669305166,3.595
17.7600002646446,3.675
17.8133335987727,3.663
17.8666669329007,3.617
17.9200002670288,3.636
17.9733336011569,3.674
18.0266669352849,3.627
18.080000269413,3.667
18.1333336035411,3.717
18.1866669376691,3.73
18.2400002717972,3.705
18.2933336059252,3.741
18.3466669400533,3.814
18.4000002741814,3.772
18.4533336083094,3.745
18.5066669424375,3.755
18.5600002765656,3.812
18.6133336106936,3.812
18.6666669448217,3.831
18.7200002789497,3.847
18.7733336130778,3.896
18.8266669472059,3.904
18.8800002813339,3.925
18.933333615462,3.96
18.9866669495901,4.006
19.0400002837181,4.063
19.0933336178462,4.088
19.1466669519742,4.162
19.2000002861023,4.266
19.2533336202304,4.207
19.3066669543584,4.202
19.3600002884865,4.228
19.4133336226145,4.262
19.4666669567426,4.29
19.5200002908707,4.322
19.5733336249987,4.386
19.6266669591268,4.422
19.6800002932549,4.366
19.7333336273829,4.35
19.786666961511,4.392
19.840000295639,4.499
19.8933336297671,4.532
19.9466669638952,4.495
20.0000002980232,4.508
20.0533336321513,4.494
20.1066669662793,4.518
20.1600003004074,4.461
20.2133336345355,4.459
20.2666669686635,4.468
20.3200003027916,4.502
20.3733336369197,4.517
20.4266669710477,4.514
20.4800003051758,4.519
20.5333336393038,4.553
20.5866669734319,4.493
20.64000030756,4.484
20.693333641688,4.517
20.7466669758161,4.521
20.8000003099441,4.566
20.8533336440722,4.608
20.9066669782003,4.623
20.9600003123283,4.613
21.0133336464564,4.664
21.0666669805845,4.706
21.1200003147125,4.739
21.1733336488406,4.758
21.2266669829686,4.81
21.2800003170967,4.891
21.3333336512248,4.943
21.3866669853528,4.961
21.4400003194809,5.021
21.493333653609,5.093
21.546666987737,5.136
21.6000003218651,5.201
21.6533336559931,5.236
21.7066669901212,5.27
21.7600003242493,5.344
21.8133336583773,5.403
21.8666669925054,5.444
21.9200003266334,5.496
21.9733336607615,5.501
22.0266669948896,5.531
22.0800003290176,5.562
22.1333336631457,5.608
22.1866669972738,5.602
22.2400003314018,5.63
22.2933336655299,5.671
22.3466669996579,5.753
22.400000333786,5.808
22.4533336679141,5.852
22.5066670020421,5.854
22.5600003361702,5.871
22.6133336702983,5.861
22.6666670044263,5.97
22.7200003385544,6.021
22.7733336726824,6.036
22.8266670068105,6.041
22.8800003409386,6.091
22.9333336750666,6.096
22.9866670091947,6.109
23.0400003433228,6.181
23.0933336774508,6.206
23.1466670115789,6.241
23.2000003457069,6.306
23.253333679835,6.357
23.3066670139631,6.371
23.3600003480911,6.4
23.4133336822192,6.444
23.4666670163473,6.499
23.5200003504753,6.497
23.5733336846034,6.578
23.6266670187314,6.707
23.6800003528595,6.808
23.7333336869876,6.868
23.7866670211156,6.921
23.8400003552437,6.979
23.8933336893717,7.076
23.9466670234998,7.12
24.0000003576279,7.25
24.0533336917559,7.347
24.106667025884,7.399
24.1600003600121,7.409
24.2133336941401,7.462
24.2666670282682,7.503
24.3200003623962,7.578
24.3733336965243,7.664
24.4266670306524,7.781
24.4800003647804,7.835
24.5333336989085,7.874
24.5866670330366,7.952
24.6400003671646,8.09
24.6933337012927,8.168
24.7466670354207,8.185
24.8000003695488,8.156
24.8533337036769,8.224
24.9066670378049,8.31
24.960000371933,8.373
25.013333706061,8.365
25.0666670401891,8.361
25.1200003743172,8.384
25.1733337084452,8.397
25.2266670425733,8.415
25.2800003767014,8.466
25.3333337108294,8.535
25.3866670449575,8.562
25.4400003790855,8.594
25.4933337132136,8.6
25.5466670473417,8.6
25.6000003814697,8.688
25.6533337155978,8.864
25.7066670497259,8.941
25.7600003838539,9.027
25.813333717982,9.139
25.86666705211,9.248
25.9200003862381,9.323
25.9733337203662,9.38
26.0266670544942,9.49
26.0800003886223,9.549
26.1333337227503,9.687
26.1866670568784,9.767
26.2400003910065,9.831
26.2933337251345,9.888
26.3466670592626,9.956
26.4000003933907,10.099
26.4533337275187,10.186
26.5066670616468,10.266
26.5600003957748,10.365
26.6133337299029,10.41
26.666667064031,10.51
26.720000398159,10.621
26.7733337322871,10.699
26.8266670664152,10.71
26.8800004005432,10.749
26.9333337346713,10.849
26.9866670687993,10.898
27.0400004029274,10.985
27.0933337370555,11.094
27.1466670711835,11.204
27.2000004053116,11.29
27.2533337394396,11.358
27.3066670735677,11.412
27.3600004076958,11.499
27.4133337418238,11.598
27.4666670759519,11.659
27.52000041008,11.707
27.573333744208,11.759
27.6266670783361,11.81
27.6800004124641,11.844
27.7333337465922,11.942
27.7866670807203,11.989
27.8400004148483,12.017
27.8933337489764,12.071
27.9466670831045,12.2
28.0000004172325,12.287
28.0533337513606,12.38
28.1066670854886,12.49
28.1600004196167,12.612
28.2133337537448,12.764
28.2666670878728,12.943
28.3200004220009,13.05
28.3733337561289,13.243
28.426667090257,13.377
28.4800004243851,13.554
28.5333337585131,13.729
28.5866670926412,13.876
28.6400004267693,14.087
28.6933337608973,14.202
28.7466670950254,14.465
28.8000004291534,14.517
28.8533337632815,14.601
28.9066670974096,14.796
28.9600004315376,14.89
29.0133337656657,14.99
29.0666670997938,15.015
29.1200004339218,15.033
29.1733337680499,15.148
29.2266671021779,15.305
29.280000436306,15.439
29.3333337704341,15.569
29.3866671045621,15.673
29.4400004386902,15.702
29.4933337728182,15.699
29.5466671069463,15.712
29.6000004410744,15.726
29.6533337752024,15.744
29.7066671093305,15.77
29.7600004434586,15.877
29.8133337775866,15.924
29.8666671117147,15.983
29.9200004458427,16.038
29.9733337799708,16.102
30.0266671140989,16.226
30.0800004482269,16.32
30.133333782355,16.443
30.1866671164831,16.437
30.2400004506111,16.475
30.2933337847392,16.608
30.3466671188672,16.68
30.4000004529953,16.747
30.4533337871234,16.879
30.5066671212514,17.015
30.5600004553795,17.244
30.6133337895075,17.389
30.6666671236356,17.568
30.7200004577637,17.677
30.7733337918917,17.891
30.8266671260198,18.07
30.8800004601479,18.21
30.9333337942759,18.362
30.986667128404,18.52
31.040000462532,18.714
31.0933337966601,18.901
31.1466671307882,18.981
31.2000004649162,19.09
31.2533337990443,19.248
31.3066671331724,19.407
31.3600004673004,19.567
31.4133338014285,19.642
31.4666671355565,19.801
31.5200004696846,19.899
31.5733338038127,20.009
31.6266671379407,20.066
31.6800004720688,20.133
31.7333338061968,20.298
31.7866671403249,20.309
31.840000474453,20.373
31.893333808581,20.501
31.9466671427091,20.577
32.0000004768372,20.702
32.0533338109652,20.795
32.1066671450933,20.799
32.1600004792213,20.871
32.2133338133494,20.891
32.2666671474775,20.951
32.3200004816055,21.095
32.3733338157336,21.18
32.4266671498617,21.254
32.4800004839897,21.326
32.5333338181178,21.416
32.5866671522458,21.558
32.6400004863739,21.691
32.693333820502,21.929
32.74666715463,22.082
32.8000004887581,22.244
32.8533338228861,22.481
32.9066671570142,22.825
32.9600004911423,22.998
33.0133338252703,23.183
33.0666671593984,23.425
33.1200004935265,23.611
33.1733338276545,23.85
33.2266671617826,24.137
33.2800004959106,24.331
33.3333338300387,24.59
33.3866671641668,24.8
33.4400004982948,24.965
33.4933338324229,25.145
33.546667166551,25.279
33.600000500679,25.345
33.6533338348071,25.377
33.7066671689351,25.479
33.7600005030632,25.553
33.8133338371913,25.578
33.8666671713193,25.647
33.9200005054474,25.724
33.9733338395755,25.905
34.0266671737035,25.996
34.0800005078316,25.971
34.1333338419596,25.983
34.1866671760877,26.032
34.2400005102158,26.044
34.2933338443438,26.057
34.3466671784719,26.075
34.4000005125999,26.108
34.453333846728,26.077
34.5066671808561,26.215
34.5600005149841,26.361
34.6133338491122,26.41
34.6666671832403,26.378
34.7200005173683,26.416
34.7733338514964,26.482
34.8266671856244,26.54
34.8800005197525,26.694
34.9333338538806,26.825
34.9866671880086,26.919
35.0400005221367,27.032
35.0933338562647,27.171
35.1466671903928,27.358
35.2000005245209,27.613
35.2533338586489,27.879
35.306667192777,28.108
35.3600005269051,28.398
35.4133338610331,28.539
35.4666671951612,28.747
35.5200005292892,28.921
35.5733338634173,29.048
35.6266671975454,29.183
35.6800005316734,29.368
35.7333338658015,29.553
35.7866671999296,29.679
35.8400005340576,29.918
35.8933338681857,30.095
35.9466672023137,30.24
36.0000005364418,30.298
36.0533338705699,30.425
36.1066672046979,30.482
36.160000538826,30.496
36.2133338729541,30.555
36.2666672070821,30.695
36.3200005412102,30.728
36.3733338753382,30.75
36.4266672094663,30.809
36.4800005435944,30.918
36.5333338777224,31.028
36.5866672118505,31.128
36.6400005459785,31.171
36.6933338801066,31.182
36.7466672142347,31.166
36.8000005483627,31.271
36.8533338824908,31.411
36.9066672166189,31.486
36.9600005507469,31.58
37.013333884875,31.594
37.066667219003,31.635
37.1200005531311,31.754
37.1733338872592,31.906
37.2266672213872,32.011
37.2800005555153,32.13
37.3333338896434,32.335
37.3866672237714,32.554
37.4400005578995,32.772
37.4933338920275,33.101
37.5466672261556,33.366
37.6000005602837,33.626
37.6533338944117,33.929
37.7066672285398,34.22
37.7600005626678,34.396
37.8133338967959,34.697
37.866667230924,34.94
37.920000565052,35.205
37.9733338991801,35.461
38.0266672333082,35.611
38.0800005674362,35.647
38.1333339015643,35.821
38.1866672356923,35.879
38.2400005698204,35.956
38.2933339039485,35.946
38.3466672380765,35.932
38.4000005722046,36.003
38.4533339063327,36.125
38.5066672404607,36.167
38.5600005745888,36.087
38.6133339087168,36.063
38.6666672428449,36.008
38.720000576973,35.97
38.773333911101,35.943
38.8266672452291,35.913
38.8800005793572,35.868
38.9333339134852,35.892
38.9866672476133,35.843
39.0400005817413,35.806
39.0933339158694,35.859
39.1466672499975,35.916
39.2000005841255,35.951
39.2533339182536,36.052
39.3066672523816,36.092
39.3600005865097,36.088
39.4133339206378,36.16
39.4666672547658,36.211
39.5200005888939,36.275
39.573333923022,36.317
39.62666725715,36.547
39.6800005912781,36.712
39.7333339254061,36.841
39.7866672595342,37.119
39.8400005936623,37.428
39.8933339277903,37.721
39.9466672619184,37.905
40.0000005960465,38.103
40.0533339301745,38.38
40.1066672643026,38.557
40.1600005984306,38.704
40.2133339325587,38.853
40.2666672666868,39.016
40.3200006008148,39.153
40.3733339349429,39.244
40.426667269071,39.371
40.480000603199,39.551
40.5333339373271,39.608
40.5866672714551,39.669
40.6400006055832,39.698
40.6933339397113,39.655
40.7466672738393,39.627
40.8000006079674,39.602
40.8533339420954,39.602
40.9066672762235,39.643
40.9600006103516,39.593
41.0133339444796,39.618
41.0666672786077,39.721
41.1200006127358,39.788
41.1733339468638,39.82
41.2266672809919,39.838
41.2800006151199,39.862
41.333333949248,39.919
41.3866672833761,39.941
41.4400006175041,39.984
41.4933339516322,40.077
41.5466672857602,40.144
41.6000006198883,40.146
41.6533339540164,40.1
41.7066672881444,40.159
41.7600006222725,40.248
41.8133339564006,40.349
41.8666672905286,40.513
41.9200006246567,40.675
41.9733339587847,40.875
42.0266672929128,40.993
42.0800006270409,41.248
42.1333339611689,41.549
42.186667295297,41.785
42.2400006294251,42.064
42.2933339635531,42.271
42.3466672976812,42.445
42.4000006318092,42.727
42.4533339659373,43.03
42.5066673000654,43.193
42.5600006341934,43.315
42.6133339683215,43.478
42.6666673024496,43.55
42.7200006365776,43.568
42.7733339707057,43.609
42.8266673048337,43.605
42.8800006389618,43.534
42.9333339730899,43.536
42.9866673072179,43.527
43.040000641346,43.532
43.093333975474,43.56
43.1466673096021,43.586
43.2000006437302,43.549
43.2533339778582,43.417
43.3066673119863,43.359
43.3600006461144,43.237
43.4133339802424,43.084
43.4666673143705,43.001
43.5200006484985,42.909
43.5733339826266,42.844
43.6266673167547,42.772
43.6800006508827,42.752
43.7333339850108,42.725
43.7866673191388,42.643
43.8400006532669,42.649
43.893333987395,42.594
43.946667321523,42.571
44.0000006556511,42.525
44.0533339897792,42.518
44.1066673239072,42.614
44.1600006580353,42.67
44.2133339921633,42.735
44.2666673262914,42.822
44.3200006604195,42.943
44.3733339945475,43.167
44.4266673286756,43.405
44.4800006628037,43.56
44.5333339969317,43.708
44.5866673310598,43.871
44.6400006651878,43.975
44.6933339993159,44.038
44.746667333444,44.201
44.800000667572,44.348
44.8533340017001,44.407
44.9066673358282,44.393
44.9600006699562,44.421
45.0133340040843,44.456
45.0666673382123,44.599
45.1200006723404,44.708
45.1733340064685,44.666
45.2266673405965,44.579
45.2800006747246,44.522
45.3333340088526,44.46
45.3866673429807,44.411
45.4400006771088,44.426
45.4933340112368,44.433
45.5466673453649,44.376
45.600000679493,44.291
45.653334013621,44.239
45.7066673477491,44.261
45.7600006818771,44.236
45.8133340160052,44.213
45.8666673501333,44.209
45.9200006842613,44.195
45.9733340183894,44.16
46.0266673525175,44.183
46.0800006866455,44.203
46.1333340207736,44.305
46.1866673549016,44.266
46.2400006890297,44.227
46.2933340231578,44.228
46.3466673572858,44.284
46.4000006914139,44.323
46.4533340255419,44.399
46.50666735967,44.49
46.5600006937981,44.683
46.6133340279261,44.933
46.6666673620542,45.07
46.7200006961823,45.18
46.7733340303103,45.351
46.8266673644384,45.523
46.8800006985664,45.743
46.9333340326945,45.844
46.9866673668226,45.954
47.0400007009506,46.003
47.0933340350787,46.18
47.1466673692068,46.302
47.2000007033348,46.305
47.2533340374629,46.205
47.3066673715909,46.173
47.360000705719,46.148
47.4133340398471,45.989
47.4666673739751,45.837
47.5200007081032,45.742
47.5733340422312,45.569
47.6266673763593,45.443
47.6800007104874,45.306
47.7333340446154,45.226
47.7866673787435,45.106
47.8400007128715,44.875
47.8933340469996,44.693
47.9466673811277,44.495
48.0000007152557,44.282
48.0533340493838,44.073
48.1066673835119,43.918
48.1600007176399,43.807
48.213334051768,43.673
48.2666673858961,43.57
48.3200007200241,43.461
48.3733340541522,43.34
48.4266673882802,43.178
48.4800007224083,43.11
48.5333340565364,43.048
48.5866673906644,42.983
48.6400007247925,42.893
48.6933340589205,42.876
48.7466673930486,42.907
48.8000007271767,42.915
48.8533340613047,42.95
48.9066673954328,42.915
48.9600007295609,42.976
49.0133340636889,43.051
49.066667397817,43.084
49.120000731945,43.21
49.1733340660731,43.308
49.2266674002012,43.352
49.2800007343292,43.408
49.3333340684573,43.418
49.3866674025854,43.437
49.4400007367134,43.512
49.4933340708415,43.479
49.5466674049695,43.424
49.6000007390976,43.371
49.6533340732257,43.263
49.7066674073537,43.22
49.7600007414818,43.028
49.8133340756098,42.975
49.8666674097379,42.792
49.920000743866,42.702
49.973334077994,42.574
50.0266674121221,42.439
50.0800007462502,42.31
50.1333340803782,42.186
50.1866674145063,42.1
50.2400007486343,41.972
50.2933340827624,41.891
50.3466674168905,41.828
50.4000007510185,41.843
50.4533340851466,41.758
50.5066674192747,41.668
50.5600007534027,41.615
50.6133340875308,41.504
50.6666674216588,41.291
50.7200007557869,41.095
50.773334089915,40.949
50.826667424043,40.769
50.8800007581711,40.616
50.9333340922992,40.557
50.9866674264272,40.513
51.0400007605553,40.537
51.0933340946833,40.566
51.1466674288114,40.509
51.2000007629395,40.496
51.2533340970675,40.585
51.3066674311956,40.655
51.3600007653236,40.729
51.4133340994517,40.792
51.4666674335798,40.803
51.5200007677078,40.737
51.5733341018359,40.668
51.626667435964,40.717
51.680000770092,40.685
51.7333341042201,40.632
51.7866674383481,40.624
51.8400007724762,40.455
51.8933341066043,40.341
51.9466674407323,40.261
52.0000007748604,40.105
52.0533341089884,39.936
52.1066674431165,39.782
52.1600007772446,39.621
52.2133341113726,39.472
52.2666674455007,39.274
52.3200007796288,39.044
52.3733341137568,38.816
52.4266674478849,38.568
52.4800007820129,38.342
52.533334116141,38.124
52.5866674502691,37.915
52.6400007843971,37.691
52.6933341185252,37.396
52.7466674526533,37.22
52.8000007867813,37.076
52.8533341209094,36.911
52.9066674550374,36.798
52.9600007891655,36.653
53.0133341232936,36.449
53.0666674574216,36.325
53.1200007915497,36.175
53.1733341256778,35.992
53.2266674598058,35.838
53.2800007939339,35.797
53.3333341280619,35.753
53.38666746219,35.604
53.4400007963181,35.488
53.4933341304461,35.461
53.5466674645742,35.405
53.6000007987022,35.358
53.6533341328303,35.348
53.7066674669584,35.294
53.7600008010864,35.272
53.8133341352145,35.224
53.8666674693426,35.263
53.9200008034706,35.149
53.9733341375987,35.049
54.0266674717267,34.908
54.0800008058548,34.739
54.1333341399829,34.657
54.1866674741109,34.572
54.240000808239,34.41
54.293334142367,34.217
54.3466674764951,34.036
54.4000008106232,33.86
54.4533341447512,33.716
54.5066674788793,33.623
54.5600008130074,33.387
54.6133341471354,33.224
54.6666674812635,33.005
54.7200008153915,32.842
54.7733341495196,32.69
54.8266674836477,32.576
54.8800008177757,32.404
54.9333341519038,32.246
54.9866674860319,32.094
55.0400008201599,31.933
55.093334154288,31.834
55.146667488416,31.654
55.2000008225441,31.523
55.2533341566722,31.449
55.3066674908002,31.292
55.3600008249283,31.174
55.4133341590564,31.07
55.4666674931844,31.001
55.5200008273125,30.833
55.5733341614405,30.721
55.6266674955686,30.559
55.6800008296967,30.46
55.7333341638247,30.468
55.7866674979528,30.437
55.8400008320808,30.334
55.8933341662089,30.257
55.946667500337,30.201
56.000000834465,30.06
56.0533341685931,29.986
56.1066675027212,29.955
56.1600008368492,29.875
56.2133341709773,29.795
56.2666675051053,29.701
56.3200008392334,29.633
56.3733341733615,29.514
56.4266675074895,29.348
56.4800008416176,29.15
56.5333341757457,28.956
56.5866675098737,28.748
56.6400008440018,28.531
56.6933341781298,28.34
56.7466675122579,28.127
56.800000846386,27.934
56.853334180514,27.752
56.9066675146421,27.538
56.9600008487701,27.316
57.0133341828982,27.082
57.0666675170263,26.906
57.1200008511543,26.725
57.1733341852824,26.576
57.2266675194105,26.44
57.2800008535385,26.251
57.3333341876666,26.018
57.3866675217946,25.904
57.4400008559227,25.79
57.4933341900508,25.649
57.5466675241788,25.572
57.6000008583069,25.375
57.653334192435,25.214
57.706667526563,25.067
57.7600008606911,24.912
57.8133341948191,24.802
57.8666675289472,24.649
57.9200008630753,24.447
57.9733341972033,24.311
58.0266675313314,24.206
58.0800008654594,24.124
58.1333341995875,24.115
58.1866675337156,24.136
58.2400008678436,24.119
58.2933342019717,23.964
58.3466675360998,23.807
58.4000008702278,23.733
58.4533342043559,23.674
58.5066675384839,23.568
58.560000872612,23.47
58.6133342067401,23.317
58.6666675408681,23.168
58.7200008749962,23.022
58.7733342091243,22.936
58.8266675432523,22.809
58.8800008773804,22.642
58.9333342115084,22.485
58.9866675456365,22.332
59.0400008797646,22.255
59.0933342138926,22.182
59.1466675480207,22.011
59.2000008821487,21.886
59.2533342162768,21.792
59.3066675504049,21.631
59.3600008845329,21.493
59.413334218661,21.386
59.4666675527891,21.313
59.5200008869171,21.196
59.5733342210452,21.035
59.6266675551732,20.886
59.6800008893013,20.831
59.7333342234294,20.697
59.7866675575574,20.594
59.8400008916855,20.512
59.8933342258136,20.355
59.9466675599416,20.261
60.0000008940697,20.16
60.0533342281977,20.111
60.1066675623258,20.0
60.1600008964539,19.9
60.2133342305819,19.843
60.26666756471,19.774
60.320000898838,19.687
60.3733342329661,19.615
60.4266675670942,19.571
60.4800009012222,19.443
60.5333342353503,19.377
60.5866675694784,19.281
60.6400009036064,19.235
60.6933342377345,19.14
60.7466675718625,19.048
60.8000009059906,18.953
60.8533342401187,18.828
60.9066675742467,18.698
60.9600009083748,18.614
61.0133342425029,18.586
61.0666675766309,18.52
61.120000910759,18.347
61.173334244887,18.206
61.2266675790151,18.028
61.2800009131432,17.885
61.3333342472712,17.728
61.3866675813993,17.618
61.4400009155273,17.49
61.4933342496554,17.412
61.5466675837835,17.378
61.6000009179115,17.284
61.6533342520396,17.198
61.7066675861677,17.032
61.7600009202957,16.909
61.8133342544238,16.819
61.8666675885518,16.745
61.9200009226799,16.539
61.973334256808,16.39
62.026667590936,16.338
62.0800009250641,16.339
62.1333342591922,16.332
62.1866675933202,16.272
62.2400009274483,16.199
62.2933342615763,16.095
62.3466675957044,16.015
62.4000009298325,15.96
62.4533342639605,15.849
62.5066675980886,15.762
62.5600009322166,15.66
62.6133342663447,15.598
62.6666676004728,15.55
62.7200009346008,15.511
62.7733342687289,15.463
62.826667602857,15.418
62.880000936985,15.306
62.9333342711131,15.187
62.9866676052412,15.093
63.0400009393692,15.034
63.0933342734973,14.964
63.1466676076253,14.901
63.2000009417534,14.778
63.2533342758815,14.695
63.3066676100095,14.612
63.3600009441376,14.573
63.4133342782656,14.517
63.4666676123937,14.374
63.5200009465218,14.301
63.5733342806498,14.208
63.6266676147779,14.106
63.680000948906,14.065
63.733334283034,14.005
63.7866676171621,13.903
63.8400009512901,13.805
63.8933342854182,13.793
63.9466676195463,13.812
64.0000009536743,13.747
64.0533342878024,13.641
64.1066676219304,13.618
64.1600009560585,13.556
64.2133342901866,13.459
64.2666676243146,13.395
64.3200009584427,13.399
64.3733342925708,13.371
64.4266676266988,13.278
64.4800009608269,13.146
64.5333342949549,13.052
64.586667629083,13.029
64.6400009632111,13.062
64.6933342973391,12.988
64.7466676314672,12.861
64.8000009655952,12.83
64.8533342997233,12.799
64.9066676338514,12.73
64.9600009679794,12.662
65.0133343021075,12.667
65.0666676362356,12.638
65.1200009703636,12.595
65.1733343044917,12.53
65.2266676386197,12.467
65.2800009727478,12.355
65.3333343068759,12.33
65.3866676410039,12.342
65.440000975132,12.246
65.4933343092601,12.185
65.5466676433881,12.181
65.6000009775162,12.17
65.6533343116442,12.096
65.7066676457723,12.019
65.7600009799004,11.937
65.8133343140284,11.901
65.8666676481565,11.848
65.9200009822846,11.813
65.9733343164126,11.75
66.0266676505407,11.607
66.0800009846687,11.515
66.1333343187968,11.515
66.1866676529249,11.454
66.2400009870529,11.375
66.293334321181,11.294
66.346667655309,11.286
66.4000009894371,11.269
66.4533343235652,11.193
66.5066676576932,11.14
66.5600009918213,11.081
66.6133343259494,11.068
66.6666676600774,10.981
66.7200009942055,10.999
66.7733343283335,10.985
66.8266676624616,10.932
66.8800009965897,10.904
66.9333343307177,10.856
66.9866676648458,10.845
67.0400009989739,10.825
67.0933343331019,10.75
67.14666766723,10.832
67.200001001358,10.882
67.2533343354861,10.854
67.3066676696142,10.795
67.3600010037422,10.711
67.4133343378703,10.671
67.4666676719983,10.595
67.5200010061264,10.515
67.5733343402545,10.49
67.6266676743825,10.467
67.6800010085106,10.424
67.7333343426387,10.372
67.7866676767667,10.271
67.8400010108948,10.307
67.8933343450228,10.269
67.9466676791509,10.264
68.000001013279,10.191
68.053334347407,10.159
68.1066676815351,10.14
68.1600010156632,10.012
68.2133343497912,9.985
68.2666676839193,9.899
68.3200010180473,9.87900000000001
68.3733343521754,9.79299999999999
68.4266676863035,9.755
68.4800010204315,9.744
68.5333343545596,9.745
68.5866676886876,9.78
68.6400010228157,9.71100000000001
68.6933343569438,9.666
68.7466676910718,9.627
68.8000010251999,9.613
68.853334359328,9.66500000000001
68.906667693456,9.58500000000001
68.9600010275841,9.499
69.0133343617121,9.506
69.0666676958402,9.506
69.1200010299683,9.436
69.1733343640963,9.405
69.2266676982244,9.397
69.2800010323524,9.407
69.3333343664805,9.368
69.3866677006086,9.321
69.4400010347366,9.287
69.4933343688647,9.27699999999999
69.5466677029928,9.203
69.6000010371208,9.202
69.6533343712489,9.217
69.7066677053769,9.187
69.760001039505,9.142
69.8133343736331,9.152
69.8666677077611,9.155
69.9200010418892,9.141
69.9733343760173,9.144
70.0266677101453,9.07300000000001
70.0800010442734,9.024
70.1333343784014,9.04499999999999
70.1866677125295,8.959
70.2400010466576,8.967
70.2933343807856,8.90000000000001
70.3466677149137,8.83999999999999
70.4000010490418,8.791
70.4533343831698,8.835
70.5066677172979,8.827
70.5600010514259,8.759
70.613334385554,8.72900000000001
70.6666677196821,8.611
70.7200010538101,8.55500000000001
70.7733343879382,8.514
70.8266677220662,8.51300000000001
70.8800010561943,8.44199999999999
70.9333343903224,8.362
70.9866677244504,8.298
71.0400010585785,8.346
71.0933343927066,8.323
71.1466677268346,8.297
71.2000010609627,8.27
71.2533343950908,8.245
71.3066677292188,8.238
71.3600010633469,8.218
71.4133343974749,8.225
71.466667731603,8.239
71.5200010657311,8.24
71.5733343998591,8.231
71.6266677339872,8.176
71.6800010681152,8.21100000000001
71.7333344022433,8.289
71.7866677363714,8.202
71.8400010704994,8.128
71.8933344046275,8.07499999999999
71.9466677387556,8.19
72.0000010728836,8.229
72.0533344070117,8.208
72.1066677411397,8.176
72.1600010752678,8.117
72.2133344093959,8.071
72.2666677435239,8.032
72.320001077652,8.03
72.37333441178,7.985
72.4266677459081,7.982
72.4800010800362,8.012
72.5333344141642,7.977
72.5866677482923,7.923
72.6400010824204,7.893
72.6933344165484,7.891
72.7466677506765,7.88200000000001
72.8000010848045,7.838
72.8533344189326,7.846
72.9066677530607,7.812
72.9600010871887,7.738
73.0133344213168,7.692
73.0666677554449,7.67100000000001
73.1200010895729,7.705
73.173334423701,7.68
73.226667757829,7.742
73.2800010919571,7.66
73.3333344260852,7.581
73.3866677602132,7.58
73.4400010943413,7.61
73.4933344284693,7.604
73.5466677625974,7.592
73.6000010967255,7.53699999999999
73.6533344308535,7.5
73.7066677649816,7.492
73.7600010991097,7.495
73.8133344332377,7.492
73.8666677673658,7.511
73.9200011014938,7.55
73.9733344356219,7.499
74.02666776975,7.462
74.080001103878,7.42699999999999
74.1333344380061,7.386
74.1866677721341,7.362
74.2400011062622,7.365
74.2933344403903,7.39
74.3466677745183,7.325
74.4000011086464,7.307
74.4533344427745,7.35299999999999
74.5066677769025,7.34
74.5600011110306,7.285
74.6133344451586,7.225
74.6666677792867,7.18700000000001
74.7200011134148,7.11
74.7733344475428,7.172
74.8266677816709,7.114
74.880001115799,7.046
74.933334449927,7.049
74.9866677840551,7.023
75.0400011181831,7.067
75.0933344523112,7.02199999999999
75.1466677864393,6.958
75.2000011205673,6.947
75.2533344546954,6.957
75.3066677888234,6.91200000000001
75.3600011229515,6.846
75.4133344570796,6.84
75.4666677912076,6.804
75.5200011253357,6.798
75.5733344594638,6.82299999999999
75.6266677935918,6.793
75.6800011277199,6.784
75.733334461848,6.878
75.786667795976,6.88900000000001
75.8400011301041,6.823
75.8933344642321,6.844
75.9466677983602,6.869
76.0000011324883,6.84
76.0533344666163,6.788
76.1066678007444,6.778
76.1600011348724,6.779
76.2133344690005,6.836
76.2666678031286,6.81699999999999
76.3200011372566,6.782
76.3733344713847,6.864
76.4266678055128,6.88500000000001
76.4800011396408,6.846
76.5333344737689,6.80800000000001
76.5866678078969,6.734
76.640001142025,6.732
76.6933344761531,6.762
76.7466678102811,6.78100000000001
76.8000011444092,6.73200000000001
76.8533344785373,6.71
76.9066678126653,6.71899999999999
76.9600011467934,6.642
77.0133344809214,6.608
77.0666678150495,6.605
77.1200011491776,6.562
77.1733344833056,6.54
77.2266678174337,6.524
77.2800011515617,6.586
77.3333344856898,6.598
77.3866678198179,6.658
77.4400011539459,6.59899999999999
77.493334488074,6.56
77.5466678222021,6.60599999999999
77.6000011563301,6.529
77.6533344904582,6.417
77.7066678245862,6.378
77.7600011587143,6.392
77.8133344928424,6.402
77.8666678269704,6.405
77.9200011610985,6.364
77.9733344952265,6.28
78.0266678293546,6.35300000000001
78.0800011634827,6.47
78.1333344976107,6.464
78.1866678317388,6.497
78.2400011658669,6.501
78.2933344999949,6.461
78.346667834123,6.389
78.400001168251,6.39400000000001
78.4533345023791,6.455
78.5066678365072,6.498
78.5600011706352,6.52500000000001
78.6133345047633,6.464
78.6666678388914,6.432
78.7200011730194,6.43
78.7733345071475,6.359
78.8266678412755,6.324
78.8800011754036,6.271
78.9333345095317,6.32299999999999
78.9866678436597,6.387
79.0400011777878,6.27600000000001
79.0933345119158,6.20999999999999
79.1466678460439,6.214
79.200001180172,6.216
79.2533345143,6.191
79.3066678484281,6.195
79.3600011825562,6.208
79.4133345166842,6.145
79.4666678508123,6.124
79.5200011849403,6.173
79.5733345190684,6.227
79.6266678531965,6.236
79.6800011873245,6.231
79.7333345214526,6.216
79.7866678555806,6.22799999999999
79.8400011897087,6.16800000000001
79.8933345238368,6.143
79.9466678579648,6.102
80.0000011920929,6.099
80.053334526221,6.113
80.106667860349,6.07000000000001
80.1600011944771,6.124
80.2133345286051,6.08099999999999
80.2666678627332,5.959
80.3200011968613,6.02
80.3733345309893,5.988
80.4266678651174,5.964
80.4800011992455,5.912
80.5333345333735,5.876
80.5866678675016,5.883
80.6400012016296,5.9
80.6933345357577,5.882
80.7466678698858,5.884
80.8000012040138,5.886
80.8533345381419,5.884
80.90666787227,5.869
80.960001206398,5.892
81.0133345405261,5.896
81.0666678746541,5.838
81.1200012087822,5.867
81.1733345429103,5.899
81.2266678770383,5.966
81.2800012111664,5.975
81.3333345452945,5.947
81.3866678794225,5.96899999999999
81.4400012135506,6.086
81.4933345476786,6.084
81.5466678818067,5.977
81.6000012159348,5.937
81.6533345500628,5.94
81.7066678841909,5.88
81.7600012183189,5.914
81.813334552447,5.995
81.8666678865751,5.93600000000001
81.9200012207031,5.84399999999999
81.9733345548312,5.828
82.0266678889593,5.866
82.0800012230873,5.917
82.1333345572154,5.87900000000001
82.1866678913434,5.821
82.2400012254715,5.815
82.2933345595996,5.837
82.3466678937276,5.857
82.4000012278557,5.912
82.4533345619838,5.87600000000001
82.5066678961118,5.809
82.5600012302399,5.843
82.6133345643679,5.81
82.666667898496,5.75
82.7200012326241,5.642
82.7733345667521,5.623
82.8266679008802,5.568
82.8800012350082,5.563
82.9333345691363,5.618
82.9866679032644,5.602
83.0400012373924,5.54300000000001
83.0933345715205,5.598
83.1466679056486,5.617
83.2000012397766,5.637
83.2533345739047,5.574
83.3066679080327,5.58199999999999
83.3600012421608,5.541
83.4133345762889,5.559
83.4666679104169,5.52200000000001
83.520001244545,5.46799999999999
83.573334578673,5.375
83.6266679128011,5.395
83.6800012469292,5.398
83.7333345810572,5.392
83.7866679151853,5.47
83.8400012493134,5.527
83.8933345834414,5.508
83.9466679175695,5.46899999999999
84.0000012516975,5.383
84.0533345858256,5.432
84.1066679199537,5.40799999999999
84.1600012540817,5.357
84.2133345882098,5.338
84.2666679223379,5.334
84.3200012564659,5.353
84.373334590594,5.377
84.426667924722,5.345
84.4800012588501,5.348
84.5333345929782,5.316
84.5866679271062,5.29600000000001
84.6400012612343,5.34099999999999
84.6933345953623,5.417
84.7466679294904,5.401
84.8000012636185,5.373
84.8533345977465,5.379
84.9066679318746,5.377
84.9600012660027,5.372
85.0133346001307,5.38300000000001
85.0666679342588,5.33500000000001
85.1200012683868,5.336
85.1733346025149,5.333
85.226667936643,5.307
85.280001270771,5.308
85.3333346048991,5.361
85.3866679390272,5.353
85.4400012731552,5.331
85.4933346072833,5.356
85.5466679414113,5.398
85.6000012755394,5.437
85.6533346096675,5.355
85.7066679437955,5.393
85.7600012779236,5.39
85.8133346120517,5.348
85.8666679461797,5.386
85.9200012803078,5.399
85.9733346144358,5.298
86.0266679485639,5.246
86.080001282692,5.23500000000001
86.13333461682,5.294
86.1866679509481,5.29000000000001
86.2400012850761,5.229
86.2933346192042,5.2
86.3466679533323,5.225
86.4000012874603,5.184
86.4533346215884,5.073
86.5066679557165,5.07599999999999
86.5600012898445,5.09100000000001
86.6133346239726,5.058
86.6666679581006,5.121
86.7200012922287,5.154
86.7733346263568,5.138
86.8266679604848,5.151
86.8800012946129,5.114
86.933334628741,5.148
86.986667962869,5.213
87.0400012969971,5.183
87.0933346311251,5.162
87.1466679652532,5.136
87.2000012993813,5.088
87.2533346335093,5.094
87.3066679676374,5.117
87.3600013017655,5.058
87.4133346358935,5.039
87.4666679700216,5.074
87.5200013041496,5.1
87.5733346382777,5.148
87.6266679724058,5.161
87.6800013065338,5.133
87.7333346406619,5.11
87.7866679747899,5.102
87.840001308918,5.133
87.8933346430461,5.112
87.9466679771741,5.108
88.0000013113022,5.143
88.0533346454303,5.16
88.1066679795583,5.16
88.1600013136864,5.12600000000001
88.2133346478144,5.099
88.2666679819425,5.081
88.3200013160706,5.069
88.3733346501986,4.977
88.4266679843267,4.991
88.4800013184547,4.937
88.5333346525828,4.894
88.5866679867109,4.818
88.6400013208389,4.769
88.693334654967,4.759
88.7466679890951,4.779
88.8000013232231,4.83500000000001
88.8533346573512,4.894
88.9066679914792,4.865
88.9600013256073,4.856
89.0133346597354,4.834
89.0666679938634,4.881
89.1200013279915,4.87
89.1733346621195,4.87900000000001
89.2266679962476,4.92100000000001
89.2800013303757,4.85499999999999
89.3333346645037,4.812
89.3866679986318,4.852
89.4400013327599,4.884
89.4933346668879,4.848
89.546668001016,4.809
89.600001335144,4.78999999999999
89.6533346692721,4.89400000000001
89.7066680034002,4.931
89.7600013375282,4.90700000000001
89.8133346716563,4.84899999999999
89.8666680057844,4.94800000000001
89.9200013399124,4.98
89.9733346740405,4.974
90.0266680081685,4.96599999999999
90.0800013422966,4.90899999999999
90.1333346764247,4.85
90.1866680105527,4.854
90.2400013446808,4.882
90.2933346788089,4.893
90.3466680129369,4.912
90.400001347065,4.883
90.453334681193,4.852
90.5066680153211,4.89
90.5600013494492,4.896
90.6133346835772,4.874
90.6666680177053,4.815
90.7200013518333,4.778
90.7733346859614,4.758
90.8266680200895,4.762
90.8800013542175,4.751
90.9333346883456,4.73400000000001
90.9866680224737,4.669
91.0400013566017,4.679
91.0933346907298,4.687
91.1466680248578,4.691
91.2000013589859,4.661
91.253334693114,4.648
91.306668027242,4.609
91.3600013613701,4.633
91.4133346954982,4.607
91.4666680296262,4.65600000000001
91.5200013637543,4.71599999999999
91.5733346978823,4.739
91.6266680320104,4.708
91.6800013661385,4.752
91.7333347002665,4.767
91.7866680343946,4.669
91.8400013685227,4.729
91.8933347026507,4.741
91.9466680367788,4.698
92.0000013709068,4.706
92.0533347050349,4.705
92.106668039163,4.67100000000001
92.160001373291,4.676
92.2133347074191,4.666
92.2666680415471,4.713
92.3200013756752,4.707
92.3733347098033,4.749
92.4266680439313,4.752
92.4800013780594,4.77099999999999
92.5333347121875,4.83799999999999
92.5866680463155,4.815
92.6400013804436,4.793
92.6933347145716,4.754
92.7466680486997,4.705
92.8000013828278,4.732
92.8533347169558,4.72300000000001
92.9066680510839,4.673
92.960001385212,4.656
93.01333471934,4.659
93.0666680534681,4.669
93.1200013875961,4.631
93.1733347217242,4.60299999999999
93.2266680558523,4.608
93.2800013899803,4.60599999999999
93.3333347241084,4.539
93.3866680582364,4.488
93.4400013923645,4.476
93.4933347264926,4.519
93.5466680606206,4.50300000000001
93.6000013947487,4.458
93.6533347288768,4.493
93.7066680630048,4.44800000000001
93.7600013971329,4.412
93.8133347312609,4.45399999999999
93.866668065389,4.483
93.9200013995171,4.48099999999999
93.9733347336451,4.48599999999999
94.0266680677732,4.56399999999999
94.0800014019012,4.613
94.1333347360293,4.596
94.1866680701574,4.535
94.2400014042854,4.509
94.2933347384135,4.45100000000001
94.3466680725416,4.39599999999999
94.4000014066696,4.467
94.4533347407977,4.465
94.5066680749257,4.497
94.5600014090538,4.455
94.6133347431819,4.429
94.6666680773099,4.43799999999999
94.720001411438,4.491
94.7733347455661,4.482
94.8266680796941,4.506
94.8800014138222,4.519
94.9333347479502,4.514
94.9866680820783,4.535
95.0400014162064,4.48500000000001
95.0933347503344,4.406
95.1466680844625,4.411
95.2000014185905,4.378
95.2533347527186,4.45999999999999
95.3066680868467,4.517
95.3600014209748,4.53
95.4133347551028,4.458
95.4666680892309,4.535
95.5200014233589,4.52
95.573334757487,4.518
95.626668091615,4.486
95.6800014257431,4.449
95.7333347598712,4.37299999999999
95.7866680939992,4.337
95.8400014281273,4.32499999999999
95.8933347622554,4.297
95.9466680963834,4.293
96.0000014305115,4.30499999999999
96.0533347646395,4.327
96.1066680987676,4.366
96.1600014328957,4.423
96.2133347670237,4.457
96.2666681011518,4.455
96.3200014352799,4.50200000000001
96.3733347694079,4.542
96.426668103536,4.541
96.480001437664,4.535
96.5333347717921,4.52
96.5866681059202,4.469
96.6400014400482,4.442
96.6933347741763,4.43600000000001
96.7466681083043,4.496
96.8000014424324,4.452
96.8533347765605,4.441
96.9066681106885,4.481
96.9600014448166,4.44399999999999
97.0133347789447,4.32
97.0666681130727,4.292
97.1200014472008,4.325
97.1733347813288,4.345
97.2266681154569,4.339
97.280001449585,4.367
97.333334783713,4.393
97.3866681178411,4.447
97.4400014519692,4.4
97.4933347860972,4.387
97.5466681202253,4.387
97.6000014543533,4.46299999999999
97.6533347884814,4.526
97.7066681226095,4.489
97.7600014567375,4.374
97.8133347908656,4.38900000000001
97.8666681249937,4.434
97.9200014591217,4.401
97.9733347932498,4.421
98.0266681273778,4.402
98.0800014615059,4.38900000000001
98.133334795634,4.355
98.186668129762,4.339
98.2400014638901,4.316
98.2933347980181,4.29100000000001
98.3466681321462,4.27800000000001
98.4000014662743,4.238
98.4533348004023,4.26599999999999
98.5066681345304,4.35299999999999
98.5600014686585,4.35599999999999
98.6133348027865,4.322
98.6666681369146,4.292
98.7200014710426,4.279
98.7733348051707,4.297
98.8266681392988,4.278
98.8800014734268,4.28700000000001
98.9333348075549,4.244
98.9866681416829,4.208
99.040001475811,4.261
99.0933348099391,4.286
99.1466681440671,4.286
99.2000014781952,4.215
99.2533348123233,4.211
99.3066681464513,4.237
99.3600014805794,4.259
99.4133348147074,4.217
99.4666681488355,4.23
99.5200014829636,4.254
99.5733348170916,4.239
99.6266681512197,4.21199999999999
99.6800014853477,4.252
99.7333348194758,4.293
99.7866681536039,4.274
99.8400014877319,4.208
99.89333482186,4.14700000000001
99.9466681559881,4.12199999999999
100.000001490116,4.189
100.053334824244,4.157
100.106668158372,4.147
100.1600014925,4.118
100.213334826628,4.039
100.266668160756,4.086
100.320001494885,4.09299999999999
100.373334829013,4.17200000000003
100.426668163141,4.278
100.480001497269,4.248
100.533334831397,4.25
100.586668165525,4.205
100.640001499653,4.199
100.693334833781,4.197
100.746668167909,4.199
100.800001502037,4.16900000000001
100.853334836165,4.129
100.906668170293,4.136
100.960001504421,4.103
101.013334838549,4.108
101.066668172677,4.113
101.120001506805,4.087
101.173334840933,4.09
101.226668175062,4.104
101.28000150919,4.109
101.333334843318,4.084
101.386668177446,4.105
101.440001511574,4.105
101.493334845702,4.095
101.54666817983,4.09099999999999
101.600001513958,4.14400000000001
101.653334848086,4.223
101.706668182214,4.218
101.760001516342,4.163
101.81333485047,4.181
101.866668184598,4.161
101.920001518726,4.152
101.973334852854,4.153
102.026668186982,4.21199999999999
102.080001521111,4.276
102.133334855239,4.203
102.186668189367,4.104
102.240001523495,4.09
102.293334857623,4.1
102.346668191751,4.08799999999999
102.400001525879,4.056
102.453334860007,4.041
102.506668194135,4.063
102.560001528263,4.08
102.613334862391,4.008
102.666668196519,4.032
102.720001530647,4.051
102.773334864775,4.024
102.826668198903,4.03200000000001
102.880001533031,4.082
102.93333486716,4.059
102.986668201288,4.092
103.040001535416,4.188
103.093334869544,4.15400000000001
103.146668203672,4.102
103.2000015378,4.123
103.253334871928,4.092
103.306668206056,4.059
103.360001540184,4.06399999999999
103.413334874312,4.102
103.46666820844,4.12200000000001
103.520001542568,4.096
103.573334876696,4.12900000000001
103.626668210824,4.19799999999999
103.680001544952,4.191
103.73333487908,4.187
103.786668213209,4.188
103.840001547337,4.15600000000001
103.893334881465,4.112
103.946668215593,4.1
104.000001549721,4.128
104.053334883849,4.146
104.106668217977,4.143
104.160001552105,4.136
104.213334886233,4.107
104.266668220361,4.154
104.320001554489,4.095
104.373334888617,4.02799999999999
104.426668222745,4.082
104.480001556873,4.08000000000001
104.533334891001,4.015
104.586668225129,4.072
104.640001559258,4.162
104.693334893386,4.125
104.746668227514,4.059
104.800001561642,4.075
104.85333489577,4.074
104.906668229898,4.077
104.960001564026,4.04900000000001
105.013334898154,4.026
105.066668232282,4.06
105.12000156641,4.092
105.173334900538,4.065
105.226668234666,3.944
105.280001568794,3.889
105.333334902922,3.92699999999999
105.38666823705,4.017
105.440001571178,4.02
105.493334905307,4.087
105.546668239435,4.054
105.600001573563,4.053
105.653334907691,4.148
105.706668241819,4.181
105.760001575947,4.178
105.813334910075,4.181
105.866668244203,4.15199999999999
105.920001578331,4.07300000000001
105.973334912459,4.008
106.026668246587,3.976
106.080001580715,4.023
106.133334914843,4.014
106.186668248971,3.985
106.240001583099,3.958
106.293334917227,3.961
106.346668251356,3.96499999999999
106.400001585484,3.947
106.453334919612,4.032
106.50666825374,3.992
106.560001587868,3.958
106.613334921996,3.959
106.666668256124,3.95999999999999
106.720001590252,4.004
106.77333492438,3.964
106.826668258508,3.883
106.880001592636,3.918
106.933334926764,3.932
106.986668260892,3.935
107.04000159502,3.893
107.093334929148,3.79600000000001
107.146668263276,3.82599999999999
107.200001597404,3.83500000000001
107.253334931533,3.77500000000001
107.306668265661,3.856
107.360001599789,3.839
107.413334933917,3.827
107.466668268045,3.847
107.520001602173,3.876
107.573334936301,3.872
107.626668270429,3.859
107.680001604557,3.873
107.733334938685,3.892
107.786668272813,3.84999999999999
107.840001606941,3.81700000000001
107.893334941069,3.78
107.946668275197,3.753
108.000001609325,3.791
108.053334943453,3.739
108.106668277582,3.725
108.16000161171,3.716
108.213334945838,3.705
108.266668279966,3.748
108.320001614094,3.723
108.373334948222,3.708
108.42666828235,3.745
108.480001616478,3.701
108.533334950606,3.712
108.586668284734,3.78899999999999
108.640001618862,3.862
108.69333495299,3.86000000000001
108.746668287118,3.944
108.800001621246,3.938
108.853334955374,3.972
108.906668289502,3.968
108.960001623631,3.983
109.013334957759,3.98599999999999
109.066668291887,3.917
109.120001626015,3.878
109.173334960143,3.90100000000001
109.226668294271,3.818
109.280001628399,3.781
109.333334962527,3.751
109.386668296655,3.676
109.440001630783,3.716
109.493334964911,3.714
109.546668299039,3.745
109.600001633167,3.79499999999999
109.653334967295,3.874
109.706668301423,3.853
109.760001635551,3.861
109.81333496968,3.84200000000001
109.866668303808,3.771
109.920001637936,3.79399999999998
109.973334972064,3.909
110.026668306192,3.901
110.08000164032,3.875
110.133334974448,3.862
110.186668308576,3.857
110.240001642704,3.89400000000001
110.293334976832,3.891
110.34666831096,3.864
110.400001645088,3.836
110.453334979216,3.803
110.506668313344,3.746
110.560001647472,3.73
110.6133349816,3.752
110.666668315729,3.776
110.720001649857,3.748
110.773334983985,3.734
110.826668318113,3.721
110.880001652241,3.71
110.933334986369,3.72999999999999
110.986668320497,3.81100000000001
111.040001654625,3.758
111.093334988753,3.726
111.146668322881,3.688
111.200001657009,3.71899999999999
111.253334991137,3.736
111.306668325265,3.759
111.360001659393,3.777
111.413334993521,3.783
111.466668327649,3.8
111.520001661778,3.783
111.573334995906,3.746
111.626668330034,3.76300000000001
111.680001664162,3.727
111.73333499829,3.69799999999999
111.786668332418,3.646
111.840001666546,3.702
111.893335000674,3.72200000000001
111.946668334802,3.666
112.00000166893,3.721
112.053335003058,3.741
112.106668337186,3.758
112.160001671314,3.77799999999999
112.213335005442,3.729
112.26666833957,3.703
112.320001673698,3.672
112.373335007827,3.706
112.426668341955,3.78400000000001
112.480001676083,3.738
112.533335010211,3.708
112.586668344339,3.645
112.640001678467,3.63800000000001
112.693335012595,3.725
112.746668346723,3.69
112.800001680851,3.724
112.853335014979,3.68899999999999
112.906668349107,3.67099999999999
112.960001683235,3.789
113.013335017363,3.781
113.066668351491,3.74
113.120001685619,3.74
113.173335019747,3.762
113.226668353876,3.789
113.280001688004,3.84699999999999
113.333335022132,3.858
113.38666835626,3.806
113.440001690388,3.78999999999999
113.493335024516,3.709
113.546668358644,3.635
113.600001692772,3.64599999999999
113.6533350269,3.72199999999999
113.706668361028,3.714
113.760001695156,3.672
113.813335029284,3.665
113.866668363412,3.671
113.92000169754,3.684
113.973335031668,3.7
114.026668365796,3.699
114.080001699924,3.727
114.133335034053,3.739
114.186668368181,3.76000000000001
114.240001702309,3.768
114.293335036437,3.768
114.346668370565,3.709
114.400001704693,3.708
114.453335038821,3.689
114.506668372949,3.661
114.560001707077,3.652
114.613335041205,3.63499999999999
114.666668375333,3.58
114.720001709461,3.60400000000001
114.773335043589,3.661
114.826668377717,3.623
114.880001711845,3.632
114.933335045973,3.718
114.986668380102,3.708
115.04000171423,3.75200000000001
115.093335048358,3.699
115.146668382486,3.745
115.200001716614,3.76300000000001
115.253335050742,3.72199999999999
115.30666838487,3.695
115.360001718998,3.696
115.413335053126,3.67
115.466668387254,3.649
115.520001721382,3.664
115.57333505551,3.694
115.626668389638,3.72999999999999
115.680001723766,3.79
115.733335057894,3.743
115.786668392022,3.738
115.840001726151,3.761
115.893335060279,3.733
115.946668394407,3.65900000000001
116.000001728535,3.65799999999999
116.053335062663,3.698
116.106668396791,3.672
116.160001730919,3.61799999999999
116.213335065047,3.65900000000001
116.266668399175,3.616
116.320001733303,3.655
116.373335067431,3.65600000000001
116.426668401559,3.645
116.480001735687,3.62
116.533335069815,3.633
116.586668403943,3.58000000000001
116.640001738071,3.536
116.6933350722,3.602
116.746668406328,3.578
116.800001740456,3.586
116.853335074584,3.579
116.906668408712,3.527
116.96000174284,3.576
117.013335076968,3.542
117.066668411096,3.562
117.120001745224,3.58500000000001
117.173335079352,3.53999999999999
117.22666841348,3.593
117.280001747608,3.59699999999999
117.333335081736,3.65199999999999
117.386668415864,3.681
117.440001749992,3.673
117.49333508412,3.702
117.546668418249,3.682
117.600001752377,3.683
117.653335086505,3.671
117.706668420633,3.678
117.760001754761,3.61499999999999
117.813335088889,3.611
117.866668423017,3.611
117.920001757145,3.652
117.973335091273,3.666
118.026668425401,3.705
118.080001759529,3.649
118.133335093657,3.55
118.186668427785,3.59200000000001
118.240001761913,3.68300000000001
118.293335096041,3.692
118.346668430169,3.749
118.400001764297,3.74099999999999
118.453335098426,3.632
118.506668432554,3.65899999999999
118.560001766682,3.68599999999999
118.61333510081,3.615
118.666668434938,3.601
118.720001769066,3.62
118.773335103194,3.57599999999999
118.826668437322,3.517
118.88000177145,3.51900000000001
118.933335105578,3.52
118.986668439706,3.553
119.040001773834,3.551
119.093335107962,3.513
119.14666844209,3.539
119.200001776218,3.565
119.253335110346,3.56
119.306668444475,3.589
119.360001778603,3.606
119.413335112731,3.61099999999999
119.466668446859,3.57599999999999
119.520001780987,3.567
119.573335115115,3.61
119.626668449243,3.632
119.680001783371,3.611
119.733335117499,3.601
119.786668451627,3.585
119.840001785755,3.586
119.893335119883,3.63300000000001
119.946668454011,3.661
120.000001788139,3.594
120.053335122267,3.553
120.106668456395,3.508
120.160001790524,3.48699999999999
120.213335124652,3.579
120.26666845878,3.59699999999999
120.320001792908,3.545
120.373335127036,3.531
120.426668461164,3.572
120.480001795292,3.483
120.53333512942,3.41800000000001
120.586668463548,3.454
120.640001797676,3.478
120.693335131804,3.47199999999999
120.746668465932,3.429
120.80000180006,3.462
120.853335134188,3.45399999999999
120.906668468316,3.419
120.960001802444,3.42700000000001
121.013335136573,3.413
121.066668470701,3.432
121.120001804829,3.39500000000001
121.173335138957,3.468
121.226668473085,3.492
121.280001807213,3.45099999999999
121.333335141341,3.425
121.386668475469,3.404
121.440001809597,3.328
121.493335143725,3.309
121.546668477853,3.324
121.600001811981,3.31999999999999
121.653335146109,3.37
121.706668480237,3.393
121.760001814365,3.42400000000001
121.813335148493,3.497
121.866668482622,3.47799999999999
121.92000181675,3.47
121.973335150878,3.49299999999999
122.026668485006,3.50899999999999
122.080001819134,3.541
122.133335153262,3.45699999999999
122.18666848739,3.452
122.240001821518,3.574
122.293335155646,3.52099999999999
122.346668489774,3.52000000000001
122.400001823902,3.54900000000001
122.45333515803,3.511
122.506668492158,3.535
122.560001826286,3.47799999999999
122.613335160414,3.42
122.666668494542,3.35599999999999
122.720001828671,3.428
122.773335162799,3.537
122.826668496927,3.51300000000001
122.880001831055,3.477
122.933335165183,3.465
122.986668499311,3.449
123.040001833439,3.449
123.093335167567,3.434
123.146668501695,3.43600000000001
123.200001835823,3.34700000000001
123.253335169951,3.341
123.306668504079,3.381
123.360001838207,3.376
123.413335172335,3.289
123.466668506463,3.262
123.520001840591,3.29599999999999
123.57333517472,3.256
123.626668508848,3.27200000000001
123.680001842976,3.307
123.733335177104,3.33
123.786668511232,3.341
123.84000184536,3.33
123.893335179488,3.37100000000001
123.946668513616,3.426
124.000001847744,3.452
124.053335181872,3.43899999999999
124.106668516,3.38099999999997
124.160001850128,3.29
124.213335184256,3.291
124.266668518384,3.32400000000001
124.320001852512,3.364
124.37333518664,3.41
124.426668520769,3.396
124.480001854897,3.42400000000001
124.533335189025,3.476
124.586668523153,3.447
124.640001857281,3.473
124.693335191409,3.45699999999999
124.746668525537,3.42
124.800001859665,3.38600000000002
124.853335193793,3.312
124.906668527921,3.328
124.960001862049,3.343
125.013335196177,3.363
125.066668530305,3.362
125.120001864433,3.375
125.173335198561,3.34899999999999
125.226668532689,3.31
125.280001866817,3.328
125.333335200946,3.315
125.386668535074,3.299
125.440001869202,3.29000000000001
125.49333520333,3.32599999999999
125.546668537458,3.382
125.600001871586,3.352
125.653335205714,3.32900000000001
125.706668539842,3.41500000000001
125.76000187397,3.396
125.813335208098,3.33799999999999
125.866668542226,3.42500000000001
125.920001876354,3.51600000000001
125.973335210482,3.47499999999999
126.02666854461,3.40300000000001
126.080001878738,3.405
126.133335212866,3.45099999999999
126.186668546995,3.509
126.240001881123,3.48099999999999
126.293335215251,3.431
126.346668549379,3.396
126.400001883507,3.395
126.453335217635,3.403
126.506668551763,3.44
126.560001885891,3.468
126.613335220019,3.429
126.666668554147,3.441
126.720001888275,3.50200000000001
126.773335222403,3.545
126.826668556531,3.523
126.880001890659,3.488
126.933335224787,3.477
126.986668558915,3.454
127.040001893044,3.45400000000001
127.093335227172,3.354
127.1466685613,3.387
127.200001895428,3.444
127.253335229556,3.44200000000001
127.306668563684,3.47499999999999
127.360001897812,3.38400000000001
127.41333523194,3.345
127.466668566068,3.346
127.520001900196,3.289
127.573335234324,3.313
127.626668568452,3.364
127.68000190258,3.387
127.733335236708,3.34
127.786668570836,3.26400000000001
127.840001904964,3.33500000000001
127.893335239093,3.367
127.946668573221,3.354
128.000001907349,3.36900000000003
128.053335241477,3.241
128.106668575605,3.25
128.160001909733,3.252
128.213335243861,3.233
128.266668577989,3.2
128.320001912117,3.172
128.373335246245,3.184
128.426668580373,3.214
128.480001914501,3.267
128.533335248629,3.207
128.586668582757,3.234
128.640001916885,3.211
128.693335251013,3.238
128.746668585142,3.21899999999999
128.80000191927,3.265
128.853335253398,3.24000000000001
128.906668587526,3.192
128.960001921654,3.197
129.013335255782,3.188
129.06666858991,3.16800000000001
129.120001924038,3.158
129.173335258166,3.15900000000001
129.226668592294,3.20599999999999
129.280001926422,3.252
129.33333526055,3.23999999999999
129.386668594678,3.26900000000001
129.440001928806,3.31
129.493335262934,3.273
129.546668597062,3.233
129.600001931191,3.271
129.653335265319,3.249
129.706668599447,3.23099999999999
129.760001933575,3.284
129.813335267703,3.213
129.866668601831,3.178
129.920001935959,3.184
129.973335270087,3.196
130.026668604215,3.21799999999999
130.080001938343,3.255
130.133335272471,3.287
130.186668606599,3.289
130.240001940727,3.252
130.293335274855,3.256
130.346668608983,3.29199999999997
130.400001943111,3.247
130.453335277239,3.233
130.506668611368,3.24
130.560001945496,3.256
130.613335279624,3.247
130.666668613752,3.24299999999999
130.72000194788,3.23500000000001
130.773335282008,3.293
130.826668616136,3.27499999999999
130.880001950264,3.229
130.933335284392,3.226
130.98666861852,3.239
131.040001952648,3.22199999999999
131.093335286776,3.19799999999999
131.146668620904,3.129
131.200001955032,3.13499999999999
131.25333528916,3.20699999999999
131.306668623288,3.24
131.360001957417,3.227
131.413335291545,3.241
131.466668625673,3.261
131.520001959801,3.229
131.573335293929,3.257
131.626668628057,3.209
131.680001962185,3.172
131.733335296313,3.193
131.786668630441,3.181
131.840001964569,3.163
131.893335298697,3.145
131.946668632825,3.14
132.000001966953,3.162
132.053335301081,3.137
132.106668635209,3.13
132.160001969337,3.133
132.213335303466,3.148
132.266668637594,3.143
132.320001971722,3.214
132.37333530585,3.24599999999999
132.426668639978,3.284
132.480001974106,3.272
132.533335308234,3.26400000000001
132.586668642362,3.297
132.64000197649,3.36000000000001
132.693335310618,3.32400000000001
132.746668644746,3.269
132.800001978874,3.27199999999999
132.853335313002,3.236
132.90666864713,3.179
132.960001981258,3.18299999999999
133.013335315386,3.238
133.066668649515,3.263
133.120001983643,3.253
133.173335317771,3.229
133.226668651899,3.26900000000001
133.280001986027,3.286
133.333335320155,3.315
133.386668654283,3.28300000000002
133.440001988411,3.227
133.493335322539,3.293
133.546668656667,3.23500000000001
133.600001990795,3.191
133.653335324923,3.212
133.706668659051,3.206
133.760001993179,3.17400000000001
133.813335327307,3.208
133.866668661435,3.224
133.920001995564,3.197
133.973335329692,3.196
134.02666866382,3.202
134.080001997948,3.18299999999999
134.133335332076,3.193
134.186668666204,3.16800000000001
134.240002000332,3.194
134.29333533446,3.18900000000001
134.346668668588,3.175
134.400002002716,3.163
134.453335336844,3.18
134.506668670972,3.19999999999999
134.5600020051,3.124
134.613335339228,3.18200000000002
134.666668673356,3.262
134.720002007484,3.166
134.773335341612,3.18100000000001
134.826668675741,3.09200000000001
134.880002009869,3.058
134.933335343997,3.068
134.986668678125,3.148
135.040002012253,3.217
135.093335346381,3.17200000000003
135.146668680509,3.11199999999999
135.200002014637,3.18199999999999
135.253335348765,3.214
135.306668682893,3.236
135.360002017021,3.249
135.413335351149,3.248
135.466668685277,3.25899999999999
135.520002019405,3.199
135.573335353533,3.184
135.626668687661,3.226
135.68000202179,3.226
135.733335355918,3.204
135.786668690046,3.148
135.840002024174,3.138
135.893335358302,3.118
135.94666869243,3.114
136.000002026558,3.18
136.053335360686,3.15199999999999
136.106668694814,3.094
136.160002028942,3.13299999999998
136.21333536307,3.24299999999999
136.266668697198,3.237
136.320002031326,3.199
136.373335365454,3.183
136.426668699582,3.151
136.480002033711,3.203
136.533335367839,3.16899999999998
136.586668701967,3.069
136.640002036095,3.083
136.693335370223,3.113
136.746668704351,3.09999999999999
136.800002038479,3.06699999999999
136.853335372607,3.04600000000001
136.906668706735,3.107
136.960002040863,3.185
137.013335374991,3.19300000000001
137.066668709119,3.146
137.120002043247,3.185
137.173335377375,3.182
137.226668711503,3.16200000000001
137.280002045631,3.107
137.333335379759,3.142
137.386668713888,3.164
137.440002048016,3.124
137.493335382144,3.08499999999998
137.546668716272,3.008
137.6000020504,3.054
137.653335384528,3.09099999999999
137.706668718656,3.033
137.760002052784,3.054
137.813335386912,3.022
137.86666872104,3.03199999999998
137.920002055168,3.151
137.973335389296,3.104
138.026668723424,3.065
138.080002057552,3.058
138.13333539168,3.118
138.186668725808,3.134
138.240002059937,3.151
138.293335394065,3.113
138.346668728193,3.063
138.400002062321,3.10400000000001
138.453335396449,3.155
138.506668730577,3.17500000000001
138.560002064705,3.107
138.613335398833,3.04400000000001
138.666668732961,2.999
138.720002067089,3.011
138.773335401217,2.97800000000001
138.826668735345,3.041
138.880002069473,3.023
138.933335403601,3.01900000000001
138.986668737729,2.975
139.040002071857,3.012
139.093335405986,2.976
139.146668740114,2.971
139.200002074242,2.99700000000001
139.25333540837,2.953
139.306668742498,2.998
139.360002076626,3.033
139.413335410754,3.012
139.466668744882,3.002
139.52000207901,3.029
139.573335413138,3.06900000000002
139.626668747266,3.117
139.680002081394,3.103
139.733335415522,3.07599999999999
139.78666874965,3.015
139.840002083778,2.996
139.893335417906,3.038
139.946668752035,3.05
140.000002086163,3.017
140.053335420291,3.01499999999999
140.106668754419,3.00599999999997
140.160002088547,2.967
140.213335422675,3.00399999999999
140.266668756803,3.113
140.320002090931,3.142
140.373335425059,3.14400000000001
140.426668759187,3.16
140.480002093315,3.086
140.533335427443,3.145
140.586668761571,3.16500000000002
140.640002095699,3.13299999999998
140.693335429827,3.06599999999997
140.746668763955,3.05099999999999
140.800002098084,3.00599999999997
140.853335432212,2.94
140.90666876634,2.956
140.960002100468,2.97499999999999
141.013335434596,2.984
141.066668768724,2.97900000000001
141.120002102852,2.964
141.17333543698,2.982
141.226668771108,2.994
141.280002105236,3.009
141.333335439364,3.024
141.386668773492,3.036
141.44000210762,3.006
141.493335441748,2.991
141.546668775876,2.991
141.600002110004,3.03700000000001
141.653335444133,3.072
141.706668778261,3.105
141.760002112389,3.102
141.813335446517,3.119
141.866668780645,3.14099999999999
141.920002114773,3.18600000000001
141.973335448901,3.168
142.026668783029,3.14099999999999
142.080002117157,3.086
142.133335451285,3.156
142.186668785413,3.13800000000001
142.240002119541,3.096
142.293335453669,3.109
142.346668787797,3.12
142.400002121925,3.13900000000001
142.453335456053,3.188
142.506668790182,3.173
142.56000212431,3.19499999999999
142.613335458438,3.245
142.666668792566,3.25200000000001
142.720002126694,3.215
142.773335460822,3.198
142.82666879495,3.179
142.880002129078,3.15299999999999
142.933335463206,3.248
142.986668797334,3.26599999999999
143.040002131462,3.26600000000001
143.09333546559,3.18599999999998
143.146668799718,3.117
143.200002133846,3.09800000000001
143.253335467974,3.009
143.306668802102,3.035
143.36000213623,3.01300000000001
143.413335470359,2.96100000000001
143.466668804487,3.00299999999999
143.520002138615,3.053
143.573335472743,3.11600000000001
143.626668806871,3.118
143.680002140999,3.146
143.733335475127,3.172
143.786668809255,3.08099999999999
143.840002143383,3.022
143.893335477511,3.01900000000001
143.946668811639,2.991
144.000002145767,3.01400000000001
144.053335479895,3.061
144.106668814023,3.03399999999999
144.160002148151,2.995
144.213335482279,3.001
144.266668816408,2.95699999999999
144.320002150536,2.96499999999997
144.373335484664,3.02500000000001
144.426668818792,3.036
144.48000215292,3.045
144.533335487048,3.12299999999999
144.586668821176,3.07600000000002
144.640002155304,3.051
144.693335489432,3.054
144.74666882356,2.995
144.800002157688,2.969
144.853335491816,2.98099999999999
144.906668825944,3.011
144.960002160072,2.97800000000001
145.0133354942,2.952
145.066668828328,2.982
145.120002162457,2.969
145.173335496585,2.968
145.226668830713,2.971
145.280002164841,2.979
145.333335498969,3.0
145.386668833097,3.03
145.440002167225,3.04300000000001
145.493335501353,3.142
145.546668835481,3.088
145.600002169609,3.066
145.653335503737,3.027
145.706668837865,3.034
145.760002171993,3.047
145.813335506121,3.039
145.866668840249,3.008
145.920002174377,3.02
145.973335508506,3.04900000000001
146.026668842634,3.089
146.080002176762,3.102
146.13333551089,3.017
146.186668845018,2.966
146.240002179146,2.988
146.293335513274,2.95800000000003
146.346668847402,2.884
146.40000218153,2.878
146.453335515658,2.90900000000001
146.506668849786,2.961
146.560002183914,2.945
146.613335518042,2.944
146.66666885217,2.905
146.720002186298,2.91200000000001
146.773335520426,2.97499999999999
146.826668854555,2.93
146.880002188683,2.96600000000001
146.933335522811,2.992
146.986668856939,2.96199999999999
147.040002191067,3.02200000000001
147.093335525195,3.045
147.146668859323,3.027
147.200002193451,3.021
147.253335527579,2.987
147.306668861707,2.994
147.360002195835,3.007
147.413335529963,3.025
147.466668864091,2.978
147.520002198219,2.966
147.573335532347,2.948
147.626668866475,2.96299999999999
147.680002200603,3.023
147.733335534732,3.036
147.78666886886,2.96199999999999
147.840002202988,2.854
147.893335537116,2.92000000000002
147.946668871244,2.943
148.000002205372,2.94399999999999
148.0533355395,3.00300000000001
148.106668873628,3.059
148.160002207756,3.062
148.213335541884,2.99300000000001
148.266668876012,2.95699999999999
148.32000221014,2.92599999999999
148.373335544268,2.838
148.426668878396,2.828
148.480002212524,2.866
148.533335546652,2.85
148.586668880781,2.86499999999999
148.640002214909,2.915
148.693335549037,2.906
148.746668883165,2.918
148.800002217293,2.90700000000001
148.853335551421,2.935
148.906668885549,2.959
148.960002219677,3.011
149.013335553805,3.018
149.066668887933,2.99600000000001
149.120002222061,2.959
149.173335556189,2.955
149.226668890317,2.939
149.280002224445,2.907
149.333335558573,2.91200000000001
149.386668892701,2.96
149.44000222683,2.932
149.493335560958,2.912
149.546668895086,2.93600000000001
149.600002229214,3.006
149.653335563342,3.039
149.70666889747,3.049
149.760002231598,3.029
149.813335565726,3.051
149.866668899854,3.06099999999999
149.920002233982,3.04599999999999
149.97333556811,2.969
150.026668902238,2.97
150.080002236366,3.031
150.133335570494,3.055
150.186668904622,3.084
150.24000223875,3.119
150.293335572879,3.151
150.346668907007,3.193
150.400002241135,3.19999999999999
150.453335575263,3.153
150.506668909391,3.126
150.560002243519,3.06999999999999
150.613335577647,3.009
150.666668911775,3.01
150.720002245903,2.99799999999999
150.773335580031,2.972
150.826668914159,2.96899999999999
150.880002248287,2.97000000000003
150.933335582415,3.02200000000001
150.986668916543,3.008
151.040002250671,2.987
151.093335584799,2.99400000000001
151.146668918928,2.973
151.200002253056,2.954
151.253335587184,2.96100000000001
151.306668921312,3.065
151.36000225544,3.074
151.413335589568,3.05900000000003
151.466668923696,3.12100000000001
151.520002257824,3.057
151.573335591952,3.05
151.62666892608,3.055
151.680002260208,3.035
151.733335594336,2.994
151.786668928464,2.987
151.840002262592,3.007
151.89333559672,2.979
151.946668930848,2.946
152.000002264977,2.99599999999998
152.053335599105,3.08799999999999
152.106668933233,3.09500000000003
152.160002267361,2.993
152.213335601489,3.016
152.266668935617,3.007
152.320002269745,2.95100000000001
152.373335603873,2.959
152.426668938001,2.97300000000001
152.480002272129,2.937
152.533335606257,2.886
152.586668940385,2.89700000000001
152.640002274513,2.93899999999999
152.693335608641,2.979
152.746668942769,2.99700000000001
152.800002276897,3.02
152.853335611026,3.054
152.906668945154,3.08199999999999
152.960002279282,3.045
153.01333561341,3.09
153.066668947538,3.114
153.120002281666,3.071
153.173335615794,3.066
153.226668949922,2.96799999999999
153.28000228405,2.912
153.333335618178,2.928
153.386668952306,3.042
153.440002286434,3.028
153.493335620562,3.029
153.54666895469,2.966
153.600002288818,2.964
153.653335622946,3.0
153.706668957075,2.977
153.760002291203,3.00299999999999
153.813335625331,3.041
153.866668959459,3.003
153.920002293587,3.019
153.973335627715,3.05199999999999
154.026668961843,3.13
154.080002295971,3.12099999999998
154.133335630099,3.061
154.186668964227,3.10899999999999
154.240002298355,3.124
154.293335632483,3.08199999999999
154.346668966611,3.093
154.400002300739,3.1
154.453335634867,3.105
154.506668968995,3.10400000000001
154.560002303123,3.066
154.613335637252,3.112
154.66666897138,3.132
154.720002305508,3.086
154.773335639636,3.054
154.826668973764,3.05000000000001
154.880002307892,3.125
154.93333564202,3.08100000000002
154.986668976148,2.987
155.040002310276,2.97300000000001
155.093335644404,2.997
155.146668978532,3.01000000000001
155.20000231266,3.027
155.253335646788,3.011
155.306668980916,3.013
155.360002315044,2.988
155.413335649172,2.99199999999999
155.466668983301,3.05199999999999
155.520002317429,3.06800000000001
155.573335651557,2.98999999999999
155.626668985685,2.982
155.680002319813,3.02600000000001
155.733335653941,3.11199999999999
155.786668988069,3.077
155.840002322197,3.077
155.893335656325,3.068
155.946668990453,3.021
156.000002324581,3.004
156.053335658709,3.05500000000001
156.106668992837,2.998
156.160002326965,2.986
156.213335661093,2.951
156.266668995221,2.93900000000001
156.32000232935,2.981
156.373335663478,2.997
156.426668997606,3.084
156.480002331734,3.128
156.533335665862,3.087
156.58666899999,3.018
156.640002334118,2.96000000000001
156.693335668246,2.89999999999998
156.746669002374,3.03200000000001
156.800002336502,3.086
156.85333567063,3.092
156.906669004758,3.076
156.960002338886,3.05799999999999
157.013335673014,3.029
157.066669007142,3.044
157.12000234127,3.007
157.173335675399,2.974
157.226669009527,2.922
157.280002343655,2.86799999999999
157.333335677783,2.87
157.386669011911,2.905
157.440002346039,2.863
157.493335680167,2.865
157.546669014295,2.898
157.600002348423,2.94
157.653335682551,2.884
157.706669016679,2.881
157.760002350807,2.90199999999999
157.813335684935,2.882
157.866669019063,2.84699999999999
157.920002353191,2.837
157.973335687319,2.835
158.026669021448,2.867
158.080002355576,2.87700000000001
158.133335689704,2.81800000000001
158.186669023832,2.887
158.24000235796,2.857
158.293335692088,2.91500000000002
158.346669026216,2.97900000000001
158.400002360344,2.965
158.453335694472,2.946
158.5066690286,2.902
158.560002362728,2.89400000000001
158.613335696856,2.905
158.666669030984,2.899
158.720002365112,2.953
158.77333569924,3.029
158.826669033368,2.99000000000001
158.880002367497,2.935
158.933335701625,2.976
158.986669035753,2.963
159.040002369881,2.989
159.093335704009,2.987
159.146669038137,3.008
159.200002372265,3.014
159.253335706393,2.999
159.306669040521,2.95999999999999
159.360002374649,2.94499999999999
159.413335708777,2.936
159.466669042905,2.947
159.520002377033,2.925
159.573335711161,2.934
159.626669045289,2.881
159.680002379417,2.854
159.733335713546,2.863
159.786669047674,2.869
159.840002381802,2.90600000000001
159.89333571593,2.96299999999999
159.946669050058,2.903
160.000002384186,2.89400000000001
160.053335718314,2.95
160.106669052442,2.92700000000002
160.16000238657,2.877
160.213335720698,2.87
160.266669054826,2.874
160.320002388954,2.94
160.373335723082,2.96299999999999
160.42666905721,2.971
160.480002391338,2.983
160.533335725466,3.029
160.586669059594,3.074
160.640002393723,3.059
160.693335727851,3.136
160.746669061979,3.084
160.800002396107,3.007
160.853335730235,3.03699999999998
160.906669064363,3.067
160.960002398491,3.029
161.013335732619,3.03300000000002
161.066669066747,2.92899999999997
161.120002400875,2.87
161.173335735003,2.926
161.226669069131,2.94499999999999
161.280002403259,2.901
161.333335737387,2.922
161.386669071515,2.902
161.440002405643,2.89599999999999
161.493335739772,2.86699999999999
161.5466690739,2.84999999999999
161.600002408028,2.86099999999999
161.653335742156,2.90600000000001
161.706669076284,2.887
161.760002410412,2.836
161.81333574454,2.87
161.866669078668,2.867
161.920002412796,2.877
161.973335746924,2.895
162.026669081052,2.9
162.08000241518,2.87
162.133335749308,2.867
162.186669083436,2.835
162.240002417564,2.83799999999999
162.293335751692,2.87899999999999
162.346669085821,2.843
162.400002419949,2.851
162.453335754077,2.857
162.506669088205,2.837
162.560002422333,2.835
162.613335756461,2.85199999999998
162.666669090589,2.92099999999999
162.720002424717,2.92
162.773335758845,2.896
162.826669092973,2.908
162.880002427101,2.944
162.933335761229,2.946
162.986669095357,2.944
163.040002429485,3.00599999999997
163.093335763613,2.89600000000001
163.146669097741,2.90899999999999
163.20000243187,2.995
163.253335765998,3.018
163.306669100126,3.0
163.360002434254,2.967
163.413335768382,2.96
163.46666910251,2.973
163.520002436638,2.99700000000001
163.573335770766,3.04900000000001
163.626669104894,3.04599999999999
163.680002439022,3.025
163.73333577315,3.051
163.786669107278,3.035
163.840002441406,2.94499999999999
163.893335775534,2.942
163.946669109662,2.971
164.00000244379,2.91899999999998
164.053335777919,2.86799999999999
164.106669112047,2.898
164.160002446175,2.916
164.213335780303,2.90199999999999
164.266669114431,2.865
164.320002448559,2.89099999999999
164.373335782687,2.949
164.426669116815,2.96899999999999
164.480002450943,2.995
164.533335785071,2.965
164.586669119199,2.942
164.640002453327,2.97
164.693335787455,2.994
164.746669121583,2.971
164.800002455711,2.934
164.853335789839,2.85
164.906669123968,2.84500000000003
164.960002458096,2.904
165.013335792224,2.916
165.066669126352,2.963
165.12000246048,2.923
165.173335794608,2.89700000000001
165.226669128736,2.95699999999999
165.280002462864,3.034
165.333335796992,2.99799999999999
165.38666913112,2.98099999999999
165.440002465248,2.99199999999999
165.493335799376,3.03
165.546669133504,2.97199999999998
165.600002467632,2.964
165.65333580176,3.00599999999997
165.706669135888,2.909
165.760002470016,2.928
165.813335804145,2.87799999999999
165.866669138273,2.847
165.920002472401,2.821
165.973335806529,2.852
166.026669140657,2.872
166.080002474785,2.889
166.133335808913,2.878
166.186669143041,2.907
166.240002477169,2.903
166.293335811297,2.92100000000001
166.346669145425,2.929
166.400002479553,2.95599999999999
166.453335813681,2.91200000000001
166.506669147809,2.87
166.560002481937,2.858
166.613335816065,2.881
166.666669150194,2.919
166.720002484322,2.95500000000001
166.77333581845,2.90799999999999
166.826669152578,2.874
166.880002486706,2.887
166.933335820834,2.873
166.986669154962,2.904
167.04000248909,2.912
167.093335823218,2.932
167.146669157346,2.92700000000001
167.200002491474,2.874
167.253335825602,2.86000000000001
167.30666915973,2.912
167.360002493858,2.86
167.413335827986,2.877
167.466669162114,2.865
167.520002496243,2.84200000000001
167.573335830371,2.801
167.626669164499,2.83799999999999
167.680002498627,2.863
167.733335832755,2.889
167.786669166883,2.904
167.840002501011,2.977
167.893335835139,3.039
167.946669169267,3.065
168.000002503395,3.039
168.053335837523,3.02
168.106669171651,3.017
168.160002505779,3.04599999999999
168.213335839907,2.986
168.266669174035,2.983
168.320002508163,2.96
168.373335842292,2.99600000000001
168.42666917642,3.023
168.480002510548,2.949
168.533335844676,2.958
168.586669178804,2.99600000000001
168.640002512932,2.934
168.69333584706,2.86000000000001
168.746669181188,2.83799999999999
168.800002515316,2.879
168.853335849444,2.904
168.906669183572,2.971
168.9600025177,2.938
169.013335851828,2.97199999999999
169.066669185956,2.993
169.120002520084,2.97699999999998
169.173335854212,2.90100000000001
169.226669188341,2.88600000000002
169.280002522469,2.99000000000001
169.333335856597,3.02500000000001
169.386669190725,3.03100000000001
169.440002524853,3.066
169.493335858981,3.042
169.546669193109,3.072
169.600002527237,2.99799999999999
169.653335861365,2.87099999999998
169.706669195493,2.82799999999997
169.760002529621,2.892
169.813335863749,2.899
169.866669197877,2.903
169.920002532005,2.94200000000001
169.973335866133,3.021
170.026669200261,3.005
170.08000253439,3.069
170.133335868518,3.03699999999998
170.186669202646,2.994
170.240002536774,2.983
170.293335870902,2.988
170.34666920503,3.01600000000001
170.400002539158,2.978
170.453335873286,3.00099999999998
170.506669207414,3.09399999999999
170.560002541542,3.07499999999999
170.61333587567,2.99299999999999
170.666669209798,2.99299999999999
170.720002543926,2.92599999999999
170.773335878054,2.898
170.826669212182,2.904
170.88000254631,2.874
170.933335880439,2.852
170.986669214567,2.857
171.040002548695,2.863
171.093335882823,2.834
171.146669216951,2.846
171.200002551079,2.82400000000001
171.253335885207,2.821
171.306669219335,2.81399999999999
171.360002553463,2.82400000000001
171.413335887591,2.834
171.466669221719,2.81700000000001
171.520002555847,2.886
171.573335889975,2.92400000000001
171.626669224103,2.88
171.680002558231,2.86699999999999
171.733335892359,2.937
171.786669226487,2.947
171.840002560616,2.946
171.893335894744,2.90199999999999
171.946669228872,2.814
172.000002563,2.79499999999999
172.053335897128,2.78800000000001
172.106669231256,2.84399999999999
172.160002565384,2.891
172.213335899512,2.931
172.26666923364,2.928
172.320002567768,2.861
172.373335901896,2.836
172.426669236024,2.82300000000001
172.480002570152,2.803
172.53333590428,2.779
172.586669238408,2.721
172.640002572536,2.82999999999998
172.693335906665,2.88399999999999
172.746669240793,2.943
172.800002574921,2.94499999999999
172.853335909049,2.923
172.906669243177,2.889
172.960002577305,2.884
173.013335911433,2.853
173.066669245561,2.84699999999999
173.120002579689,2.84
173.173335913817,2.83000000000001
173.226669247945,2.83799999999999
173.280002582073,2.833
173.333335916201,2.808
173.386669250329,2.81700000000001
173.440002584457,2.879
173.493335918585,2.892
173.546669252714,2.851
173.600002586842,2.882
173.65333592097,2.831
173.706669255098,2.857
173.760002589226,2.887
173.813335923354,2.88400000000001
173.866669257482,2.804
173.92000259161,2.782
173.973335925738,2.788
174.026669259866,2.767
174.080002593994,2.782
174.133335928122,2.772
174.18666926225,2.78999999999999
174.240002596378,2.825
174.293335930506,2.792
174.346669264634,2.826
174.400002598763,2.803
174.453335932891,2.817
174.506669267019,2.836
174.560002601147,2.90700000000001
174.613335935275,2.867
174.666669269403,2.88099999999997
174.720002603531,2.929
174.773335937659,2.876
174.826669271787,2.869
174.880002605915,2.87
174.933335940043,2.869
174.986669274171,2.861
175.040002608299,2.923
175.093335942427,3.05500000000001
175.146669276555,3.053
175.200002610683,2.99299999999999
175.253335944812,2.946
175.30666927894,2.905
175.360002613068,2.904
175.413335947196,2.935
175.466669281324,2.87899999999999
175.520002615452,2.815
175.57333594958,2.76
175.626669283708,2.751
175.680002617836,2.759
175.733335951964,2.78399999999999
175.786669286092,2.81200000000001
175.84000262022,2.751
175.893335954348,2.721
175.946669288476,2.706
176.000002622604,2.70400000000001
176.053335956732,2.65100000000001
176.106669290861,2.686
176.160002624989,2.721
176.213335959117,2.782
176.266669293245,2.714
176.320002627373,2.729
176.373335961501,2.72300000000001
176.426669295629,2.766
176.480002629757,2.718
176.533335963885,2.68000000000001
176.586669298013,2.66500000000002
176.640002632141,2.774
176.693335966269,2.73500000000001
176.746669300397,2.718
176.800002634525,2.73399999999999
176.853335968653,2.712
176.906669302781,2.74200000000002
176.960002636909,2.87899999999999
177.013335971038,2.898
177.066669305166,2.893
177.120002639294,2.845
177.173335973422,2.80500000000001
177.22666930755,2.828
177.280002641678,2.79900000000001
177.333335975806,2.81299999999999
177.386669309934,2.876
177.440002644062,2.846
177.49333597819,2.78200000000001
177.546669312318,2.762
177.600002646446,2.794
177.653335980574,2.78
177.706669314702,2.799
177.76000264883,2.78999999999999
177.813335982958,2.75999999999999
177.866669317087,2.73699999999999
177.920002651215,2.729
177.973335985343,2.73099999999999
178.026669319471,2.742
178.080002653599,2.745
178.133335987727,2.77
178.186669321855,2.747
178.240002655983,2.733
178.293335990111,2.718
178.346669324239,2.694
178.400002658367,2.703
178.453335992495,2.697
178.506669326623,2.675
178.560002660751,2.69499999999999
178.613335994879,2.757
178.666669329007,2.78400000000001
178.720002663136,2.742
178.773335997264,2.76499999999999
178.826669331392,2.92400000000001
178.88000266552,2.963
178.933335999648,2.985
178.986669333776,2.94799999999998
179.040002667904,2.856
179.093336002032,2.917
179.14666933616,2.92599999999999
179.200002670288,2.93599999999999
179.253336004416,2.968
179.306669338544,2.95699999999999
179.360002672672,2.89100000000001
179.4133360068,2.913
179.466669340928,2.909
179.520002675056,2.944
179.573336009185,2.92399999999999
179.626669343313,2.88
179.680002677441,2.874
179.733336011569,2.921
179.786669345697,2.922
179.840002679825,2.912
179.893336013953,2.898
179.946669348081,2.84899999999999
180.000002682209,2.877
180.053336016337,2.833
180.106669350465,2.83
180.160002684593,2.83100000000002
180.213336018721,2.897
180.266669352849,2.881
180.320002686977,2.853
180.373336021105,2.829
180.426669355234,2.815
180.480002689362,2.79599999999999
180.53333602349,2.819
180.586669357618,2.73399999999999
180.640002691746,2.739
180.693336025874,2.726
180.746669360002,2.68900000000001
180.80000269413,2.69399999999999
180.853336028258,2.708
180.906669362386,2.69399999999999
180.960002696514,2.73500000000001
181.013336030642,2.80000000000001
181.06666936477,2.84
181.120002698898,2.81700000000001
181.173336033026,2.782
181.226669367154,2.815
181.280002701283,2.812
181.333336035411,2.761
181.386669369539,2.69499999999999
181.440002703667,2.68799999999999
181.493336037795,2.68900000000002
181.546669371923,2.755
181.600002706051,2.72
181.653336040179,2.758
181.706669374307,2.77799999999999
181.760002708435,2.80099999999999
181.813336042563,2.86099999999999
181.866669376691,2.806
181.920002710819,2.85300000000001
181.973336044947,2.857
182.026669379075,2.822
182.080002713203,2.832
182.133336047332,2.828
182.18666938146,2.84
182.240002715588,2.841
182.293336049716,2.807
182.346669383844,2.80799999999999
182.400002717972,2.82400000000001
182.4533360521,2.852
182.506669386228,2.85599999999999
182.560002720356,2.779
182.613336054484,2.751
182.666669388612,2.802
182.72000272274,2.79
182.773336056868,2.77199999999999
182.826669390996,2.70400000000001
182.880002725124,2.667
182.933336059252,2.654
182.98666939338,2.72300000000001
183.040002727509,2.78500000000002
183.093336061637,2.867
183.146669395765,2.81999999999999
183.200002729893,2.76599999999999
183.253336064021,2.776
183.306669398149,2.79599999999999
183.360002732277,2.866
183.413336066405,2.846
183.466669400533,2.788
183.520002734661,2.75300000000001
183.573336068789,2.718
183.626669402917,2.747
183.680002737045,2.73099999999999
183.733336071173,2.67
183.786669405301,2.71300000000002
183.84000273943,2.798
183.893336073558,2.81799999999998
183.946669407686,2.879
184.000002741814,2.887
184.053336075942,2.863
184.10666941007,2.904
184.160002744198,2.938
184.213336078326,2.91500000000002
184.266669412454,2.82900000000001
184.320002746582,2.785
184.37333608071,2.816
184.426669414838,2.756
184.480002748966,2.72800000000001
184.533336083094,2.714
184.586669417222,2.726
184.64000275135,2.735
184.693336085478,2.74699999999999
184.746669419607,2.736
184.800002753735,2.71699999999998
184.853336087863,2.687
184.906669421991,2.65899999999999
184.960002756119,2.61499999999999
185.013336090247,2.64500000000001
185.066669424375,2.70400000000001
185.120002758503,2.703
185.173336092631,2.70500000000001
185.226669426759,2.673
185.280002760887,2.72300000000001
185.333336095015,2.72399999999999
185.386669429143,2.638
185.440002763271,2.61799999999999
185.493336097399,2.59099999999999
185.546669431527,2.619
185.600002765656,2.70400000000001
185.653336099784,2.82499999999999
185.706669433912,2.88799999999998
185.76000276804,2.81200000000001
185.813336102168,2.76599999999999
185.866669436296,2.76100000000002
185.920002770424,2.73500000000001
185.973336104552,2.703
186.02666943868,2.723
186.080002772808,2.69
186.133336106936,2.71499999999997
186.186669441064,2.77500000000001
186.240002775192,2.74299999999999
186.29333610932,2.744
186.346669443448,2.71199999999999
186.400002777576,2.773
186.453336111705,2.70100000000002
186.506669445833,2.625
186.560002779961,2.661
186.613336114089,2.67100000000001
186.666669448217,2.667
186.720002782345,2.686
186.773336116473,2.67400000000001
186.826669450601,2.651
186.880002784729,2.67
186.933336118857,2.68600000000001
186.986669452985,2.69799999999999
187.040002787113,2.667
187.093336121241,2.66
187.146669455369,2.755
187.200002789497,2.732
187.253336123625,2.721
187.306669457754,2.69900000000001
187.360002791882,2.618
187.41333612601,2.62700000000001
187.466669460138,2.686
187.520002794266,2.721
187.573336128394,2.734
187.626669462522,2.751
187.68000279665,2.747
187.733336130778,2.72
187.786669464906,2.65299999999999
187.840002799034,2.70699999999999
187.893336133162,2.75599999999997
187.94666946729,2.717
188.000002801418,2.69499999999999
188.053336135546,2.68700000000001
188.106669469674,2.71299999999999
188.160002803803,2.72999999999999
188.213336137931,2.688
188.266669472059,2.74299999999999
188.320002806187,2.77600000000001
188.373336140315,2.723
188.426669474443,2.74299999999999
188.480002808571,2.82499999999999
188.533336142699,2.863
188.586669476827,2.93299999999999
188.640002810955,2.93900000000002
188.693336145083,2.86099999999999
188.746669479211,2.834
188.800002813339,2.827
188.853336147467,2.843
188.906669481595,2.81800000000001
188.960002815723,2.85700000000003
189.013336149851,2.885
189.06666948398,2.86699999999999
189.120002818108,2.877
189.173336152236,2.908
189.226669486364,2.86500000000001
189.280002820492,2.86500000000001
189.33333615462,2.82400000000001
189.386669488748,2.801
189.440002822876,2.786
189.493336157004,2.76999999999998
189.546669491132,2.71900000000002
189.60000282526,2.654
189.653336159388,2.662
189.706669493516,2.654
189.760002827644,2.675
189.813336161772,2.725
189.8666694959,2.762
189.920002830029,2.73599999999999
189.973336164157,2.746
190.026669498285,2.75800000000001
190.080002832413,2.707
190.133336166541,2.70999999999999
