time_min,absorb_mau
0.0,-0.001
0.026666667064031,-0.033
0.0533333341280619,-0.038
0.0800000011920929,-0.041
0.106666668256124,0.003
0.133333335320155,-0.003
0.160000002384186,-0.007
0.186666669448217,-0.004
0.213333336512248,0.02
0.240000003576279,0.033
0.26666667064031,0.029
0.293333337704341,0.001
0.320000004768372,0.017
0.346666671832403,0.077
0.373333338896433,0.096
0.400000005960465,0.113
0.426666673024495,0.0650000000000001
0.453333340088526,0.042
0.480000007152557,0.074
0.506666674216588,0.12
0.533333341280619,0.157
0.56000000834465,0.147
0.586666675408681,0.135
0.613333342472712,0.123
0.640000009536743,0.111
0.666666676600774,0.13
0.693333343664805,0.121
0.720000010728836,0.14
0.746666677792867,0.139
0.773333344856898,0.148
0.800000011920929,0.148
0.82666667898496,0.158
0.853333346048991,0.17
0.880000013113022,0.178
0.906666680177053,0.169
0.933333347241084,0.171
0.960000014305115,0.186
0.986666681369146,0.234
1.01333334843318,0.254
1.04000001549721,0.291
1.06666668256124,0.308
1.09333334962527,0.303
1.1200000166893,0.305
1.14666668375333,0.299
1.17333335081736,0.325
1.20000001788139,0.348
1.22666668494542,0.346
1.25333335200946,0.335
1.28000001907349,0.306
1.30666668613752,0.288
1.33333335320155,0.258
1.36000002026558,0.238
1.38666668732961,0.219
1.41333335439364,0.219
1.44000002145767,0.262
1.4666666885217,0.308
1.49333335558573,0.353
1.52000002264977,0.37
1.5466666897138,0.355
1.57333335677783,0.348
1.60000002384186,0.38
1.62666669090589,0.397
1.65333335796992,0.437
1.68000002503395,0.446
1.70666669209798,0.482
1.73333335916201,0.506
1.76000002622604,0.481
1.78666669329007,0.441
1.81333336035411,0.417
1.84000002741814,0.468
1.86666669448217,0.509
1.8933333615462,0.579
1.92000002861023,0.594
1.94666669567426,0.614
1.97333336273829,0.582
2.00000002980232,0.603
2.02666669686635,0.636
2.05333336393038,0.679
2.08000003099442,0.754
2.10666669805845,0.773
2.13333336512248,0.835
2.16000003218651,0.825
2.18666669925054,0.874
2.21333336631457,0.885
2.2400000333786,0.932
2.26666670044263,0.934
2.29333336750666,0.941
2.32000003457069,0.932
2.34666670163472,0.918
2.37333336869876,0.884
2.40000003576279,0.885
2.42666670282682,0.904
2.45333336989085,0.917
2.48000003695488,0.909
2.50666670401891,0.875
2.53333337108294,0.869
2.56000003814697,0.873
2.586666705211,0.881
2.61333337227503,0.927
2.64000003933907,0.935
2.6666667064031,0.982
2.69333337346713,0.958
2.72000004053116,0.954
2.74666670759519,0.928
2.77333337465922,0.936
2.80000004172325,0.959
2.82666670878728,0.997
2.85333337585131,1.017
2.88000004291534,1.027
2.90666670997938,1.053
2.93333337704341,1.056
2.96000004410744,1.053
2.98666671117147,1.046
3.0133333782355,1.047
3.04000004529953,1.049
3.06666671236356,1.11
3.09333337942759,1.155
3.12000004649162,1.194
3.14666671355565,1.208
3.17333338061968,1.163
3.20000004768372,1.18
3.22666671474775,1.183
3.25333338181178,1.228
3.28000004887581,1.202
3.30666671593984,1.182
3.33333338300387,1.168
3.3600000500679,1.22
3.38666671713193,1.273
3.41333338419596,1.286
3.44000005125999,1.305
3.46666671832403,1.301
3.49333338538806,1.337
3.52000005245209,1.331
3.54666671951612,1.367
3.57333338658015,1.369
3.60000005364418,1.373
3.62666672070821,1.419
3.65333338777224,1.462
3.68000005483627,1.497
3.7066667219003,1.485
3.73333338896434,1.481
3.76000005602837,1.487
3.7866667230924,1.48
3.81333339015643,1.473
3.84000005722046,1.431
3.86666672428449,1.471
3.89333339134852,1.503
3.92000005841255,1.578
3.94666672547658,1.63
3.97333339254061,1.684
4.00000005960465,1.69
4.02666672666868,1.678
4.05333339373271,1.712
4.08000006079674,1.73
4.10666672786077,1.744
4.1333333949248,1.766
4.16000006198883,1.766
4.18666672905286,1.8
4.21333339611689,1.81
4.24000006318092,1.806
4.26666673024495,1.843
4.29333339730899,1.856
4.32000006437302,1.914
4.34666673143705,1.929
4.37333339850108,1.967
4.40000006556511,1.997
4.42666673262914,2.016
4.45333339969317,2.078
4.4800000667572,2.103
4.50666673382123,2.149
4.53333340088526,2.157
4.5600000679493,2.173
4.58666673501333,2.187
4.61333340207736,2.205
4.64000006914139,2.215
4.66666673620542,2.249
4.69333340326945,2.293
4.72000007033348,2.357
4.74666673739751,2.381
4.77333340446154,2.419
4.80000007152557,2.419
4.82666673858961,2.438
4.85333340565364,2.437
4.88000007271767,2.47
4.9066667397817,2.526
4.93333340684573,2.584
4.96000007390976,2.631
4.98666674097379,2.666
5.01333340803782,2.711
5.04000007510185,2.753
5.06666674216588,2.783
5.09333340922991,2.815
5.12000007629395,2.809
5.14666674335798,2.825
5.17333341042201,2.825
5.20000007748604,2.847
5.22666674455007,2.896
5.2533334116141,2.916
5.28000007867813,2.954
5.30666674574216,2.974
5.33333341280619,3.055
5.36000007987022,3.097
5.38666674693426,3.156
5.41333341399829,3.167
5.44000008106232,3.204
5.46666674812635,3.261
5.49333341519038,3.305
5.52000008225441,3.326
5.54666674931844,3.311
5.57333341638247,3.29
5.6000000834465,3.3
5.62666675051053,3.317
5.65333341757457,3.327
5.6800000846386,3.347
5.70666675170263,3.354
5.73333341876666,3.421
5.76000008583069,3.457
5.78666675289472,3.484
5.81333341995875,3.496
5.84000008702278,3.496
5.86666675408681,3.524
5.89333342115084,3.535
5.92000008821487,3.58
5.94666675527891,3.612
5.97333342234294,3.63
6.00000008940697,3.624
6.026666756471,3.631
6.05333342353503,3.655
6.08000009059906,3.721
6.10666675766309,3.757
6.13333342472712,3.798
6.16000009179115,3.784
6.18666675885518,3.774
6.21333342591922,3.799
6.24000009298325,3.828
6.26666676004728,3.885
6.29333342711131,3.926
6.32000009417534,3.93
6.34666676123937,3.95
6.3733334283034,3.944
6.40000009536743,3.961
6.42666676243146,3.978
6.45333342949549,3.982
6.48000009655952,4.027
6.50666676362356,4.036
6.53333343068759,4.036
6.56000009775162,4.034
6.58666676481565,4.043
6.61333343187968,4.061
6.64000009894371,4.059
6.66666676600774,4.055
6.69333343307177,4.077
6.7200001001358,4.136
6.74666676719983,4.17
6.77333343426387,4.188
6.8000001013279,4.184
6.82666676839193,4.21
6.85333343545596,4.255
6.88000010251999,4.276
6.90666676958402,4.32
6.93333343664805,4.331
6.96000010371208,4.368
6.98666677077611,4.339
7.01333343784014,4.37
7.04000010490418,4.38
7.06666677196821,4.466
7.09333343903224,4.527
7.12000010609627,4.571
7.1466667731603,4.598
7.17333344022433,4.628
7.20000010728836,4.682
7.22666677435239,4.703
7.25333344141642,4.749
7.28000010848045,4.781
7.30666677554448,4.823
7.33333344260852,4.877
7.36000010967255,4.911
7.38666677673658,4.932
7.41333344380061,4.929
7.44000011086464,4.929
7.46666677792867,4.99
7.4933334449927,5.052
7.52000011205673,5.132
7.54666677912076,5.138
7.5733334461848,5.157
7.60000011324883,5.153
7.62666678031286,5.165
7.65333344737689,5.19
7.68000011444092,5.232
7.70666678150495,5.274
7.73333344856898,5.299
7.76000011563301,5.316
7.78666678269704,5.36
7.81333344976107,5.425
7.8400001168251,5.436
7.86666678388914,5.448
7.89333345095317,5.456
7.9200001180172,5.493
7.94666678508123,5.534
7.97333345214526,5.553
8.00000011920929,5.574
8.02666678627332,5.572
8.05333345333735,5.597
8.08000012040138,5.592
8.10666678746541,5.635
8.13333345452944,5.657
8.16000012159348,5.707
8.18666678865751,5.722
8.21333345572154,5.75
8.24000012278557,5.776
8.2666667898496,5.792
8.29333345691363,5.824
8.32000012397766,5.832
8.34666679104169,5.881
8.37333345810572,5.929
8.40000012516975,5.944
8.42666679223379,5.973
8.45333345929782,5.975
8.48000012636185,5.998
8.50666679342588,5.986
8.53333346048991,5.996
8.56000012755394,5.949
8.58666679461797,5.955
8.613333461682,5.983
8.64000012874603,6.03
8.66666679581006,6.066
8.6933334628741,6.077
8.72000012993813,6.125
8.74666679700216,6.171
8.77333346406619,6.211
8.80000013113022,6.203
8.82666679819425,6.24
8.85333346525828,6.284
8.88000013232231,6.351
8.90666679938634,6.425
8.93333346645037,6.474
8.9600001335144,6.559
8.98666680057844,6.627
9.01333346764247,6.722
9.0400001347065,6.792
9.06666680177053,6.838
9.09333346883456,6.872
9.12000013589859,6.907
9.14666680296262,6.95
9.17333347002665,6.99
9.20000013709068,7.043
9.22666680415471,7.096
9.25333347121875,7.158
9.28000013828278,7.196
9.30666680534681,7.231
9.33333347241084,7.275
9.36000013947487,7.333
9.3866668065389,7.424
9.41333347360293,7.491
9.44000014066696,7.547
9.46666680773099,7.597
9.49333347479502,7.648
9.52000014185906,7.705
9.54666680892309,7.735
9.57333347598712,7.786
9.60000014305115,7.845
9.62666681011518,7.941
9.65333347717921,8.021
9.68000014424324,8.138
9.70666681130727,8.202
9.7333334783713,8.255
9.76000014543533,8.302
9.78666681249936,8.363
9.8133334795634,8.447
9.84000014662743,8.518
9.86666681369146,8.577
9.89333348075549,8.652
9.92000014781952,8.703
9.94666681488355,8.747
9.97333348194758,8.795
10.0000001490116,8.87
10.0266668160756,8.934
10.0533334831397,9.002
10.0800001502037,9.07
10.1066668172677,9.159
10.1333334843318,9.286
10.1600001513958,9.341
10.1866668184598,9.4
10.2133334855239,9.453
10.2400001525879,9.565
10.2666668196519,9.685
10.293333486716,9.798
10.32000015378,9.869
10.346666820844,9.939
10.373333487908,10.011
10.4000001549721,10.091
10.4266668220361,10.2
10.4533334891001,10.287
10.4800001561642,10.381
10.5066668232282,10.463
10.5333334902922,10.535
10.5600001573563,10.597
10.5866668244203,10.665
10.6133334914843,10.785
10.6400001585484,10.88
10.6666668256124,10.978
10.6933334926764,11.07
10.7200001597404,11.179
10.7466668268045,11.299
10.7733334938685,11.429
10.8000001609325,11.564
10.8266668279966,11.706
10.8533334950606,11.827
10.8800001621246,11.948
10.9066668291887,12.086
10.9333334962527,12.293
10.9600001633167,12.477
10.9866668303808,12.637
11.0133334974448,12.742
11.0400001645088,12.873
11.0666668315729,13.013
11.0933334986369,13.128
11.1200001657009,13.257
11.1466668327649,13.405
11.173333499829,13.538
11.200000166893,13.655
11.226666833957,13.771
11.2533335010211,13.925
11.2800001680851,14.101
11.3066668351491,14.241
11.3333335022132,14.372
11.3600001692772,14.486
11.3866668363412,14.63
11.4133335034053,14.733
11.4400001704693,14.865
11.4666668375333,15.01
11.4933335045973,15.176
11.5200001716614,15.328
11.5466668387254,15.428
11.5733335057894,15.539
11.6000001728535,15.653
11.6266668399175,15.807
11.6533335069815,15.923
11.6800001740456,16.06
11.7066668411096,16.192
11.7333335081736,16.351
11.7600001752377,16.516
11.7866668423017,16.673
11.8133335093657,16.81
11.8400001764297,16.929
11.8666668434938,17.029
11.8933335105578,17.173
11.9200001776218,17.315
11.9466668446859,17.458
11.9733335117499,17.581
12.0000001788139,17.708
12.026666845878,17.855
12.053333512942,18.016
12.080000180006,18.176
12.1066668470701,18.318
12.1333335141341,18.469
12.1600001811981,18.622
12.1866668482622,18.792
12.2133335153262,18.958
12.2400001823902,19.111
12.2666668494542,19.278
12.2933335165183,19.418
12.3200001835823,19.548
12.3466668506463,19.701
12.3733335177104,19.851
12.4000001847744,20.026
12.4266668518384,20.175
12.4533335189025,20.346
12.4800001859665,20.487
12.5066668530305,20.664
12.5333335200946,20.849
12.5600001871586,21.042
12.5866668542226,21.219
12.6133335212866,21.367
12.6400001883507,21.568
12.6666668554147,21.773
12.6933335224787,22.024
12.7200001895428,22.236
12.7466668566068,22.489
12.7733335236708,22.749
12.8000001907349,22.992
12.8266668577989,23.22
12.8533335248629,23.426
12.880000191927,23.687
12.906666858991,23.942
12.933333526055,24.224
12.960000193119,24.505
12.9866668601831,24.784
13.0133335272471,25.028
13.0400001943111,25.245
13.0666668613752,25.451
13.0933335284392,25.64
13.1200001955032,25.858
13.1466668625673,26.051
13.1733335296313,26.254
13.2000001966953,26.429
13.2266668637594,26.61
13.2533335308234,26.814
13.2800001978874,27.001
13.3066668649515,27.16
13.3333335320155,27.337
13.3600001990795,27.525
13.3866668661435,27.733
13.4133335332076,27.95
13.4400002002716,28.133
13.4666668673356,28.335
13.4933335343997,28.495
13.5200002014637,28.683
13.5466668685277,28.861
13.5733335355918,29.05
13.6000002026558,29.265
13.6266668697198,29.477
13.6533335367839,29.715
13.6800002038479,29.956
13.7066668709119,30.219
13.733333537976,30.475
13.76000020504,30.671
13.786666872104,30.846
13.813333539168,31.061
13.8400002062321,31.287
13.8666668732961,31.574
13.8933335403601,31.832
13.9200002074242,32.123
13.9466668744882,32.377
13.9733335415522,32.638
14.0000002086163,32.874
14.0266668756803,33.114
14.0533335427443,33.352
14.0800002098084,33.602
14.1066668768724,33.826
14.1333335439364,34.033
14.1600002110004,34.23
14.1866668780645,34.428
14.2133335451285,34.616
14.2400002121925,34.791
14.2666668792566,34.985
14.2933335463206,35.191
14.3200002133846,35.385
14.3466668804487,35.623
14.3733335475127,35.845
14.4000002145767,36.113
14.4266668816408,36.362
14.4533335487048,36.631
14.4800002157688,36.92
14.5066668828328,37.208
14.5333335498969,37.525
14.5600002169609,37.803
14.5866668840249,38.173
14.613333551089,38.508
14.640000218153,38.89
14.666666885217,39.257
14.6933335522811,39.662
14.7200002193451,40.033
14.7466668864091,40.394
14.7733335534732,40.733
14.8000002205372,41.11
14.8266668876012,41.481
14.8533335546652,41.861
14.8800002217293,42.204
14.9066668887933,42.506
14.9333335558573,42.83
14.9600002229214,43.147
14.9866668899854,43.514
15.0133335570494,43.831
15.0400002241135,44.163
15.0666668911775,44.461
15.0933335582415,44.784
15.1200002253056,45.101
15.1466668923696,45.347
15.1733335594336,45.602
15.2000002264977,45.799
15.2266668935617,46.006
15.2533335606257,46.189
15.2800002276897,46.404
15.3066668947538,46.608
15.3333335618178,46.816
15.3600002288818,46.978
15.3866668959459,47.216
15.4133335630099,47.4
15.4400002300739,47.631
15.466666897138,47.812
15.493333564202,48.009
15.520000231266,48.19
15.5466668983301,48.36
15.5733335653941,48.548
15.6000002324581,48.761
15.6266668995221,48.948
15.6533335665862,49.16
15.6800002336502,49.358
15.7066669007142,49.606
15.7333335677783,49.838
15.7600002348423,50.065
15.7866669019063,50.286
15.8133335689704,50.483
15.8400002360344,50.69
15.8666669030984,50.898
15.8933335701625,51.114
15.9200002372265,51.305
15.9466669042905,51.486
15.9733335713545,51.669
16.0000002384186,51.836
16.0266669054826,51.956
16.0533335725466,52.116
16.0800002396107,52.295
16.1066669066747,52.47
16.1333335737387,52.622
16.1600002408028,52.788
16.1866669078668,52.929
16.2133335749308,53.047
16.2400002419949,53.15
16.2666669090589,53.257
16.2933335761229,53.423
16.320000243187,53.685
16.346666910251,53.956
16.373333577315,54.218
16.400000244379,54.471
16.4266669114431,54.749
16.4533335785071,55.058
16.4800002455711,55.374
16.5066669126352,55.714
16.5333335796992,56.095
16.5600002467632,56.458
16.5866669138273,56.811
16.6133335808913,57.131
16.6400002479553,57.458
16.6666669150194,57.85
16.6933335820834,58.201
16.7200002491474,58.559
16.7466669162114,58.86
16.7733335832755,59.167
16.8000002503395,59.471
16.8266669174035,59.743
16.8533335844676,60.016
16.8800002515316,60.254
16.9066669185956,60.447
16.9333335856597,60.618
16.9600002527237,60.847
16.9866669197877,61.064
17.0133335868518,61.292
17.0400002539158,61.486
17.0666669209798,61.724
17.0933335880438,61.961
17.1200002551079,62.201
17.1466669221719,62.384
17.1733335892359,62.55
17.2000002563,62.719
17.226666923364,62.878
17.253333590428,63.067
17.2800002574921,63.181
17.3066669245561,63.305
17.3333335916201,63.447
17.3600002586842,63.653
17.3866669257482,63.866
17.4133335928122,64.11
17.4400002598763,64.278
17.4666669269403,64.5
17.4933335940043,64.647
17.5200002610683,64.851
17.5466669281324,65.003
17.5733335951964,65.164
17.6000002622604,65.382
17.6266669293245,65.588
17.6533335963885,65.851
17.6800002634525,66.085
17.7066669305166,66.377
17.7333335975806,66.654
17.7600002646446,66.927
17.7866669317087,67.133
17.8133335987727,67.3
17.8400002658367,67.49
17.8666669329007,67.699
17.8933335999648,67.926
17.9200002670288,68.121
17.9466669340928,68.285
17.9733336011569,68.449
18.0000002682209,68.636
18.0266669352849,68.778
18.053333602349,68.954
18.080000269413,69.102
18.106666936477,69.268
18.1333336035411,69.402
18.1600002706051,69.539
18.1866669376691,69.688
18.2133336047332,69.888
18.2400002717972,70.013
18.2666669388612,70.192
18.2933336059252,70.312
18.3200002729893,70.497
18.3466669400533,70.656
18.3733336071173,70.89
18.4000002741814,71.1
18.4266669412454,71.396
18.4533336083094,71.698
18.4800002753735,72.065
18.5066669424375,72.36
18.5333336095015,72.697
18.5600002765656,73.013
18.5866669436296,73.38
18.6133336106936,73.732
18.6400002777576,74.083
18.6666669448217,74.436
18.6933336118857,74.765
18.7200002789497,75.103
18.7466669460138,75.368
18.7733336130778,75.645
18.8000002801418,75.904
18.8266669472059,76.218
18.8533336142699,76.455
18.8800002813339,76.62
18.906666948398,76.748
18.933333615462,76.834
18.960000282526,76.976
18.9866669495901,77.078
19.0133336166541,77.212
19.0400002837181,77.31
19.0666669507821,77.428
19.0933336178462,77.494
19.1200002849102,77.503
19.1466669519742,77.504
19.1733336190383,77.504
19.2000002861023,77.571
19.2266669531663,77.635
19.2533336202304,77.721
19.2800002872944,77.759
19.3066669543584,77.769
19.3333336214225,77.761
19.3600002884865,77.751
19.3866669555505,77.738
19.4133336226145,77.742
19.4400002896786,77.804
19.4666669567426,77.864
19.4933336238066,77.944
19.5200002908707,77.989
19.5466669579347,78.025
19.5733336249987,78.054
19.6000002920628,78.051
19.6266669591268,78.047
19.6533336261908,78.061
19.6800002932549,78.052
19.7066669603189,78.061
19.7333336273829,78.029
19.7600002944469,77.999
19.786666961511,77.922
19.813333628575,77.88
19.840000295639,77.866
19.8666669627031,77.856
19.8933336297671,77.832
19.9200002968311,77.716
19.9466669638952,77.632
19.9733336309592,77.538
20.0000002980232,77.454
20.0266669650873,77.337
20.0533336321513,77.232
20.0800002992153,77.121
20.1066669662793,77.061
20.1333336333434,76.999
20.1600003004074,77.019
20.1866669674714,76.993
20.2133336345355,77.021
20.2400003015995,77.054
20.2666669686635,77.162
20.2933336357276,77.253
20.3200003027916,77.362
20.3466669698556,77.473
20.3733336369197,77.642
20.4000003039837,77.856
20.4266669710477,78.092
20.4533336381118,78.321
20.4800003051758,78.551
20.5066669722398,78.736
20.5333336393038,78.907
20.5600003063679,79.049
20.5866669734319,79.192
20.6133336404959,79.339
20.64000030756,79.526
20.666666974624,79.606
20.693333641688,79.714
20.7200003087521,79.726
20.7466669758161,79.792
20.7733336428801,79.815
20.8000003099441,79.799
20.8266669770082,79.746
20.8533336440722,79.723
20.8800003111362,79.677
20.9066669782003,79.668
20.9333336452643,79.634
20.9600003123283,79.572
20.9866669793924,79.474
21.0133336464564,79.342
21.0400003135204,79.236
21.0666669805845,79.115
21.0933336476485,79.016
21.1200003147125,78.897
21.1466669817766,78.818
21.1733336488406,78.777
21.2000003159046,78.739
21.2266669829686,78.683
21.2533336500327,78.635
21.2800003170967,78.584
21.3066669841607,78.526
21.3333336512248,78.445
21.3600003182888,78.4
21.3866669853528,78.303
21.4133336524169,78.268
21.4400003194809,78.217
21.4666669865449,78.253
21.493333653609,78.244
21.520000320673,78.21
21.546666987737,78.176
21.5733336548011,78.155
21.6000003218651,78.131
21.6266669889291,78.091
21.6533336559931,78.014
21.6800003230572,77.961
21.7066669901212,77.893
21.7333336571852,77.866
21.7600003242493,77.79
21.7866669913133,77.699
21.8133336583773,77.538
21.8400003254414,77.365
21.8666669925054,77.17
21.8933336595694,77.0
21.9200003266334,76.798
21.9466669936975,76.645
21.9733336607615,76.485
22.0000003278255,76.332
22.0266669948896,76.161
22.0533336619536,75.987
22.0800003290176,75.857
22.1066669960817,75.723
22.1333336631457,75.599
22.1600003302097,75.536
22.1866669972738,75.52
22.2133336643378,75.479
22.2400003314018,75.48
22.2666669984659,75.46
22.2933336655299,75.549
22.3200003325939,75.633
22.3466669996579,75.722
22.373333666722,75.743
22.400000333786,75.789
22.42666700085,75.815
22.4533336679141,75.889
22.4800003349781,75.915
22.5066670020421,75.93
22.5333336691062,75.915
22.5600003361702,75.904
22.5866670032342,75.873
22.6133336702983,75.816
22.6400003373623,75.721
22.6666670044263,75.636
22.6933336714904,75.492
22.7200003385544,75.317
22.7466670056184,75.122
22.7733336726824,74.915
22.8000003397465,74.693
22.8266670068105,74.454
22.8533336738745,74.185
22.8800003409386,73.928
22.9066670080026,73.689
22.9333336750666,73.486
22.9600003421307,73.297
22.9866670091947,73.052
23.0133336762587,72.849
23.0400003433228,72.575
23.0666670103868,72.263
23.0933336774508,71.943
23.1200003445148,71.626
23.1466670115789,71.357
23.1733336786429,71.113
23.2000003457069,70.869
23.226667012771,70.601
23.253333679835,70.386
23.280000346899,70.142
23.3066670139631,69.906
23.3333336810271,69.682
23.3600003480911,69.417
23.3866670151552,69.172
23.4133336822192,68.852
23.4400003492832,68.621
23.4666670163473,68.348
23.4933336834113,68.124
23.5200003504753,67.794
23.5466670175393,67.493
23.5733336846034,67.214
23.6000003516674,66.968
23.6266670187314,66.717
23.6533336857955,66.424
23.6800003528595,66.16
23.7066670199235,65.867
23.7333336869876,65.607
23.7600003540516,65.284
23.7866670211156,64.988
23.8133336881797,64.674
23.8400003552437,64.401
23.8666670223077,64.112
23.8933336893717,63.801
23.9200003564358,63.446
23.9466670234998,63.123
23.9733336905638,62.847
24.0000003576279,62.627
24.0266670246919,62.412
24.0533336917559,62.134
24.08000035882,61.907
24.106667025884,61.641
24.133333692948,61.456
24.1600003600121,61.245
24.1866670270761,61.066
24.2133336941401,60.851
24.2400003612041,60.659
24.2666670282682,60.486
24.2933336953322,60.335
24.3200003623962,60.231
24.3466670294603,60.122
24.3733336965243,60.017
24.4000003635883,59.905
24.4266670306524,59.74
24.4533336977164,59.588
24.4800003647804,59.431
24.5066670318445,59.27
24.5333336989085,59.063
24.5600003659725,58.808
24.5866670330366,58.556
24.6133337001006,58.302
24.6400003671646,58.058
24.6666670342286,57.795
24.6933337012927,57.568
24.7200003683567,57.313
24.7466670354207,57.032
24.7733337024848,56.674
24.8000003695488,56.34
24.8266670366128,56.003
24.8533337036769,55.744
24.8800003707409,55.452
24.9066670378049,55.166
24.933333704869,54.911
24.960000371933,54.629
24.986667038997,54.377
25.013333706061,54.09
25.0400003731251,53.821
25.0666670401891,53.538
25.0933337072531,53.258
25.1200003743172,52.977
25.1466670413812,52.688
25.1733337084452,52.405
25.2000003755093,52.135
25.2266670425733,51.873
25.2533337096373,51.618
25.2800003767014,51.35
25.3066670437654,51.114
25.3333337108294,50.904
25.3600003778934,50.726
25.3866670449575,50.513
25.4133337120215,50.279
25.4400003790855,50.034
25.4666670461496,49.77
25.4933337132136,49.49
25.5200003802776,49.185
25.5466670473417,48.923
25.5733337144057,48.669
25.6000003814697,48.374
25.6266670485338,48.149
25.6533337155978,47.87
25.6800003826618,47.7
25.7066670497259,47.439
25.7333337167899,47.229
25.7600003838539,46.926
25.7866670509179,46.642
25.813333717982,46.362
25.840000385046,46.061
25.86666705211,45.793
25.8933337191741,45.55
25.9200003862381,45.348
25.9466670533021,45.113
25.9733337203662,44.867
26.0000003874302,44.595
26.0266670544942,44.375
26.0533337215583,44.189
26.0800003886223,44.055
26.1066670556863,43.905
26.1333337227503,43.78
26.1600003898144,43.625
26.1866670568784,43.444
26.2133337239424,43.213
26.2400003910065,43.007
26.2666670580705,42.836
26.2933337251345,42.721
26.3200003921986,42.552
26.3466670592626,42.398
26.3733337263266,42.201
26.4000003933907,42.006
26.4266670604547,41.786
26.4533337275187,41.545
26.4800003945827,41.32
26.5066670616468,41.088
26.5333337287108,40.83
26.5600003957748,40.548
26.5866670628389,40.293
26.6133337299029,40.094
26.6400003969669,39.898
26.666667064031,39.609
26.693333731095,39.342
26.720000398159,39.061
26.7466670652231,38.886
26.7733337322871,38.598
26.8000003993511,38.339
26.8266670664152,38.026
26.8533337334792,37.727
26.8800004005432,37.439
26.9066670676072,37.197
26.9333337346713,36.973
26.9600004017353,36.777
26.9866670687993,36.496
27.0133337358634,36.233
27.0400004029274,35.939
27.0666670699914,35.655
27.0933337370555,35.39
27.1200004041195,35.144
27.1466670711835,34.932
27.1733337382476,34.693
27.2000004053116,34.417
27.2266670723756,34.162
27.2533337394396,33.862
27.2800004065037,33.605
27.3066670735677,33.315
27.3333337406317,33.094
27.3600004076958,32.846
27.3866670747598,32.617
27.4133337418238,32.39
27.4400004088879,32.146
27.4666670759519,31.923
27.4933337430159,31.679
27.52000041008,31.435
27.546667077144,31.225
27.573333744208,30.994
27.600000411272,30.77
27.6266670783361,30.498
27.6533337454001,30.246
27.6800004124641,30.026
27.7066670795282,29.846
27.7333337465922,29.709
27.7600004136562,29.497
27.7866670807203,29.307
27.8133337477843,29.053
27.8400004148483,28.892
27.8666670819124,28.706
27.8933337489764,28.518
27.9200004160404,28.313
27.9466670831045,28.112
27.9733337501685,27.943
28.0000004172325,27.823
28.0266670842965,27.73
28.0533337513606,27.633
28.0800004184246,27.516
28.1066670854886,27.368
28.1333337525527,27.205
28.1600004196167,27.054
28.1866670866807,26.886
28.2133337537448,26.77
28.2400004208088,26.617
28.2666670878728,26.469
28.2933337549369,26.321
28.3200004220009,26.177
28.3466670890649,26.037
28.3733337561289,25.861
28.400000423193,25.699
28.426667090257,25.564
28.453333757321,25.406
28.4800004243851,25.24
28.5066670914491,25.073
28.5333337585131,24.915
28.5600004255772,24.748
28.5866670926412,24.538
28.6133337597052,24.347
28.6400004267693,24.165
28.6666670938333,24.003
28.6933337608973,23.845
28.7200004279613,23.658
28.7466670950254,23.484
28.7733337620894,23.356
28.8000004291534,23.245
28.8266670962175,23.076
28.8533337632815,22.852
28.8800004303455,22.638
28.9066670974096,22.443
28.9333337644736,22.334
28.9600004315376,22.152
28.9866670986017,22.015
29.0133337656657,21.821
29.0400004327297,21.682
29.0666670997938,21.565
29.0933337668578,21.438
29.1200004339218,21.301
29.1466671009858,21.169
29.1733337680499,21.064
29.2000004351139,20.961
29.2266671021779,20.87
29.253333769242,20.702
29.280000436306,20.553
29.30666710337,20.395
29.3333337704341,20.27
29.3600004374981,20.182
29.3866671045621,20.076
29.4133337716262,19.962
29.4400004386902,19.83
29.4666671057542,19.73
29.4933337728182,19.624
29.5200004398823,19.507
29.5466671069463,19.343
29.5733337740103,19.206
29.6000004410744,19.078
29.6266671081384,18.958
29.6533337752024,18.869
29.6800004422665,18.72
29.7066671093305,18.598
29.7333337763945,18.432
29.7600004434586,18.34
29.7866671105226,18.244
29.8133337775866,18.145
29.8400004446507,17.994
29.8666671117147,17.905
29.8933337787787,17.813
29.9200004458427,17.721
29.9466671129068,17.645
29.9733337799708,17.51
30.0000004470348,17.435
30.0266671140989,17.3
30.0533337811629,17.201
30.0800004482269,17.114
30.106667115291,17.073
30.133333782355,17.004
30.160000449419,16.972
30.1866671164831,16.859
30.2133337835471,16.773
30.2400004506111,16.661
30.2666671176751,16.585
30.2933337847392,16.497
30.3200004518032,16.394
30.3466671188672,16.234
30.3733337859313,16.093
30.4000004529953,15.951
30.4266671200593,15.844
30.4533337871234,15.736
30.4800004541874,15.617
30.5066671212514,15.51
30.5333337883155,15.385
30.5600004553795,15.284
30.5866671224435,15.178
30.6133337895075,15.044
30.6400004565716,14.912
30.6666671236356,14.808
30.6933337906996,14.736
30.7200004577637,14.675
30.7466671248277,14.578
30.7733337918917,14.502
30.8000004589558,14.454
30.8266671260198,14.397
30.8533337930838,14.315
30.8800004601479,14.159
30.9066671272119,14.059
30.9333337942759,13.968
30.96000046134,13.907
30.986667128404,13.808
31.013333795468,13.703
31.040000462532,13.6
31.0666671295961,13.498
31.0933337966601,13.436
31.1200004637241,13.362
31.1466671307882,13.315
31.1733337978522,13.232
31.2000004649162,13.167
31.2266671319803,13.076
31.2533337990443,12.954
31.2800004661083,12.86
31.3066671331724,12.778
31.3333338002364,12.721
31.3600004673004,12.625
31.3866671343644,12.494
31.4133338014285,12.376
31.4400004684925,12.312
31.4666671355565,12.279
31.4933338026206,12.239
31.5200004696846,12.191
31.5466671367486,12.118
31.5733338038127,12.062
31.6000004708767,11.992
31.6266671379407,11.942
31.6533338050048,11.861
31.6800004720688,11.782
31.7066671391328,11.701
31.7333338061968,11.651
31.7600004732609,11.619
31.7866671403249,11.598
31.8133338073889,11.546
31.840000474453,11.474
31.866667141517,11.388
31.893333808581,11.337
31.9200004756451,11.299
31.9466671427091,11.277
31.9733338097731,11.217
32.0000004768372,11.164
32.0266671439012,11.116
32.0533338109652,11.071
32.0800004780293,11.03
32.1066671450933,10.993
32.1333338121573,10.958
32.1600004792213,10.923
32.1866671462854,10.828
32.2133338133494,10.754
32.2400004804134,10.716
32.2666671474775,10.648
32.2933338145415,10.575
32.3200004816055,10.474
32.3466671486696,10.421
32.3733338157336,10.386
32.4000004827976,10.383
32.4266671498617,10.342
32.4533338169257,10.335
32.4800004839897,10.26
32.5066671510537,10.25
32.5333338181178,10.179
32.5600004851818,10.136
32.5866671522458,10.039
32.6133338193099,9.959
32.6400004863739,9.895
32.6666671534379,9.877
32.693333820502,9.823
32.720000487566,9.76300000000001
32.74666715463,9.676
32.7733338216941,9.642
32.8000004887581,9.61
32.8266671558221,9.597
32.8533338228861,9.558
32.8800004899502,9.568
32.9066671570142,9.535
32.9333338240782,9.526
32.9600004911423,9.485
32.9866671582063,9.418
33.0133338252703,9.37
33.0400004923344,9.28
33.0666671593984,9.256
33.0933338264624,9.184
33.1200004935265,9.139
33.1466671605905,9.081
33.1733338276545,9.047
33.2000004947186,9.016
33.2266671617826,9.002
33.2533338288466,8.972
33.2800004959106,8.974
33.3066671629747,8.945
33.3333338300387,8.916
33.3600004971027,8.87
33.3866671641668,8.851
33.4133338312308,8.877
33.4400004982948,8.869
33.4666671653589,8.855
33.4933338324229,8.77800000000001
33.5200004994869,8.714
33.546667166551,8.65
33.573333833615,8.602
33.600000500679,8.562
33.6266671677431,8.538
33.6533338348071,8.493
33.6800005018711,8.482
33.7066671689351,8.407
33.7333338359992,8.34
33.7600005030632,8.262
33.7866671701272,8.22
33.8133338371913,8.19
33.8400005042553,8.161
33.8666671713193,8.115
33.8933338383834,8.089
33.9200005054474,8.063
33.9466671725114,8.018
33.9733338395755,7.951
34.0000005066395,7.9
34.0266671737035,7.89
34.0533338407675,7.88
34.0800005078316,7.816
34.1066671748956,7.777
34.1333338419596,7.724
34.1600005090237,7.733
34.1866671760877,7.702
34.2133338431517,7.685
34.2400005102158,7.639
34.2666671772798,7.625
34.2933338443438,7.611
34.3200005114079,7.575
34.3466671784719,7.536
34.3733338455359,7.505
34.4000005125999,7.536
34.426667179664,7.539
34.453333846728,7.521
34.480000513792,7.45099999999999
34.5066671808561,7.41
34.5333338479201,7.395
34.5600005149841,7.379
34.5866671820482,7.364
34.6133338491122,7.295
34.6400005161762,7.265
34.6666671832403,7.217
34.6933338503043,7.189
34.7200005173683,7.17100000000001
34.7466671844323,7.118
34.7733338514964,7.106
34.8000005185604,7.083
34.8266671856244,7.085
34.8533338526885,7.078
34.8800005197525,7.041
34.9066671868165,7.016
34.9333338538806,6.982
34.9600005209446,6.958
34.9866671880086,6.93600000000001
35.0133338550727,6.885
35.0400005221367,6.837
35.0666671892007,6.815
35.0933338562647,6.82
35.1200005233288,6.837
35.1466671903928,6.84999999999999
35.1733338574568,6.872
35.2000005245209,6.864
35.2266671915849,6.829
35.2533338586489,6.802
35.280000525713,6.788
35.306667192777,6.741
35.333333859841,6.7
35.3600005269051,6.64
35.3866671939691,6.604
35.4133338610331,6.594
35.4400005280972,6.568
35.4666671951612,6.527
35.4933338622252,6.493
35.5200005292892,6.487
35.5466671963533,6.478
35.5733338634173,6.491
35.6000005304813,6.458
35.6266671975454,6.428
35.6533338646094,6.402
35.6800005316734,6.426
35.7066671987375,6.448
35.7333338658015,6.44200000000001
35.7600005328655,6.381
35.7866671999296,6.362
35.8133338669936,6.364
35.8400005340576,6.36
35.8666672011217,6.31999999999999
35.8933338681857,6.294
35.9200005352497,6.248
35.9466672023137,6.242
35.9733338693778,6.221
36.0000005364418,6.198
36.0266672035058,6.19200000000001
36.0533338705699,6.155
36.0800005376339,6.116
36.1066672046979,6.081
36.133333871762,6.059
36.160000538826,6.054
36.18666720589,6.043
36.2133338729541,6.077
36.2400005400181,6.085
36.2666672070821,6.072
36.2933338741461,6.029
36.3200005412102,5.976
36.3466672082742,5.925
36.3733338753382,5.914
36.4000005424023,5.907
36.4266672094663,5.857
36.4533338765303,5.844
36.4800005435944,5.815
36.5066672106584,5.83
36.5333338777224,5.855
36.5600005447865,5.856
36.5866672118505,5.888
36.6133338789145,5.864
36.6400005459785,5.837
36.6666672130426,5.796
36.6933338801066,5.766
36.7200005471706,5.747
36.7466672142347,5.755
36.7733338812987,5.789
36.8000005483627,5.795
36.8266672154268,5.792
36.8533338824908,5.751
36.8800005495548,5.759
36.9066672166189,5.746
36.9333338836829,5.723
36.9600005507469,5.697
36.9866672178109,5.66
37.013333884875,5.639
37.040000551939,5.646
37.066667219003,5.641
37.0933338860671,5.681
37.1200005531311,5.629
37.1466672201951,5.599
37.1733338872592,5.56
37.2000005543232,5.568
37.2266672213872,5.594
37.2533338884513,5.59
37.2800005555153,5.545
37.3066672225793,5.522
37.3333338896434,5.494
37.3600005567074,5.494
37.3866672237714,5.482
37.4133338908354,5.461
37.4400005578995,5.434
37.4666672249635,5.406
37.4933338920275,5.386
37.5200005590916,5.388
37.5466672261556,5.414
37.5733338932196,5.465
37.6000005602837,5.48
37.6266672273477,5.498
37.6533338944117,5.476
37.6800005614758,5.485
37.7066672285398,5.435
37.7333338956038,5.388
37.7600005626678,5.384
37.7866672297319,5.388
37.8133338967959,5.385
37.8400005638599,5.357
37.866667230924,5.324
37.893333897988,5.305
37.920000565052,5.32000000000001
37.9466672321161,5.292
37.9733338991801,5.306
38.0000005662441,5.284
38.0266672333082,5.295
38.0533339003722,5.246
38.0800005674362,5.245
38.1066672345002,5.222
38.1333339015643,5.217
38.1600005686283,5.213
38.1866672356923,5.212
38.2133339027564,5.203
38.2400005698204,5.20699999999999
38.2666672368844,5.166
38.2933339039485,5.191
38.3200005710125,5.16500000000001
38.3466672380765,5.113
38.3733339051406,5.018
38.4000005722046,5.012
38.4266672392686,4.994
38.4533339063327,4.988
38.4800005733967,4.964
38.5066672404607,4.963
38.5333339075247,4.941
38.5600005745888,4.90299999999999
38.5866672416528,4.855
38.6133339087168,4.859
38.6400005757809,4.865
38.6666672428449,4.856
38.6933339099089,4.869
38.720000576973,4.889
38.746667244037,4.915
38.773333911101,4.932
38.8000005781651,4.951
38.8266672452291,4.968
38.8533339122931,4.971
38.8800005793572,5.016
38.9066672464212,5.029
38.9333339134852,5.0
38.9600005805492,4.92999999999999
38.9866672476133,4.884
39.0133339146773,4.893
39.0400005817413,4.886
39.0666672488054,4.882
39.0933339158694,4.836
39.1200005829334,4.808
39.1466672499975,4.768
39.1733339170615,4.768
39.2000005841255,4.753
39.2266672511896,4.75
39.2533339182536,4.734
39.2800005853176,4.742
39.3066672523816,4.75
39.3333339194457,4.727
39.3600005865097,4.705
39.3866672535737,4.702
39.4133339206378,4.695
39.4400005877018,4.699
39.4666672547658,4.675
39.4933339218299,4.709
39.5200005888939,4.704
39.5466672559579,4.71
39.573333923022,4.695
39.600000590086,4.699
39.62666725715,4.698
39.653333924214,4.695
39.6800005912781,4.704
39.7066672583421,4.671
39.7333339254061,4.642
39.7600005924702,4.608
39.7866672595342,4.582
39.8133339265982,4.571
39.8400005936623,4.532
39.8666672607263,4.51499999999999
39.8933339277903,4.469
39.9200005948544,4.458
39.9466672619184,4.429
39.9733339289824,4.459
40.0000005960465,4.517
40.0266672631105,4.553
40.0533339301745,4.549
40.0800005972385,4.518
40.1066672643026,4.533
40.1333339313666,4.539
40.1600005984306,4.553
40.1866672654947,4.557
40.2133339325587,4.566
40.2400005996227,4.571
40.2666672666868,4.568
40.2933339337508,4.57
40.3200006008148,4.575
40.3466672678788,4.575
40.3733339349429,4.574
40.4000006020069,4.562
40.426667269071,4.572
40.453333936135,4.561
40.480000603199,4.587
40.506667270263,4.568
40.5333339373271,4.555
40.5600006043911,4.51
40.5866672714551,4.502
40.6133339385192,4.496
40.6400006055832,4.531
40.6666672726472,4.521
40.6933339397113,4.54
40.7200006067753,4.525
40.7466672738393,4.552
40.7733339409034,4.545
40.8000006079674,4.54600000000001
40.8266672750314,4.521
40.8533339420954,4.499
40.8800006091595,4.441
40.9066672762235,4.47
40.9333339432875,4.468
40.9600006103516,4.512
40.9866672774156,4.513
41.0133339444796,4.53
41.0400006115437,4.48399999999999
41.0666672786077,4.431
41.0933339456717,4.423
41.1200006127358,4.40300000000001
41.1466672797998,4.448
41.1733339468638,4.455
41.2000006139278,4.517
41.2266672809919,4.478
41.2533339480559,4.447
41.2800006151199,4.419
41.306667282184,4.386
41.333333949248,4.398
41.360000616312,4.366
41.3866672833761,4.404
41.4133339504401,4.396
41.4400006175041,4.459
41.4666672845682,4.461
41.4933339516322,4.459
41.5200006186962,4.441
41.5466672857602,4.425
41.5733339528243,4.412
41.6000006198883,4.37
41.6266672869523,4.34
41.6533339540164,4.325
41.6800006210804,4.344
41.7066672881444,4.382
41.7333339552085,4.389
41.7600006222725,4.381
41.7866672893365,4.351
41.8133339564006,4.326
41.8400006234646,4.298
41.8666672905286,4.273
41.8933339575927,4.261
41.9200006246567,4.255
41.9466672917207,4.265
41.9733339587847,4.214
42.0000006258488,4.143
42.0266672929128,4.078
42.0533339599768,4.092
42.0800006270409,4.094
42.1066672941049,4.095
42.1333339611689,4.066
42.160000628233,4.07899999999999
42.186667295297,4.058
42.213333962361,4.059
42.2400006294251,4.048
42.2666672964891,4.04900000000001
42.2933339635531,4.036
42.3200006306171,4.047
42.3466672976812,4.066
42.3733339647452,4.092
42.4000006318092,4.102
42.4266672988733,4.128
42.4533339659373,4.102
42.4800006330013,4.086
42.5066673000654,4.031
42.5333339671294,4.0
42.5600006341934,3.974
42.5866673012574,4.012
42.6133339683215,4.036
42.6400006353855,4.054
42.6666673024496,3.992
42.6933339695136,3.963
42.7200006365776,3.935
42.7466673036416,3.949
42.7733339707057,3.957
42.8000006377697,3.966
42.8266673048337,3.958
42.8533339718978,3.965
42.8800006389618,3.932
42.9066673060258,3.971
42.9333339730899,3.982
42.9600006401539,3.987
42.9866673072179,3.938
43.013333974282,3.922
43.040000641346,3.926
43.06666730841,3.949
43.093333975474,3.961
43.1200006425381,3.971
43.1466673096021,3.958
43.1733339766661,3.94
43.2000006437302,3.917
43.2266673107942,3.914
43.2533339778582,3.932
43.2800006449223,3.949
43.3066673119863,3.944
43.3333339790503,3.916
43.3600006461144,3.898
43.3866673131784,3.90000000000001
43.4133339802424,3.949
43.4400006473064,3.979
43.4666673143705,3.983
43.4933339814345,3.956
43.5200006484985,3.976
43.5466673155626,3.986
43.5733339826266,4.049
43.6000006496906,4.057
43.6266673167547,4.068
43.6533339838187,4.032
43.6800006508827,4.01
43.7066673179468,3.976
43.7333339850108,3.957
43.7600006520748,3.954
43.7866673191388,3.953
43.8133339862029,3.973
43.8400006532669,3.99299999999999
43.8666673203309,4.032
43.893333987395,4.009
43.920000654459,3.97
43.946667321523,3.916
43.9733339885871,3.927
44.0000006556511,3.951
44.0266673227151,3.94
44.0533339897792,3.946
44.0800006568432,3.946
44.1066673239072,3.973
44.1333339909713,3.96899999999999
44.1600006580353,3.92
44.1866673250993,3.886
44.2133339921633,3.909
44.2400006592274,3.9
44.2666673262914,3.903
44.2933339933554,3.874
44.3200006604195,3.873
44.3466673274835,3.835
44.3733339945475,3.82
44.4000006616116,3.797
44.4266673286756,3.814
44.4533339957396,3.831
44.4800006628037,3.853
44.5066673298677,3.85
44.5333339969317,3.845
44.5600006639957,3.822
44.5866673310598,3.804
44.6133339981238,3.808
44.6400006651878,3.818
44.6666673322519,3.822
44.6933339993159,3.814
44.7200006663799,3.778
44.746667333444,3.742
44.773334000508,3.756
44.800000667572,3.741
44.8266673346361,3.764
44.8533340017001,3.781
44.8800006687641,3.804
44.9066673358282,3.825
44.9333340028922,3.828
44.9600006699562,3.85
44.9866673370202,3.863
45.0133340040843,3.838
45.0400006711483,3.823
45.0666673382123,3.839
45.0933340052764,3.885
45.1200006723404,3.928
45.1466673394044,3.932
45.1733340064685,3.925
45.2000006735325,3.946
45.2266673405965,3.93300000000001
45.2533340076606,3.948
45.2800006747246,3.928
45.3066673417886,3.938
45.3333340088526,3.893
45.3600006759167,3.881
45.3866673429807,3.851
45.4133340100447,3.864
45.4400006771088,3.86
45.4666673441728,3.869
45.4933340112368,3.84099999999999
45.5200006783009,3.801
45.5466673453649,3.781
45.5733340124289,3.802
45.600000679493,3.828
45.626667346557,3.86
45.653334013621,3.81400000000001
45.6800006806851,3.771
45.7066673477491,3.742
45.7333340148131,3.751
45.7600006818771,3.781
45.7866673489412,3.799
45.8133340160052,3.81
45.8400006830692,3.79600000000001
45.8666673501333,3.757
45.8933340171973,3.735
45.9200006842613,3.72
45.9466673513254,3.719
45.9733340183894,3.698
46.0000006854534,3.688
46.0266673525175,3.676
46.0533340195815,3.691
46.0800006866455,3.705
46.1066673537095,3.727
46.1333340207736,3.774
46.1600006878376,3.783
46.1866673549016,3.78
46.2133340219657,3.747
46.2400006890297,3.723
46.2666673560937,3.683
46.2933340231578,3.716
46.3200006902218,3.736
46.3466673572858,3.761
46.3733340243499,3.745
46.4000006914139,3.713
46.4266673584779,3.697
46.4533340255419,3.69
46.480000692606,3.657
46.50666735967,3.632
46.533334026734,3.582
46.5600006937981,3.573
46.5866673608621,3.561
46.6133340279261,3.568
46.6400006949902,3.602
46.6666673620542,3.619
46.6933340291182,3.642
46.7200006961823,3.625
46.7466673632463,3.597
46.7733340303103,3.568
46.8000006973743,3.534
46.8266673644384,3.536
46.8533340315024,3.598
46.8800006985664,3.604
46.9066673656305,3.613
46.9333340326945,3.548
46.9600006997585,3.515
46.9866673668226,3.495
47.0133340338866,3.482
47.0400007009506,3.507
47.0666673680147,3.548
47.0933340350787,3.6
47.1200007021427,3.606
47.1466673692068,3.61199999999999
47.1733340362708,3.575
47.2000007033348,3.535
47.2266673703988,3.514
47.2533340374629,3.486
47.2800007045269,3.474
47.3066673715909,3.473
47.333334038655,3.505
47.360000705719,3.521
47.386667372783,3.482
47.4133340398471,3.459
47.4400007069111,3.439
47.4666673739751,3.472
47.4933340410392,3.458
47.5200007081032,3.434
47.5466673751672,3.438
47.5733340422312,3.43299999999999
47.6000007092953,3.495
47.6266673763593,3.464
47.6533340434233,3.475
47.6800007104874,3.479
47.7066673775514,3.508
47.7333340446154,3.509
47.7600007116795,3.495
47.7866673787435,3.511
47.8133340458075,3.561
47.8400007128715,3.59999999999999
47.8666673799356,3.631
47.8933340469996,3.628
47.9200007140637,3.626
47.9466673811277,3.624
47.9733340481917,3.612
48.0000007152557,3.604
48.0266673823198,3.581
48.0533340493838,3.58
48.0800007164478,3.574
48.1066673835119,3.561
48.1333340505759,3.566
48.1600007176399,3.61
48.186667384704,3.612
48.213334051768,3.59200000000001
48.240000718832,3.554
48.2666673858961,3.556
48.2933340529601,3.544
48.3200007200241,3.514
48.3466673870881,3.512
48.3733340541522,3.502
48.4000007212162,3.51
48.4266673882802,3.483
48.4533340553443,3.458
48.4800007224083,3.494
48.5066673894723,3.5
48.5333340565364,3.499
48.5600007236004,3.473
48.5866673906644,3.455
48.6133340577285,3.441
48.6400007247925,3.435
48.6666673918565,3.422
48.6933340589205,3.433
48.7200007259846,3.401
48.7466673930486,3.391
48.7733340601126,3.39100000000001
48.8000007271767,3.431
48.8266673942407,3.461
48.8533340613047,3.488
48.8800007283688,3.477
48.9066673954328,3.494
48.9333340624968,3.465
48.9600007295609,3.464
48.9866673966249,3.469
49.0133340636889,3.478
49.0400007307529,3.49
49.066667397817,3.493
49.093334064881,3.515
49.120000731945,3.507
49.1466673990091,3.52800000000001
49.1733340660731,3.505
49.2000007331371,3.501
49.2266674002012,3.504
49.2533340672652,3.492
49.2800007343292,3.509
49.3066674013933,3.48
49.3333340684573,3.456
49.3600007355213,3.437
49.3866674025854,3.413
49.4133340696494,3.438
49.4400007367134,3.447
49.4666674037774,3.462
49.4933340708415,3.454
49.5200007379055,3.455
49.5466674049695,3.502
49.5733340720336,3.479
49.6000007390976,3.46100000000001
49.6266674061616,3.366
49.6533340732257,3.36
49.6800007402897,3.347
49.7066674073537,3.343
49.7333340744178,3.381
49.7600007414818,3.41200000000001
49.7866674085458,3.468
49.8133340756098,3.475
49.8400007426739,3.48
49.8666674097379,3.463
49.8933340768019,3.442
49.920000743866,3.446
49.94666741093,3.447
49.973334077994,3.468
50.0000007450581,3.428
50.0266674121221,3.395
50.0533340791861,3.369
50.0800007462502,3.381
50.1066674133142,3.378
50.1333340803782,3.392
50.1600007474423,3.377
50.1866674145063,3.417
50.2133340815703,3.423
50.2400007486343,3.446
50.2666674156984,3.409
50.2933340827624,3.393
50.3200007498264,3.359
50.3466674168905,3.373
50.3733340839545,3.361
50.4000007510185,3.369
50.4266674180826,3.374
50.4533340851466,3.372
50.4800007522106,3.383
50.5066674192747,3.352
50.5333340863387,3.33
50.5600007534027,3.315
50.5866674204667,3.36499999999999
50.6133340875308,3.404
50.6400007545948,3.417
50.6666674216588,3.372
50.6933340887229,3.364
50.7200007557869,3.345
50.7466674228509,3.33199999999999
50.773334089915,3.311
50.800000756979,3.33499999999999
50.826667424043,3.35599999999999
50.8533340911071,3.398
50.8800007581711,3.372
50.9066674252351,3.358
50.9333340922992,3.342
50.9600007593632,3.34
50.9866674264272,3.37
51.0133340934912,3.392
51.0400007605553,3.385
51.0666674276193,3.375
51.0933340946833,3.398
51.1200007617474,3.40300000000001
51.1466674288114,3.442
51.1733340958754,3.43
51.2000007629395,3.471
51.2266674300035,3.444
51.2533340970675,3.476
51.2800007641316,3.461
51.3066674311956,3.436
51.3333340982596,3.442
51.3600007653236,3.459
51.3866674323877,3.47900000000001
51.4133340994517,3.42
51.4400007665157,3.40100000000001
51.4666674335798,3.33499999999999
51.4933341006438,3.313
51.5200007677078,3.281
51.5466674347719,3.28700000000001
51.5733341018359,3.322
51.6000007688999,3.306
51.626667435964,3.267
51.653334103028,3.218
51.680000770092,3.201
51.706667437156,3.203
51.7333341042201,3.217
51.7600007712841,3.219
51.7866674383481,3.226
51.8133341054122,3.245
51.8400007724762,3.295
51.8666674395402,3.317
51.8933341066043,3.316
51.9200007736683,3.26000000000001
51.9466674407323,3.233
51.9733341077964,3.255
52.0000007748604,3.279
52.0266674419244,3.301
52.0533341089884,3.267
52.0800007760525,3.23999999999999
52.1066674431165,3.205
52.1333341101805,3.199
52.1600007772446,3.20999999999999
52.1866674443086,3.23699999999999
52.2133341113726,3.274
52.2400007784367,3.253
52.2666674455007,3.21
52.2933341125647,3.189
52.3200007796288,3.218
52.3466674466928,3.218
52.3733341137568,3.237
52.4000007808209,3.231
52.4266674478849,3.239
52.4533341149489,3.203
52.4800007820129,3.16300000000001
52.506667449077,3.137
52.533334116141,3.157
52.560000783205,3.177
52.5866674502691,3.165
52.6133341173331,3.161
52.6400007843971,3.142
52.6666674514612,3.146
52.6933341185252,3.11
52.7200007855892,3.092
52.7466674526533,3.088
52.7733341197173,3.081
52.8000007867813,3.075
52.8266674538453,3.086
52.8533341209094,3.103
52.8800007879734,3.105
52.9066674550374,3.078
52.9333341221015,3.086
52.9600007891655,3.114
52.9866674562295,3.16
53.0133341232936,3.156
53.0400007903576,3.154
53.0666674574216,3.176
53.0933341244857,3.218
53.1200007915497,3.232
53.1466674586137,3.25
53.1733341256778,3.254
53.2000007927418,3.247
53.2266674598058,3.233
53.2533341268698,3.209
53.2800007939339,3.218
53.3066674609979,3.20699999999999
53.3333341280619,3.183
53.360000795126,3.162
53.38666746219,3.14
53.413334129254,3.164
53.4400007963181,3.14
53.4666674633821,3.16
53.4933341304461,3.163
53.5200007975102,3.16
53.5466674645742,3.189
53.5733341316382,3.177
53.6000007987022,3.199
53.6266674657663,3.187
53.6533341328303,3.186
53.6800007998943,3.203
53.7066674669584,3.236
53.7333341340224,3.273
53.7600008010864,3.277
53.7866674681505,3.241
53.8133341352145,3.2
53.8400008022785,3.178
53.8666674693426,3.186
53.8933341364066,3.187
53.9200008034706,3.212
53.9466674705346,3.247
53.9733341375987,3.248
54.0000008046627,3.209
54.0266674717267,3.161
54.0533341387908,3.176
54.0800008058548,3.186
54.1066674729188,3.16200000000001
54.1333341399829,3.137
54.1600008070469,3.143
54.1866674741109,3.208
54.213334141175,3.243
54.240000808239,3.261
54.266667475303,3.249
54.293334142367,3.269
54.3200008094311,3.269
54.3466674764951,3.273
54.3733341435591,3.247
54.4000008106232,3.24299999999999
54.4266674776872,3.243
54.4533341447512,3.254
54.4800008118153,3.258
54.5066674788793,3.278
54.5333341459433,3.301
54.5600008130074,3.302
54.5866674800714,3.314
54.6133341471354,3.297
54.6400008141995,3.26900000000001
54.6666674812635,3.208
54.6933341483275,3.206
54.7200008153915,3.176
54.7466674824556,3.198
54.7733341495196,3.168
54.8000008165836,3.149
54.8266674836477,3.095
54.8533341507117,3.099
54.8800008177757,3.107
54.9066674848398,3.151
54.9333341519038,3.144
54.9600008189678,3.172
54.9866674860319,3.161
55.0133341530959,3.175
55.0400008201599,3.166
55.0666674872239,3.18000000000001
55.093334154288,3.216
55.120000821352,3.233
55.146667488416,3.285
55.1733341554801,3.289
55.2000008225441,3.283
55.2266674896081,3.302
55.2533341566722,3.297
55.2800008237362,3.26600000000001
55.3066674908002,3.205
55.3333341578643,3.156
55.3600008249283,3.17
55.3866674919923,3.191
55.4133341590564,3.204
55.4400008261204,3.205
55.4666674931844,3.235
55.4933341602484,3.227
55.5200008273125,3.232
55.5466674943765,3.227
55.5733341614405,3.22199999999999
55.6000008285046,3.243
55.6266674955686,3.242
55.6533341626326,3.281
55.6800008296967,3.268
55.7066674967607,3.242
55.7333341638247,3.228
55.7600008308888,3.237
55.7866674979528,3.264
55.8133341650168,3.296
55.8400008320808,3.281
55.8666674991449,3.261
55.8933341662089,3.207
55.9200008332729,3.193
55.946667500337,3.192
55.973334167401,3.192
56.000000834465,3.217
56.0266675015291,3.221
56.0533341685931,3.205
56.0800008356571,3.186
56.1066675027212,3.193
56.1333341697852,3.209
56.1600008368492,3.203
56.1866675039133,3.191
56.2133341709773,3.193
56.2400008380413,3.208
56.2666675051053,3.193
56.2933341721694,3.163
56.3200008392334,3.14700000000001
56.3466675062974,3.141
56.3733341733615,3.155
56.4000008404255,3.151
56.4266675074895,3.15
56.4533341745536,3.157
56.4800008416176,3.16
56.5066675086816,3.182
56.5333341757457,3.164
56.5600008428097,3.17
56.5866675098737,3.142
56.6133341769377,3.132
56.6400008440018,3.114
56.6666675110658,3.174
56.6933341781298,3.195
56.7200008451939,3.197
56.7466675122579,3.175
56.7733341793219,3.155
56.800000846386,3.188
56.82666751345,3.206
56.853334180514,3.236
56.8800008475781,3.22799999999999
56.9066675146421,3.188
56.9333341817061,3.195
56.9600008487701,3.202
56.9866675158342,3.257
57.0133341828982,3.289
57.0400008499622,3.27200000000001
57.0666675170263,3.252
57.0933341840903,3.214
57.1200008511543,3.228
57.1466675182184,3.212
57.1733341852824,3.194
57.2000008523464,3.162
57.2266675194105,3.197
57.2533341864745,3.171
57.2800008535385,3.16
57.3066675206025,3.133
57.3333341876666,3.099
57.3600008547306,3.10499999999999
57.3866675217946,3.056
57.4133341888587,3.058
57.4400008559227,3.058
57.4666675229867,3.076
57.4933341900508,3.077
57.5200008571148,3.067
57.5466675241788,3.04000000000001
57.5733341912429,2.98
57.6000008583069,2.923
57.6266675253709,2.878
57.653334192435,2.865
57.680000859499,2.862
57.706667526563,2.846
57.733334193627,2.849
57.7600008606911,2.849
57.7866675277551,2.874
57.8133341948191,2.85
57.8400008618832,2.869
57.8666675289472,2.88300000000001
57.8933341960112,2.93899999999999
57.9200008630753,2.983
57.9466675301393,2.996
57.9733341972033,2.992
58.0000008642674,2.997
58.0266675313314,2.99
58.0533341983954,3.016
58.0800008654594,3.022
58.1066675325235,3.039
58.1333341995875,3.055
58.1600008666515,3.067
58.1866675337156,3.08
58.2133342007796,3.06
58.2400008678436,3.084
58.2666675349077,3.086
58.2933342019717,3.114
58.3200008690357,3.074
58.3466675360998,3.04600000000001
58.3733342031638,2.98399999999999
58.4000008702278,2.94799999999999
58.4266675372919,2.933
58.4533342043559,2.956
58.4800008714199,2.997
58.5066675384839,3.048
58.533334205548,3.061
58.560000872612,3.075
58.586667539676,3.056
58.6133342067401,3.03100000000001
58.6400008738041,3.0
58.6666675408681,3.006
58.6933342079322,3.05000000000001
58.7200008749962,3.104
58.7466675420602,3.131
58.7733342091243,3.107
58.8000008761883,3.08
58.8266675432523,3.062
58.8533342103163,3.083
58.8800008773804,3.111
58.9066675444444,3.11
58.9333342115084,3.07400000000001
58.9600008785725,2.99
58.9866675456365,2.994
59.0133342127005,2.996
59.0400008797646,3.058
59.0666675468286,3.037
59.0933342138926,3.018
59.1200008809567,2.996
59.1466675480207,3.003
59.1733342150847,3.017
59.2000008821487,3.024
59.2266675492128,3.004
59.2533342162768,2.99
59.2800008833408,2.973
59.3066675504049,2.961
59.3333342174689,2.972
59.3600008845329,2.983
59.386667551597,2.961
59.413334218661,2.922
59.440000885725,2.897
59.4666675527891,2.894
59.4933342198531,2.911
59.5200008869171,2.891
59.5466675539811,2.884
59.5733342210452,2.908
59.6000008881092,2.928
59.6266675551732,2.976
59.6533342222373,2.955
59.6800008893013,2.979
59.7066675563653,2.98999999999999
59.7333342234294,3.036
59.7600008904934,3.029
59.7866675575574,3.01900000000001
59.8133342246215,3.009
59.8400008916855,3.034
59.8666675587495,3.038
59.8933342258136,3.005
59.9200008928776,2.973
59.9466675599416,2.977
59.9733342270056,2.989
60.0000008940697,2.988
60.0266675611337,2.965
60.0533342281977,2.958
60.0800008952618,2.944
60.1066675623258,2.946
60.1333342293898,2.958
60.1600008964539,2.955
60.1866675635179,2.976
60.2133342305819,2.978
60.240000897646,3.01
60.26666756471,3.024
60.293334231774,2.997
60.320000898838,3.01300000000001
60.3466675659021,2.967
60.3733342329661,2.973
60.4000009000301,2.943
60.4266675670942,2.937
60.4533342341582,2.943
60.4800009012222,2.918
60.5066675682863,2.938
60.5333342353503,2.93000000000001
60.5600009024143,2.962
60.5866675694784,2.964
60.6133342365424,2.967
60.6400009036064,2.963
60.6666675706705,2.946
60.6933342377345,2.91
60.7200009047985,2.887
60.7466675718625,2.909
60.7733342389266,2.915
60.8000009059906,2.941
60.8266675730546,2.938
60.8533342401187,2.959
60.8800009071827,2.999
60.9066675742467,2.98500000000001
60.9333342413108,2.95099999999999
60.9600009083748,2.92
60.9866675754388,2.918
61.0133342425029,2.92400000000001
61.0400009095669,2.923
61.0666675766309,2.98099999999999
61.0933342436949,3.002
61.120000910759,3.036
61.146667577823,3.013
61.173334244887,3.024
61.2000009119511,3.022
61.2266675790151,3.026
61.2533342460791,3.007
61.2800009131432,2.997
61.3066675802072,2.971
61.3333342472712,2.944
61.3600009143353,2.95399999999999
61.3866675813993,2.986
61.4133342484633,3.03400000000001
61.4400009155273,3.071
61.4666675825914,3.066
61.4933342496554,3.068
61.5200009167194,3.03999999999999
61.5466675837835,3.025
61.5733342508475,3.004
61.6000009179115,3.001
61.6266675849756,2.995
61.6533342520396,3.01900000000001
61.6800009191036,3.09200000000001
61.7066675861677,3.167
61.7333342532317,3.198
61.7600009202957,3.182
61.7866675873598,3.185
61.8133342544238,3.181
61.8400009214878,3.178
61.8666675885518,3.123
61.8933342556159,3.099
61.9200009226799,3.07299999999999
61.9466675897439,3.043
61.973334256808,3.009
62.000000923872,2.989
62.026667590936,2.985
62.0533342580001,3.003
62.0800009250641,2.984
62.1066675921281,2.954
62.1333342591922,2.928
62.1600009262562,2.911
62.1866675933202,2.89400000000001
62.2133342603842,2.918
62.2400009274483,2.90299999999999
62.2666675945123,2.959
62.2933342615763,2.94799999999999
62.3200009286404,2.946
62.3466675957044,2.90900000000001
62.3733342627684,2.889
62.4000009298325,2.889
62.4266675968965,2.871
62.4533342639605,2.895
62.4800009310246,2.923
62.5066675980886,2.952
62.5333342651526,2.931
62.5600009322166,2.91
62.5866675992807,2.933
62.6133342663447,2.944
62.6400009334087,2.939
62.6666676004728,2.937
62.6933342675368,2.943
62.7200009346008,2.986
62.7466676016649,2.982
62.7733342687289,2.943
62.8000009357929,2.93899999999999
62.826667602857,2.93
62.853334269921,2.927
62.880000936985,2.87
62.9066676040491,2.84099999999999
62.9333342711131,2.815
62.9600009381771,2.828
62.9866676052412,2.83
63.0133342723052,2.83900000000001
63.0400009393692,2.824
63.0666676064332,2.837
63.0933342734973,2.85899999999999
63.1200009405613,2.897
63.1466676076253,2.906
63.1733342746894,2.902
63.2000009417534,2.896
63.2266676088174,2.873
63.2533342758815,2.848
63.2800009429455,2.818
63.3066676100095,2.812
63.3333342770735,2.79599999999999
63.3600009441376,2.831
63.3866676112016,2.82
63.4133342782656,2.826
63.4400009453297,2.796
63.4666676123937,2.8
63.4933342794577,2.821
63.5200009465218,2.83099999999999
63.5466676135858,2.867
63.5733342806498,2.861
63.6000009477139,2.867
63.6266676147779,2.85
63.6533342818419,2.863
63.680000948906,2.864
63.70666761597,2.839
63.733334283034,2.81
63.760000950098,2.773
63.7866676171621,2.797
63.8133342842261,2.842
63.8400009512901,2.882
63.8666676183542,2.92
63.8933342854182,2.893
63.9200009524822,2.90600000000001
63.9466676195463,2.89099999999999
63.9733342866103,2.93100000000001
64.0000009536743,2.893
64.0266676207384,2.888
64.0533342878024,2.894
64.0800009548664,2.914
64.1066676219304,2.916
64.1333342889945,2.89100000000001
64.1600009560585,2.853
64.1866676231225,2.837
64.2133342901866,2.831
64.2400009572506,2.827
64.2666676243146,2.835
64.2933342913787,2.836
64.3200009584427,2.864
64.3466676255067,2.873
64.3733342925708,2.88800000000001
64.4000009596348,2.915
64.4266676266988,2.898
64.4533342937629,2.895
64.4800009608269,2.886
64.5066676278909,2.908
64.5333342949549,2.933
64.560000962019,2.955
64.586667629083,2.959
64.613334296147,2.929
64.6400009632111,2.941
64.6666676302751,2.929
64.6933342973391,2.934
64.7200009644032,2.94499999999999
64.7466676314672,2.94
64.7733342985312,2.966
64.8000009655952,2.945
64.8266676326593,2.917
64.8533342997233,2.863
64.8800009667873,2.85599999999999
64.9066676338514,2.84
64.9333343009154,2.863
64.9600009679794,2.853
64.9866676350435,2.855
65.0133343021075,2.859
65.0400009691715,2.85599999999999
65.0666676362356,2.825
65.0933343032996,2.786
65.1200009703636,2.741
65.1466676374277,2.738
65.1733343044917,2.746
65.2000009715557,2.744
65.2266676386197,2.759
65.2533343056838,2.749
65.2800009727478,2.735
65.3066676398118,2.72799999999999
65.3333343068759,2.71
65.3600009739399,2.735
65.3866676410039,2.745
65.413334308068,2.777
65.440000975132,2.81
65.466667642196,2.829
65.4933343092601,2.829
65.5200009763241,2.797
65.5466676433881,2.768
65.5733343104521,2.778
65.6000009775162,2.792
65.6266676445802,2.808
65.6533343116442,2.786
65.6800009787083,2.732
65.7066676457723,2.701
65.7333343128363,2.714
65.7600009799004,2.709
65.7866676469644,2.712
65.8133343140284,2.686
65.8400009810925,2.701
65.8666676481565,2.697
65.8933343152205,2.698
65.9200009822846,2.70699999999999
65.9466676493486,2.739
65.9733343164126,2.718
66.0000009834766,2.73
66.0266676505407,2.727
66.0533343176047,2.76
66.0800009846687,2.73
66.1066676517328,2.676
66.1333343187968,2.675
66.1600009858608,2.685
66.1866676529249,2.709
66.2133343199889,2.7
66.2400009870529,2.678
66.2666676541169,2.71
66.293334321181,2.73099999999999
66.320000988245,2.80600000000001
66.346667655309,2.818
66.3733343223731,2.826
66.4000009894371,2.79499999999999
66.4266676565011,2.764
66.4533343235652,2.773
66.4800009906292,2.776
66.5066676576932,2.793
66.5333343247573,2.806
66.5600009918213,2.814
66.5866676588853,2.829
66.6133343259494,2.81
66.6400009930134,2.8
66.6666676600774,2.766
66.6933343271414,2.758
66.7200009942055,2.762
66.7466676612695,2.76600000000001
66.7733343283335,2.803
66.8000009953976,2.758
66.8266676624616,2.753
66.8533343295256,2.7
66.8800009965897,2.708
66.9066676636537,2.685
66.9333343307177,2.686
66.9600009977818,2.695
66.9866676648458,2.72900000000001
67.0133343319098,2.772
67.0400009989739,2.779
67.0666676660379,2.748
67.0933343331019,2.742
67.1200010001659,2.738
67.14666766723,2.761
67.173334334294,2.738
67.200001001358,2.696
67.2266676684221,2.63999999999999
67.2533343354861,2.633
67.2800010025501,2.647
67.3066676696142,2.674
67.3333343366782,2.65
67.3600010037422,2.643
67.3866676708063,2.652
67.4133343378703,2.67
67.4400010049343,2.706
67.4666676719983,2.714
67.4933343390624,2.733
67.5200010061264,2.717
67.5466676731904,2.731
67.5733343402545,2.753
67.6000010073185,2.751
67.6266676743825,2.754
67.6533343414466,2.751
67.6800010085106,2.784
67.7066676755746,2.76900000000001
67.7333343426387,2.728
67.7600010097027,2.698
67.7866676767667,2.707
67.8133343438307,2.723
67.8400010108948,2.704
67.8666676779588,2.713
67.8933343450228,2.718
67.9200010120869,2.71
67.9466676791509,2.718
67.9733343462149,2.711
68.000001013279,2.73
68.026667680343,2.697
68.053334347407,2.677
68.0800010144711,2.68
68.1066676815351,2.679
68.1333343485991,2.693
68.1600010156632,2.707
68.1866676827272,2.70699999999999
68.2133343497912,2.748
68.2400010168553,2.755
68.2666676839193,2.754
68.2933343509833,2.754
68.3200010180473,2.739
68.3466676851114,2.767
68.3733343521754,2.756
68.4000010192394,2.739
68.4266676863035,2.76
68.4533343533675,2.769
68.4800010204315,2.806
68.5066676874956,2.836
68.5333343545596,2.835
68.5600010216236,2.818
68.5866676886876,2.77799999999999
68.6133343557517,2.747
68.6400010228157,2.755
68.6666676898797,2.808
68.6933343569438,2.783
68.7200010240078,2.80799999999999
68.7466676910718,2.739
68.7733343581359,2.726
68.8000010251999,2.705
68.8266676922639,2.68000000000001
68.853334359328,2.718
68.880001026392,2.723
68.906667693456,2.77200000000001
68.9333343605201,2.794
68.9600010275841,2.837
68.9866676946481,2.854
69.0133343617121,2.825
69.0400010287762,2.809
69.0666676958402,2.777
69.0933343629042,2.805
69.1200010299683,2.777
69.1466676970323,2.75
69.1733343640963,2.696
69.2000010311604,2.72300000000001
69.2266676982244,2.792
69.2533343652884,2.835
69.2800010323524,2.809
69.3066676994165,2.768
69.3333343664805,2.745
69.3600010335446,2.774
69.3866677006086,2.763
69.4133343676726,2.78700000000001
69.4400010347366,2.773
69.4666677018007,2.761
69.4933343688647,2.732
69.5200010359287,2.739
69.5466677029928,2.75300000000001
69.5733343700568,2.745
69.6000010371208,2.751
69.6266677041849,2.712
69.6533343712489,2.714
69.6800010383129,2.719
69.7066677053769,2.725
69.733334372441,2.712
69.760001039505,2.684
69.786667706569,2.669
69.8133343736331,2.651
69.8400010406971,2.657
69.8666677077611,2.666
69.8933343748252,2.717
69.9200010418892,2.705
69.9466677089532,2.71899999999999
69.9733343760173,2.667
70.0000010430813,2.677
70.0266677101453,2.688
70.0533343772094,2.711
70.0800010442734,2.728
70.1066677113374,2.694
70.1333343784014,2.688
70.1600010454655,2.653
70.1866677125295,2.662
70.2133343795935,2.643
70.2400010466576,2.643
70.2666677137216,2.633
70.2933343807856,2.644
70.3200010478497,2.62
70.3466677149137,2.64
70.3733343819777,2.648
70.4000010490418,2.676
70.4266677161058,2.67
70.4533343831698,2.678
70.4800010502338,2.65900000000001
70.5066677172979,2.697
70.5333343843619,2.70399999999999
70.5600010514259,2.75300000000001
70.58666771849,2.791
70.613334385554,2.84099999999999
70.640001052618,2.874
70.6666677196821,2.858
70.6933343867461,2.83500000000001
70.7200010538101,2.78700000000001
70.7466677208742,2.736
70.7733343879382,2.72799999999999
70.8000010550022,2.753
70.8266677220662,2.761
70.8533343891303,2.753
70.8800010561943,2.756
70.9066677232583,2.786
70.9333343903224,2.79
70.9600010573864,2.767
70.9866677244504,2.768
71.0133343915145,2.762
71.0400010585785,2.758
71.0666677256425,2.732
71.0933343927066,2.724
71.1200010597706,2.714
71.1466677268346,2.691
71.1733343938986,2.657
71.2000010609627,2.666
71.2266677280267,2.693
71.2533343950908,2.738
71.2800010621548,2.748
71.3066677292188,2.733
71.3333343962828,2.7
71.3600010633469,2.68600000000001
71.3866677304109,2.739
71.4133343974749,2.81200000000001
71.440001064539,2.898
71.466667731603,2.955
71.493334398667,2.987
71.5200010657311,2.983
71.5466677327951,2.97499999999999
71.5733343998591,2.913
71.6000010669231,2.93000000000001
71.6266677339872,2.881
71.6533344010512,2.852
71.6800010681152,2.82599999999999
71.7066677351793,2.801
71.7333344022433,2.768
71.7600010693073,2.727
71.7866677363714,2.701
71.8133344034354,2.723
71.8400010704994,2.749
71.8666677375635,2.773
71.8933344046275,2.791
71.9200010716915,2.793
71.9466677387556,2.797
71.9733344058196,2.797
72.0000010728836,2.80200000000001
72.0266677399476,2.793
72.0533344070117,2.791
72.0800010740757,2.775
72.1066677411397,2.759
72.1333344082038,2.754
72.1600010752678,2.73099999999999
72.1866677423318,2.693
72.2133344093959,2.65300000000001
72.2400010764599,2.627
72.2666677435239,2.637
72.2933344105879,2.669
72.320001077652,2.694
72.346667744716,2.679
72.37333441178,2.64400000000001
72.4000010788441,2.615
72.4266677459081,2.632
72.4533344129721,2.643
72.4800010800362,2.647
72.5066677471002,2.654
72.5333344141642,2.65799999999999
72.5600010812283,2.70699999999999
72.5866677482923,2.738
72.6133344153563,2.765
72.6400010824204,2.748
72.6666677494844,2.71599999999999
72.6933344165484,2.68
72.7200010836124,2.696
72.7466677506765,2.715
72.7733344177405,2.749
72.8000010848045,2.754
72.8266677518686,2.739
72.8533344189326,2.67
72.8800010859966,2.649
72.9066677530607,2.698
72.9333344201247,2.711
72.9600010871887,2.726
72.9866677542528,2.672
73.0133344213168,2.673
73.0400010883808,2.69
73.0666677554449,2.729
73.0933344225089,2.706
73.1200010895729,2.702
73.1466677566369,2.644
73.173334423701,2.648
73.200001090765,2.62
73.226667757829,2.627
73.2533344248931,2.639
73.2800010919571,2.667
73.3066677590211,2.657
73.3333344260852,2.66800000000001
73.3600010931492,2.625
73.3866677602132,2.635
73.4133344272773,2.626
73.4400010943413,2.641
73.4666677614053,2.632
73.4933344284693,2.645
73.5200010955334,2.66399999999999
73.5466677625974,2.73
73.5733344296614,2.764
73.6000010967255,2.751
73.6266677637895,2.691
73.6533344308535,2.654
73.6800010979176,2.681
73.7066677649816,2.69799999999999
73.7333344320456,2.72799999999999
73.7600010991097,2.696
73.7866677661737,2.689
73.8133344332377,2.68
73.8400011003017,2.696
73.8666677673658,2.744
73.8933344344298,2.755
73.9200011014938,2.77800000000001
73.9466677685579,2.746
73.9733344356219,2.743
74.0000011026859,2.72
74.02666776975,2.701
74.053334436814,2.699
74.080001103878,2.699
74.1066677709421,2.727
74.1333344380061,2.739
74.1600011050701,2.798
74.1866677721341,2.81800000000001
74.2133344391982,2.857
74.2400011062622,2.833
74.2666677733263,2.835
74.2933344403903,2.834
74.3200011074543,2.862
74.3466677745183,2.85299999999999
74.3733344415824,2.867
74.4000011086464,2.869
74.4266677757104,2.916
74.4533344427745,2.945
74.4800011098385,2.915
74.5066677769025,2.88300000000001
74.5333344439666,2.815
74.5600011110306,2.79600000000001
74.5866677780946,2.799
74.6133344451586,2.783
74.6400011122227,2.753
74.6666677792867,2.713
74.6933344463507,2.72499999999999
74.7200011134148,2.749
74.7466677804788,2.744
74.7733344475428,2.742
74.8000011146069,2.729
74.8266677816709,2.744
74.8533344487349,2.71899999999999
74.880001115799,2.688
74.906667782863,2.683
74.933334449927,2.67400000000001
74.9600011169911,2.687
74.9866677840551,2.661
75.0133344511191,2.678
75.0400011181831,2.67
75.0666677852472,2.7
75.0933344523112,2.73599999999999
75.1200011193752,2.789
75.1466677864393,2.806
75.1733344535033,2.798
75.2000011205673,2.76900000000001
75.2266677876314,2.805
75.2533344546954,2.819
75.2800011217594,2.833
75.3066677888234,2.86499999999999
75.3333344558875,2.878
75.3600011229515,2.897
75.3866677900155,2.861
75.4133344570796,2.847
75.4400011241436,2.841
75.4666677912076,2.852
75.4933344582717,2.85
75.5200011253357,2.842
75.5466677923997,2.824
75.5733344594638,2.798
75.6000011265278,2.821
75.6266677935918,2.842
75.6533344606559,2.871
75.6800011277199,2.874
75.7066677947839,2.843
75.733334461848,2.843
75.760001128912,2.84800000000001
75.786667795976,2.922
75.81333446304,2.933
75.8400011301041,2.92400000000001
75.8666677971681,2.85900000000001
75.8933344642321,2.81399999999999
75.9200011312962,2.791
75.9466677983602,2.794
75.9733344654242,2.776
76.0000011324883,2.812
76.0266677995523,2.83600000000001
76.0533344666163,2.881
76.0800011336803,2.882
76.1066678007444,2.898
76.1333344678084,2.848
76.1600011348724,2.84399999999999
76.1866678019365,2.817
76.2133344690005,2.821
76.2400011360645,2.777
76.2666678031286,2.751
76.2933344701926,2.748
76.3200011372566,2.759
76.3466678043207,2.73699999999999
76.3733344713847,2.696
76.4000011384487,2.664
76.4266678055128,2.67700000000001
76.4533344725768,2.712
76.4800011396408,2.715
76.5066678067048,2.681
76.5333344737689,2.672
76.5600011408329,2.653
76.5866678078969,2.644
76.613334474961,2.606
76.640001142025,2.61
76.666667809089,2.612
76.6933344761531,2.602
76.7200011432171,2.536
76.7466678102811,2.53999999999999
76.7733344773451,2.504
76.8000011444092,2.52099999999999
76.8266678114732,2.523
76.8533344785373,2.535
76.8800011456013,2.544
76.9066678126653,2.56999999999999
76.9333344797293,2.62700000000001
76.9600011467934,2.676
76.9866678138574,2.697
77.0133344809214,2.661
77.0400011479855,2.649
77.0666678150495,2.625
77.0933344821135,2.604
77.1200011491776,2.616
77.1466678162416,2.627
77.1733344833056,2.654
77.2000011503696,2.657
77.2266678174337,2.651
77.2533344844977,2.679
77.2800011515617,2.678
77.3066678186258,2.688
77.3333344856898,2.682
77.3600011527538,2.68299999999999
77.3866678198179,2.645
77.4133344868819,2.618
77.4400011539459,2.62899999999999
77.46666782101,2.675
77.493334488074,2.681
77.520001155138,2.65
77.5466678222021,2.652
77.5733344892661,2.617
77.6000011563301,2.618
77.6266678233941,2.624
77.6533344904582,2.66900000000001
77.6800011575222,2.74100000000001
77.7066678245862,2.771
77.7333344916503,2.798
77.7600011587143,2.79400000000001
77.7866678257783,2.771
77.8133344928424,2.767
77.8400011599064,2.759
77.8666678269704,2.772
77.8933344940345,2.78999999999999
77.9200011610985,2.839
77.9466678281625,2.852
77.9733344952265,2.81
78.0000011622906,2.755
78.0266678293546,2.69999999999999
78.0533344964186,2.744
78.0800011634827,2.79000000000001
78.1066678305467,2.782
78.1333344976107,2.77200000000001
78.1600011646748,2.738
78.1866678317388,2.732
78.2133344988028,2.75299999999999
78.2400011658669,2.724
78.2666678329309,2.716
78.2933344999949,2.695
78.3200011670589,2.691
78.346667834123,2.699
78.373334501187,2.684
78.400001168251,2.678
78.4266678353151,2.699
78.4533345023791,2.701
78.4800011694431,2.705
78.5066678365072,2.69
78.5333345035712,2.708
78.5600011706352,2.71
78.5866678376993,2.73
78.6133345047633,2.69800000000001
78.6400011718273,2.663
78.6666678388914,2.647
78.6933345059554,2.655
78.7200011730194,2.669
78.7466678400835,2.665
78.7733345071475,2.656
78.8000011742115,2.65000000000001
78.8266678412755,2.628
78.8533345083396,2.627
78.8800011754036,2.639
78.9066678424676,2.659
78.9333345095317,2.66
78.9600011765957,2.688
78.9866678436597,2.679
79.0133345107238,2.694
79.0400011777878,2.639
79.0666678448518,2.648
79.0933345119158,2.62099999999999
79.1200011789799,2.607
79.1466678460439,2.612
79.1733345131079,2.623
79.200001180172,2.636
79.226667847236,2.64599999999999
79.2533345143,2.664
79.2800011813641,2.678
79.3066678484281,2.682
79.3333345154921,2.682
79.3600011825562,2.704
79.3866678496202,2.706
79.4133345166842,2.71299999999999
79.4400011837483,2.66
79.4666678508123,2.63
79.4933345178763,2.591
79.5200011849403,2.608
79.5466678520044,2.605
79.5733345190684,2.604
79.6000011861324,2.608
79.6266678531965,2.584
79.6533345202605,2.625
79.6800011873245,2.62899999999999
79.7066678543886,2.705
79.7333345214526,2.726
79.7600011885166,2.709
79.7866678555806,2.68799999999999
79.8133345226447,2.65600000000001
79.8400011897087,2.613
79.8666678567728,2.601
79.8933345238368,2.607
79.9200011909008,2.63900000000001
79.9466678579648,2.674
79.9733345250289,2.69
80.0000011920929,2.67500000000001
80.0266678591569,2.64100000000001
80.053334526221,2.608
80.080001193285,2.593
80.106667860349,2.567
80.1333345274131,2.568
80.1600011944771,2.548
80.1866678615411,2.563
80.2133345286051,2.549
80.2400011956692,2.548
80.2666678627332,2.521
80.2933345297972,2.522
80.3200011968613,2.536
80.3466678639253,2.544
80.3733345309893,2.514
80.4000011980534,2.504
80.4266678651174,2.499
80.4533345321814,2.518
80.4800011992455,2.5
80.5066678663095,2.487
80.5333345333735,2.472
80.5600012004376,2.467
80.5866678675016,2.49
80.6133345345656,2.492
80.6400012016296,2.508
80.6666678686937,2.495
80.6933345357577,2.49100000000001
80.7200012028217,2.459
80.7466678698858,2.455
80.7733345369498,2.45399999999999
80.8000012040138,2.471
80.8266678710779,2.459
80.8533345381419,2.448
80.8800012052059,2.471
80.90666787227,2.547
80.933334539334,2.543
80.960001206398,2.541
80.986667873462,2.548
81.0133345405261,2.59999999999999
81.0400012075901,2.652
81.0666678746541,2.643
81.0933345417182,2.60599999999999
81.1200012087822,2.628
81.1466678758462,2.626
81.1733345429103,2.617
81.2000012099743,2.608
81.2266678770383,2.616
81.2533345441024,2.63499999999999
81.2800012111664,2.67100000000001
81.3066678782304,2.649
81.3333345452945,2.665
81.3600012123585,2.62700000000001
81.3866678794225,2.676
81.4133345464865,2.67099999999999
81.4400012135506,2.656
81.4666678806146,2.62800000000001
81.4933345476786,2.586
