time_min,absorb_mau
0.0,-0.003
0.213333336512248,0.0
0.426666673024495,-0.097
0.640000009536743,-0.057
0.853333346048991,-0.109
1.06666668256124,-0.0529999999999999
1.28000001907349,0.0339999999999998
1.49333335558573,0.0369999999999999
1.70666669209798,0.069
1.92000002861023,0.359
2.13333336512248,0.432
2.34666670163472,0.227
2.56000003814697,0.234
2.77333337465922,0.151
2.98666671117147,0.215
3.20000004768372,0.195
3.41333338419596,0.248
3.62666672070821,0.237
3.84000005722046,0.342
4.05333339373271,0.295
4.26666673024495,0.323
4.4800000667572,0.308
4.69333340326945,0.34
4.9066667397817,0.299
5.12000007629395,0.328
5.33333341280619,0.303
5.54666674931844,0.348
5.76000008583069,0.34
5.97333342234294,0.28
6.18666675885518,0.225
6.40000009536743,0.284
6.61333343187968,0.259
6.82666676839193,0.319
7.04000010490418,0.354
7.25333344141642,0.44
7.46666677792867,0.429
7.68000011444092,0.442
7.89333345095317,0.481
8.10666678746541,0.53
8.32000012397766,0.571
8.53333346048991,0.743
8.74666679700216,0.735
8.9600001335144,0.616
9.17333347002665,0.827
9.3866668065389,0.832
9.60000014305115,0.921
9.8133334795634,0.968
10.0266668160756,0.939
10.2400001525879,0.982
10.4533334891001,1.037
10.6666668256124,1.125
10.8800001621246,1.218
11.0933334986369,1.211
11.3066668351491,1.134
11.5200001716614,1.185
11.7333335081736,1.179
11.9466668446859,1.136
12.1600001811981,1.292
12.3733335177104,1.371
12.5866668542226,1.34
12.8000001907349,1.32
13.0133335272471,1.287
13.2266668637594,1.3
13.4400002002716,1.447
13.6533335367839,1.272
13.8666668732961,1.398
14.0800002098084,1.363
14.2933335463206,1.362
14.5066668828328,1.268
14.7200002193451,1.254
14.9333335558573,1.242
15.1466668923696,1.283
15.3600002288818,1.365
15.5733335653941,1.367
15.7866669019063,1.358
16.0000002384186,1.352
16.2133335749308,1.354
16.4266669114431,1.499
16.6400002479553,1.552
16.8533335844676,1.508
17.0666669209798,1.462
17.2800002574921,1.396
17.4933335940043,1.406
17.7066669305166,1.401
17.9200002670288,1.339
18.1333336035411,1.359
18.3466669400533,1.445
18.5600002765656,1.414
18.7733336130778,1.429
18.9866669495901,1.402
19.2000002861023,1.535
19.4133336226145,1.636
19.6266669591268,1.585
19.840000295639,1.638
20.0533336321513,1.655
20.2666669686635,1.617
20.4800003051758,1.707
20.693333641688,1.657
20.9066669782003,1.702
21.1200003147125,1.809
21.3333336512248,1.896
21.546666987737,1.834
21.7600003242493,1.883
21.9733336607615,1.864
22.1866669972738,1.958
22.400000333786,1.924
22.6133336702983,2.034
22.8266670068105,2.015
23.0400003433228,1.97
23.253333679835,1.995
23.4666670163473,2.06
23.6800003528595,2.17
23.8933336893717,2.29
24.106667025884,2.296
24.3200003623962,2.269
24.5333336989085,2.301
24.7466670354207,2.301
24.960000371933,2.205
25.1733337084452,2.199
25.3866670449575,2.322
25.6000003814697,2.314
25.813333717982,2.458
26.0266670544942,2.463
26.2400003910065,2.333
26.4533337275187,2.37
26.666667064031,2.48
26.8800004005432,2.488
27.0933337370555,2.479
27.3066670735677,2.462
27.52000041008,2.423
27.7333337465922,2.458
27.9466670831045,2.504
28.1600004196167,2.528
28.3733337561289,2.489
28.5866670926412,2.437
28.8000004291534,2.559
29.0133337656657,2.49
29.2266671021779,2.434
29.4400004386902,2.39
29.6533337752024,2.396
29.8666671117147,2.381
30.0800004482269,2.502
30.2933337847392,2.324
30.5066671212514,2.384
30.7200004577637,2.391
30.9333337942759,2.46
31.1466671307882,2.471
31.3600004673004,2.441
31.5733338038127,2.35
31.7866671403249,2.35
32.0000004768372,2.47
32.2133338133494,2.456
32.4266671498617,2.466
32.6400004863739,2.483
32.8533338228861,2.463
33.0666671593984,2.541
33.2800004959106,2.498
33.4933338324229,2.462
33.7066671689351,2.454
33.9200005054474,2.557
34.1333338419596,2.458
34.3466671784719,2.544
34.5600005149841,2.619
34.7733338514964,2.47
34.9866671880086,2.431
35.2000005245209,2.562
35.4133338610331,2.575
35.6266671975454,2.443
35.8400005340576,2.586
36.0533338705699,2.578
36.2666672070821,2.657
36.4800005435944,2.558
36.6933338801066,2.647
36.9066672166189,2.825
37.1200005531311,2.824
37.3333338896434,2.847
37.5466672261556,2.915
37.7600005626678,2.895
37.9733338991801,2.882
38.1866672356923,2.732
38.4000005722046,2.703
38.6133339087168,2.656
38.8266672452291,2.692
39.0400005817413,2.752
39.2533339182536,2.79
39.4666672547658,2.891
39.6800005912781,2.821
39.8933339277903,2.928
40.1066672643026,3.008
40.3200006008148,2.973
40.5333339373271,3.013
40.7466672738393,3.047
40.9600006103516,3.093
41.1733339468638,2.964
41.3866672833761,3.01
41.6000006198883,2.831
41.8133339564006,2.819
42.0266672929128,2.92
42.2400006294251,2.949
42.4533339659373,3.033
42.6666673024496,3.034
42.8800006389618,3.135
43.093333975474,3.137
43.3066673119863,3.092
43.5200006484985,3.218
43.7333339850108,3.226
43.946667321523,3.305
44.1600006580353,3.277
44.3733339945475,3.42
44.5866673310598,3.381
44.800000667572,3.381
45.0133340040843,3.383
45.2266673405965,3.461
45.4400006771088,3.545
45.653334013621,3.597
45.8666673501333,3.598
46.0800006866455,3.582
46.2933340231578,3.622
46.50666735967,3.58
46.7200006961823,3.471
46.9333340326945,3.572
47.1466673692068,3.635
47.360000705719,3.676
47.5733340422312,3.714
47.7866673787435,3.599
48.0000007152557,3.582
48.213334051768,3.529
48.4266673882802,3.602
48.6400007247925,3.682
48.8533340613047,3.616
49.066667397817,3.645
49.2800007343292,3.624
49.4933340708415,3.705
49.7066674073537,3.657
49.920000743866,3.651
50.1333340803782,3.566
50.3466674168905,3.578
50.5600007534027,3.601
50.773334089915,3.783
50.9866674264272,3.696
51.2000007629395,3.767
51.4133340994517,3.875
51.626667435964,3.799
51.8400007724762,3.688
52.0533341089884,3.667
52.2666674455007,3.72
52.4800007820129,3.636
52.6933341185252,3.755
52.9066674550374,3.77
53.1200007915497,3.803
53.3333341280619,3.956
53.5466674645742,3.983
53.7600008010864,3.916
53.9733341375987,4.256
54.1866674741109,4.031
54.4000008106232,3.949
54.6133341471354,3.96
54.8266674836477,3.967
55.0400008201599,3.998
55.2533341566722,4.013
55.4666674931844,3.97
55.6800008296967,3.962
55.8933341662089,3.907
56.1066675027212,4.07
56.3200008392334,4.1
56.5333341757457,3.944
56.7466675122579,4.013
56.9600008487701,3.987
57.1733341852824,4.016
57.3866675217946,4.009
57.6000008583069,4.087
57.8133341948191,4.056
58.0266675313314,3.997
58.2400008678436,4.005
58.4533342043559,4.069
58.6666675408681,4.12600000000001
58.8800008773804,4.13500000000001
59.0933342138926,4.03
59.3066675504049,4.167
59.5200008869171,4.047
59.7333342234294,4.142
59.9466675599416,4.128
60.1600008964539,4.12
60.3733342329661,4.114
60.5866675694784,4.124
60.8000009059906,4.156
61.0133342425029,4.129
61.2266675790151,4.26799999999999
61.4400009155273,4.293
61.6533342520396,4.221
61.8666675885518,4.305
62.0800009250641,4.292
62.2933342615763,4.368
62.5066675980886,4.53
62.7200009346008,4.45699999999999
62.9333342711131,4.511
63.1466676076253,4.453
63.3600009441376,4.5
63.5733342806498,4.482
63.7866676171621,4.467
64.0000009536743,4.457
64.2133342901866,4.417
64.4266676266988,4.375
64.6400009632111,4.414
64.8533342997233,4.482
65.0666676362356,4.485
65.2800009727478,4.549
65.4933343092601,4.58
65.7066676457723,4.82299999999999
65.9200009822846,4.908
66.1333343187968,4.876
66.346667655309,4.917
66.5600009918213,4.831
66.7733343283335,4.865
66.9866676648458,5.05799999999999
67.200001001358,4.91999999999999
67.4133343378703,4.921
67.6266676743825,4.948
67.8400010108948,4.982
68.053334347407,5.011
68.2666676839193,5.102
68.4800010204315,5.142
68.6933343569438,5.206
68.906667693456,5.326
69.1200010299683,5.242
69.3333343664805,5.319
69.5466677029928,5.372
69.760001039505,5.36
69.9733343760173,5.37
70.1866677125295,5.402
70.4000010490418,5.404
70.613334385554,5.472
70.8266677220662,5.56200000000001
71.0400010585785,5.551
71.2533343950908,5.547
71.466667731603,5.57599999999999
71.6800010681152,5.631
71.8933344046275,5.667
72.1066677411397,5.779
72.320001077652,5.842
72.5333344141642,5.716
72.7466677506765,5.762
72.9600010871887,5.776
73.173334423701,5.72
73.3866677602132,5.8
73.6000010967255,5.864
73.8133344332377,5.866
74.02666776975,6.045
74.2400011062622,6.22499999999999
74.4533344427745,6.199
74.6666677792867,6.278
74.880001115799,6.348
75.0933344523112,6.261
75.3066677888234,6.315
75.5200011253357,6.287
75.733334461848,6.21599999999999
75.9466677983602,6.272
76.1600011348724,6.352
76.3733344713847,6.425
76.5866678078969,6.452
76.8000011444092,6.55
77.0133344809214,6.516
77.2266678174337,6.571
77.4400011539459,6.693
77.6533344904582,6.723
77.8666678269704,6.78
78.0800011634827,6.809
78.2933344999949,6.816
78.5066678365072,7.005
78.7200011730194,7.105
78.9333345095317,7.139
79.1466678460439,7.112
79.3600011825562,7.173
79.5733345190684,7.341
79.7866678555806,7.45999999999999
80.0000011920929,7.725
80.2133345286051,7.731
80.4266678651174,7.84
80.6400012016296,7.842
80.8533345381419,7.918
81.0666678746541,7.915
81.2800012111664,8.032
81.4933345476786,8.004
81.7066678841909,7.992
81.9200012207031,7.937
82.1333345572154,8.032
82.3466678937276,7.993
82.5600012302399,8.05
82.7733345667521,8.115
82.9866679032644,8.231
83.2000012397766,8.471
83.4133345762889,8.552
83.6266679128011,8.634
83.8400012493134,8.677
84.0533345858256,8.689
84.2666679223379,8.751
84.4800012588501,8.749
84.6933345953623,8.832
84.9066679318746,8.847
85.1200012683868,8.967
85.3333346048991,8.978
85.5466679414113,9.044
85.7600012779236,9.411
85.9733346144358,9.621
86.1866679509481,9.714
86.4000012874603,9.78899999999999
86.6133346239726,9.73
86.8266679604848,9.76
87.0400012969971,9.796
87.2533346335093,9.72499999999999
87.4666679700216,9.871
87.6800013065338,9.978
87.8933346430461,10.095
88.1066679795583,10.104
88.3200013160706,10.149
88.5333346525828,10.26
88.7466679890951,10.405
88.9600013256073,10.582
89.1733346621195,10.761
89.3866679986318,10.834
89.600001335144,11.083
89.8133346716563,11.124
90.0266680081685,11.168
90.2400013446808,11.18
90.453334681193,11.229
90.6666680177053,11.403
90.8800013542175,11.376
91.0933346907298,11.389
91.306668027242,11.665
91.5200013637543,11.91
91.7333347002665,12.168
91.9466680367788,12.194
92.160001373291,12.422
92.3733347098033,12.461
92.5866680463155,12.499
92.8000013828278,12.581
93.01333471934,12.627
93.2266680558523,12.542
93.4400013923645,12.586
93.6533347288768,12.631
93.866668065389,12.731
94.0800014019012,12.64
94.2933347384135,12.774
94.5066680749257,12.924
94.720001411438,13.102
94.9333347479502,13.307
95.1466680844625,13.382
95.3600014209748,13.538
95.573334757487,13.612
95.7866680939992,13.769
96.0000014305115,13.735
96.2133347670237,13.888
96.426668103536,13.866
96.6400014400482,14.048
96.8533347765605,13.984
97.0666681130727,14.119
97.280001449585,14.361
97.4933347860972,14.606
97.7066681226095,14.962
97.9200014591217,15.042
98.133334795634,15.116
98.3466681321462,15.074
98.5600014686585,15.036
98.7733348051707,15.171
98.9866681416829,15.049
99.2000014781952,15.092
99.4133348147074,15.042
99.6266681512197,15.151
99.8400014877319,15.087
100.053334824244,15.267
100.266668160756,15.481
100.480001497269,15.703
100.693334833781,15.792
100.906668170293,15.984
101.120001506805,16.151
101.333334843318,16.243
101.54666817983,16.397
101.760001516342,16.454
101.973334852854,16.406
102.186668189367,16.456
102.400001525879,16.52
102.613334862391,16.678
102.826668198903,16.835
103.040001535416,17.014
103.253334871928,17.2
103.46666820844,17.453
103.680001544952,17.614
103.893334881465,17.546
104.106668217977,17.742
104.320001554489,17.84
104.533334891001,17.787
104.746668227514,17.722
104.960001564026,17.766
105.173334900538,17.831
105.38666823705,17.754
105.600001573563,17.741
105.813334910075,17.915
106.026668246587,18.096
106.240001583099,18.334
106.453334919612,18.59
106.666668256124,18.675
106.880001592636,18.738
107.093334929148,18.88
107.306668265661,18.929
107.520001602173,18.812
107.733334938685,18.817
107.946668275197,18.967
108.16000161171,19.072
108.373334948222,19.179
108.586668284734,19.437
108.800001621246,19.787
109.013334957759,19.959
109.226668294271,20.27
109.440001630783,20.593
109.653334967295,20.632
109.866668303808,20.648
110.08000164032,20.58
110.293334976832,20.565
110.506668313344,20.491
110.720001649857,20.36
110.933334986369,20.401
111.146668322881,20.282
111.360001659393,20.317
111.573334995906,20.476
111.786668332418,20.711
112.00000166893,21.146
112.213335005442,21.305
112.426668341955,21.423
112.640001678467,21.574
112.853335014979,21.578
113.066668351491,21.578
113.280001688004,21.627
113.493335024516,21.509
113.706668361028,21.545
113.92000169754,21.507
114.133335034053,21.899
114.346668370565,22.264
114.560001707077,22.563
114.773335043589,22.849
114.986668380102,22.995
115.200001716614,23.1
115.413335053126,23.151
115.626668389638,23.177
115.840001726151,23.217
116.053335062663,23.046
116.266668399175,22.897
116.480001735687,22.909
116.6933350722,22.956
116.906668408712,22.813
117.120001745224,22.938
117.333335081736,23.11
117.546668418249,23.399
117.760001754761,23.706
117.973335091273,23.84
118.186668427785,23.957
118.400001764297,24.041
118.61333510081,24.106
118.826668437322,24.017
119.040001773834,23.922
119.253335110346,24.058
119.466668446859,24.21
119.680001783371,24.33
119.893335119883,24.397
120.106668456395,24.594
120.320001792908,25.269
120.53333512942,25.375
120.746668465932,25.712
120.960001802444,25.838
121.173335138957,25.706
121.386668475469,25.789
121.600001811981,25.586
121.813335148493,25.498
122.026668485006,25.412
122.240001821518,25.32
122.45333515803,25.162
122.666668494542,25.141
122.880001831055,25.03
123.093335167567,25.2
123.306668504079,25.644
123.520001840591,26.074
123.733335177104,26.229
123.946668513616,26.496
124.160001850128,26.518
124.37333518664,26.451
124.586668523153,26.486
124.800001859665,26.554
125.013335196177,26.432
125.226668532689,26.569
125.440001869202,26.641
125.653335205714,26.631
125.866668542226,26.772
126.080001878738,27.158
126.293335215251,27.574
126.506668551763,27.909
126.720001888275,27.942
126.933335224787,27.971
127.1466685613,28.023
127.360001897812,27.785
127.573335234324,27.606
127.786668570836,27.487
128.000001907349,27.389
128.213335243861,27.35
128.426668580373,27.475
128.640001916885,27.424
128.853335253398,27.599
129.06666858991,27.855
129.280001926422,28.219
129.493335262934,28.346
129.706668599447,28.539
129.920001935959,28.55
130.133335272471,28.562
130.346668608983,28.615
130.560001945496,28.659
130.773335282008,28.53
130.98666861852,28.518
131.200001955032,28.449
131.413335291545,28.581
131.626668628057,28.888
131.840001964569,29.317
132.053335301081,29.626
132.266668637594,29.796
132.480001974106,29.971
132.693335310618,29.974
132.90666864713,29.91
133.120001983643,29.82
133.333335320155,29.524
133.546668656667,29.324
133.760001993179,29.353
133.973335329692,29.101
134.186668666204,29.071
134.400002002716,29.017
134.613335339228,29.206
134.826668675741,29.434
135.040002012253,29.706
135.253335348765,30.043
135.466668685277,30.195
135.68000202179,30.135
135.893335358302,30.261
136.106668694814,30.184
136.320002031326,30.078
136.533335367839,29.921
136.746668704351,29.837
136.960002040863,30.034
137.173335377375,29.995
137.386668713888,30.289
137.6000020504,30.534
137.813335386912,30.786
138.026668723424,31.111
138.240002059937,31.063
138.453335396449,31.223
138.666668732961,31.156
138.880002069473,31.005
139.093335405986,30.624
139.306668742498,30.549
139.52000207901,30.37
139.733335415522,30.436
139.946668752035,30.24
140.160002088547,30.052
140.373335425059,30.029
140.586668761571,30.416
140.800002098084,30.691
141.013335434596,30.871
141.226668771108,31.009
141.44000210762,31.025
141.653335444133,30.886
141.866668780645,30.803
142.080002117157,30.762
142.293335453669,30.786
142.506668790182,30.929
142.720002126694,30.865
142.933335463206,30.826
143.146668799718,30.94
143.36000213623,31.234
143.573335472743,31.606
143.786668809255,31.748
144.000002145767,31.838
144.213335482279,31.843
144.426668818792,31.658
144.640002155304,31.529
144.853335491816,31.367
145.066668828328,31.134
145.280002164841,30.912
145.493335501353,30.816
145.706668837865,30.782
145.920002174377,30.481
146.13333551089,30.538
146.346668847402,30.818
146.560002183914,31.217
146.773335520426,31.225
146.986668856939,31.212
147.200002193451,31.012
147.413335529963,31.03
147.626668866475,30.975
147.840002202988,30.893
148.0533355395,30.773
148.266668876012,30.716
148.480002212524,30.72
148.693335549037,30.971
148.906668885549,31.231
149.120002222061,31.352
149.333335558573,31.517
149.546668895086,31.591
149.760002231598,31.535
149.97333556811,31.416
150.186668904622,31.193
150.400002241135,30.948
150.613335577647,30.689
150.826668914159,30.345
151.040002250671,30.249
151.253335587184,30.127
151.466668923696,29.821
151.680002260208,29.628
151.89333559672,29.726
152.106668933233,29.977
152.320002269745,30.208
152.533335606257,30.459
152.746668942769,30.389
152.960002279282,30.521
153.173335615794,30.244
153.386668952306,30.088
153.600002288818,29.807
153.813335625331,29.814
154.026668961843,29.559
154.240002298355,29.556
154.453335634867,29.487
154.66666897138,29.595
154.880002307892,29.645
155.093335644404,29.845
155.306668980916,29.919
155.520002317429,29.876
155.733335653941,29.602
155.946668990453,29.48
156.160002326965,29.286
156.373335663478,28.932
156.58666899999,28.561
156.800002336502,28.351
157.013335673014,28.184
157.226669009527,28.004
157.440002346039,27.86
157.653335682551,27.888
157.866669019063,27.986
158.080002355576,28.212
158.293335692088,28.286
158.5066690286,28.127
158.720002365112,27.986
158.933335701625,28.018
159.146669038137,27.707
159.360002374649,27.522
159.573335711161,27.375
159.786669047674,27.175
160.000002384186,27.01
160.213335720698,27.051
160.42666905721,27.028
160.640002393723,27.129
160.853335730235,27.181
161.066669066747,27.217
161.280002403259,26.943
161.493335739772,26.832
161.706669076284,26.563
161.920002412796,26.327
162.133335749308,26.053
162.346669085821,25.793
162.560002422333,25.577
162.773335758845,25.665
162.986669095357,25.245
163.20000243187,25.042
163.413335768382,25.172
163.626669104894,25.213
163.840002441406,25.166
164.053335777919,25.183
164.266669114431,25.066
164.480002450943,24.953
164.693335787455,24.771
164.906669123968,24.515
165.12000246048,24.625
165.333335796992,24.379
165.546669133504,24.139
165.760002470016,23.875
165.973335806529,23.743
166.186669143041,23.786
166.400002479553,23.714
166.613335816065,23.804
166.826669152578,23.75
167.04000248909,23.666
167.253335825602,23.541
167.466669162114,23.289
167.680002498627,23.052
167.893335835139,22.778
168.106669171651,22.525
168.320002508163,22.279
168.533335844676,22.192
168.746669181188,21.994
168.9600025177,21.859
169.173335854212,21.778
169.386669190725,21.829
169.600002527237,21.827
169.813335863749,21.709
170.026669200261,21.688
170.240002536774,21.58
170.453335873286,21.345
170.666669209798,21.214
170.88000254631,20.985
171.093335882823,20.865
171.306669219335,20.653
171.520002555847,20.625
171.733335892359,20.557
171.946669228872,20.422
172.160002565384,20.363
172.373335901896,20.364
172.586669238408,20.277
172.800002574921,20.226
173.013335911433,19.995
173.226669247945,19.742
173.440002584457,19.65
173.65333592097,19.48
173.866669257482,19.3
174.080002593994,19.069
174.293335930506,19.126
174.506669267019,18.839
174.720002603531,18.689
174.933335940043,18.704
175.146669276555,18.548
175.360002613068,18.386
175.57333594958,18.388
175.786669286092,18.378
176.000002622604,18.214
176.213335959117,18.053
176.426669295629,17.866
176.640002632141,17.725
176.853335968653,17.627
177.066669305166,17.503
177.280002641678,17.382
177.49333597819,17.266
177.706669314702,17.131
177.920002651215,17.148
178.133335987727,17.061
178.346669324239,16.99
178.560002660751,16.945
178.773335997264,16.726
178.986669333776,16.553
179.200002670288,16.541
179.4133360068,16.393
179.626669343313,16.34
179.840002679825,16.272
180.053336016337,16.111
180.266669352849,15.976
180.480002689362,15.823
180.693336025874,15.973
180.906669362386,15.876
181.120002698898,15.787
181.333336035411,15.592
181.546669371923,15.622
181.760002708435,15.493
181.973336044947,15.322
182.18666938146,15.231
182.400002717972,15.07
182.613336054484,14.952
182.826669390996,15.07
183.040002727509,14.991
183.253336064021,14.867
183.466669400533,14.736
183.680002737045,14.67
183.893336073558,14.768
184.10666941007,14.652
184.320002746582,14.508
184.533336083094,14.368
184.746669419607,14.176
184.960002756119,14.123
185.173336092631,14.084
185.386669429143,14.091
185.600002765656,13.91
185.813336102168,13.952
186.02666943868,13.882
186.240002775192,13.794
186.453336111705,13.675
186.666669448217,13.733
186.880002784729,13.609
187.093336121241,13.518
187.306669457754,13.455
187.520002794266,13.405
187.733336130778,13.225
187.94666946729,13.186
188.160002803803,13.198
188.373336140315,13.235
188.586669476827,13.006
188.800002813339,12.965
189.013336149851,12.88
189.226669486364,12.879
189.440002822876,12.645
189.653336159388,12.615
189.8666694959,12.566
190.080002832413,12.463
190.293336168925,12.5
190.506669505437,12.387
190.720002841949,12.34
190.933336178462,12.282
191.146669514974,12.247
191.360002851486,12.092
191.573336187998,12.031
191.786669524511,11.888
192.000002861023,12.001
192.213336197535,11.928
192.426669534047,11.926
192.64000287056,11.82
192.853336207072,11.862
193.066669543584,11.728
193.280002880096,11.639
193.493336216609,11.53
193.706669553121,11.548
193.920002889633,11.479
194.133336226145,11.384
194.346669562658,11.309
194.56000289917,11.45
194.773336235682,11.557
194.986669572194,11.471
195.200002908707,11.42
195.413336245219,11.251
195.626669581731,11.208
195.840002918243,11.211
196.053336254756,11.061
196.266669591268,11.053
196.48000292778,11.047
196.693336264292,11.093
196.906669600805,11.088
197.120002937317,10.936
197.333336273829,10.889
197.546669610341,10.722
197.760002946854,10.566
197.973336283366,10.691
198.186669619878,10.619
198.40000295639,10.559
198.613336292903,10.57
198.826669629415,10.53
199.040002965927,10.537
199.253336302439,10.482
199.466669638952,10.486
199.680002975464,10.476
199.893336311976,10.316
200.106669648488,10.329
200.320002985001,10.273
200.533336321513,10.108
200.746669658025,10.248
200.960002994537,10.045
201.17333633105,10.067
201.386669667562,10.106
201.600003004074,10.057
201.813336340586,9.885
202.026669677099,9.78700000000001
202.240003013611,9.76599999999999
202.453336350123,9.81999999999999
202.666669686635,9.87299999999999
202.880003023148,9.79899999999999
203.09333635966,9.735
203.306669696172,9.778
203.520003032684,9.735
203.733336369197,9.681
203.946669705709,9.535
204.160003042221,9.524
204.373336378733,9.439
204.586669715246,9.50800000000001
204.800003051758,9.48200000000003
205.01333638827,9.392
205.226669724782,9.345
205.440003061295,9.39
205.653336397807,9.32499999999999
205.866669734319,9.342
206.080003070831,9.304
206.293336407344,9.24
206.506669743856,9.28
206.720003080368,9.24099999999999
206.93333641688,9.189
207.146669753393,9.191
207.360003089905,9.13
207.573336426417,9.176
207.786669762929,9.036
208.000003099441,9.053
208.213336435954,9.029
208.426669772466,9.001
208.640003108978,8.92699999999999
208.853336445491,8.922
209.066669782003,8.85599999999999
209.280003118515,8.98
209.493336455027,9.054
209.70666979154,8.929
209.920003128052,8.9
210.133336464564,8.898
210.346669801076,8.995
210.560003137588,8.893
210.773336474101,8.84699999999998
210.986669810613,8.822
211.200003147125,8.828
211.413336483638,8.92399999999998
211.62666982015,8.758
211.840003156662,8.70999999999998
212.053336493174,8.68799999999999
212.266669829686,8.88
212.480003166199,8.892
212.693336502711,8.913
212.906669839223,8.90799999999999
213.120003175735,8.855
213.333336512248,8.78800000000001
213.54666984876,8.67700000000001
213.760003185272,8.715
213.973336521784,8.753
214.186669858297,8.737
214.400003194809,8.736
214.613336531321,8.668
214.826669867833,8.762
215.040003204346,8.70699999999999
215.253336540858,8.78500000000003
215.46666987737,8.682
215.680003213882,8.65900000000001
215.893336550395,8.663
216.106669886907,8.566
216.320003223419,8.494
216.533336559931,8.50399999999999
216.746669896444,8.533
216.960003232956,8.512
217.173336569468,8.462
217.38666990598,8.493
217.600003242493,8.344
217.813336579005,8.31700000000001
218.026669915517,8.378
218.240003252029,8.29300000000001
218.453336588542,8.28999999999999
218.666669925054,8.194
218.880003261566,8.17299999999995
219.093336598078,8.039
219.306669934591,8.058
219.520003271103,7.999
219.733336607615,8.014
219.946669944127,8.04399999999998
220.16000328064,8.08799999999999
220.373336617152,8.00700000000001
220.586669953664,8.075
220.800003290176,8.039
221.013336626689,8.005
221.226669963201,8.03899999999999
221.440003299713,7.97200000000001
221.653336636225,7.897
221.866669972738,7.824
222.08000330925,7.834
222.293336645762,7.846
222.506669982274,7.78100000000001
222.720003318787,7.764
222.933336655299,7.697
223.146669991811,7.74799999999999
223.360003328323,7.726
223.573336664836,7.72499999999999
223.786670001348,7.69900000000001
224.00000333786,7.67400000000001
224.213336674372,7.749
224.426670010885,7.738
224.640003347397,7.585
224.853336683909,7.68799999999999
225.066670020421,7.727
225.280003356934,7.619
225.493336693446,7.581
225.706670029958,7.488
225.92000336647,7.465
226.133336702983,7.565
226.346670039495,7.46000000000001
226.560003376007,7.438
226.773336712519,7.47199999999999
226.986670049032,7.58699999999999
227.200003385544,7.47
227.413336722056,7.383
227.626670058568,7.376
227.840003395081,7.447
228.053336731593,7.416
228.266670068105,7.287
228.480003404617,7.322
228.69333674113,7.289
228.906670077642,7.264
229.120003414154,7.282
229.333336750666,7.41199999999998
229.546670087179,7.45099999999999
229.760003423691,7.41800000000001
229.973336760203,7.39600000000002
230.186670096715,7.314
230.400003433228,7.29599999999999
230.61333676974,7.149
230.826670106252,7.131
231.040003442764,7.18100000000001
231.253336779277,7.169
231.466670115789,7.149
231.680003452301,7.24099999999999
231.893336788813,7.279
232.106670125326,7.227
232.320003461838,7.226
232.53333679835,7.267
232.746670134862,7.214
232.960003471374,7.337
233.173336807887,7.25200000000001
233.386670144399,7.205
233.600003480911,7.17599999999999
233.813336817424,7.102
234.026670153936,7.208
234.240003490448,7.149
234.45333682696,7.21100000000001
234.666670163472,7.369
234.880003499985,7.196
235.093336836497,7.306
235.306670173009,7.214
235.520003509522,7.184
235.733336846034,7.129
235.946670182546,7.118
236.160003519058,7.03299999999999
236.37333685557,7.00299999999999
236.586670192083,7.143
236.800003528595,7.082
237.013336865107,7.116
237.226670201619,7.13200000000001
237.440003538132,7.186
237.653336874644,7.08199999999999
237.866670211156,7.07600000000002
238.080003547668,7.233
238.293336884181,7.16
238.506670220693,7.131
238.720003557205,7.292
238.933336893717,7.18000000000001
239.14667023023,7.09
239.360003566742,7.19199999999999
239.573336903254,7.12100000000001
239.786670239766,7.06399999999999
240.000003576279,7.019
240.213336912791,7.056
240.426670249303,7.06899999999999
240.640003585815,7.053
240.853336922328,6.988
241.06667025884,7.137
241.280003595352,7.10900000000004
241.493336931864,6.976
241.706670268377,6.86699999999999
241.920003604889,6.774
242.133336941401,6.716
242.346670277913,6.812
242.560003614426,6.74099999999999
242.773336950938,6.857
242.98667028745,6.70699999999999
243.200003623962,6.685
243.413336960475,6.686
243.626670296987,6.678
243.840003633499,6.77800000000001
244.053336970011,6.726
244.266670306524,6.65699999999998
244.480003643036,6.694
244.693336979548,6.646
244.90667031606,6.612
245.120003652573,6.63
245.333336989085,6.718
245.546670325597,6.651
245.760003662109,6.62299999999999
245.973336998622,6.76400000000001
246.186670335134,6.56299999999999
246.400003671646,6.645
246.613337008158,6.661
246.826670344671,6.71899999999999
247.040003681183,6.714
247.253337017695,6.611
247.466670354207,6.569
247.68000369072,6.60599999999999
247.893337027232,6.54300000000001
248.106670363744,6.51499999999999
248.320003700256,6.492
248.533337036769,6.51199999999994
248.746670373281,6.46300000000002
248.960003709793,6.506
249.173337046305,6.55199999999999
249.386670382818,6.46600000000001
249.60000371933,6.53399999999999
249.813337055842,6.737
250.026670392354,6.70400000000001
250.240003728867,6.62299999999999
250.453337065379,6.596
250.666670401891,6.50299999999999
250.880003738403,6.57300000000001
251.093337074916,6.51
251.306670411428,6.434
251.52000374794,6.379
251.733337084452,6.48500000000001
251.946670420965,6.45400000000001
252.160003757477,6.509
252.373337093989,6.446
252.586670430501,6.452
252.800003767014,6.56700000000001
253.013337103526,6.505
253.226670440038,6.35900000000001
253.44000377655,6.384
253.653337113063,6.38
253.866670449575,6.245
254.080003786087,6.26
254.293337122599,6.247
254.506670459112,6.23200000000003
254.720003795624,6.352
254.933337132136,6.26900000000001
255.146670468648,6.375
255.360003805161,6.29399999999998
255.573337141673,6.40000000000001
255.786670478185,6.43199999999999
256.000003814697,6.43400000000003
256.21333715121,6.31
256.426670487722,6.38
256.640003824234,6.25800000000001
256.853337160746,6.346
257.066670497258,6.273
257.280003833771,6.173
257.493337170283,6.24700000000001
257.706670506795,6.15
257.920003843307,6.28999999999999
258.13333717982,6.25999999999999
258.346670516332,6.224
258.560003852844,6.14100000000002
258.773337189356,6.057
258.986670525869,6.088
259.200003862381,6.03200000000001
259.413337198893,6.173
259.626670535405,6.09
259.840003871918,6.113
260.05333720843,6.125
260.266670544942,5.97999999999999
260.480003881454,5.999
260.693337217967,5.965
260.906670554479,5.96800000000002
261.120003890991,5.99000000000001
261.333337227503,6.05
261.546670564016,5.941
261.760003900528,5.94800000000001
261.97333723704,5.91899999999998
262.186670573552,5.904
262.400003910065,5.89400000000001
262.613337246577,5.834
262.826670583089,5.88400000000001
263.040003919601,5.944
263.253337256114,6.04
263.466670592626,5.995
263.680003929138,6.01999999999998
263.89333726565,5.982
264.106670602163,5.98099999999999
264.320003938675,6.003
264.533337275187,5.979
264.746670611699,5.90699999999998
264.960003948212,5.88
265.173337284724,5.81200000000001
265.386670621236,5.83799999999999
265.600003957748,5.78700000000001
265.813337294261,5.87100000000001
266.026670630773,5.76299999999998
266.240003967285,5.81800000000001
266.453337303797,5.907
266.66667064031,5.8
266.880003976822,5.78200000000004
267.093337313334,5.943
267.306670649846,5.878
267.520003986359,5.86900000000003
267.733337322871,6.013
267.946670659383,5.952
268.160003995895,5.9
268.373337332408,5.812
268.58667066892,5.81599999999997
268.800004005432,5.772
269.013337341944,5.76100000000002
269.226670678457,5.803
269.440004014969,5.821
269.653337351481,5.93299999999999
269.866670687993,5.899
270.080004024506,5.738
270.293337361018,5.726
270.50667069753,5.79599999999999
270.720004034042,5.71499999999998
270.933337370555,5.827
271.146670707067,5.76900000000001
271.360004043579,5.75400000000001
271.573337380091,5.849
271.786670716604,5.99599999999998
272.000004053116,5.797
272.213337389628,5.824
272.42667072614,5.767
272.640004062653,5.819
272.853337399165,5.84200000000001
273.066670735677,5.85000000000002
273.280004072189,5.81999999999999
273.493337408702,5.73399999999998
273.706670745214,5.782
273.920004081726,5.79
274.133337418238,5.76499999999999
274.346670754751,5.86599999999999
274.560004091263,5.862
274.773337427775,5.951
274.986670764287,5.94900000000001
275.2000041008,5.98500000000001
275.413337437312,5.971
275.626670773824,5.94800000000001
275.840004110336,5.952
276.053337446849,5.988
276.266670783361,6.02699999999999
276.480004119873,5.908
276.693337456385,5.91900000000001
276.906670792898,5.866
277.12000412941,5.87099999999998
277.333337465922,5.81
277.546670802434,5.71800000000002
277.760004138947,5.875
277.973337475459,6.03700000000001
278.186670811971,5.95400000000001
278.400004148483,5.85299999999999
278.613337484996,5.916
278.826670821508,5.833
279.04000415802,5.86
279.253337494532,5.815
279.466670831044,5.82300000000001
279.680004167557,5.706
279.893337504069,5.732
280.106670840581,5.718
280.320004177093,5.854
280.533337513606,5.916
280.746670850118,5.81100000000001
280.96000418663,5.84
281.173337523142,5.773
281.386670859655,5.79499999999999
281.600004196167,5.822
281.813337532679,5.73400000000001
282.026670869191,5.858
282.240004205704,5.707
282.453337542216,5.763
282.666670878728,5.727
282.88000421524,5.672
283.093337551753,5.652
283.306670888265,5.63099999999997
283.520004224777,5.72500000000002
283.733337561289,5.59100000000001
283.946670897802,5.617
284.160004234314,5.624
284.373337570826,5.65900000000001
284.586670907338,5.628
284.800004243851,5.513
285.013337580363,5.48099999999999
285.226670916875,5.578
285.440004253387,5.59
285.6533375899,5.64699999999999
285.866670926412,5.703
286.080004262924,5.69499999999999
286.293337599436,5.65899999999999
286.506670935949,5.629
286.720004272461,5.613
286.933337608973,5.69999999999999
287.146670945485,5.62599999999998
287.360004281998,5.591
287.57333761851,5.623
287.786670955022,5.62
288.000004291534,5.608
288.213337628047,5.56100000000001
288.426670964559,5.587
288.640004301071,5.53500000000003
288.853337637583,5.665
289.066670974096,5.67500000000001
289.280004310608,5.649
289.49333764712,5.60000000000002
289.706670983632,5.777
289.920004320145,5.65199999999999
290.133337656657,5.644
290.346670993169,5.589
290.560004329681,5.54599999999999
290.773337666194,5.56099999999998
290.986671002706,5.586
291.200004339218,5.62900000000002
291.41333767573,5.63900000000001
291.626671012243,5.58199999999999
291.840004348755,5.584
292.053337685267,5.601
292.266671021779,5.60199999999998
292.480004358292,5.617
292.693337694804,5.53199999999998
292.906671031316,5.54899999999998
293.120004367828,5.53800000000001
293.333337704341,5.666
293.546671040853,5.579
293.760004377365,5.58699999999999
293.973337713877,5.574
294.18667105039,5.609
294.400004386902,5.48099999999999
294.613337723414,5.594
294.826671059926,5.59
295.040004396439,5.579
295.253337732951,5.55699999999999
295.466671069463,5.53899999999999
295.680004405975,5.57600000000002
295.893337742488,5.613
296.106671079,5.525
296.320004415512,5.60299999999999
296.533337752024,5.622
296.746671088537,5.64700000000001
296.960004425049,5.71899999999999
297.173337761561,5.79499999999996
297.386671098073,5.637
297.600004434586,5.69
297.813337771098,5.72799999999999
298.02667110761,5.678
298.240004444122,5.67899999999997
298.453337780635,5.697
298.666671117147,5.59199999999998
298.880004453659,5.714
299.093337790171,5.726
299.306671126684,5.616
299.520004463196,5.531
299.733337799708,5.569
299.94667113622,5.54300000000001
300.160004472733,5.499
300.373337809245,5.532
300.586671145757,5.535
300.800004482269,5.55699999999999
301.013337818782,5.685
301.226671155294,5.709
301.440004491806,5.70299999999997
301.653337828318,5.675
301.866671164831,5.649
302.080004501343,5.615
302.293337837855,5.66500000000002
302.506671174367,5.654
302.720004510879,5.58500000000001
302.933337847392,5.655
303.146671183904,5.56399999999999
303.360004520416,5.58699999999999
303.573337856928,5.57900000000001
303.786671193441,5.559
304.000004529953,5.608
304.213337866465,5.45999999999998
304.426671202977,5.546
304.64000453949,5.59699999999999
304.853337876002,5.64100000000002
305.066671212514,5.51
305.280004549026,5.63200000000001
305.493337885539,5.56299999999999
305.706671222051,5.655
305.920004558563,5.52699999999999
306.133337895075,5.46100000000001
306.346671231588,5.48099999999999
306.5600045681,5.487
306.773337904612,5.56899999999999
306.986671241124,5.52999999999997
307.200004577637,5.64100000000002
307.413337914149,5.607
307.626671250661,5.52600000000001
307.840004587173,5.57299999999998
308.053337923686,5.58100000000002
308.266671260198,5.47800000000001
308.48000459671,5.474
308.693337933222,5.38999999999999
308.906671269735,5.43799999999999
309.120004606247,5.44200000000001
309.333337942759,5.467
309.546671279271,5.38500000000001
309.760004615784,5.41
309.973337952296,5.372
310.186671288808,5.449
310.40000462532,5.47800000000001
310.613337961833,5.40199999999999
310.826671298345,5.32599999999999
311.040004634857,5.32499999999999
311.253337971369,5.41
311.466671307882,5.389
311.680004644394,5.338
311.893337980906,5.282
312.106671317418,5.25300000000001
312.320004653931,5.214
312.533337990443,5.25699999999995
312.746671326955,5.428
312.960004663467,5.50099999999998
313.17333799998,5.452
313.386671336492,5.49599999999998
313.600004673004,5.49099999999999
313.813338009516,5.47300000000001
314.026671346029,5.313
314.240004682541,5.239
314.453338019053,5.245
314.666671355565,5.267
314.880004692078,5.331
315.09333802859,5.19900000000001
315.306671365102,5.249
315.520004701614,5.23500000000001
315.733338038127,5.262
315.946671374639,5.13800000000003
316.160004711151,5.191
316.373338047663,5.274
316.586671384176,5.282
316.800004720688,5.16999999999999
317.0133380572,5.17
317.226671393712,5.018
317.440004730225,5.105
317.653338066737,5.07400000000001
317.866671403249,5.06200000000001
318.080004739761,5.09800000000001
318.293338076274,5.19799999999998
318.506671412786,5.09699999999999
318.720004749298,5.06999999999999
318.93333808581,5.209
319.146671422323,5.17099999999999
319.360004758835,5.092
319.573338095347,5.041
319.786671431859,5.042
320.000004768372,5.05099999999999
320.213338104884,5.02499999999998
320.426671441396,4.986
320.640004777908,4.94999999999999
320.853338114421,4.98399999999999
321.066671450933,4.96100000000001
321.280004787445,5.01499999999999
321.493338123957,5.101
321.70667146047,5.21299999999997
321.920004796982,5.07300000000001
322.133338133494,5.0
322.346671470006,5.00999999999999
322.560004806519,5.005
322.773338143031,4.919
322.986671479543,4.91200000000001
323.200004816055,4.97899999999999
323.413338152568,4.87600000000001
323.62667148908,4.94500000000001
323.840004825592,4.96599999999999
324.053338162104,4.926
324.266671498617,4.92500000000001
324.480004835129,4.957
324.693338171641,4.958
324.906671508153,4.88900000000001
325.120004844665,4.926
325.333338181178,4.983
325.54667151769,4.833
325.760004854202,4.81999999999999
325.973338190715,4.90000000000001
326.186671527227,4.89699999999999
326.400004863739,4.774
326.613338200251,4.84899999999999
326.826671536763,4.875
327.040004873276,4.90700000000001
327.253338209788,4.88299999999998
327.4666715463,4.90999999999997
327.680004882813,4.93
327.893338219325,4.93000000000001
328.106671555837,4.90300000000001
328.320004892349,4.88300000000001
328.533338228861,4.883
328.746671565374,4.935
328.960004901886,4.908
329.173338238398,4.886
329.386671574911,4.89499999999998
329.600004911423,4.894
329.813338247935,4.902
330.026671584447,5.005
330.240004920959,4.98700000000002
330.453338257472,5.023
330.666671593984,4.976
330.880004930496,4.952
331.093338267008,4.94900000000001
331.306671603521,4.91800000000001
331.520004940033,4.97899999999999
331.733338276545,4.994
331.946671613057,4.84799999999996
332.16000494957,4.965
332.373338286082,4.911
332.586671622594,5.03100000000001
332.800004959106,4.89400000000001
333.013338295619,4.96499999999998
333.226671632131,4.99400000000003
333.440004968643,5.03400000000001
333.653338305155,4.98599999999999
333.866671641668,4.89099999999999
334.08000497818,4.91800000000001
334.293338314692,4.83699999999999
334.506671651204,4.971
334.720004987717,5.03399999999999
334.933338324229,4.94200000000001
335.146671660741,4.88400000000001
335.360004997253,4.95299999999997
335.573338333766,4.92400000000001
335.786671670278,4.92700000000002
336.00000500679,5.069
336.213338343302,4.95400000000001
336.426671679815,4.876
336.640005016327,4.96699999999998
336.853338352839,4.79300000000001
337.066671689351,4.773
337.280005025864,4.715
337.493338362376,4.67999999999995
337.706671698888,4.83199999999999
337.9200050354,4.754
338.133338371913,4.749
338.346671708425,4.75099999999998
338.560005044937,4.928
338.773338381449,4.935
338.986671717962,5.064
339.200005054474,4.94999999999999
339.413338390986,4.90700000000001
339.626671727498,4.89099999999999
339.840005064011,4.91
340.053338400523,4.83199999999999
340.266671737035,4.863
340.480005073547,4.851
340.69333841006,4.872
340.906671746572,4.83600000000001
341.120005083084,4.833
341.333338419596,4.805
341.546671756109,4.84699999999998
341.760005092621,4.93400000000003
341.973338429133,5.0
342.186671765645,5.048
342.400005102158,4.899
342.61333843867,4.791
342.826671775182,4.83300000000003
343.040005111694,4.92
343.253338448207,4.929
343.466671784719,4.90799999999999
343.680005121231,4.904
343.893338457743,4.779
344.106671794256,4.86000000000001
344.320005130768,4.93899999999999
344.53333846728,4.97500000000002
344.746671803792,4.87200000000001
344.960005140305,4.898
345.173338476817,4.95400000000001
345.386671813329,4.916
345.600005149841,4.881
345.813338486354,4.887
346.026671822866,4.87799999999999
346.240005159378,4.861
346.45333849589,4.894
346.666671832403,4.94300000000001
346.880005168915,4.946
347.093338505427,4.80699999999999
347.306671841939,4.85400000000001
347.520005178452,4.989
347.733338514964,5.053
347.946671851476,5.077
348.160005187988,4.92099999999999
348.373338524501,4.88800000000001
348.586671861013,4.84699999999998
348.800005197525,4.934
349.013338534037,4.96300000000002
349.22667187055,4.779
349.440005207062,4.78200000000001
349.653338543574,4.63
349.866671880086,4.743
350.080005216599,4.74900000000002
350.293338553111,4.744
350.506671889623,4.71100000000001
350.720005226135,4.66000000000003
350.933338562647,4.612
351.14667189916,4.725
351.360005235672,4.60900000000001
351.573338572184,4.60599999999999
351.786671908697,4.65899999999999
352.000005245209,4.643
352.213338581721,4.58500000000004
352.426671918233,4.74699999999999
352.640005254745,4.618
352.853338591258,4.58099999999999
353.06667192777,4.70600000000002
353.280005264282,4.76999999999998
353.493338600794,4.762
353.706671937307,4.861
353.920005273819,4.79300000000001
354.133338610331,4.61099999999999
354.346671946843,4.53699999999998
354.560005283356,4.473
354.773338619868,4.52600000000001
354.98667195638,4.56799999999998
355.200005292892,4.68400000000003
355.413338629405,4.60300000000001
355.626671965917,4.688
355.840005302429,4.649
356.053338638941,4.73599999999999
356.266671975454,4.67400000000001
356.480005311966,4.65600000000001
356.693338648478,4.714
356.90667198499,4.572
357.120005321503,4.676
357.333338658015,4.679
357.546671994527,4.78399999999999
357.760005331039,4.584
357.973338667552,4.479
358.186672004064,4.47299999999996
358.400005340576,4.666
358.613338677088,4.637
358.826672013601,4.63
359.040005350113,4.51600000000002
359.253338686625,4.56099999999998
359.466672023137,4.565
359.68000535965,4.58499999999998
359.893338696162,4.51400000000001
360.106672032674,4.533
360.320005369186,4.49400000000003
360.533338705699,4.57900000000001
360.746672042211,4.542
360.960005378723,4.45699999999999
361.173338715235,4.39400000000001
361.386672051748,4.309
361.60000538826,4.44200000000001
361.813338724772,4.47200000000001
362.026672061284,4.51400000000001
362.240005397797,4.43600000000001
362.453338734309,4.38200000000001
362.666672070821,4.517
362.880005407333,4.529
363.093338743846,4.437
363.306672080358,4.48399999999998
363.52000541687,4.437
363.733338753382,4.313
363.946672089895,4.314
364.160005426407,4.41000000000003
364.373338762919,4.323
364.586672099431,4.392
364.800005435944,4.435
365.013338772456,4.48
365.226672108968,4.45400000000001
365.44000544548,4.306
365.653338781993,4.35700000000003
365.866672118505,4.34800000000001
366.080005455017,4.19800000000001
366.293338791529,4.218
366.506672128042,4.351
366.720005464554,4.368
366.933338801066,4.37199999999996
367.146672137578,4.44299999999998
367.360005474091,4.40499999999997
367.573338810603,4.42000000000002
367.786672147115,4.48099999999999
368.000005483627,4.465
368.21333882014,4.35599999999999
368.426672156652,4.363
368.640005493164,4.35399999999999
368.853338829676,4.304
369.066672166189,4.24200000000002
369.280005502701,4.23
369.493338839213,4.416
369.706672175725,4.488
369.920005512238,4.37299999999999
370.13333884875,4.30799999999999
370.346672185262,4.34099999999999
370.560005521774,4.34999999999999
370.773338858287,4.441
370.986672194799,4.51299999999998
371.200005531311,4.58
371.413338867823,4.40799999999999
371.626672204336,4.41399999999999
371.840005540848,4.472
372.05333887736,4.48700000000002
372.266672213872,4.402
372.480005550385,4.44800000000001
372.693338886897,4.45699999999999
372.906672223409,4.541
373.120005559921,4.57799999999997
373.333338896434,4.541
373.546672232946,4.52000000000001
373.760005569458,4.42699999999999
373.97333890597,4.38099999999997
374.186672242483,4.396
374.400005578995,4.398
374.613338915507,4.42500000000001
374.826672252019,4.40600000000001
375.040005588532,4.38999999999999
375.253338925044,4.471
375.466672261556,4.53999999999999
375.680005598068,4.435
375.89333893458,4.39999999999998
376.106672271093,4.33399999999995
376.320005607605,4.398
376.533338944117,4.425
376.746672280629,4.36600000000001
376.960005617142,4.267
377.173338953654,4.368
377.386672290166,4.32999999999998
377.600005626678,4.243
377.813338963191,4.184
378.026672299703,4.388
378.240005636215,4.279
378.453338972727,4.28100000000001
378.66667230924,4.367
378.880005645752,4.36500000000001
379.093338982264,4.30000000000001
379.306672318776,4.34399999999999
379.520005655289,4.298
379.733338991801,4.41399999999999
379.946672328313,4.46500000000003
380.160005664825,4.45499999999998
380.373339001338,4.34800000000001
380.58667233785,4.21799999999999
380.800005674362,4.25900000000001
381.013339010874,4.27800000000002
381.226672347387,4.29500000000002
381.440005683899,4.321
381.653339020411,4.37
381.866672356923,4.33499999999999
382.080005693436,4.346
382.293339029948,4.262
382.50667236646,4.32899999999995
382.720005702972,4.21799999999999
382.933339039485,4.17599999999999
383.146672375997,4.251
383.360005712509,4.43000000000001
383.573339049021,4.319
383.786672385534,4.3
384.000005722046,4.238
384.213339058558,4.25300000000001
384.42667239507,4.25999999999999
384.640005731583,4.40600000000001
384.853339068095,4.27099999999996
385.066672404607,4.435
385.280005741119,4.40300000000002
385.493339077632,4.27300000000002
385.706672414144,4.33299999999997
385.920005750656,4.23500000000001
386.133339087168,4.16199999999998
386.346672423681,4.25200000000001
386.560005760193,4.17899999999997
386.773339096705,4.07600000000002
386.986672433217,4.17599999999999
387.20000576973,4.29300000000001
387.413339106242,4.212
387.626672442754,4.12599999999998
387.840005779266,4.173
388.053339115779,4.29300000000001
388.266672452291,4.29400000000001
388.480005788803,4.30300000000001
388.693339125315,4.29899999999998
388.906672461828,4.22500000000002
389.12000579834,4.31899999999999
389.333339134852,4.232
389.546672471364,4.22899999999999
389.760005807877,4.161
389.973339144389,4.17599999999999
390.186672480901,4.154
390.400005817413,4.12899999999999
390.613339153926,4.16500000000002
390.826672490438,4.07300000000001
391.04000582695,4.11
391.253339163462,4.063
391.466672499975,4.09800000000001
391.680005836487,3.95699999999999
391.893339172999,4.02099999999999
392.106672509511,4.08199999999999
392.320005846024,4.092
392.533339182536,4.139
392.746672519048,4.273
392.96000585556,4.165
393.173339192073,4.073
393.386672528585,4.01000000000001
393.600005865097,4.11399999999998
393.813339201609,4.114
394.026672538122,4.125
394.240005874634,4.05500000000001
394.453339211146,4.09199999999998
394.666672547658,4.01499999999999
394.880005884171,4.128
395.093339220683,4.11599999999999
395.306672557195,4.103
395.520005893707,4.17
395.73333923022,4.00900000000001
395.946672566732,4.05799999999999
396.160005903244,4.09500000000003
396.373339239756,4.016
396.586672576269,4.113
396.800005912781,4.119
397.013339249293,4.27800000000001
397.226672585805,4.227
397.440005922318,4.11699999999999
397.65333925883,4.07400000000001
397.866672595342,4.15599999999995
398.080005931854,4.12600000000001
398.293339268366,4.06100000000001
398.506672604879,4.14100000000002
398.720005941391,4.0
398.933339277903,4.02300000000002
399.146672614415,4.10000000000002
399.360005950928,4.19
399.57333928744,4.13200000000001
399.786672623952,4.118
400.000005960465,4.22800000000001
400.213339296977,4.113
400.426672633489,4.06
400.640005970001,4.04300000000001
400.853339306514,3.98
401.066672643026,4.05500000000001
401.280005979538,3.97300000000001
401.49333931605,3.995
401.706672652562,4.06700000000001
401.920005989075,3.899
402.133339325587,3.91999999999996
402.346672662099,3.955
402.560005998611,3.98
402.773339335124,4.036
402.986672671636,4.041
403.200006008148,3.91800000000001
403.413339344661,4.01600000000002
403.626672681173,4.023
403.840006017685,4.03200000000001
404.053339354197,4.09199999999998
404.26667269071,4.128
404.480006027222,4.185
404.693339363734,4.005
404.906672700246,4.06099999999999
405.120006036758,4.07400000000001
405.333339373271,4.14099999999999
405.546672709783,3.99599999999998
405.760006046295,4.09200000000001
405.973339382807,4.13200000000001
406.18667271932,3.96100000000001
406.400006055832,4.19200000000001
406.613339392344,4.09399999999999
406.826672728856,4.02200000000001
407.040006065369,4.039
407.253339401881,4.06799999999998
407.466672738393,4.03899999999999
407.680006074905,4.16999999999996
407.893339411418,4.045
408.10667274793,4.024
408.320006084442,3.982
408.533339420954,3.932
408.746672757467,4.02599999999995
408.960006093979,4.05000000000001
409.173339430491,4.04700000000003
409.386672767003,3.93299999999999
409.600006103516,3.94300000000001
409.813339440028,4.09
410.02667277654,4.12600000000001
410.240006113052,4.118
410.453339449565,4.18400000000003
410.666672786077,4.14700000000001
410.880006122589,4.15100000000001
411.093339459101,4.12400000000002
411.306672795614,4.18299999999999
411.520006132126,4.14499999999998
411.733339468638,4.00900000000001
411.94667280515,3.988
412.160006141663,4.05399999999997
412.373339478175,4.142
412.586672814687,4.035
412.800006151199,4.093
413.013339487712,4.03
413.226672824224,4.087
413.440006160736,4.09500000000003
413.653339497248,4.024
413.866672833761,4.036
414.080006170273,3.979
414.293339506785,4.02999999999997
414.506672843297,4.069
414.72000617981,3.96199999999999
414.933339516322,4.113
415.146672852834,4.09099999999999
415.360006189346,4.17399999999998
415.573339525859,4.178
415.786672862371,4.173
416.000006198883,3.98899999999998
416.213339535395,4.14500000000001
416.426672871908,4.108
416.64000620842,4.06400000000002
416.853339544932,4.07599999999999
417.066672881444,4.13300000000001
417.280006217957,4.05500000000001
417.493339554469,4.044
417.706672890981,3.979
417.920006227493,3.98399999999998
418.133339564006,3.98500000000001
418.346672900518,4.037
418.56000623703,3.98099999999999
418.773339573542,4.112
418.986672910055,4.16800000000001
419.200006246567,4.19799999999998
419.413339583079,4.13900000000001
419.626672919591,4.08699999999999
419.840006256104,4.08099999999999
420.053339592616,4.06
420.266672929128,3.999
420.48000626564,3.96899999999999
420.693339602153,4.02699999999999
420.906672938665,4.09100000000001
421.120006275177,4.01599999999996
421.333339611689,3.99600000000001
421.546672948201,3.97300000000001
421.760006284714,4.05000000000001
421.973339621226,3.97200000000001
422.186672957738,4.09500000000003
422.400006294251,4.29300000000001
422.613339630763,4.08199999999999
422.826672967275,3.983
423.040006303787,4.08099999999999
423.2533396403,4.08500000000004
423.466672976812,4.226
423.680006313324,4.065
423.893339649836,4.18100000000004
424.106672986349,4.37700000000001
424.320006322861,4.222
424.533339659373,4.24900000000002
424.746672995885,4.2
424.960006332397,4.202
425.17333966891,4.231
425.386673005422,4.16500000000001
425.600006341934,4.049
425.813339678447,4.09299999999999
426.026673014959,4.039
426.240006351471,4.05799999999999
426.453339687983,4.11799999999994
426.666673024496,4.22000000000003
426.880006361008,4.23200000000003
427.09333969752,4.14699999999999
427.306673034032,4.09200000000001
427.520006370544,4.06099999999998
427.733339707057,4.09900000000005
427.946673043569,4.048
428.160006380081,4.01400000000001
428.373339716593,4.07799999999997
428.586673053106,4.207
428.800006389618,4.235
429.01333972613,4.08000000000004
429.226673062642,4.16200000000003
429.440006399155,4.21700000000001
429.653339735667,4.2
429.866673072179,4.169
430.080006408691,4.16900000000001
430.293339745204,4.14499999999998
430.506673081716,4.09900000000005
430.720006418228,4.12099999999998
430.93333975474,4.02499999999998
431.146673091253,4.11000000000001
431.360006427765,4.14400000000001
431.573339764277,4.11399999999998
431.786673100789,4.15199999999999
432.000006437302,4.069
432.213339773814,4.13900000000001
432.426673110326,4.069
432.640006446838,4.045
432.853339783351,4.041
433.066673119863,3.98899999999998
433.280006456375,3.95400000000001
433.493339792887,4.053
433.7066731294,4.14299999999997
433.920006465912,4.20399999999995
434.133339802424,4.233
434.346673138936,4.331
434.560006475449,4.26900000000001
434.773339811961,4.05399999999997
434.986673148473,4.12900000000002
435.200006484985,4.08199999999999
435.413339821498,4.092
435.62667315801,3.98200000000003
435.840006494522,3.99799999999999
436.053339831034,4.125
436.266673167547,4.09400000000005
436.480006504059,4.11500000000001
436.693339840571,4.05799999999999
436.906673177083,4.05200000000002
437.120006513596,3.93700000000001
437.333339850108,4.01799999999997
437.54667318662,4.015
437.760006523132,4.01799999999997
437.973339859645,4.01
438.186673196157,4.03100000000001
438.400006532669,4.047
438.613339869181,4.034
438.826673205694,4.024
439.040006542206,3.98099999999999
439.253339878718,3.95699999999999
439.46667321523,3.994
439.680006551743,3.98299999999995
439.893339888255,4.01600000000002
440.106673224767,3.931
440.320006561279,3.85899999999998
440.533339897792,3.74900000000002
440.746673234304,3.87899999999999
440.960006570816,3.91000000000002
441.173339907328,3.88300000000001
441.386673243841,3.876
441.600006580353,3.88799999999998
441.813339916865,3.83600000000001
442.026673253377,3.905
442.24000658989,3.941
442.453339926402,3.85699999999997
442.666673262914,3.82999999999998
442.880006599426,3.75299999999999
443.093339935939,3.76799999999997
443.306673272451,3.816
443.520006608963,3.81999999999999
443.733339945475,3.84999999999999
443.946673281988,3.74799999999999
444.1600066185,3.866
444.373339955012,3.834
444.586673291524,3.93100000000001
444.800006628037,4.14800000000002
445.013339964549,3.98599999999999
445.226673301061,3.93200000000002
445.440006637573,3.79600000000005
445.653339974086,3.89800000000002
445.866673310598,3.926
446.08000664711,3.923
446.293339983622,3.86500000000001
446.506673320135,3.834
446.720006656647,3.84100000000001
446.933339993159,3.82300000000001
447.146673329671,3.812
447.360006666183,3.94200000000001
447.573340002696,3.887
447.786673339208,4.01400000000001
448.00000667572,3.99799999999999
448.213340012233,3.97500000000002
448.426673348745,4.08000000000001
448.640006685257,4.03100000000001
448.853340021769,3.96100000000001
449.066673358282,4.06100000000001
449.280006694794,3.996
449.493340031306,3.92500000000001
449.706673367818,3.92699999999999
449.92000670433,3.94499999999999
450.133340040843,3.928
450.346673377355,4.00099999999998
450.560006713867,3.99000000000001
450.773340050379,3.917
450.986673386892,4.05099999999999
451.200006723404,3.96899999999999
451.413340059916,3.943
451.626673396428,4.008
451.840006732941,4.051
452.053340069453,3.972
452.266673405965,3.99799999999999
452.480006742477,4.059
452.69334007899,4.12599999999998
452.906673415502,4.1
453.120006752014,4.101
453.333340088526,4.23800000000006
453.546673425039,4.04899999999998
453.760006761551,4.02699999999999
453.973340098063,4.05900000000003
454.186673434575,4.03699999999998
454.400006771088,4.079
454.6133401076,4.10599999999999
454.826673444112,4.078
455.040006780624,4.03899999999999
455.253340117137,4.01700000000005
455.466673453649,3.916
455.680006790161,3.907
455.893340126673,3.86200000000002
456.106673463186,3.876
456.320006799698,3.93700000000001
456.53334013621,4.02800000000002
456.746673472722,4.07799999999997
456.960006809235,3.95399999999999
457.173340145747,4.0
457.386673482259,3.926
457.600006818771,3.923
457.813340155284,3.93199999999999
458.026673491796,3.958
458.240006828308,3.907
458.45334016482,3.93200000000002
458.666673501333,3.816
458.880006837845,3.87
459.093340174357,3.88
459.306673510869,3.923
459.520006847382,4.08999999999998
459.733340183894,4.108
459.946673520406,4.066
460.160006856918,3.992
460.373340193431,3.995
460.586673529943,3.854
460.800006866455,3.867
461.013340202967,3.94200000000001
461.22667353948,3.976
461.440006875992,3.869
461.653340212504,3.903
461.866673549016,3.83600000000001
462.080006885529,3.899
462.293340222041,3.899
462.506673558553,3.964
462.720006895065,4.18299999999999
462.933340231578,4.04499999999999
463.14667356809,4.09199999999998
463.360006904602,3.97000000000003
463.573340241114,3.97199999999999
463.786673577627,3.89999999999998
464.000006914139,3.97799999999995
464.213340250651,3.94600000000003
464.426673587163,3.952
464.640006923676,3.97000000000003
464.853340260188,3.92699999999999
465.0666735967,3.99699999999999
465.280006933212,3.96199999999999
465.493340269725,4.03100000000001
465.706673606237,4.13800000000003
465.920006942749,3.94400000000002
466.133340279261,4.02099999999996
466.346673615774,4.02800000000002
466.560006952286,3.948
466.773340288798,3.875
466.98667362531,3.84399999999999
467.200006961823,3.92200000000003
467.413340298335,3.96899999999999
467.626673634847,3.931
467.840006971359,3.91699999999997
468.053340307872,3.93700000000001
468.266673644384,3.908
468.480006980896,3.93799999999999
468.693340317408,3.926
468.906673653921,4.01999999999998
469.120006990433,4.00100000000001
469.333340326945,3.915
469.546673663457,3.892
469.76000699997,3.87799999999999
469.973340336482,3.95699999999999
470.186673672994,3.99000000000001
470.400007009506,3.92
470.613340346019,3.84100000000001
470.826673682531,3.90900000000001
471.040007019043,3.93200000000002
471.253340355555,3.899
471.466673692068,3.84399999999999
471.68000702858,3.973
471.893340365092,3.809
472.106673701604,3.94
472.320007038116,3.84200000000001
472.533340374629,3.897
472.746673711141,3.91300000000001
472.960007047653,3.843
473.173340384165,3.935
473.386673720678,3.92599999999999
473.60000705719,3.858
473.813340393702,3.81800000000001
474.026673730215,3.91800000000001
474.240007066727,4.05099999999999
474.453340403239,4.00199999999995
474.666673739751,3.87700000000001
474.880007076263,3.836
475.093340412776,3.87599999999998
475.306673749288,3.96700000000001
475.5200070858,3.95699999999999
475.733340422312,4.05099999999999
475.946673758825,3.99100000000001
476.160007095337,3.976
476.373340431849,3.81700000000001
476.586673768361,3.88999999999999
476.800007104874,3.89099999999999
477.013340441386,3.899
477.226673777898,3.87799999999999
477.44000711441,3.82900000000001
477.653340450923,3.89300000000003
477.866673787435,3.91600000000001
478.080007123947,3.88599999999997
478.293340460459,4.01900000000001
478.506673796972,4.01300000000001
478.720007133484,4.0
478.933340469996,3.91399999999999
479.146673806508,4.00700000000001
479.360007143021,3.981
479.573340479533,3.96800000000002
479.786673816045,3.83799999999999
480.000007152557,3.827
480.21334048907,3.911
480.426673825582,3.89400000000001
480.640007162094,4.01400000000001
480.853340498606,4.02999999999997
481.066673835119,3.97200000000001
481.280007171631,3.943
481.493340508143,3.92000000000002
481.706673844655,3.95399999999999
481.920007181168,3.82799999999997
482.13334051768,3.97500000000002
482.346673854192,4.017
482.560007190704,3.896
482.773340527217,3.934
482.986673863729,3.83199999999999
483.200007200241,3.962
483.413340536753,4.01900000000001
483.626673873266,3.94799999999998
483.840007209778,3.91000000000002
484.05334054629,3.90199999999999
484.266673882802,3.92099999999999
484.480007219315,3.971
484.693340555827,4.024
484.906673892339,4.03599999999997
485.120007228851,3.918
485.333340565364,4.02699999999999
485.546673901876,4.135
485.760007238388,4.09099999999999
485.9733405749,4.029
486.186673911413,4.04400000000001
486.400007247925,3.96199999999999
486.613340584437,3.98200000000003
486.826673920949,3.97500000000002
487.040007257462,3.947
487.253340593974,3.88800000000003
487.466673930486,4.037
487.680007266998,4.01499999999999
487.893340603511,4.163
488.106673940023,4.118
488.320007276535,4.00599999999997
488.533340613047,4.067
488.74667394956,4.00900000000001
488.960007286072,4.01999999999998
489.173340622584,3.99699999999996
489.386673959096,4.014
489.600007295609,3.98800000000006
489.813340632121,4.01300000000003
490.026673968633,4.143
490.240007305145,4.11900000000003
490.453340641658,4.17100000000001
490.66667397817,4.25400000000002
490.880007314682,4.08699999999999
491.093340651194,4.01900000000001
491.306673987707,4.057
491.520007324219,4.03
491.733340660731,4.09199999999998
491.946673997243,4.24399999999997
492.160007333756,4.06700000000001
492.373340670268,3.94400000000002
492.58667400678,3.96699999999998
492.800007343292,4.05499999999995
493.013340679805,4.041
493.226674016317,4.048
493.440007352829,3.994
493.653340689341,4.024
493.866674025854,4.12799999999999
494.080007362366,4.06700000000001
