time_min,absorb_mau
0.0,-0.011
0.186666669448217,0.006
0.373333338896433,0.019
0.56000000834465,0.137
0.746666677792867,0.163
0.933333347241084,0.123
1.1200000166893,0.081
1.30666668613752,0.055
1.49333335558573,0.063
1.68000002503395,-0.0329999999999999
1.86666669448217,0.107
2.05333336393038,0.318
2.2400000333786,0.379
2.42666670282682,0.35
2.61333337227503,0.294
2.80000004172325,0.228
2.98666671117147,0.179
3.17333338061968,0.142000000000001
3.3600000500679,0.175
3.54666671951612,0.215
3.73333338896433,0.339
3.92000005841255,0.282
4.10666672786077,0.243
4.29333339730899,0.301
4.4800000667572,0.315
4.66666673620542,0.280000000000001
4.85333340565364,0.246
5.04000007510185,0.325
5.22666674455007,0.281
5.41333341399829,0.286
5.6000000834465,0.417
5.78666675289472,0.423
5.97333342234294,0.435
6.16000009179115,0.414999999999999
6.34666676123937,0.515
6.53333343068759,0.481
6.7200001001358,0.403
6.90666676958402,0.362
7.09333343903224,0.384
7.28000010848045,0.385
7.46666677792867,0.355000000000001
7.65333344737689,0.503
7.8400001168251,0.6
8.02666678627332,0.518
8.21333345572154,0.594
8.40000012516975,0.504
8.58666679461797,0.484
8.77333346406619,0.586
8.9600001335144,0.496
9.14666680296262,0.588
9.33333347241084,0.546999999999999
9.52000014185905,0.579000000000001
9.70666681130727,0.729000000000001
9.89333348075549,0.721999999999999
10.0800001502037,0.721
10.2666668196519,0.765
10.4533334891001,0.687
10.6400001585484,0.784
10.8266668279966,0.785
11.0133334974448,0.861999999999998
11.200000166893,0.844
11.3866668363412,0.862
11.5733335057894,0.791
11.7600001752377,0.794000000000001
11.9466668446859,0.867000000000001
12.1333335141341,0.965999999999999
12.3200001835823,1.046
12.5066668530305,1.034
12.6933335224787,0.994000000000002
12.880000191927,0.976000000000001
13.0666668613752,0.963999999999999
13.2533335308234,0.933
13.4400002002716,0.908
13.6266668697198,0.886
13.813333539168,0.949
14.0000002086163,0.863
14.1866668780645,0.922
14.3733335475127,0.916
14.5600002169609,0.923
14.7466668864091,0.992999999999999
14.9333335558573,1.095
15.1200002253056,1.083
15.3066668947538,1.056
15.493333564202,1.1
15.6800002336502,1.014
15.8666669030984,1.037
16.0533335725466,0.931000000000001
16.2400002419949,0.977
16.4266669114431,0.93
16.6133335808913,0.901000000000001
16.8000002503395,0.959
16.9866669197877,0.941999999999998
17.1733335892359,1.032
17.3600002586842,1.131
17.5466669281324,1.104
17.7333335975806,1.012
17.9200002670288,1.019
18.106666936477,1.083
18.2933336059252,1.052
18.4800002753735,1.018
18.6666669448217,1.134
18.8533336142699,1.106
19.0400002837181,1.064
19.2266669531663,1.129
19.4133336226145,1.116
19.6000002920628,1.17
19.786666961511,1.104
19.9733336309592,1.222
20.1600003004074,1.269
20.3466669698556,1.337
20.5333336393038,1.269
20.7200003087521,1.165
20.9066669782003,1.279
21.0933336476485,1.261
21.2800003170967,1.286
21.4666669865449,1.27099999999999
21.6533336559931,1.306
21.8400003254414,1.309
22.0266669948896,1.271
22.2133336643378,1.26700000000001
22.400000333786,1.277
22.5866670032342,1.38
22.7733336726824,1.409
22.9600003421307,1.46
23.1466670115789,1.595
23.3333336810271,1.58
23.5200003504753,1.439
23.7066670199235,1.496
23.8933336893717,1.452
24.08000035882,1.539
24.2666670282682,1.521
24.4533336977164,1.508
24.6400003671646,1.462
24.8266670366128,1.503
25.013333706061,1.572
25.2000003755093,1.609
25.3866670449575,1.637
25.5733337144057,1.645
25.7600003838539,1.541
25.9466670533021,1.592
26.1333337227503,1.676
26.3200003921986,1.621
26.5066670616468,1.681
26.693333731095,1.618
26.8800004005432,1.595
27.0666670699914,1.744
27.2533337394396,1.761
27.4400004088879,1.816
27.6266670783361,1.79
27.8133337477843,1.765
28.0000004172325,1.808
28.1866670866807,1.838
28.3733337561289,1.857
28.5600004255772,1.842
28.7466670950254,1.927
28.9333337644736,1.806
29.1200004339218,1.892
29.30666710337,1.831
29.4933337728182,1.87
29.6800004422665,1.875
29.8666671117147,2.038
30.0533337811629,2.087
30.2400004506111,1.934
30.4266671200593,1.81
30.6133337895075,1.836
30.8000004589558,1.846
30.986667128404,1.876
31.1733337978522,1.955
31.3600004673004,1.965
31.5466671367486,1.941
31.7333338061968,2.002
31.9200004756451,1.932
32.1066671450933,2.022
32.2933338145415,2.131
32.4800004839897,2.04
32.6666671534379,2.09
32.8533338228861,2.046
33.0400004923344,1.998
33.2266671617826,1.95900000000002
33.4133338312308,1.961
33.600000500679,1.93
33.7866671701272,2.044
33.9733338395754,1.99499999999999
34.1600005090237,2.039
34.3466671784719,1.941
34.5333338479201,2.038
34.7200005173683,2.032
34.9066671868165,1.98
35.0933338562647,2.059
35.280000525713,2.129
35.4666671951612,2.108
35.6533338646094,2.05
35.8400005340576,2.09
36.0266672035058,2.04200000000002
36.2133338729541,1.957
36.4000005424023,2.104
36.5866672118505,2.078
36.7733338812987,2.079
36.9600005507469,2.066
37.1466672201951,2.034
37.3333338896433,2.13
37.5200005590916,2.149
37.7066672285398,2.262
37.893333897988,2.231
38.0800005674362,2.24000000000001
38.2666672368844,2.253
38.4533339063327,2.198
38.6400005757809,2.138
38.8266672452291,2.063
39.0133339146773,2.124
39.2000005841255,2.076
39.3866672535737,2.081
39.5733339230219,2.16
39.7600005924702,2.219
39.9466672619184,2.235
40.1333339313666,2.344
40.3200006008148,2.192
40.506667270263,2.232
40.6933339397113,2.285
40.8800006091595,2.32000000000001
41.0666672786077,2.298
41.2533339480559,2.376
41.4400006175041,2.47
41.6266672869523,2.37999999999999
41.8133339564006,2.305
42.0000006258488,2.371
42.186667295297,2.394
42.3733339647452,2.37
42.5600006341934,2.461
42.7466673036416,2.583
42.9333339730899,2.567
43.1200006425381,2.459
43.3066673119863,2.41800000000001
43.4933339814345,2.553
43.6800006508827,2.49399999999999
43.8666673203309,2.534
44.0533339897792,2.482
44.2400006592274,2.46
44.4266673286756,2.38399999999999
44.6133339981238,2.46299999999999
44.800000667572,2.484
44.9866673370202,2.446
45.1733340064685,2.411
45.3600006759167,2.528
45.5466673453649,2.484
45.7333340148131,2.539
45.9200006842613,2.596
46.1066673537095,2.573
46.2933340231578,2.673
46.480000692606,2.668
46.6666673620542,2.74599999999999
46.8533340315024,2.778
47.0400007009506,2.77500000000001
47.2266673703988,2.68699999999999
47.4133340398471,2.716
47.6000007092953,2.664
47.7866673787435,2.78
47.9733340481917,2.651
48.1600007176399,2.647
48.3466673870881,2.773
48.5333340565364,2.81100000000001
48.7200007259846,2.823
48.9066673954328,2.761
49.093334064881,2.83
49.2800007343292,2.875
49.4666674037774,2.954
49.6533340732257,2.808
49.8400007426739,2.879
50.0266674121221,2.915
50.2133340815703,2.91800000000001
50.4000007510185,2.889
50.5866674204667,2.715
50.773334089915,2.693
50.9600007593632,2.793
51.1466674288114,2.839
51.3333340982596,2.92299999999999
51.5200007677078,2.83599999999999
51.706667437156,2.876
51.8933341066043,2.785
52.0800007760525,2.78100000000002
52.2666674455007,2.819
52.4533341149489,2.795
52.6400007843971,2.904
52.8266674538453,2.808
53.0133341232936,2.845
53.2000007927418,2.838
53.38666746219,2.887
53.5733341316382,2.91999999999999
53.7600008010864,2.96
53.9466674705346,2.85
54.1333341399829,2.919
54.3200008094311,2.928
54.5066674788793,2.946
54.6933341483275,2.95
54.8800008177757,2.972
55.0666674872239,3.022
55.2533341566722,3.074
55.4400008261204,3.021
55.6266674955686,2.999
55.8133341650168,2.97
56.000000834465,3.084
56.1866675039132,3.078
56.3733341733615,3.05699999999999
56.5600008428097,2.982
56.7466675122579,3.123
56.9333341817061,2.995
57.1200008511543,2.95500000000001
57.3066675206025,3.041
57.4933341900508,3.098
57.680000859499,3.136
57.8666675289472,3.104
58.0533341983954,3.156
58.2400008678436,3.155
58.4266675372918,3.081
58.6133342067401,3.081
58.8000008761883,3.087
58.9866675456365,3.116
59.1733342150847,3.095
59.3600008845329,3.046
59.5466675539811,3.059
59.7333342234294,3.11599999999996
59.9200008928776,3.144
60.1066675623258,3.167
60.293334231774,3.131
60.4800009012222,3.069
60.6666675706705,3.136
60.8533342401187,3.164
61.0400009095669,3.334
61.2266675790151,3.271
61.4133342484633,3.366
61.6000009179115,3.25
61.7866675873597,3.293
61.973334256808,3.27900000000002
62.1600009262562,3.345
62.3466675957044,3.34
62.5333342651526,3.299
62.7200009346008,3.256
62.9066676040491,3.37799999999999
63.0933342734973,3.309
63.2800009429455,3.27100000000001
63.4666676123937,3.286
63.6533342818419,3.282
63.8400009512901,3.259
64.0266676207384,3.30600000000001
64.2133342901866,3.43
64.4000009596348,3.478
64.586667629083,3.428
64.7733342985312,3.448
64.9600009679794,3.39799999999999
65.1466676374276,3.47299999999999
65.3333343068759,3.488
65.5200009763241,3.466
65.7066676457723,3.479
65.8933343152205,3.50300000000001
66.0800009846687,3.642
66.2666676541169,3.719
66.4533343235652,3.788
66.6400009930134,3.68
66.8266676624616,3.707
67.0133343319098,3.718
67.200001001358,3.807
67.3866676708063,3.81899999999999
67.5733343402545,3.837
67.7600010097027,3.91899999999998
67.9466676791509,3.791
68.1333343485991,3.752
68.3200010180473,3.708
68.5066676874956,3.789
68.6933343569438,3.857
68.880001026392,3.951
69.0666676958402,4.027
69.2533343652884,4.059
69.4400010347366,4.043
69.6266677041849,4.051
69.8133343736331,4.086
70.0000010430813,4.14
70.1866677125295,4.111
70.3733343819777,4.086
70.5600010514259,4.152
70.7466677208741,4.128
70.9333343903224,4.203
71.1200010597706,4.13200000000001
71.3066677292188,4.251
71.493334398667,4.3
71.6800010681152,4.23
71.8666677375635,4.192
72.0533344070117,4.31299999999996
72.2400010764599,4.422
72.4266677459081,4.563
72.6133344153563,4.51
72.8000010848045,4.54900000000001
72.9866677542528,4.755
73.173334423701,4.767
73.3600010931492,4.74100000000001
73.5466677625974,4.74600000000001
73.7333344320456,4.808
73.9200011014938,4.776
74.1066677709421,4.718
74.2933344403903,4.715
74.4800011098385,4.646
74.6666677792867,4.69399999999998
74.8533344487349,4.81000000000002
75.0400011181831,4.74
75.2266677876314,4.816
75.4133344570796,4.925
75.6000011265278,4.94200000000001
75.786667795976,5.054
75.9733344654242,5.07
76.1600011348724,5.07899999999999
76.3466678043207,5.113
76.5333344737689,5.051
76.7200011432171,5.079
76.9066678126653,5.113
77.0933344821135,5.20099999999999
77.2800011515617,5.25200000000001
77.46666782101,5.312
77.6533344904582,5.32300000000001
77.8400011599064,5.34
78.0266678293546,5.461
78.2133344988028,5.54900000000001
78.400001168251,5.63999999999999
78.5866678376993,5.693
78.7733345071475,5.70999999999999
78.9600011765957,5.608
79.1466678460439,5.71000000000002
79.3333345154921,5.76599999999999
79.5200011849403,5.869
79.7066678543886,5.974
79.8933345238368,5.971
80.080001193285,6.032
80.2666678627332,6.103
80.4533345321814,6.08700000000002
80.6400012016296,6.073
80.8266678710779,6.0
81.0133345405261,6.196
81.2000012099743,6.259
81.3866678794225,6.28100000000001
81.5733345488707,6.412
81.7600012183189,6.42400000000001
81.9466678877672,6.65199999999999
82.1333345572154,6.607
82.3200012266636,6.66
82.5066678961118,6.67100000000001
82.69333456556,6.69199999999999
82.8800012350082,6.771
83.0666679044565,6.861
83.2533345739047,6.84499999999999
83.4400012433529,6.851
83.6266679128011,6.87299999999999
83.8133345822493,7.08500000000001
84.0000012516975,7.211
84.1866679211458,7.36699999999999
84.373334590594,7.58499999999999
84.5600012600422,7.65700000000002
84.7466679294904,7.635
84.9333345989386,7.709
85.1200012683868,7.807
85.3066679378351,7.75200000000001
85.4933346072833,7.77
85.6800012767315,7.821
85.8666679461797,7.82699999999997
86.0533346156279,7.777
86.2400012850761,7.712
86.4266679545244,7.913
86.6133346239726,7.91399999999999
86.8000012934208,8.09700000000001
86.986667962869,8.237
87.1733346323172,8.325
87.3600013017654,8.32200000000002
87.5466679712137,8.49199999999998
87.7333346406619,8.602
87.9200013101101,8.701
88.1066679795583,8.706
88.2933346490065,8.75400000000001
88.4800013184547,8.791
88.666667987903,8.79499999999999
88.8533346573512,8.946
89.0400013267994,8.982
89.2266679962476,9.084
89.4133346656958,9.311
89.600001335144,9.44
89.7866680045923,9.478
89.9733346740405,9.599
90.1600013434887,9.65000000000001
90.3466680129369,9.77800000000001
90.5333346823851,9.824
90.7200013518333,9.935
90.9066680212816,9.93600000000001
91.0933346907298,9.933
91.280001360178,9.988
91.4666680296262,10.036
91.6533346990744,10.196
91.8400013685227,10.185
92.0266680379709,10.345
92.2133347074191,10.408
92.4000013768673,10.468
92.5866680463155,10.775
92.7733347157637,10.897
92.9600013852119,10.951
93.1466680546601,10.942
93.3333347241084,11.066
93.5200013935566,11.245
93.7066680630048,11.285
93.893334732453,11.481
94.0800014019012,11.409
94.2666680713495,11.342
94.4533347407977,11.274
94.6400014102459,11.386
94.8266680796941,11.522
95.0133347491423,11.725
95.2000014185905,11.985
95.3866680880388,12.081
95.573334757487,12.117
95.7600014269352,12.312
95.9466680963834,12.469
96.1333347658316,12.614
96.3200014352799,12.599
96.5066681047281,12.659
96.6933347741763,12.639
96.8800014436245,12.554
97.0666681130727,12.663
97.2533347825209,12.615
97.4400014519691,12.595
97.6266681214174,12.721
97.8133347908656,12.735
98.0000014603138,12.882
98.186668129762,13.13
98.3733347992102,13.303
98.5600014686584,13.454
98.7466681381067,13.552
98.9333348075549,13.638
99.1200014770031,13.812
99.3066681464513,13.908
99.4933348158995,13.924
99.6800014853477,13.968
99.866668154796,14.053
100.053334824244,14.031
100.240001493692,14.003
100.426668163141,14.065
100.613334832589,14.237
100.800001502037,14.263
100.986668171485,14.41
101.173334840933,14.667
101.360001510382,14.949
101.54666817983,15.186
101.733334849278,15.289
101.920001518726,15.349
102.106668188175,15.415
102.293334857623,15.343
102.480001527071,15.348
102.666668196519,15.436
102.853334865967,15.479
103.040001535416,15.449
103.226668204864,15.366
103.413334874312,15.387
103.60000154376,15.557
103.786668213209,15.662
103.973334882657,15.719
104.160001552105,15.981
104.346668221553,16.247
104.533334891001,16.376
104.72000156045,16.455
104.906668229898,16.57
105.093334899346,16.602
105.280001568794,16.637
105.466668238242,16.659
105.653334907691,16.73
105.840001577139,16.87
106.026668246587,16.988
106.213334916035,16.95
106.400001585484,16.938
106.586668254932,17.203
106.77333492438,17.457
106.960001593828,17.74
107.146668263276,17.854
107.333334932725,18.178
107.520001602173,18.275
107.706668271621,18.418
107.893334941069,18.42
108.080001610518,18.472
108.266668279966,18.373
108.453334949414,18.281
108.640001618862,18.264
108.82666828831,18.312
109.013334957759,18.389
109.200001627207,18.333
109.386668296655,18.379
109.573334966103,18.515
109.760001635551,18.665
109.946668305,18.893
110.133334974448,19.212
110.320001643896,19.41
110.506668313344,19.569
110.693334982793,19.631
110.880001652241,19.59
111.066668321689,19.669
111.253334991137,19.596
111.440001660585,19.618
111.626668330034,19.629
111.813334999482,19.696
112.00000166893,19.762
112.186668338378,19.881
112.373335007827,20.027
112.560001677275,20.302
112.746668346723,20.638
112.933335016171,20.768
113.120001685619,21.021
113.306668355068,21.043
113.493335024516,21.074
113.680001693964,21.144
113.866668363412,21.102
114.05333503286,20.944
114.240001702309,21.018
114.426668371757,21.067
114.613335041205,20.911
114.800001710653,21.023
114.986668380102,21.08
115.17333504955,21.125
115.360001718998,21.249
115.546668388446,21.421
115.733335057894,21.711
115.920001727343,21.889
116.106668396791,22.181
116.293335066239,22.355
116.480001735687,22.264
116.666668405135,22.152
116.853335074584,22.157
117.040001744032,22.174
117.22666841348,22.176
117.413335082928,22.158
117.600001752377,22.234
117.786668421825,22.313
117.973335091273,22.391
118.160001760721,22.577
118.346668430169,22.892
118.533335099618,23.055
118.720001769066,23.349
118.906668438514,23.629
119.093335107962,23.716
119.280001777411,23.827
119.466668446859,23.832
119.653335116307,23.592
119.840001785755,23.404
120.026668455203,23.329
120.213335124652,23.377
120.4000017941,23.259
120.586668463548,23.322
120.773335132996,23.334
120.960001802444,23.345
121.146668471893,23.455
121.333335141341,23.656
121.520001810789,23.995
121.706668480237,24.198
121.893335149686,24.288
122.080001819134,24.362
122.266668488582,24.442
122.45333515803,24.512
122.640001827478,24.596
122.826668496927,24.471
123.013335166375,24.329
123.200001835823,24.396
123.386668505271,24.582
123.57333517472,24.448
123.760001844168,24.423
123.946668513616,24.573
124.133335183064,24.995
124.320001852512,25.258
124.506668521961,25.535
124.693335191409,25.604
124.880001860857,25.794
125.066668530305,25.789
125.253335199753,25.805
125.440001869202,25.683
125.62666853865,25.51
125.813335208098,25.328
126.000001877546,25.219
126.186668546995,25.043
126.373335216443,25.122
126.560001885891,25.071
126.746668555339,25.215
126.933335224787,25.295
127.120001894236,25.531
127.306668563684,25.646
127.493335233132,25.886
127.68000190258,26.021
127.866668572028,26.112
128.053335241477,26.204
128.240001910925,26.145
128.426668580373,26.12
128.613335249821,26.019
128.80000191927,25.892
128.986668588718,26.145
129.173335258166,26.05
129.360001927614,25.94
129.546668597062,25.868
129.733335266511,26.027
129.920001935959,26.3309999999999
130.106668605407,26.547
130.293335274855,26.918
130.480001944304,27.071
130.666668613752,27.062
130.8533352832,27.114
131.040001952648,27.125
131.226668622096,26.912
131.413335291545,26.695
131.600001960993,26.739
131.786668630441,26.539
131.973335299889,26.458
132.160001969337,26.401
132.346668638786,26.644
132.533335308234,26.65
132.720001977682,26.688
132.90666864713,26.8079999999999
133.093335316579,26.867
133.280001986027,26.904
133.466668655475,26.983
133.653335324923,27.083
133.840001994371,26.956
134.02666866382,26.994
134.213335333268,26.891
134.400002002716,26.82
134.586668672164,26.762
134.773335341612,26.695
134.960002011061,26.658
135.146668680509,26.715
135.333335349957,26.921
135.520002019405,26.9629999999999
135.706668688854,27.1919999999999
135.893335358302,27.415
136.08000202775,27.665
136.266668697198,27.72
136.453335366646,27.618
136.640002036095,27.588
136.826668705543,27.538
137.013335374991,27.174
137.200002044439,27.009
137.386668713888,26.919
137.573335383336,26.811
137.760002052784,26.829
137.946668722232,26.691
138.13333539168,26.592
138.320002061129,26.525
138.506668730577,26.608
138.693335400025,26.887
138.880002069473,27.077
139.066668738921,27.211
139.25333540837,27.496
139.440002077818,27.357
139.626668747266,27.212
139.813335416714,27.226
140.000002086163,27.146
140.186668755611,26.974
140.373335425059,26.862
140.560002094507,26.818
140.746668763955,26.705
140.933335433404,26.446
141.120002102852,26.2749999999999
141.3066687723,26.494
141.493335441748,26.845
141.680002111197,27.014
141.866668780645,27.137
142.053335450093,27.18
142.240002119541,27.091
142.426668788989,27.028
142.613335458438,26.933
142.800002127886,26.623
142.986668797334,26.525
143.173335466782,26.387
143.36000213623,26.198
143.546668805679,26.095
143.733335475127,26.087
143.920002144575,25.9710000000001
144.106668814023,25.943
144.293335483472,25.894
144.48000215292,26.057
144.666668822368,26.075
144.853335491816,26.208
145.040002161264,26.22
145.226668830713,26.252
145.413335500161,26.076
145.600002169609,25.791
145.786668839057,25.778
145.973335508506,25.613
146.160002177954,25.494
146.346668847402,25.413
146.53333551685,25.433
146.720002186298,25.432
146.906668855747,25.373
147.093335525195,25.4539999999999
147.280002194643,25.505
147.466668864091,25.671
147.653335533539,25.702
147.840002202988,25.782
148.026668872436,25.559
148.213335541884,25.496
148.400002211332,25.309
148.586668880781,25.167
148.773335550229,24.967
148.960002219677,24.773
149.146668889125,24.646
149.333335558573,24.474
149.520002228022,24.4330000000001
149.70666889747,24.246
149.893335566918,24.143
150.080002236366,24.171
150.266668905815,24.307
150.453335575263,24.313
150.640002244711,24.362
150.826668914159,24.397
151.013335583607,24.259
151.200002253056,24.11
151.386668922504,24.024
151.573335591952,23.974
151.7600022614,23.746
151.946668930848,23.767
152.133335600297,23.71
152.320002269745,23.514
152.506668939193,23.419
152.693335608641,23.5099999999999
152.88000227809,23.565
153.066668947538,23.549
153.253335616986,23.532
153.440002286434,23.549
153.626668955882,23.534
153.813335625331,23.365
154.000002294779,23.257
154.186668964227,23.055
154.373335633675,22.8
154.560002303123,22.738
154.746668972572,22.567
154.93333564202,22.388
155.120002311468,22.208
155.306668980916,22.096
155.493335650365,22.007
155.680002319813,22.01
155.866668989261,21.987
156.053335658709,21.968
156.240002328157,21.949
156.426668997606,21.913
156.613335667054,21.954
156.800002336502,21.849
156.98666900595,21.637
157.173335675399,21.512
157.360002344847,21.337
157.546669014295,21.224
157.733335683743,21.073
157.920002353191,20.966
158.10666902264,20.908
158.293335692088,20.873
158.480002361536,20.725
158.666669030984,20.898
158.853335700432,20.818
159.040002369881,20.808
159.226669039329,20.866
159.413335708777,20.652
159.600002378225,20.578
159.786669047674,20.416
159.973335717122,20.456
160.16000238657,20.268
160.346669056018,19.995
160.533335725466,19.7330000000001
160.720002394915,19.674
160.906669064363,19.501
161.093335733811,19.2980000000001
161.280002403259,19.223
161.466669072708,19.169
161.653335742156,19.185
161.840002411604,19.151
162.026669081052,19.096
162.2133357505,19.085
162.400002419949,18.96
162.586669089397,18.864
162.773335758845,18.757
162.960002428293,18.589
163.146669097741,18.497
163.33333576719,18.341
163.520002436638,18.272
163.706669106086,18.179
163.893335775534,18.174
164.080002444983,18.102
164.266669114431,18.171
164.453335783879,18.043
164.640002453327,18.018
164.826669122775,18.019
165.013335792224,18.041
165.200002461672,17.873
165.38666913112,17.83
165.573335800568,17.721
165.760002470016,17.538
165.946669139465,17.287
166.133335808913,17.186
166.320002478361,17.079
166.506669147809,17.0110000000001
166.693335817258,16.829
166.880002486706,16.776
167.066669156154,16.718
167.253335825602,16.635
167.44000249505,16.636
167.626669164499,16.61
167.813335833947,16.486
168.000002503395,16.455
168.186669172843,16.312
168.373335842292,16.229
168.56000251174,16.055
168.746669181188,16.157
168.933335850636,16.116
169.120002520084,15.897
169.306669189533,15.842
169.493335858981,15.7370000000001
169.680002528429,15.725
169.866669197877,15.639
170.053335867325,15.659
170.240002536774,15.611
170.426669206222,15.594
170.61333587567,15.565
170.800002545118,15.356
170.986669214567,15.33
171.173335884015,15.166
171.360002553463,14.997
171.546669222911,14.905
171.733335892359,14.933
171.920002561808,14.823
172.106669231256,14.853
172.293335900704,14.787
172.480002570152,14.711
172.666669239601,14.594
172.853335909049,14.592
173.040002578497,14.518
173.226669247945,14.481
173.413335917393,14.496
173.600002586842,14.489
173.78666925629,14.215
173.973335925738,14.118
174.160002595186,13.962
174.346669264634,13.921
174.533335934083,13.873
174.720002603531,13.844
174.906669272979,13.79
175.093335942427,13.712
175.280002611876,13.689
175.466669281324,13.755
175.653335950772,13.586
175.84000262022,13.565
176.026669289668,13.517
176.213335959117,13.46
176.400002628565,13.462
176.586669298013,13.419
176.773335967461,13.362
176.960002636909,13.265
177.146669306358,13.095
177.333335975806,13.097
177.520002645254,12.984
177.706669314702,12.854
177.893335984151,12.81
178.080002653599,12.809
178.266669323047,12.692
178.453335992495,12.648
178.640002661943,12.634
178.826669331392,12.669
179.01333600084,12.705
179.200002670288,12.609
179.386669339736,12.504
179.573336009185,12.608
179.760002678633,12.504
179.946669348081,12.426
180.133336017529,12.3890000000001
180.320002686977,12.304
180.506669356426,12.2040000000001
180.693336025874,12.034
180.880002695322,12.041
181.06666936477,12.122
181.253336034218,12.055
181.440002703667,12.047
181.626669373115,11.973
181.813336042563,11.869
182.000002712011,11.841
182.18666938146,11.82
182.373336050908,11.794
182.560002720356,11.666
182.746669389804,11.672
182.933336059252,11.703
183.120002728701,11.603
183.306669398149,11.616
183.493336067597,11.564
183.680002737045,11.549
183.866669406494,11.471
184.053336075942,11.479
184.24000274539,11.419
184.426669414838,11.341
184.613336084286,11.365
184.800002753735,11.179
184.986669423183,11.196
185.173336092631,11.059
185.360002762079,11.042
185.546669431527,10.994
185.733336100976,11.026
185.920002770424,10.985
186.106669439872,10.915
186.29333610932,10.947
186.480002778769,10.79
186.666669448217,10.85
186.853336117665,10.823
187.040002787113,10.852
187.226669456561,10.836
187.41333612601,10.859
187.600002795458,10.825
187.786669464906,10.733
187.973336134354,10.678
188.160002803803,10.534
188.346669473251,10.492
188.533336142699,10.4879999999999
188.720002812147,10.449
188.906669481595,10.437
189.093336151044,10.455
189.280002820492,10.556
189.46666948994,10.399
189.653336159388,10.428
189.840002828836,10.407
190.026669498285,10.316
190.213336167733,10.185
190.400002837181,10.222
190.586669506629,10.217
190.773336176078,10.231
190.960002845526,10.167
191.146669514974,10.202
191.333336184422,10.071
191.52000285387,9.957
191.706669523319,10.101
191.893336192767,10.107
192.080002862215,9.98000000000005
192.266669531663,9.92399999999998
192.453336201112,9.953
192.64000287056,9.82400000000001
192.826669540008,9.925
193.013336209456,10.028
193.200002878904,9.89400000000001
193.386669548353,9.791
193.573336217801,9.814
193.760002887249,9.73099999999999
193.946669556697,9.64
194.133336226145,9.56900000000002
194.320002895594,9.54499999999999
194.506669565042,9.57000000000002
194.69333623449,9.67
194.880002903938,9.59200000000004
195.066669573387,9.66800000000001
195.253336242835,9.624
195.440002912283,9.60500000000002
195.626669581731,9.608
195.813336251179,9.66500000000002
196.000002920628,9.606
196.186669590076,9.462
196.373336259524,9.48099999999999
196.560002928972,9.387
196.74666959842,9.35599999999999
196.933336267869,9.31399999999999
197.120002937317,9.33000000000001
197.306669606765,9.22300000000001
197.493336276213,9.11500000000001
197.680002945662,9.05900000000003
197.86666961511,9.06999999999999
198.053336284558,9.038
198.240002954006,9.048
198.426669623454,9.048
198.613336292903,9.0
198.800002962351,9.02499999999998
198.986669631799,9.01300000000001
199.173336301247,8.98399999999999
199.360002970696,8.96899999999999
199.546669640144,8.98399999999999
199.733336309592,9.00199999999999
199.92000297904,8.96400000000006
200.106669648488,8.86100000000002
200.293336317937,8.82399999999996
200.480002987385,8.84500000000003
200.666669656833,8.809
200.853336326281,8.742
201.040002995729,8.70400000000001
201.226669665178,8.65899999999999
201.413336334626,8.73400000000001
201.600003004074,8.72799999999999
201.786669673522,8.659
201.973336342971,8.733
202.160003012419,8.76299999999998
202.346669681867,8.66800000000001
202.533336351315,8.73099999999994
202.720003020763,8.69400000000002
202.906669690212,8.63800000000003
203.09333635966,8.49200000000005
203.280003029108,8.46899999999997
203.466669698556,8.57300000000001
203.653336368004,8.563
203.840003037453,8.53700000000001
204.026669706901,8.505
204.213336376349,8.474
204.400003045797,8.459
204.586669715246,8.404
204.773336384694,8.408
204.960003054142,8.291
205.14666972359,8.38600000000001
205.333336393038,8.287
205.520003062487,8.29899999999998
205.706669731935,8.242
205.893336401383,8.25900000000004
206.080003070831,8.17099999999994
206.26666974028,8.25700000000001
206.453336409728,8.339
206.640003079176,8.29599999999999
206.826669748624,8.31999999999999
207.013336418072,8.208
207.200003087521,8.151
207.386669756969,8.09699999999999
207.573336426417,8.184
207.760003095865,8.161
207.946669765313,8.18899999999999
208.133336434762,8.23100000000005
208.32000310421,8.14900000000006
208.506669773658,8.137
208.693336443106,8.13199999999995
208.880003112555,8.15499999999999
209.066669782003,8.05199999999999
209.253336451451,8.01900000000001
209.440003120899,7.93900000000002
209.626669790347,7.845
209.813336459796,7.83
210.000003129244,7.74000000000001
210.186669798692,7.88900000000001
210.37333646814,7.86200000000002
210.560003137588,7.85400000000001
210.746669807037,7.74900000000014
210.933336476485,7.71799999999999
211.120003145933,7.75400000000002
211.306669815381,7.743
211.49333648483,7.709
211.680003154278,7.75300000000004
211.866669823726,7.762
212.053336493174,7.836
212.240003162622,7.71000000000001
212.426669832071,7.75999999999999
212.613336501519,7.695
212.800003170967,7.76900000000001
212.986669840415,7.68700000000001
213.173336509864,7.703
213.360003179312,7.69
213.54666984876,7.67599999999996
213.733336518208,7.712
213.920003187656,7.65800000000013
214.106669857105,7.691
214.293336526553,7.56900000000002
214.480003196001,7.62399999999997
214.666669865449,7.655
214.853336534897,7.548
215.040003204346,7.586
215.226669873794,7.669
215.413336543242,7.64100000000001
215.60000321269,7.584
215.786669882139,7.491
215.973336551587,7.619
216.160003221035,7.47499999999999
216.346669890483,7.56100000000001
216.533336559931,7.429
216.72000322938,7.46799999999996
216.906669898828,7.46299999999999
217.093336568276,7.376
217.280003237724,7.295
217.466669907173,7.34100000000001
217.653336576621,7.279
217.840003246069,7.393
218.026669915517,7.369
218.213336584965,7.446
218.400003254414,7.411
218.586669923862,7.339
218.77333659331,7.39100000000002
218.960003262758,7.457
219.146669932206,7.39699999999999
219.333336601655,7.46799999999999
219.520003271103,7.392
219.706669940551,7.32400000000001
219.893336609999,7.31100000000002
220.080003279448,7.27800000000005
220.266669948896,7.33100000000002
220.453336618344,7.27800000000002
220.640003287792,7.244
220.82666995724,7.15899999999999
221.013336626689,7.09800000000001
221.200003296137,7.133
221.386669965585,7.20400000000001
221.573336635033,7.315
221.760003304481,7.27500000000001
221.94666997393,7.24200000000002
222.133336643378,7.173
222.320003312826,7.26999999999998
222.506669982274,7.244
222.693336651723,7.291
222.880003321171,7.26700000000002
223.066669990619,7.18300000000002
223.253336660067,7.10300000000001
223.440003329515,7.12900000000002
223.626669998964,7.035
223.813336668412,6.989
224.00000333786,7.043
224.186670007308,6.97
224.373336676757,7.018
224.560003346205,7.00099999999998
224.746670015653,6.98999999999998
224.933336685101,7.03299999999996
225.120003354549,7.20899999999995
225.306670023998,6.99900000000008
225.493336693446,6.931
225.680003362894,6.93599999999998
225.866670032342,6.83600000000001
226.05333670179,6.923
226.240003371239,6.914
226.426670040687,6.91900000000001
226.613336710135,6.96300000000002
226.800003379583,6.90300000000002
226.986670049032,6.862
227.17333671848,6.866
227.360003387928,6.854
227.546670057376,7.00599999999992
227.733336726824,6.94400000000002
227.920003396273,6.82400000000007
228.106670065721,6.77000000000001
228.293336735169,6.80899999999997
228.480003404617,6.90900000000001
228.666670074066,6.905
228.853336743514,6.91999999999999
229.040003412962,6.78700000000001
229.22667008241,6.78999999999999
229.413336751858,6.858
229.600003421307,7.006
229.786670090755,6.976
229.973336760203,6.864
230.160003429651,6.738
230.346670099099,6.77999999999997
230.533336768548,6.83599999999998
230.720003437996,6.75200000000007
230.906670107444,6.70400000000001
231.093336776892,6.69699999999997
231.280003446341,6.698
231.466670115789,6.72699999999998
231.653336785237,6.69199999999999
231.840003454685,6.71700000000001
232.026670124133,6.773
232.213336793582,6.614
232.40000346303,6.654
232.586670132478,6.69199999999999
232.773336801926,6.637
232.960003471374,6.659
233.146670140823,6.60200000000003
233.333336810271,6.69300000000001
233.520003479719,6.74899999999991
233.706670149167,6.68000000000004
233.893336818616,6.82199999999997
234.080003488064,6.74300000000002
234.266670157512,6.618
234.45333682696,6.673
234.640003496408,6.714
234.826670165857,6.707
235.013336835305,6.55399999999997
235.200003504753,6.53800000000001
235.386670174201,6.492
235.57333684365,6.541
235.760003513098,6.605
235.946670182546,6.63099999999997
236.133336851994,6.58500000000001
236.320003521442,6.60900000000001
236.506670190891,6.55000000000001
236.693336860339,6.60399999999996
236.880003529787,6.56100000000009
237.066670199235,6.483
237.253336868683,6.541
237.440003538132,6.51900000000001
237.62667020758,6.53699999999998
237.813336877028,6.464
238.000003546476,6.47199999999998
238.186670215925,6.447
238.373336885373,6.541
238.560003554821,6.50400000000001
238.746670224269,6.482
238.933336893717,6.502
239.120003563166,6.42700000000002
239.306670232614,6.55199999999991
239.493336902062,6.56300000000001
239.68000357151,6.43800000000002
239.866670240959,6.46299999999999
240.053336910407,6.30800000000001
240.240003579855,6.291
240.426670249303,6.28700000000001
240.613336918751,6.45999999999998
240.8000035882,6.38
240.986670257648,6.41900000000001
241.173336927096,6.515
241.360003596544,6.482
241.546670265992,6.50099999999999
241.733336935441,6.459
241.920003604889,6.58399999999999
242.106670274337,6.57499999999993
242.293336943785,6.569
242.480003613234,6.33199999999999
242.666670282682,6.38300000000001
242.85333695213,6.38900000000001
243.040003621578,6.305
243.226670291026,6.35599999999999
243.413336960475,6.264
243.600003629923,6.28699999999998
243.786670299371,6.16200000000001
243.973336968819,6.233
244.160003638268,6.26000000000001
244.346670307716,6.14700000000005
244.533336977164,6.28800000000001
244.720003646612,6.43100000000001
244.90667031606,6.38399999999996
245.093336985509,6.38200000000006
245.280003654957,6.232
245.466670324405,6.183
245.653336993853,6.267
245.840003663301,6.16300000000001
246.02667033275,6.09699999999998
246.213337002198,6.098
246.400003671646,6.18000000000001
246.586670341094,6.154
246.773337010543,6.13900000000001
246.960003679991,6.06699999999999
247.146670349439,6.15300000000001
247.333337018887,6.19599999999997
247.520003688335,6.09699999999992
247.706670357784,6.196
247.893337027232,6.215
248.08000369668,6.228
248.266670366128,6.18900000000001
248.453337035576,6.27500000000001
248.640003705025,6.26700000000005
248.826670374473,6.099
249.013337043921,6.08799999999999
249.200003713369,6.017
249.386670382818,5.988
249.573337052266,6.071
249.760003721714,6.098
249.946670391162,6.04000000000008
250.13333706061,6.092
250.320003730059,6.029
250.506670399507,6.023
250.693337068955,6.13399999999996
250.880003738403,6.096
251.066670407852,6.12200000000001
251.2533370773,6.01600000000002
251.440003746748,5.987
251.626670416196,5.953
251.813337085644,5.972
252.000003755093,5.97
252.186670424541,6.00799999999998
252.373337093989,6.02699999999999
252.560003763437,6.10500000000002
252.746670432885,6.05
252.933337102334,6.00100000000003
253.120003771782,5.95500000000004
253.30667044123,5.911
253.493337110678,5.91500000000008
253.680003780127,5.99199999999996
253.866670449575,6.02200000000001
254.053337119023,6.10199999999998
254.240003788471,5.97200000000001
254.426670457919,5.959
254.613337127368,5.864
254.800003796816,5.887
254.986670466264,5.81100000000001
255.173337135712,5.87700000000001
255.360003805161,5.852
255.546670474609,5.93199999999999
255.733337144057,5.93699999999998
255.920003813505,5.98899999999998
256.106670482953,5.988
256.293337152402,5.96299999999999
256.48000382185,5.83500000000001
256.666670491298,5.77500000000001
256.853337160746,5.78200000000001
257.040003830194,5.78400000000005
257.226670499643,5.81099999999999
257.413337169091,5.84099999999995
257.600003838539,5.76600000000001
257.786670507987,5.83899999999997
257.973337177436,5.866
258.160003846884,5.72999999999999
258.346670516332,5.83800000000002
258.53333718578,5.703
258.720003855228,5.738
258.906670524677,5.67699999999999
259.093337194125,5.745
259.280003863573,5.809
259.466670533021,5.75599999999997
259.653337202469,5.821
259.840003871918,5.76299999999996
260.026670541366,5.90699999999998
260.213337210814,5.79600000000004
260.400003880262,5.807
260.586670549711,5.89000000000004
260.773337219159,5.80199999999999
260.960003888607,5.732
261.146670558055,5.724
261.333337227503,5.72500000000002
261.520003896952,5.793
261.7066705664,5.857
261.893337235848,5.90299999999999
262.080003905296,5.797
262.266670574744,5.791
262.453337244193,5.737
262.640003913641,5.71700000000003
262.826670583089,5.74199999999999
263.013337252537,5.74000000000004
263.200003921986,5.765
263.386670591434,5.75800000000001
263.573337260882,5.66499999999999
263.76000393033,5.65199999999999
263.946670599778,5.727
264.133337269227,5.79199999999997
264.320003938675,5.75800000000001
264.506670608123,5.672
264.693337277571,5.675
264.88000394702,5.75299999999999
265.066670616468,5.82100000000003
265.253337285916,5.78999999999999
265.440003955364,5.74000000000004
265.626670624812,5.822
265.813337294261,5.77300000000014
266.000003963709,5.67000000000002
266.186670633157,5.59900000000002
266.373337302605,5.67699999999999
266.560003972054,5.63900000000001
266.746670641502,5.59800000000001
266.93333731095,5.71799999999999
267.120003980398,5.795
267.306670649846,5.70800000000003
267.493337319295,5.64700000000001
267.680003988743,5.603
267.866670658191,5.614
268.053337327639,5.65499999999997
268.240003997087,5.60700000000001
268.426670666536,5.608
268.613337335984,5.61000000000001
268.800004005432,5.62700000000001
268.98667067488,5.59999999999999
269.173337344329,5.64700000000001
269.360004013777,5.591
269.546670683225,5.53799999999998
269.733337352673,5.493
269.920004022121,5.589
270.10667069157,5.49400000000003
270.293337361018,5.428
270.480004030466,5.493
270.666670699914,5.56299999999999
270.853337369362,5.57300000000001
271.040004038811,5.61600000000001
271.226670708259,5.553
271.413337377707,5.57899999999984
271.600004047155,5.63799999999998
271.786670716604,5.60599999999994
271.973337386052,5.602
272.1600040555,5.58600000000001
272.346670724948,5.60199999999998
272.533337394396,5.60199999999998
272.720004063845,5.631
272.906670733293,5.58199999999999
273.093337402741,5.53400000000001
273.280004072189,5.62
273.466670741637,5.589
273.653337411086,5.66900000000001
273.840004080534,5.52699999999999
274.026670749982,5.423
274.21333741943,5.45399999999997
274.400004088879,5.443
274.586670758327,5.55899999999997
274.773337427775,5.477
274.960004097223,5.45599999999999
275.146670766671,5.482
275.33333743612,5.60599999999999
275.520004105568,5.51499999999999
275.706670775016,5.43899999999996
275.893337444464,5.503
276.080004113913,5.568
276.266670783361,5.496
276.453337452809,5.50700000000001
276.640004122257,5.58900000000001
276.826670791705,5.50700000000001
277.013337461154,5.43800000000005
277.200004130602,5.572
277.38667080005,5.48700000000008
277.573337469498,5.54199999999999
277.760004138947,5.57499999999999
277.946670808395,5.51499999999999
278.133337477843,5.51499999999999
278.320004147291,5.51900000000001
278.506670816739,5.493
278.693337486188,5.332
278.880004155636,5.466
279.066670825084,5.396
279.253337494532,5.476
279.44000416398,5.49199999999998
279.626670833429,5.471
279.813337502877,5.49000000000001
280.000004172325,5.51000000000001
280.186670841773,5.44000000000001
280.373337511222,5.43000000000001
280.56000418067,5.341
280.746670850118,5.401
280.933337519566,5.45500000000001
281.120004189014,5.565
281.306670858463,5.44499999999999
281.493337527911,5.369
281.680004197359,5.38499999999999
281.866670866807,5.341
282.053337536256,5.378
282.240004205704,5.47400000000005
282.426670875152,5.46100000000001
282.6133375446,5.51299999999992
282.800004214048,5.37799999999999
282.986670883497,5.40800000000001
283.173337552945,5.399
283.360004222393,5.36700000000002
283.546670891841,5.52000000000001
283.733337561289,5.477
283.920004230738,5.495
284.106670900186,5.44399999999999
284.293337569634,5.426
284.480004239082,5.39400000000001
284.666670908531,5.32300000000001
284.853337577979,5.467
285.040004247427,5.39100000000013
285.226670916875,5.349
285.413337586323,5.34200000000001
285.600004255772,5.256
285.78667092522,5.25000000000001
285.973337594668,5.243
286.160004264116,5.261
286.346670933565,5.28399999999999
286.533337603013,5.22399999999999
286.720004272461,5.197
286.906670941909,5.25400000000002
287.093337611357,5.301
287.280004280806,5.221
287.466670950254,5.147
287.653337619702,5.39099999999999
287.84000428915,5.34999999999998
288.026670958598,5.286
288.213337628047,5.29799999999995
288.400004297495,5.38399999999999
288.586670966943,5.351
288.773337636391,5.34299999999999
288.96000430584,5.298
289.146670975288,5.261
289.333337644736,5.316
289.520004314184,5.33999999999998
289.706670983632,5.29599999999999
289.893337653081,5.192
290.080004322529,5.136
290.266670991977,5.14699999999999
290.453337661425,5.29500000000002
290.640004330873,5.17200000000008
290.826671000322,5.20499999999998
291.01333766977,5.24900000000002
291.200004339218,5.233
291.386671008666,5.19999999999999
291.573337678115,5.22899999999999
291.760004347563,5.18299999999999
291.946671017011,5.09399999999999
292.133337686459,5.118
292.320004355907,5.149
292.506671025356,5.15699999999998
292.693337694804,5.22799999999999
292.880004364252,5.149
293.0666710337,5.25500000000002
293.253337703149,5.28699999999998
293.440004372597,5.15700000000004
293.626671042045,5.11099999999999
293.813337711493,5.11299999999994
294.000004380941,5.113
294.18667105039,5.173
294.373337719838,5.21600000000001
294.560004389286,5.23299999999995
294.746671058734,5.11200000000002
294.933337728182,5.13900000000001
295.120004397631,5.202
295.306671067079,5.185
295.493337736527,5.12
295.680004405975,5.084
295.866671075424,5.10699999999991
296.053337744872,5.064
296.24000441432,5.07600000000001
296.426671083768,5.09099999999999
296.613337753216,4.98100000000005
296.800004422665,5.15700000000001
296.986671092113,5.05100000000001
297.173337761561,5.124
297.360004431009,5.154
297.546671100458,5.041
297.733337769906,4.99600000000001
297.920004439354,5.00100000000001
298.106671108802,5.053
298.29333777825,4.91399999999999
298.480004447699,4.96300000000002
298.666671117147,5.073
298.853337786595,4.94200000000001
299.040004456043,5.03299999999996
299.226671125491,4.93900000000002
299.41333779494,5.16999999999996
299.600004464388,5.237
299.786671133836,5.10700000000008
299.973337803284,5.068
300.160004472733,5.09
300.346671142181,5.059
300.533337811629,5.019
300.720004481077,5.04899999999998
300.906671150525,5.02600000000001
301.093337819974,5.10300000000001
301.280004489422,5.036
301.46667115887,5.01700000000001
301.653337828318,4.93700000000001
301.840004497766,4.92299999999989
302.026671167215,4.93400000000003
302.213337836663,5.00399999999991
302.400004506111,4.98200000000003
302.586671175559,4.96000000000002
302.773337845008,4.994
302.960004514456,4.92999999999999
303.146671183904,4.93900000000002
303.333337853352,4.875
303.5200045228,4.90899999999999
303.706671192249,4.81799999999998
303.893337861697,4.863
304.080004531145,4.922
304.266671200593,4.89200000000002
304.453337870042,4.93899999999999
304.64000453949,4.92500000000001
304.826671208938,5.056
305.013337878386,5.04100000000003
305.200004547834,4.977
305.386671217283,4.8850000000001
305.573337886731,4.94900000000001
305.760004556179,4.949
305.946671225627,4.90800000000002
306.133337895075,4.947
306.320004564524,5.09500000000003
306.506671233972,4.98599999999999
306.69333790342,4.953
306.880004572868,5.053
307.066671242317,5.03999999999999
307.253337911765,4.996
307.440004581213,4.99700000000001
307.626671250661,4.94800000000001
307.813337920109,4.90500000000003
308.000004589558,4.88900000000001
308.186671259006,4.836
308.373337928454,4.83600000000001
308.560004597902,4.82999999999998
308.746671267351,4.97499999999999
308.933337936799,4.78999999999999
309.120004606247,4.855
309.306671275695,4.86500000000001
309.493337945143,4.857
309.680004614592,4.93100000000001
309.86667128404,4.921
310.053337953488,4.92099999999999
310.240004622936,4.89800000000002
310.426671292384,4.91
310.613337961833,4.95399999999995
310.800004631281,5.01499999999999
310.986671300729,5.06200000000013
311.173337970177,5.01900000000001
311.360004639626,5.03899999999999
311.546671309074,5.078
311.733337978522,5.07499999999999
311.92000464797,4.916
312.106671317418,4.86599999999999
312.293337986867,4.962
312.480004656315,4.82900000000001
312.666671325763,4.87999999999994
312.853337995211,4.868
313.040004664659,4.85799999999983
313.226671334108,4.851
313.413338003556,4.82200000000006
313.600004673004,4.875
313.786671342452,4.87100000000004
313.973338011901,4.891
314.160004681349,4.93299999999999
314.346671350797,4.993
314.533338020245,4.89400000000001
314.720004689693,4.824
314.906671359142,4.779
315.09333802859,4.758
315.280004698038,4.91200000000001
315.466671367486,4.86500000000007
315.653338036935,4.86
315.840004706383,4.76799999999997
316.026671375831,4.755
316.213338045279,4.89399999999998
316.400004714727,4.97500000000002
316.586671384176,5.00599999999992
316.773338053624,4.985
316.960004723072,4.89599999999999
317.14667139252,4.84
317.333338061968,4.81100000000001
317.520004731417,4.801
317.706671400865,4.822
317.893338070313,4.78299999999999
318.080004739761,4.843
318.26667140921,4.886
318.453338078658,4.796
318.640004748106,4.84700000000009
318.826671417554,4.819
319.013338087002,4.803
319.200004756451,4.79300000000001
319.386671425899,4.74100000000001
319.573338095347,4.71600000000001
319.760004764795,4.70599999999999
319.946671434244,4.70400000000001
320.133338103692,4.746
320.32000477314,4.816
320.506671442588,4.774
320.693338112036,4.667
320.880004781485,4.684
321.066671450933,4.61099999999999
321.253338120381,4.72499999999999
321.440004789829,4.63400000000001
321.626671459277,4.666
321.813338128726,4.63500000000005
322.000004798174,4.55799999999999
322.186671467622,4.68199999999979
322.37333813707,4.72799999999999
322.560004806519,4.78500000000003
322.746671475967,4.87099999999998
322.933338145415,4.743
323.120004814863,4.72499999999999
323.306671484311,4.72499999999999
323.49333815376,4.70500000000001
323.680004823208,4.66500000000002
323.866671492656,4.64000000000002
324.053338162104,4.705
324.240004831552,4.64099999999998
324.426671501001,4.612
324.613338170449,4.66599999999998
324.800004839897,4.66
324.986671509345,4.78200000000004
325.173338178794,4.72
325.360004848242,4.68000000000001
325.54667151769,4.675
325.733338187138,4.75
325.920004856586,4.691
326.106671526035,4.694
326.293338195483,4.68100000000001
326.480004864931,4.68000000000001
326.666671534379,4.63500000000005
326.853338203828,4.67099999999999
327.040004873276,4.581
327.226671542724,4.65199999999999
327.413338212172,4.67399999999998
327.60000488162,4.59100000000001
327.786671551069,4.58300000000001
327.973338220517,4.612
328.160004889965,4.566
328.346671559413,4.66500000000002
328.533338228861,4.63200000000001
328.72000489831,4.545
328.906671567758,4.596
329.093338237206,4.53
329.280004906654,4.57299999999998
329.466671576103,4.54099999999994
329.653338245551,4.498
329.840004914999,4.43399999999998
330.026671584447,4.514
330.213338253895,4.61699999999996
330.400004923344,4.57499999999999
330.586671592792,4.58599999999998
330.77333826224,4.58099999999999
330.960004931688,4.636
331.146671601136,4.634
331.333338270585,4.536
331.520004940033,4.51299999999998
331.706671609481,4.41800000000001
331.893338278929,4.44499999999999
332.080004948378,4.494
332.266671617826,4.54399999999998
332.453338287274,4.565
332.640004956722,4.60099999999997
332.82667162617,4.549
333.013338295619,4.59100000000012
333.200004965067,4.539
333.386671634515,4.53299999999985
333.573338303963,4.518
333.760004973412,4.50799999999998
333.94667164286,4.62599999999998
334.133338312308,4.57299999999998
334.320004981756,4.52499999999998
334.506671651204,4.548
334.693338320653,4.40899999999999
334.880004990101,4.422
335.066671659549,4.37600000000002
335.253338328997,4.45099999999999
335.440004998445,4.44399999999997
335.626671667894,4.472
335.813338337342,4.477
336.00000500679,4.582
336.186671676238,4.49299999999998
336.373338345687,4.479
336.560005015135,4.408
336.746671684583,4.35499999999999
336.933338354031,4.41500000000002
337.120005023479,4.419
337.306671692928,4.43100000000001
337.493338362376,4.44800000000001
337.680005031824,4.559
337.866671701272,4.477
338.053338370721,4.547
338.240005040169,4.43099999999998
338.426671709617,4.366
338.613338379065,4.53400000000002
338.800005048513,4.505
338.986671717962,4.43700000000001
339.17333838741,4.36600000000001
339.360005056858,4.54000000000002
339.546671726306,4.46100000000001
339.733338395754,4.436
339.920005065203,4.38900000000001
340.106671734651,4.338
340.293338404099,4.351
340.480005073547,4.41899999999998
340.666671742996,4.43100000000004
340.853338412444,4.44900000000001
341.040005081892,4.42400000000004
341.22667175134,4.346
341.413338420788,4.29599999999999
341.600005090237,4.32299999999998
341.786671759685,4.3130000000001
341.973338429133,4.26499999999999
342.160005098581,4.31900000000002
342.346671768029,4.26400000000001
342.533338437478,4.42599999999999
342.720005106926,4.375
342.906671776374,4.39499999999998
343.093338445822,4.499
343.280005115271,4.37199999999996
343.466671784719,4.28500000000003
343.653338454167,4.30799999999999
343.840005123615,4.32599999999997
344.026671793063,4.34100000000001
344.213338462512,4.28799999999995
344.40000513196,4.27699999999999
344.586671801408,4.30100000000002
344.773338470856,4.502
344.960005140305,4.411
345.146671809753,4.393
345.333338479201,4.41800000000001
345.520005148649,4.35599999999999
345.706671818097,4.363
345.893338487546,4.25800000000001
346.080005156994,4.20600000000002
346.266671826442,4.21700000000004
346.45333849589,4.16300000000001
346.640005165338,4.13700000000006
346.826671834787,4.30600000000001
347.013338504235,4.303
347.200005173683,4.29599999999999
347.386671843131,4.362
347.57333851258,4.31099999999998
347.760005182028,4.277
347.946671851476,4.354
348.133338520924,4.32100000000003
348.320005190372,4.279
348.506671859821,4.276
348.693338529269,4.32
348.880005198717,4.24799999999999
349.066671868165,4.26099999999997
349.253338537614,4.20999999999998
349.440005207062,4.18299999999994
349.62667187651,4.235
349.813338545958,4.23099999999997
350.000005215406,4.32299999999998
350.186671884855,4.31200000000001
350.373338554303,4.28999999999999
350.560005223751,4.358
350.746671893199,4.39100000000002
350.933338562647,4.36000000000001
351.120005232096,4.43100000000001
351.306671901544,4.417
351.493338570992,4.38400000000001
351.68000524044,4.36700000000002
351.866671909889,4.35500000000002
352.053338579337,4.31200000000001
352.240005248785,4.4439999999999
352.426671918233,4.32100000000003
352.613338587681,4.31900000000005
352.80000525713,4.33600000000001
352.986671926578,4.31300000000001
353.173338596026,4.233
353.360005265474,4.20500000000004
353.546671934922,4.193
353.733338604371,4.19999999999999
353.920005273819,4.327
354.106671943267,4.238
354.293338612715,4.28
354.480005282164,4.217
354.666671951612,4.34400000000001
354.85333862106,4.24099999999999
355.040005290508,4.31199999999998
355.226671959956,4.178
355.413338629405,4.17499999999995
355.600005298853,4.28800000000001
355.786671968301,4.15300000000002
355.973338637749,4.13100000000003
356.160005307198,4.154
356.346671976646,4.08199999999999
356.533338646094,4.22899999999999
356.720005315542,4.23700000000002
356.90667198499,4.31400000000002
357.093338654439,4.31100000000001
357.280005323887,4.233
357.466671993335,4.24500000000003
357.653338662783,4.13399999999999
357.840005332231,4.19999999999993
358.02667200168,4.18100000000001
358.213338671128,4.24399999999991
358.400005340576,4.19600000000003
358.586672010024,4.18799999999993
358.773338679473,4.15000000000001
358.960005348921,4.223
359.146672018369,4.22
359.333338687817,4.14699999999999
359.520005357265,4.1690000000001
359.706672026714,4.21199999999999
359.893338696162,4.286
360.08000536561,4.28099999999995
360.266672035058,4.20499999999998
360.453338704507,4.18099999999998
360.640005373955,4.267
360.826672043403,4.37400000000002
361.013338712851,4.28300000000007
361.200005382299,4.34700000000001
361.386672051748,4.35700000000003
361.573338721196,4.244
361.760005390644,4.288
361.946672060092,4.48699999999997
362.133338729541,4.322
362.320005398989,4.30900000000003
362.506672068437,4.423
362.693338737885,4.28399999999999
362.880005407333,4.307
363.066672076782,4.25
363.25333874623,4.234
363.440005415678,4.22399999999999
363.626672085126,4.18900000000001
363.813338754574,4.13999999999999
364.000005424023,4.16399999999999
364.186672093471,4.12399999999997
364.373338762919,4.185
364.560005432367,4.28400000000001
364.746672101816,4.15700000000004
364.933338771264,4.11599999999999
365.120005440712,4.17899999999997
365.30667211016,4.262
365.493338779608,4.18600000000004
365.680005449057,4.14800000000002
365.866672118505,4.13999999999999
366.053338787953,4.13999999999999
366.240005457401,4.26399999999998
366.42667212685,4.18900000000002
366.613338796298,4.20599999999996
366.800005465746,4.14999999999998
366.986672135194,4.13099999999997
367.173338804642,4.06900000000002
367.360005474091,4.01900000000001
367.546672143539,4.077
367.733338812987,4.213
367.920005482435,4.07000000000005
368.106672151883,4.04999999999995
368.293338821332,4.11700000000002
368.48000549078,4.09100000000001
368.666672160228,4.09499999999997
368.853338829676,4.01599999999999
369.040005499125,3.989
369.226672168573,4.03500000000003
369.413338838021,3.99099999999999
369.600005507469,4.07000000000005
369.786672176917,4.08199999999999
369.973338846366,4.109
370.160005515814,4.148
370.346672185262,4.12300000000005
370.53333885471,4.05399999999997
370.720005524158,4.05799999999999
370.906672193607,4.116
371.093338863055,4.193
371.280005532503,4.12900000000001
371.466672201951,4.10200000000009
371.6533388714,4.09999999999999
371.840005540848,4.02000000000001
372.026672210296,4.06899999999999
372.213338879744,3.9620000000001
372.400005549192,3.931
372.586672218641,4.01099999999998
372.773338888089,3.942
372.960005557537,3.954
373.146672226985,4.05799999999999
373.333338896434,4.027
373.520005565882,4.015
373.70667223533,4.071
373.893338904778,3.93799999999999
374.080005574226,4.02000000000001
374.266672243675,4.06100000000026
374.453338913123,4.03100000000001
374.640005582571,4.09499999999997
374.826672252019,4.07300000000001
375.013338921467,4.04200000000014
375.200005590916,3.95999999999998
375.386672260364,4.02
375.573338929812,3.871
375.76000559926,3.788
375.946672268709,3.874
376.133338938157,3.89
376.320005607605,4.04300000000001
376.506672277053,3.913
