time_min,absorb_mau
0.0,0.017
0.0200000002980232,0.039
0.0400000005960465,0.05
0.0600000008940697,0.068
0.0800000011920929,0.077
0.100000001490116,0.068
0.120000001788139,0.083
0.140000002086163,0.094
0.160000002384186,0.102
0.180000002682209,0.117
0.200000002980232,0.137
0.220000003278255,0.119
0.240000003576279,0.118
0.260000003874302,0.09
0.280000004172325,0.07
0.300000004470348,0.064
0.320000004768372,0.044
0.340000005066395,0.026
0.360000005364418,0.016
0.380000005662441,-0.0190000000000001
0.400000005960465,-0.018
0.420000006258488,-0.017
0.440000006556511,-0.044
0.460000006854534,-0.049
0.480000007152557,-0.0600000000000001
0.500000007450581,-0.0660000000000001
0.520000007748604,-0.024
0.540000008046627,-0.054
0.56000000834465,-0.0630000000000001
0.580000008642674,-0.071
0.600000008940697,-0.101
0.62000000923872,-0.107
0.640000009536743,-0.108
0.660000009834767,-0.111
0.68000001013279,-0.114
0.700000010430813,-0.122
0.720000010728836,-0.111
0.740000011026859,-0.087
0.760000011324883,-0.0859999999999999
0.780000011622906,-0.0470000000000002
0.800000011920929,-0.0240000000000001
0.820000012218952,-0.04
0.840000012516975,-0.038
0.860000012814999,-0.048
0.880000013113022,-0.0579999999999998
0.900000013411045,-0.0219999999999999
0.920000013709068,0.0189999999999999
0.940000014007092,0.044
0.960000014305115,0.04
0.980000014603138,0.021
1.00000001490116,0.0049999999999998
1.02000001519918,-0.0240000000000002
1.04000001549721,-0.015
1.06000001579523,-0.013
1.08000001609325,-0.01
1.10000001639128,-0.017
1.1200000166893,-0.02
1.14000001698732,-0.006
1.16000001728535,0.03
1.18000001758337,0.05
1.20000001788139,0.029
1.22000001817942,0.019
1.24000001847744,0.013
1.26000001877546,-0.001
1.28000001907349,0.0249999999999999
1.30000001937151,0.0489999999999999
1.32000001966953,0.069
1.34000001996756,0.0910000000000002
1.36000002026558,0.117
1.3800000205636,0.169
1.40000002086163,0.154
1.42000002115965,0.147
1.44000002145767,0.143
1.4600000217557,0.11
1.48000002205372,0.1
1.50000002235174,0.103
1.52000002264977,0.0699999999999998
1.54000002294779,0.054
1.56000002324581,0.05
1.58000002354383,0.046
1.60000002384186,0.0760000000000005
1.62000002413988,0.133
1.6400000244379,0.161
1.66000002473593,0.178
1.68000002503395,0.202
1.70000002533197,0.221
1.72000002563,0.232000000000001
1.74000002592802,0.267
1.76000002622604,0.294
1.78000002652407,0.303
1.80000002682209,0.333
1.82000002712011,0.351
1.84000002741814,0.335
1.86000002771616,0.34
1.88000002801418,0.349
1.90000002831221,0.367
1.92000002861023,0.410000000000001
1.94000002890825,0.475
1.96000002920628,0.526
1.9800000295043,0.568000000000001
2.00000002980232,0.634
2.02000003010035,0.665
2.04000003039837,0.71
2.06000003069639,0.762
2.08000003099442,0.826
2.10000003129244,0.885
2.12000003159046,0.955
2.14000003188849,0.998
2.16000003218651,1.012
2.18000003248453,1.01
2.20000003278255,1.003
2.22000003308058,1.008
2.2400000333786,1.01
2.26000003367662,1.035
2.28000003397465,1.026
2.30000003427267,1.028
2.32000003457069,1.041
2.34000003486872,1.08
2.36000003516674,1.123
2.38000003546476,1.163
2.40000003576279,1.204
2.42000003606081,1.212
2.44000003635883,1.247
2.46000003665686,1.274
2.48000003695488,1.299
2.5000000372529,1.316
2.52000003755093,1.329
2.54000003784895,1.353
2.56000003814697,1.374
2.580000038445,1.396
2.60000003874302,1.409
2.62000003904104,1.438
2.64000003933907,1.459
2.66000003963709,1.488
2.68000003993511,1.541
2.70000004023314,1.552
2.72000004053116,1.553
2.74000004082918,1.58
2.7600000411272,1.603
2.78000004142523,1.65
2.80000004172325,1.724
2.82000004202127,1.756
2.8400000423193,1.78
2.86000004261732,1.816
2.88000004291534,1.83
2.90000004321337,1.902
2.92000004351139,1.951
2.94000004380941,2.002
2.96000004410744,2.066
2.98000004440546,2.08
3.00000004470348,2.137
3.02000004500151,2.162
3.04000004529953,2.175
3.06000004559755,2.209
3.08000004589558,2.212
3.1000000461936,2.266
3.12000004649162,2.315
3.14000004678965,2.362
3.16000004708767,2.415
3.18000004738569,2.466
3.20000004768372,2.511
3.22000004798174,2.577
3.24000004827976,2.627
3.26000004857779,2.689
3.28000004887581,2.747
3.30000004917383,2.832
3.32000004947186,2.897
3.34000004976988,2.964
3.3600000500679,3.037
3.38000005036592,3.089
3.40000005066395,3.169
3.42000005096197,3.238
3.44000005125999,3.298
3.46000005155802,3.371
3.48000005185604,3.438
3.50000005215406,3.509
3.52000005245209,3.573
3.54000005275011,3.637
3.56000005304813,3.678
3.58000005334616,3.728
3.60000005364418,3.799
3.6200000539422,3.87
3.64000005424023,3.98
3.66000005453825,4.073
3.68000005483627,4.154
3.7000000551343,4.224
3.72000005543232,4.239
3.74000005573034,4.302
3.76000005602837,4.339
3.78000005632639,4.39
3.80000005662441,4.46
3.82000005692244,4.513
3.84000005722046,4.583
3.86000005751848,4.661
3.88000005781651,4.738
3.90000005811453,4.806
3.92000005841255,4.885
3.94000005871058,4.935
3.9600000590086,5.01
3.98000005930662,5.076
4.00000005960465,5.141
4.02000005990267,5.219
4.04000006020069,5.288
4.06000006049872,5.344
4.08000006079674,5.428
4.10000006109476,5.497
4.12000006139278,5.587
4.14000006169081,5.685
4.16000006198883,5.771
4.18000006228685,5.866
4.20000006258488,5.932
4.2200000628829,5.985
4.24000006318092,6.044
4.26000006347895,6.091
4.28000006377697,6.148
4.30000006407499,6.228
4.32000006437302,6.294
4.34000006467104,6.38
4.36000006496906,6.489
4.38000006526709,6.56100000000001
4.40000006556511,6.664
4.42000006586313,6.738
4.44000006616116,6.795
4.46000006645918,6.88
4.4800000667572,6.975
4.50000006705523,7.054
4.52000006735325,7.15
4.54000006765127,7.219
4.5600000679493,7.267
4.58000006824732,7.34600000000001
4.60000006854534,7.447
4.62000006884337,7.552
4.64000006914139,7.68
4.66000006943941,7.789
4.68000006973744,7.867
4.70000007003546,7.942
4.72000007033348,8.021
4.7400000706315,8.104
4.76000007092953,8.187
4.78000007122755,8.274
4.80000007152557,8.347
4.8200000718236,8.434
4.84000007212162,8.546
4.86000007241964,8.639
4.88000007271767,8.722
4.90000007301569,8.779
4.92000007331371,8.848
4.94000007361174,8.941
4.96000007390976,9.068
4.98000007420778,9.19500000000001
5.00000007450581,9.322
5.02000007480383,9.44
5.04000007510185,9.569
5.06000007539988,9.699
5.0800000756979,9.83400000000001
5.10000007599592,9.963
5.12000007629395,10.076
5.14000007659197,10.189
5.16000007688999,10.347
5.18000007718802,10.51
5.20000007748604,10.659
5.22000007778406,10.825
5.24000007808209,10.984
5.26000007838011,11.142
5.28000007867813,11.301
5.30000007897615,11.489
5.32000007927418,11.672
5.3400000795722,11.858
5.36000007987022,12.07
5.38000008016825,12.286
5.40000008046627,12.485
5.42000008076429,12.659
5.44000008106232,12.812
5.46000008136034,12.955
5.48000008165836,13.106
5.50000008195639,13.245
5.52000008225441,13.422
5.54000008255243,13.598
5.56000008285046,13.751
5.58000008314848,13.938
5.6000000834465,14.132
5.62000008374453,14.332
5.64000008404255,14.537
5.66000008434057,14.75
5.6800000846386,14.919
5.70000008493662,15.085
5.72000008523464,15.301
5.74000008553267,15.493
5.76000008583069,15.738
5.78000008612871,15.991
5.80000008642674,16.211
5.82000008672476,16.425
5.84000008702278,16.68
5.86000008732081,16.93
5.88000008761883,17.221
5.90000008791685,17.49
5.92000008821487,17.73
5.9400000885129,17.953
5.96000008881092,18.157
5.98000008910894,18.413
6.00000008940697,18.673
6.02000008970499,18.941
6.04000009000301,19.214
6.06000009030104,19.471
6.08000009059906,19.729
6.10000009089708,20.001
6.12000009119511,20.292
6.14000009149313,20.6
6.16000009179115,20.895
6.18000009208918,21.204
6.2000000923872,21.499
6.22000009268522,21.78
6.24000009298325,22.057
6.26000009328127,22.341
6.28000009357929,22.626
6.30000009387732,22.958
6.32000009417534,23.232
6.34000009447336,23.551
6.36000009477139,23.9
6.38000009506941,24.21
6.40000009536743,24.577
6.42000009566546,24.944
6.44000009596348,25.315
6.4600000962615,25.685
6.48000009655953,26.057
6.50000009685755,26.468
6.52000009715557,26.853
6.54000009745359,27.233
6.56000009775162,27.639
6.58000009804964,28.008
6.60000009834767,28.389
6.62000009864569,28.782
6.64000009894371,29.196
6.66000009924173,29.584
6.68000009953976,30.0
6.70000009983778,30.421
6.7200001001358,30.804
6.74000010043383,31.237
6.76000010073185,31.679
6.78000010102987,32.127
6.8000001013279,32.628
6.82000010162592,33.105
6.84000010192394,33.612
6.86000010222197,34.095
6.88000010251999,34.555
6.90000010281801,35.019
6.92000010311604,35.476
6.94000010341406,35.933
6.96000010371208,36.419
6.98000010401011,36.925
7.00000010430813,37.423
7.02000010460615,37.926
7.04000010490418,38.459
7.0600001052022,38.953
7.08000010550022,39.491
7.10000010579825,40.051
7.12000010609627,40.552
7.14000010639429,41.089
7.16000010669232,41.614
7.18000010699034,42.116
7.20000010728836,42.632
7.22000010758638,43.123
7.24000010788441,43.652
7.26000010818243,44.14
7.28000010848045,44.66
7.30000010877848,45.165
7.3200001090765,45.646
7.34000010937452,46.112
7.36000010967255,46.609
7.38000010997057,47.108
7.40000011026859,47.638
7.42000011056662,48.171
7.44000011086464,48.685
7.46000011116266,49.191
7.48000011146069,49.717
7.50000011175871,50.286
7.52000011205673,50.843
7.54000011235476,51.397
7.56000011265278,52.0
7.5800001129508,52.499
7.60000011324883,53.024
7.62000011354685,53.539
7.64000011384487,54.059
7.6600001141429,54.594
7.68000011444092,55.125
7.70000011473894,55.653
7.72000011503696,56.135
7.74000011533499,56.645
7.76000011563301,57.201
7.78000011593104,57.78
7.80000011622906,58.371
7.82000011652708,58.95
7.8400001168251,59.507
7.86000011712313,60.018
7.88000011742115,60.559
7.90000011771917,61.071
7.9200001180172,61.59
7.94000011831522,62.091
7.96000011861324,62.607
7.98000011891127,63.106
8.00000011920929,63.557
8.02000011950731,64.029
8.04000011980534,64.495
8.06000012010336,64.972
8.08000012040138,65.48
8.10000012069941,65.975
8.12000012099743,66.49
8.14000012129545,66.976
8.16000012159348,67.457
8.1800001218915,67.964
8.20000012218952,68.495
8.22000012248755,69.072
8.24000012278557,69.667
8.26000012308359,70.2900000000001
8.28000012338162,70.921
8.30000012367964,71.547
8.32000012397766,72.192
8.34000012427569,72.865
8.36000012457371,73.5150000000001
8.38000012487173,74.244
8.40000012516975,74.946
8.42000012546778,75.67
8.4400001257658,76.452
8.46000012606383,77.198
8.48000012636185,77.973
8.50000012665987,78.769
8.52000012695789,79.539
8.54000012725592,80.352
8.56000012755394,81.1100000000001
8.58000012785196,81.859
8.60000012814999,82.586
8.62000012844801,83.243
8.64000012874603,83.94
8.66000012904406,84.6260000000001
8.68000012934208,85.308
8.7000001296401,86.009
8.72000012993813,86.677
8.74000013023615,87.278
8.76000013053417,87.887
8.7800001308322,88.452
8.80000013113022,89.031
8.82000013142824,89.635
8.84000013172627,90.244
8.86000013202429,90.8560000000001
8.88000013232231,91.449
8.90000013262033,92.039
8.92000013291836,92.636
8.94000013321638,93.199
8.96000013351441,93.7590000000001
8.98000013381243,94.322
9.00000013411045,94.861
9.02000013440848,95.369
9.0400001347065,95.895
9.06000013500452,96.417
9.08000013530254,96.935
9.10000013560057,97.491
9.12000013589859,98.057
9.14000013619661,98.647
9.16000013649464,99.24
9.18000013679266,99.782
9.20000013709068,100.331
9.22000013738871,100.857
9.24000013768673,101.387
9.26000013798475,101.959
9.28000013828278,102.511
9.3000001385808,103.069
9.32000013887882,103.62
9.34000013917685,104.107
9.36000013947487,104.601
9.38000013977289,105.075
9.40000014007092,105.541
9.42000014036894,106.003
9.44000014066696,106.486
9.46000014096499,106.965
9.48000014126301,107.459
9.50000014156103,107.975
9.52000014185906,108.48
9.54000014215708,109.002
9.5600001424551,109.511
9.58000014275313,109.993
9.60000014305115,110.458
9.62000014334917,110.914
9.64000014364719,111.346
9.66000014394522,111.758
9.68000014424324,112.228
9.70000014454126,112.666
9.72000014483929,113.079
9.74000014513731,113.487
9.76000014543534,113.894
9.78000014573336,114.306
9.80000014603138,114.736
9.8200001463294,115.223
9.84000014662743,115.692
9.86000014692545,116.224
9.88000014722347,116.765
9.9000001475215,117.306
9.92000014781952,117.884
9.94000014811754,118.446
9.96000014841557,119.018
9.98000014871359,119.606
10.0000001490116,120.217
10.0200001493096,120.857
10.0400001496077,121.515
10.0600001499057,122.162
10.0800001502037,122.789
10.1000001505017,123.441
10.1200001507998,124.082
10.1400001510978,124.712
10.1600001513958,125.333
10.1800001516938,125.914
10.2000001519918,126.487
10.2200001522899,127.03
10.2400001525879,127.593
10.2600001528859,128.174
10.2800001531839,128.743
10.300000153482,129.29
10.32000015378,129.835
10.340000154078,130.357
10.360000154376,130.812
10.3800001546741,131.248
10.4000001549721,131.711
10.4200001552701,132.116
10.4400001555681,132.531
10.4600001558661,132.923
10.4800001561642,133.267
10.5000001564622,133.578
10.5200001567602,133.922
10.5400001570582,134.241
10.5600001573563,134.551
10.5800001576543,134.842
10.6000001579523,135.076
10.6200001582503,135.315
10.6400001585484,135.542
10.6600001588464,135.772
10.6800001591444,135.989
10.7000001594424,136.181
10.7200001597404,136.346
10.7400001600385,136.482
10.7600001603365,136.607
10.7800001606345,136.719
10.8000001609325,136.8
10.8200001612306,136.868
10.8400001615286,136.917
10.8600001618266,136.985
10.8800001621246,137.051
10.9000001624227,137.127
10.9200001627207,137.2
10.9400001630187,137.208
10.9600001633167,137.24
10.9800001636148,137.253
11.0000001639128,137.241
11.0200001642108,137.261
11.0400001645088,137.308
11.0600001648068,137.359
11.0800001651049,137.363
11.1000001654029,137.391
11.1200001657009,137.368
11.1400001659989,137.323
11.160000166297,137.347
11.180000166595,137.354
11.200000166893,137.333
11.220000167191,137.321
11.2400001674891,137.282
11.2600001677871,137.193
11.2800001680851,137.137
11.3000001683831,137.088
11.3200001686811,137.004
11.3400001689792,136.945
11.3600001692772,136.885
11.3800001695752,136.761
11.4000001698732,136.665
11.4200001701713,136.531
11.4400001704693,136.366
11.4600001707673,136.199
11.4800001710653,136.05
11.5000001713634,135.94
11.5200001716614,135.809
11.5400001719594,135.713
11.5600001722574,135.605
11.5800001725554,135.468
11.6000001728535,135.367
11.6200001731515,135.253
11.6400001734495,135.162
11.6600001737475,135.098
11.6800001740456,135.02
11.7000001743436,135.01
11.7200001746416,134.997
11.7400001749396,134.973
11.7600001752377,134.997
11.7800001755357,135.011
11.8000001758337,135.048
11.8200001761317,135.08
11.8400001764297,135.099
11.8600001767278,135.135
11.8800001770258,135.146
11.9000001773238,135.129
11.9200001776218,135.095
11.9400001779199,135.027
11.9600001782179,134.945
11.9800001785159,134.839
12.0000001788139,134.738
12.020000179112,134.598
12.04000017941,134.445
12.060000179708,134.234
12.080000180006,134.005
12.1000001803041,133.778
12.1200001806021,133.509
12.1400001809001,133.246
12.1600001811981,132.988
12.1800001814961,132.702
12.2000001817942,132.403
12.2200001820922,132.074
12.2400001823902,131.778
12.2600001826882,131.434
12.2800001829863,131.089
12.3000001832843,130.763
12.3200001835823,130.387
12.3400001838803,130.009
12.3600001841784,129.643
12.3800001844764,129.272
12.4000001847744,128.925
12.4200001850724,128.593
12.4400001853704,128.289
12.4600001856685,127.99
12.4800001859665,127.686
12.5000001862645,127.372
12.5200001865625,127.055
12.5400001868606,126.69
12.5600001871586,126.347
12.5800001874566,125.974
12.6000001877546,125.638
12.6200001880527,125.282
12.6400001883507,124.885
12.6600001886487,124.494
12.6800001889467,124.089
12.7000001892448,123.684
12.7200001895428,123.323
12.7400001898408,122.954
12.7600001901388,122.544
12.7800001904368,122.142
12.8000001907349,121.713
12.8200001910329,121.292
12.8400001913309,120.834
12.8600001916289,120.383
12.880000191927,119.933
12.900000192225,119.426
12.920000192523,118.949
12.940000192821,118.44
12.9600001931191,117.915
12.9800001934171,117.441
13.0000001937151,116.935
13.0200001940131,116.443
13.0400001943111,115.947
13.0600001946092,115.435
13.0800001949072,114.923
13.1000001952052,114.512
13.1200001955032,114.067
13.1400001958013,113.664
13.1600001960993,113.271
13.1800001963973,112.863
13.2000001966953,112.459
13.2200001969934,112.087
13.2400001972914,111.717
13.2600001975894,111.33
13.2800001978874,111.014
13.3000001981854,110.668
13.3200001984835,110.336
13.3400001987815,110.011
13.3600001990795,109.675
13.3800001993775,109.313
13.4000001996756,108.976
13.4200001999736,108.612
13.4400002002716,108.213
13.4600002005696,107.827
13.4800002008677,107.409
13.5000002011657,106.952
13.5200002014637,106.496
13.5400002017617,106.015
13.5600002020597,105.491
13.5800002023578,104.94
13.6000002026558,104.424
13.6200002029538,103.878
13.6400002032518,103.327
13.6600002035499,102.752
13.6800002038479,102.146
13.7000002041459,101.544
13.7200002044439,100.897
13.740000204742,100.29
13.76000020504,99.6499999999999
13.780000205338,98.973
13.800000205636,98.259
13.820000205934,97.567
13.8400002062321,96.906
13.8600002065301,96.2249999999999
13.8800002068281,95.564
13.9000002071261,94.888
13.9200002074242,94.212
13.9400002077222,93.58
13.9600002080202,92.9379999999999
13.9800002083182,92.31
14.0000002086163,91.6429999999999
14.0200002089143,90.937
14.0400002092123,90.225
14.0600002095103,89.501
14.0800002098084,88.797
14.1000002101064,88.101
14.1200002104044,87.4330000000001
14.1400002107024,86.78
14.1600002110004,86.1269999999999
14.1800002112985,85.477
14.2000002115965,84.8339999999999
14.2200002118945,84.182
14.2400002121925,83.54
14.2600002124906,82.9279999999999
14.2800002127886,82.298
14.3000002130866,81.6759999999999
14.3200002133846,81.071
14.3400002136827,80.445
14.3600002139807,79.8
14.3800002142787,79.1830000000001
14.4000002145767,78.5589999999999
14.4200002148747,77.924
14.4400002151728,77.291
14.4600002154708,76.648
14.4800002157688,76.029
14.5000002160668,75.408
14.5200002163649,74.806
14.5400002166629,74.232
14.5600002169609,73.6219999999999
14.5800002172589,73.007
14.600000217557,72.4099999999999
14.620000217855,71.8
14.640000218153,71.1370000000001
14.660000218451,70.514
14.680000218749,69.879
14.7000002190471,69.239
14.7200002193451,68.593
14.7400002196431,67.949
14.7600002199411,67.3029999999999
14.7800002202392,66.716
14.8000002205372,66.189
14.8200002208352,65.663
14.8400002211332,65.154
14.8600002214313,64.631
14.8800002217293,64.089
14.9000002220273,63.5899999999999
14.9200002223253,63.107
14.9400002226234,62.646
14.9600002229214,62.165
14.9800002232194,61.732
15.0000002235174,61.2959999999999
15.0200002238154,60.842
15.0400002241135,60.423
15.0600002244115,59.99
15.0800002247095,59.544
15.1000002250075,59.084
15.1200002253056,58.642
15.1400002256036,58.195
15.1600002259016,57.769
15.1800002261996,57.368
15.2000002264977,56.9459999999999
15.2200002267957,56.551
15.2400002270937,56.133
15.2600002273917,55.708
15.2800002276897,55.288
15.3000002279878,54.853
15.3200002282858,54.414
15.3400002285838,53.996
15.3600002288818,53.564
15.3800002291799,53.129
15.4000002294779,52.697
15.4200002297759,52.211
15.4400002300739,51.762
15.460000230372,51.28
15.48000023067,50.759
15.500000230968,50.28
15.520000231266,49.793
15.540000231564,49.315
15.5600002318621,48.8509999999999
15.5800002321601,48.398
15.6000002324581,47.939
15.6200002327561,47.438
15.6400002330542,47.019
15.6600002333522,46.589
15.6800002336502,46.137
15.7000002339482,45.703
15.7200002342463,45.249
15.7400002345443,44.7719999999999
15.7600002348423,44.312
15.7800002351403,43.901
15.8000002354384,43.4959999999999
15.8200002357364,43.095
15.8400002360344,42.6929999999999
15.8600002363324,42.266
15.8800002366304,41.842
15.9000002369285,41.437
15.9200002372265,41.031
15.9400002375245,40.6419999999999
15.9600002378225,40.257
15.9800002381206,39.86
16.0000002384186,39.5
16.0200002387166,39.17
16.0400002390146,38.802
16.0600002393127,38.455
16.0800002396107,38.099
16.1000002399087,37.694
16.1200002402067,37.348
16.1400002405047,36.972
16.1600002408028,36.626
16.1800002411008,36.284
16.2000002413988,35.937
16.2200002416968,35.5829999999999
16.2400002419949,35.204
16.2600002422929,34.88
16.2800002425909,34.527
16.3000002428889,34.182
16.320000243187,33.8369999999999
16.340000243485,33.476
16.360000243783,33.117
16.380000244081,32.784
16.400000244379,32.454
16.4200002446771,32.1159999999999
16.4400002449751,31.782
16.4600002452731,31.43
16.4800002455711,31.081
16.5000002458692,30.786
16.5200002461672,30.4929999999999
16.5400002464652,30.19
16.5600002467632,29.909
16.5800002470613,29.62
16.6000002473593,29.332
16.6200002476573,29.062
16.6400002479553,28.809
16.6600002482533,28.55
16.6800002485514,28.304
16.7000002488494,28.056
16.7200002491474,27.83
16.7400002494454,27.579
16.7600002497435,27.321
16.7800002500415,27.065
16.8000002503395,26.832
16.8200002506375,26.6029999999999
16.8400002509356,26.364
16.8600002512336,26.148
16.8800002515316,25.91
16.9000002518296,25.631
16.9200002521276,25.397
16.9400002524257,25.157
16.9600002527237,24.921
16.9800002530217,24.704
17.0000002533197,24.46
17.0200002536178,24.2309999999999
17.0400002539158,23.96
17.0600002542138,23.686
17.0800002545118,23.437
17.1000002548099,23.195
17.1200002551079,22.959
17.1400002554059,22.72
17.1600002557039,22.501
17.180000256002,22.271
17.2000002563,22.013
17.220000256598,21.7849999999999
17.240000256896,21.533
17.260000257194,21.307
17.2800002574921,21.095
17.3000002577901,20.881
17.3200002580881,20.68
17.3400002583861,20.498
17.3600002586842,20.304
17.3800002589822,20.095
17.4000002592802,19.89
17.4200002595782,19.6419999999999
17.4400002598763,19.407
17.4600002601743,19.215
17.4800002604723,19.014
17.5000002607703,18.798
17.5200002610683,18.61
17.5400002613664,18.376
17.5600002616644,18.202
17.5800002619624,18.01
17.6000002622604,17.809
17.6200002625585,17.637
17.6400002628565,17.472
17.6600002631545,17.297
17.6800002634525,17.158
17.7000002637506,16.985
17.7200002640486,16.762
17.7400002643466,16.605
17.7600002646446,16.422
17.7800002649426,16.271
17.8000002652407,16.142
17.8200002655387,15.993
17.8400002658367,15.826
17.8600002661347,15.657
17.8800002664328,15.485
17.9000002667308,15.328
17.9200002670288,15.176
17.9400002673268,15.047
17.9600002676249,14.908
17.9800002679229,14.745
18.0000002682209,14.59
18.0200002685189,14.448
18.0400002688169,14.268
18.060000269115,14.154
18.080000269413,14.058
18.100000269711,13.901
18.120000270009,13.785
18.1400002703071,13.655
18.1600002706051,13.489
18.1800002709031,13.413
18.2000002712011,13.303
18.2200002714992,13.193
18.2400002717972,13.115
18.2600002720952,12.986
18.2800002723932,12.863
18.3000002726913,12.766
18.3200002729893,12.647
18.3400002732873,12.539
18.3600002735853,12.505
18.3800002738833,12.425
18.4000002741814,12.34
18.4200002744794,12.233
18.4400002747774,12.107
18.4600002750754,11.971
18.4800002753735,11.848
18.5000002756715,11.755
18.5200002759695,11.647
18.5400002762675,11.524
18.5600002765656,11.445
18.5800002768636,11.359
18.6000002771616,11.275
18.6200002774596,11.216
18.6400002777576,11.15
18.6600002780557,11.071
18.6800002783537,10.984
18.7000002786517,10.893
18.7200002789497,10.765
18.7400002792478,10.672
18.7600002795458,10.553
18.7800002798438,10.45
18.8000002801418,10.386
18.8200002804399,10.301
18.8400002807379,10.22
18.8600002810359,10.134
18.8800002813339,10.053
18.9000002816319,9.94499999999999
18.92000028193,9.83599999999998
18.940000282228,9.76000000000001
18.960000282526,9.666
18.980000282824,9.578
19.0000002831221,9.51600000000001
19.0200002834201,9.41099999999999
19.0400002837181,9.322
19.0600002840161,9.208
19.0800002843142,9.12600000000001
19.1000002846122,9.071
19.1200002849102,9.048
19.1400002852082,9.052
19.1600002855062,9.01
19.1800002858043,8.98
19.2000002861023,8.922
19.2200002864003,8.83199999999999
19.2400002866983,8.799
19.2600002869964,8.75
19.2800002872944,8.676
19.3000002875924,8.61899999999999
19.3200002878904,8.54799999999997
19.3400002881885,8.399
19.3600002884865,8.331
19.3800002887845,8.252
19.4000002890825,8.197
19.4200002893806,8.157
19.4400002896786,8.156
19.4600002899766,8.101
19.4800002902746,8.055
19.5000002905726,8.042
19.5200002908707,7.97599999999999
19.5400002911687,7.946
19.5600002914667,7.88500000000001
19.5800002917647,7.801
19.6000002920628,7.743
19.6200002923608,7.68699999999998
19.6400002926588,7.63200000000001
19.6600002929568,7.559
19.6800002932549,7.492
19.7000002935529,7.422
19.7200002938509,7.33199999999998
19.7400002941489,7.281
19.7600002944469,7.25
19.780000294745,7.20099999999999
19.800000295043,7.143
19.820000295341,7.102
19.840000295639,7.04300000000001
19.8600002959371,6.968
19.8800002962351,6.934
19.9000002965331,6.893
19.9200002968311,6.82999999999999
19.9400002971292,6.795
19.9600002974272,6.738
19.9800002977252,6.696
20.0000002980232,6.643
20.0200002983212,6.57399999999998
20.0400002986193,6.54
20.0600002989173,6.478
20.0800002992153,6.426
20.1000002995133,6.416
20.1200002998114,6.38299999999999
20.1400003001094,6.355
20.1600003004074,6.326
20.1800003007054,6.289
20.2000003010035,6.238
20.2200003013015,6.16899999999999
20.2400003015995,6.114
20.2600003018975,6.04600000000001
20.2800003021955,5.989
20.3000003024936,5.966
20.3200003027916,5.94099999999999
20.3400003030896,5.913
20.3600003033876,5.887
20.3800003036857,5.867
20.4000003039837,5.821
20.4200003042817,5.80299999999999
20.4400003045797,5.76
20.4600003048778,5.709
20.4800003051758,5.658
20.5000003054738,5.603
20.5200003057718,5.566
20.5400003060699,5.553
20.5600003063679,5.514
20.5800003066659,5.495
20.6000003069639,5.45999999999999
20.6200003072619,5.399
20.64000030756,5.365
20.660000307858,5.311
20.680000308156,5.269
20.700000308454,5.237
20.7200003087521,5.184
20.7400003090501,5.163
20.7600003093481,5.157
20.7800003096461,5.147
20.8000003099441,5.141
20.8200003102422,5.13999999999999
20.8400003105402,5.084
20.8600003108382,5.05
20.8800003111362,5.03
20.9000003114343,4.985
20.9200003117323,4.964
20.9400003120303,4.937
20.9600003123283,4.887
20.9800003126264,4.879
21.0000003129244,4.858
21.0200003132224,4.82599999999999
21.0400003135204,4.776
21.0600003138185,4.73
21.0800003141165,4.718
21.1000003144145,4.703
21.1200003147125,4.695
21.1400003150105,4.694
21.1600003153086,4.657
21.1800003156066,4.646
21.2000003159046,4.616
21.2200003162026,4.604
21.2400003165007,4.59999999999999
21.2600003167987,4.536
21.2800003170967,4.515
21.3000003173947,4.47499999999999
21.3200003176928,4.434
21.3400003179908,4.423
21.3600003182888,4.394
21.3800003185868,4.377
21.4000003188848,4.353
21.4200003191829,4.335
21.4400003194809,4.358
21.4600003197789,4.323
21.4800003200769,4.304
21.500000320375,4.273
21.520000320673,4.226
21.540000320971,4.196
21.560000321269,4.195
21.5800003215671,4.194
21.6000003218651,4.194
21.6200003221631,4.195
21.6400003224611,4.19
21.6600003227592,4.186
21.6800003230572,4.167
21.7000003233552,4.136
21.7200003236532,4.12600000000001
21.7400003239512,4.119
21.7600003242493,4.131
21.7800003245473,4.121
21.8000003248453,4.129
21.8200003251433,4.118
21.8400003254414,4.083
21.8600003257394,4.065
21.8800003260374,4.052
21.9000003263354,4.017
21.9200003266335,4.026
21.9400003269315,4.018
21.9600003272295,4.004
21.9800003275275,3.987
22.0000003278255,3.957
22.0200003281236,3.946
22.0400003284216,3.941
22.0600003287196,3.915
22.0800003290176,3.875
22.1000003293157,3.824
22.1200003296137,3.809
22.1400003299117,3.8
22.1600003302097,3.776
22.1800003305078,3.742
22.2000003308058,3.688
22.2200003311038,3.65499999999999
22.2400003314018,3.624
22.2600003316998,3.616
22.2800003319979,3.627
22.3000003322959,3.604
22.3200003325939,3.603
22.3400003328919,3.604
22.36000033319,3.578
22.380000333488,3.555
22.400000333786,3.54499999999999
22.420000334084,3.513
22.4400003343821,3.502
22.4600003346801,3.498
22.4800003349781,3.472
22.5000003352761,3.468
22.5200003355742,3.459
22.5400003358722,3.457
22.5600003361702,3.447
22.5800003364682,3.429
22.6000003367662,3.416
22.6200003370643,3.387
22.6400003373623,3.372
22.6600003376603,3.374
22.6800003379583,3.357
22.7000003382564,3.324
22.7200003385544,3.319
22.7400003388524,3.279
22.7600003391504,3.243
22.7800003394485,3.255
22.8000003397465,3.238
22.8200003400445,3.27100000000001
22.8400003403425,3.304
22.8600003406405,3.313
22.8800003409386,3.315
22.9000003412366,3.29399999999999
22.9200003415346,3.258
22.9400003418326,3.204
22.9600003421307,3.193
22.9800003424287,3.151
23.0000003427267,3.12499999999999
23.0200003430247,3.118
23.0400003433228,3.103
23.0600003436208,3.097
23.0800003439188,3.108
23.1000003442168,3.132
23.1200003445148,3.117
23.1400003448129,3.114
23.1600003451109,3.133
23.1800003454089,3.131
23.2000003457069,3.149
23.220000346005,3.17
23.240000346303,3.16
23.260000346601,3.162
23.280000346899,3.162
23.3000003471971,3.13199999999999
23.3200003474951,3.127
23.3400003477931,3.128
23.3600003480911,3.072
23.3800003483891,3.052
23.4000003486872,3.044
23.4200003489852,3.04
23.4400003492832,3.072
23.4600003495812,3.069
23.4800003498793,3.069
23.5000003501773,3.06399999999999
23.5200003504753,3.02499999999999
23.5400003507733,3.006
23.5600003510714,3.023
23.5800003513694,2.99
23.6000003516674,2.986
23.6200003519654,2.996
23.6400003522635,3.006
23.6600003525615,3.0
23.6800003528595,2.975
23.7000003531575,2.947
23.7200003534555,2.89799999999999
23.7400003537536,2.868
23.7600003540516,2.871
23.7800003543496,2.881
23.8000003546476,2.909
23.8200003549457,2.90599999999999
23.8400003552437,2.878
23.8600003555417,2.839
23.8800003558397,2.79600000000001
23.9000003561378,2.754
23.9200003564358,2.75599999999999
23.9400003567338,2.747
23.9600003570318,2.748
23.9800003573298,2.747
24.0000003576279,2.69899999999999
24.0200003579259,2.67099999999999
24.0400003582239,2.623
24.0600003585219,2.593
24.08000035882,2.6
24.100000359118,2.599
24.120000359416,2.594
24.140000359714,2.601
24.1600003600121,2.586
24.1800003603101,2.592
24.2000003606081,2.627
24.2200003609061,2.61799999999999
24.2400003612041,2.61
24.2600003615022,2.63
24.2800003618002,2.623
24.3000003620982,2.62000000000001
24.3200003623962,2.645
24.3400003626943,2.638
24.3600003629923,2.629
24.3800003632903,2.63
24.4000003635883,2.617
24.4200003638864,2.61299999999999
24.4400003641844,2.589
24.4600003644824,2.593
24.4800003647804,2.611
24.5000003650785,2.63900000000001
24.5200003653765,2.686
24.5400003656745,2.699
24.5600003659725,2.719
24.5800003662705,2.705
24.6000003665686,2.68399999999999
24.6200003668666,2.66399999999999
24.6400003671646,2.622
24.6600003674626,2.612
24.6800003677607,2.586
24.7000003680587,2.571
24.7200003683567,2.582
24.7400003686547,2.569
24.7600003689528,2.605
24.7800003692508,2.602
24.8000003695488,2.595
24.8200003698468,2.58899999999999
24.8400003701448,2.563
24.8600003704429,2.556
24.8800003707409,2.553
24.9000003710389,2.545
24.9200003713369,2.546
24.940000371635,2.525
24.960000371933,2.534
24.980000372231,2.535
25.000000372529,2.532
25.0200003728271,2.538
25.0400003731251,2.535
25.0600003734231,2.527
25.0800003737211,2.523
25.1000003740192,2.524
25.1200003743172,2.534
25.1400003746152,2.524
25.1600003749132,2.525
25.1800003752112,2.497
25.2000003755093,2.45999999999998
25.2200003758073,2.436
25.2400003761053,2.417
25.2600003764033,2.409
25.2800003767014,2.404
25.3000003769994,2.39899999999999
25.3200003772974,2.35799999999999
25.3400003775954,2.318
25.3600003778934,2.276
25.3800003781915,2.247
25.4000003784895,2.239
25.4200003787875,2.26200000000001
25.4400003790855,2.281
25.4600003793836,2.282
25.4800003796816,2.288
25.5000003799796,2.28
25.5200003802776,2.267
25.5400003805757,2.25
25.5600003808737,2.242
25.5800003811717,2.223
25.6000003814697,2.215
25.6200003817678,2.227
25.6400003820658,2.249
25.6600003823638,2.243
25.6800003826618,2.22
25.7000003829598,2.18000000000001
25.7200003832579,2.12599999999999
25.7400003835559,2.103
25.7600003838539,2.092
25.7800003841519,2.105
25.80000038445,2.143
25.820000384748,2.15
25.840000385046,2.151
25.860000385344,2.16
25.8800003856421,2.137
25.9000003859401,2.151
25.9200003862381,2.16
25.9400003865361,2.174
25.9600003868341,2.203
25.9800003871322,2.258
26.0000003874302,2.28
26.0200003877282,2.28400000000001
26.0400003880262,2.323
26.0600003883243,2.282
26.0800003886223,2.259
26.1000003889203,2.273
26.1200003892183,2.23
26.1400003895164,2.258
26.1600003898144,2.291
26.1800003901124,2.294
26.2000003904104,2.316
26.2200003907084,2.32699999999999
26.2400003910065,2.29
26.2600003913045,2.276
26.2800003916025,2.249
26.3000003919005,2.233
26.3200003921986,2.22799999999999
26.3400003924966,2.192
26.3600003927946,2.197
26.3800003930926,2.227
26.4000003933907,2.229
26.4200003936887,2.24700000000001
26.4400003939867,2.28
26.4600003942847,2.274
26.4800003945827,2.281
26.5000003948808,2.304
26.5200003951788,2.32600000000001
26.5400003954768,2.355
26.5600003957748,2.377
26.5800003960729,2.38
26.6000003963709,2.365
26.6200003966689,2.34599999999999
26.6400003969669,2.31
26.660000397265,2.282
26.680000397563,2.281
26.700000397861,2.268
26.720000398159,2.23799999999999
26.7400003984571,2.209
26.7600003987551,2.172
26.7800003990531,2.151
26.8000003993511,2.14
26.8200003996491,2.13499999999999
26.8400003999472,2.137
26.8600004002452,2.122
26.8800004005432,2.115
26.9000004008412,2.101
26.9200004011393,2.103
26.9400004014373,2.094
26.9600004017353,2.069
26.9800004020333,2.04
27.0000004023314,2.01199999999999
27.0200004026294,1.981
27.0400004029274,1.963
27.0600004032254,1.963
27.0800004035234,1.943
27.1000004038215,1.951
27.1200004041195,1.932
27.1400004044175,1.913
27.1600004047155,1.896
27.1800004050136,1.888
27.2000004053116,1.90100000000001
27.2200004056096,1.928
27.2400004059076,1.961
27.2600004062057,1.983
27.2800004065037,2.016
27.3000004068017,2.02300000000001
27.3200004070997,2.041
27.3400004073977,2.041
27.3600004076958,2.047
27.3800004079938,2.036
27.4000004082918,2.027
27.4200004085898,2.011
27.4400004088879,1.989
27.4600004091859,1.979
27.4800004094839,1.956
27.5000004097819,1.932
27.52000041008,1.922
27.540000410378,1.919
27.560000410676,1.929
27.580000410974,1.945
27.6000004112721,1.982
27.6200004115701,1.999
27.6400004118681,1.984
27.6600004121661,1.986
27.6800004124641,1.978
27.7000004127622,1.966
27.7200004130602,1.98400000000001
27.7400004133582,2.029
27.7600004136562,2.042
27.7800004139543,2.074
27.8000004142523,2.069
27.8200004145503,2.048
27.8400004148483,2.023
27.8600004151464,1.981
27.8800004154444,1.966
27.9000004157424,1.95
27.9200004160404,1.934
27.9400004163384,1.929
27.9600004166365,1.903
27.9800004169345,1.896
28.0000004172325,1.892
28.0200004175305,1.877
28.0400004178286,1.875
28.0600004181266,1.874
28.0800004184246,1.882
28.1000004187226,1.908
28.1200004190207,1.953
28.1400004193187,1.968
28.1600004196167,1.955
28.1800004199147,1.926
28.2000004202127,1.916
28.2200004205108,1.897
28.2400004208088,1.88
28.2600004211068,1.867
28.2800004214048,1.852
28.3000004217029,1.84
28.3200004220009,1.842
28.3400004222989,1.838
28.3600004225969,1.824
28.380000422895,1.797
28.400000423193,1.769
28.420000423491,1.77
28.440000423789,1.775
28.460000424087,1.771
28.4800004243851,1.808
28.5000004246831,1.799
28.5200004249811,1.793
28.5400004252791,1.778
28.5600004255772,1.758
28.5800004258752,1.773
28.6000004261732,1.787
28.6200004264712,1.795
28.6400004267693,1.786
28.6600004270673,1.758
28.6800004273653,1.716
28.7000004276633,1.706
28.7200004279614,1.718
28.7400004282594,1.711
28.7600004285574,1.734
28.7800004288554,1.734
28.8000004291534,1.715
28.8200004294515,1.718
28.8400004297495,1.704
28.8600004300475,1.693
28.8800004303455,1.662
28.9000004306436,1.637
28.9200004309416,1.63
28.9400004312396,1.618
28.9600004315376,1.631
28.9800004318357,1.63
29.0000004321337,1.628
29.0200004324317,1.63900000000001
29.0400004327297,1.655
29.0600004330277,1.667
29.0800004333258,1.68
29.1000004336238,1.691
29.1200004339218,1.703
29.1400004342198,1.708
29.1600004345179,1.709
29.1800004348159,1.72
29.2000004351139,1.73399999999999
29.2200004354119,1.696
29.24000043571,1.692
29.260000436008,1.679
29.280000436306,1.653
29.300000436604,1.689
29.320000436902,1.676
29.3400004372001,1.686
29.3600004374981,1.678
29.3800004377961,1.64
29.4000004380941,1.62899999999999
29.4200004383922,1.59199999999999
29.4400004386902,1.581
29.4600004389882,1.605
29.4800004392862,1.604
29.5000004395843,1.605
29.5200004398823,1.62499999999999
29.5400004401803,1.592
29.5600004404783,1.582
29.5800004407763,1.564
29.6000004410744,1.553
29.6200004413724,1.541
29.6400004416704,1.554
29.6600004419684,1.577
29.6800004422665,1.607
29.7000004425645,1.617
29.7200004428625,1.612
29.7400004431605,1.616
29.7600004434586,1.62
29.7800004437566,1.598
29.8000004440546,1.599
29.8200004443526,1.638
29.8400004446507,1.617
29.8600004449487,1.644
29.8800004452467,1.662
29.9000004455447,1.65599999999999
29.9200004458427,1.625
29.9400004461408,1.619
29.9600004464388,1.636
29.9800004467368,1.628
30.0000004470348,1.634
30.0200004473329,1.647
30.0400004476309,1.635
30.0600004479289,1.62
30.0800004482269,1.634
30.100000448525,1.626
30.120000448823,1.627
30.140000449121,1.625
30.160000449419,1.576
30.180000449717,1.554
30.2000004500151,1.533
30.2200004503131,1.53300000000001
30.2400004506111,1.578
30.2600004509091,1.624
30.2800004512072,1.637
30.3000004515052,1.635
30.3200004518032,1.60499999999999
30.3400004521012,1.559
30.3600004523993,1.537
30.3800004526973,1.50700000000001
30.4000004529953,1.48
30.4200004532933,1.50600000000001
30.4400004535913,1.499
30.4600004538894,1.495
30.4800004541874,1.541
30.5000004544854,1.52699999999999
30.5200004547834,1.51900000000001
30.5400004550815,1.543
30.5600004553795,1.543
30.5800004556775,1.531
30.6000004559755,1.549
30.6200004562736,1.55500000000001
30.6400004565716,1.562
30.6600004568696,1.592
30.6800004571676,1.582
30.7000004574656,1.57
30.7200004577637,1.554
30.7400004580617,1.545
30.7600004583597,1.544
30.7800004586577,1.574
30.8000004589558,1.58799999999999
30.8200004592538,1.555
30.8400004595518,1.537
30.8600004598498,1.523
30.8800004601479,1.499
30.9000004604459,1.495
30.9200004607439,1.502
30.9400004610419,1.505
30.96000046134,1.517
30.980000461638,1.53
31.000000461936,1.55899999999999
31.020000462234,1.52600000000001
31.040000462532,1.54
31.0600004628301,1.548
31.0800004631281,1.555
31.1000004634261,1.583
31.1200004637241,1.57099999999999
31.1400004640222,1.549
31.1600004643202,1.534
31.1800004646182,1.508
31.2000004649162,1.48299999999999
31.2200004652143,1.465
31.2400004655123,1.469
31.2600004658103,1.48
31.2800004661083,1.49600000000001
31.3000004664063,1.54300000000001
31.3200004667044,1.564
31.3400004670024,1.573
31.3600004673004,1.597
31.3800004675984,1.602
31.4000004678965,1.593
31.4200004681945,1.56499999999999
31.4400004684925,1.541
31.4600004687905,1.516
31.4800004690886,1.506
31.5000004693866,1.5
31.5200004696846,1.507
31.5400004699826,1.516
31.5600004702806,1.521
31.5800004705787,1.527
31.6000004708767,1.524
31.6200004711747,1.509
31.6400004714727,1.506
31.6600004717708,1.492
31.6800004720688,1.504
31.7000004723668,1.508
31.7200004726648,1.488
31.7400004729629,1.514
31.7600004732609,1.516
31.7800004735589,1.51
31.8000004738569,1.51800000000001
31.8200004741549,1.51899999999999
31.840000474453,1.477
31.860000474751,1.456
31.880000475049,1.447
31.900000475347,1.43599999999999
31.9200004756451,1.419
31.9400004759431,1.42
31.9600004762411,1.42100000000001
31.9800004765391,1.355
32.0000004768372,1.34
32.0200004771352,1.329
32.0400004774332,1.35000000000002
32.0600004777312,1.377
32.0800004780293,1.407
32.1000004783273,1.457
32.1200004786253,1.465
32.1400004789233,1.46100000000001
32.1600004792213,1.47
32.1800004795194,1.435
32.2000004798174,1.43300000000001
32.2200004801154,1.449
32.2400004804134,1.45
32.2600004807115,1.45
32.2800004810095,1.438
32.3000004813075,1.394
32.3200004816055,1.403
32.3400004819036,1.41100000000001
32.3600004822016,1.433
32.3800004824996,1.461
32.4000004827976,1.485
32.4200004830956,1.486
32.4400004833937,1.486
32.4600004836917,1.492
32.4800004839897,1.489
32.5000004842877,1.48
32.5200004845858,1.45
32.5400004848838,1.433
32.5600004851818,1.417
32.5800004854798,1.403
32.6000004857779,1.42
32.6200004860759,1.424
32.6400004863739,1.41100000000001
32.6600004866719,1.431
32.68000048697,1.435
32.700000487268,1.44799999999999
32.720000487566,1.505
32.740000487864,1.51
32.760000488162,1.525
32.7800004884601,1.545
32.8000004887581,1.532
32.8200004890561,1.532
32.8400004893541,1.545
32.8600004896522,1.55
32.8800004899502,1.545
32.9000004902482,1.528
32.9200004905462,1.511
32.9400004908443,1.498
32.9600004911423,1.487
32.9800004914403,1.486
33.0000004917383,1.481
33.0200004920363,1.473
33.0400004923344,1.443
33.0600004926324,1.441
33.0800004929304,1.443
33.1000004932284,1.437
33.1200004935265,1.458
33.1400004938245,1.44
33.1600004941225,1.447
33.1800004944205,1.448
33.2000004947186,1.441
33.2200004950166,1.423
33.2400004953146,1.404
33.2600004956126,1.406
33.2800004959106,1.378
33.3000004962087,1.364
33.3200004965067,1.352
33.3400004968047,1.307
33.3600004971027,1.286
33.3800004974008,1.293
33.4000004976988,1.301
33.4200004979968,1.312
33.4400004982948,1.314
33.4600004985929,1.302
33.4800004988909,1.294
33.5000004991889,1.265
33.5200004994869,1.242
33.540000499785,1.254
33.560000500083,1.275
33.580000500381,1.274
33.600000500679,1.287
33.620000500977,1.267
33.6400005012751,1.23700000000001
33.6600005015731,1.258
33.6800005018711,1.251
33.7000005021691,1.262
33.7200005024672,1.272
33.7400005027652,1.243
33.7600005030632,1.259
33.7800005033612,1.287
33.8000005036592,1.31
33.8200005039573,1.333
33.8400005042553,1.32399999999998
33.8600005045533,1.316
33.8800005048513,1.284
33.9000005051494,1.269
33.9200005054474,1.265
33.9400005057454,1.25699999999999
33.9600005060434,1.243
33.9800005063415,1.252
34.0000005066395,1.294
34.0200005069375,1.319
34.0400005072355,1.332
34.0600005075335,1.343
34.0800005078316,1.322
34.1000005081296,1.288
34.1200005084276,1.281
34.1400005087256,1.29000000000001
34.1600005090237,1.31
34.1800005093217,1.316
34.2000005096197,1.332
34.2200005099177,1.315
34.2400005102158,1.28199999999999
34.2600005105138,1.298
34.2800005108118,1.288
34.3000005111098,1.312
34.3200005114079,1.336
34.3400005117059,1.34299999999999
34.3600005120039,1.349
34.3800005123019,1.374
34.4000005125999,1.385
34.420000512898,1.374
34.440000513196,1.38
34.460000513494,1.365
34.480000513792,1.335
34.5000005140901,1.338
34.5200005143881,1.325
34.5400005146861,1.29199999999999
34.5600005149841,1.283
34.5800005152822,1.281
34.6000005155802,1.245
34.6200005158782,1.251
34.6400005161762,1.252
34.6600005164742,1.26
34.6800005167723,1.288
34.7000005170703,1.318
34.7200005173683,1.376
34.7400005176663,1.35499999999999
34.7600005179644,1.339
34.7800005182624,1.334
34.8000005185604,1.305
34.8200005188584,1.315
34.8400005191565,1.32999999999999
34.8600005194545,1.324
34.8800005197525,1.339
34.9000005200505,1.337
34.9200005203485,1.34
34.9400005206466,1.35299999999999
34.9600005209446,1.338
34.9800005212426,1.359
35.0000005215406,1.357
35.0200005218387,1.356
35.0400005221367,1.36899999999999
35.0600005224347,1.345
35.0800005227327,1.315
35.1000005230308,1.29300000000001
35.1200005233288,1.249
35.1400005236268,1.22099999999999
35.1600005239248,1.211
35.1800005242229,1.201
35.2000005245209,1.219
35.2200005248189,1.235
35.2400005251169,1.257
35.2600005254149,1.25599999999999
35.280000525713,1.24
35.300000526011,1.252
35.320000526309,1.233
35.340000526607,1.24200000000002
35.3600005269051,1.303
35.3800005272031,1.301
35.4000005275011,1.323
35.4200005277991,1.324
35.4400005280972,1.29299999999999
35.4600005283952,1.258
35.4800005286932,1.233
35.5000005289912,1.219
35.5200005292892,1.232
35.5400005295873,1.25000000000001
35.5600005298853,1.286
35.5800005301833,1.30200000000001
35.6000005304813,1.34
35.6200005307794,1.346
35.6400005310774,1.332
35.6600005313754,1.336
35.6800005316734,1.318
35.7000005319715,1.314
35.7200005322695,1.342
35.7400005325675,1.37500000000001
35.7600005328655,1.376
35.7800005331636,1.403
35.8000005334616,1.399
35.8200005337596,1.358
35.8400005340576,1.339
35.8600005343556,1.324
35.8800005346537,1.32
35.9000005349517,1.333
35.9200005352497,1.326
35.9400005355477,1.328
35.9600005358458,1.303
35.9800005361438,1.292
36.0000005364418,1.291
36.0200005367398,1.277
36.0400005370379,1.26500000000001
36.0600005373359,1.272
36.0800005376339,1.26
36.1000005379319,1.254
36.1200005382299,1.281
36.140000538528,1.26399999999998
36.160000538826,1.234
36.180000539124,1.219
36.200000539422,1.187
36.2200005397201,1.174
36.2400005400181,1.19200000000001
36.2600005403161,1.216
36.2800005406141,1.231
36.3000005409121,1.227
36.3200005412102,1.244
36.3400005415082,1.25300000000001
36.3600005418062,1.267
36.3800005421042,1.264
36.4000005424023,1.289
36.4200005427003,1.292
36.4400005429983,1.25599999999999
36.4600005432963,1.247
36.4800005435944,1.22799999999999
36.5000005438924,1.209
36.5200005441904,1.22499999999999
36.5400005444884,1.256
36.5600005447865,1.255
36.5800005450845,1.276
36.6000005453825,1.26
36.6200005456805,1.225
36.6400005459786,1.22299999999999
36.6600005462766,1.191
36.6800005465746,1.154
36.7000005468726,1.157
36.7200005471706,1.164
36.7400005474687,1.156
36.7600005477667,1.17
36.7800005480647,1.172
36.8000005483627,1.143
36.8200005486608,1.124
36.8400005489588,1.119
36.8600005492568,1.117
36.8800005495548,1.133
36.9000005498528,1.157
36.9200005501509,1.173
36.9400005504489,1.175
36.9600005507469,1.181
36.9800005510449,1.19499999999999
37.000000551343,1.173
37.020000551641,1.167
37.040000551939,1.16099999999999
37.060000552237,1.143
37.0800005525351,1.176
37.1000005528331,1.189
37.1200005531311,1.18
37.1400005534291,1.17499999999999
37.1600005537271,1.14
37.1800005540252,1.115
37.2000005543232,1.128
37.2200005546212,1.145
37.2400005549192,1.142
37.2600005552173,1.154
37.2800005555153,1.119
37.3000005558133,1.083
37.3200005561113,1.062
37.3400005564094,1.05099999999999
37.3600005567074,1.062
37.3800005570054,1.071
37.4000005573034,1.089
37.4200005576015,1.081
37.4400005578995,1.083
37.4600005581975,1.073
37.4800005584955,1.074
37.5000005587935,1.129
37.5200005590916,1.135
37.5400005593896,1.121
37.5600005596876,1.104
37.5800005599856,1.065
37.6000005602837,1.076
37.6200005605817,1.078
37.6400005608797,1.09600000000001
37.6600005611777,1.107
37.6800005614758,1.098
37.7000005617738,1.1
37.7200005620718,1.089
37.7400005623698,1.094
37.7600005626678,1.091
37.7800005629659,1.087
37.8000005632639,1.092
37.8200005635619,1.07599999999999
37.8400005638599,1.045
37.860000564158,1.029
37.880000564456,1.055
37.900000564754,1.071
37.920000565052,1.108
37.9400005653501,1.15100000000001
37.9600005656481,1.166
37.9800005659461,1.191
38.0000005662441,1.206
38.0200005665422,1.187
38.0400005668402,1.18999999999998
38.0600005671382,1.18
38.0800005674362,1.202
38.1000005677342,1.218
38.1200005680323,1.276
38.1400005683303,1.321
38.1600005686283,1.324
38.1800005689263,1.335
38.2000005692244,1.306
38.2200005695224,1.276
38.2400005698204,1.21799999999996
38.2600005701184,1.164
38.2800005704165,1.148
38.3000005707145,1.128
38.3200005710125,1.127
38.3400005713105,1.123
38.3600005716085,1.107
38.3800005719066,1.078
38.4000005722046,1.076
38.4200005725026,1.099
38.4400005728006,1.11900000000001
38.4600005730987,1.151
38.4800005733967,1.153
38.5000005736947,1.141
38.5200005739927,1.123
38.5400005742908,1.13799999999999
38.5600005745888,1.129
38.5800005748868,1.163
38.6000005751848,1.194
38.6200005754828,1.173
38.6400005757809,1.16099999999999
38.6600005760789,1.141
38.6800005763769,1.133
38.7000005766749,1.13
38.720000576973,1.166
38.740000577271,1.17099999999999
38.760000577569,1.149
38.780000577867,1.193
38.8000005781651,1.198
38.8200005784631,1.2
38.8400005787611,1.20799999999999
38.8600005790591,1.173
38.8800005793572,1.161
38.9000005796552,1.17400000000001
38.9200005799532,1.207
38.9400005802512,1.22900000000001
38.9600005805492,1.247
38.9800005808473,1.294
39.0000005811453,1.285
39.0200005814433,1.272
39.0400005817413,1.24999999999999
39.0600005820394,1.21899999999999
39.0800005823374,1.173
39.1000005826354,1.151
39.1200005829334,1.148
39.1400005832315,1.12799999999999
39.1600005835295,1.115
39.1800005838275,1.099
39.2000005841255,1.123
39.2200005844235,1.15
39.2400005847216,1.166
39.2600005850196,1.21599999999999
39.2800005853176,1.224
39.3000005856156,1.213
39.3200005859137,1.221
39.3400005862117,1.23399999999999
39.3600005865097,1.217
39.3800005868077,1.198
39.4000005871057,1.21299999999999
39.4200005874038,1.188
39.4400005877018,1.20900000000001
39.4600005879998,1.228
39.4800005882978,1.213
39.5000005885959,1.221
39.5200005888939,1.198
39.5400005891919,1.186
39.5600005894899,1.187
39.580000589788,1.193
39.600000590086,1.183
39.620000590384,1.168
39.640000590682,1.17
39.6600005909801,1.154
39.6800005912781,1.138
39.7000005915761,1.15
39.7200005918741,1.156
39.7400005921722,1.155
39.7600005924702,1.154
39.7800005927682,1.136
39.8000005930662,1.094
39.8200005933642,1.082
39.8400005936623,1.101
39.8600005939603,1.107
39.8800005942583,1.112
39.9000005945563,1.135
39.9200005948544,1.111
39.9400005951524,1.113
39.9600005954504,1.109
39.9800005957484,1.111
40.0000005960465,1.112
40.0200005963445,1.083
40.0400005966425,1.081
40.0600005969405,1.069
40.0800005972385,1.038
40.1000005975366,1.06
40.1200005978346,1.095
40.1400005981326,1.11100000000002
40.1600005984306,1.16200000000001
40.1800005987287,1.198
40.2000005990267,1.203
40.2200005993247,1.204
40.2400005996227,1.21799999999999
40.2600005999208,1.167
40.2800006002188,1.161
40.3000006005168,1.153
40.3200006008148,1.127
40.3400006011128,1.122
40.3600006014109,1.113
40.3800006017089,1.089
40.4000006020069,1.077
40.4200006023049,1.081
40.440000602603,1.07
40.460000602901,1.07300000000001
40.480000603199,1.118
40.500000603497,1.101
40.5200006037951,1.11
40.5400006040931,1.09899999999999
40.5600006043911,1.066
40.5800006046891,1.05500000000001
40.6000006049871,1.021
40.6200006052852,1.01
40.6400006055832,0.99799999999999
40.6600006058812,0.959
40.6800006061792,0.967
40.7000006064773,0.964
40.7200006067753,0.975000000000001
40.7400006070733,1.00000000000001
40.7600006073713,1.005
40.7800006076694,1.028
40.8000006079674,1.049
40.8200006082654,1.057
40.8400006085634,1.052
40.8600006088614,1.034
40.8800006091595,1.035
40.9000006094575,1.032
40.9200006097555,1.048
40.9400006100536,1.051
40.9600006103516,1.047
40.9800006106496,1.024
41.0000006109476,1.03100000000001
41.0200006112456,1.065
41.0400006115437,1.07100000000001
41.0600006118417,1.086
41.0800006121397,1.088
41.1000006124377,1.069
41.1200006127358,1.091
41.1400006130338,1.076
41.1600006133318,1.059
41.1800006136298,1.042
41.2000006139278,1.02800000000001
41.2200006142259,1.075
41.2400006145239,1.09200000000001
41.2600006148219,1.129
41.2800006151199,1.141
41.300000615418,1.107
41.320000615716,1.087
41.340000616014,1.05799999999999
41.360000616312,1.041
41.3800006166101,1.051
41.4000006169081,1.049
41.4200006172061,1.059
41.4400006175041,1.093
41.4600006178021,1.101
41.4800006181002,1.128
41.5000006183982,1.167
41.5200006186962,1.16
41.5400006189942,1.17399999999999
41.5600006192923,1.147
41.5800006195903,1.137
41.6000006198883,1.112
41.6200006201863,1.082
41.6400006204844,1.08399999999999
41.6600006207824,1.061
41.6800006210804,1.051
41.7000006213784,1.054
41.7200006216765,1.06
41.7400006219745,1.047
41.7600006222725,1.048
41.7800006225705,1.041
41.8000006228685,1.027
41.8200006231666,1.038
41.8400006234646,1.03600000000001
41.8600006237626,1.05800000000001
41.8800006240606,1.07
41.9000006243587,1.051
41.9200006246567,1.023
41.9400006249547,0.997
41.9600006252527,0.964
41.9800006255508,0.963000000000001
42.0000006258488,0.967999999999996
42.0200006261468,0.969999999999999
42.0400006264448,0.943000000000001
42.0600006267428,0.949000000000002
42.0800006270409,0.957000000000001
42.1000006273389,0.95
42.1200006276369,0.975999999999999
42.1400006279349,0.990999999999996
42.160000628233,0.98
42.180000628531,0.983000000000001
42.200000628829,0.992999999999999
42.220000629127,0.986999999999998
42.2400006294251,0.993000000000006
42.2600006297231,0.998000000000001
42.2800006300211,0.994
42.3000006303191,0.957999999999998
42.3200006306171,0.973
42.3400006309152,0.964999999999996
42.3600006312132,0.95
42.3800006315112,0.954000000000001
42.4000006318092,0.945
42.4200006321073,0.946999999999999
42.4400006324053,0.945000000000002
42.4600006327033,0.962999999999999
42.4800006330013,0.959999999999994
42.5000006332994,0.939
42.5200006335974,0.957000000000001
42.5400006338954,0.961999999999993
42.5600006341934,0.952000000000002
42.5800006344914,0.942999999999998
42.6000006347895,0.915999999999997
42.6200006350875,0.907
42.6400006353855,0.894999999999982
42.6600006356835,0.902999999999999
42.6800006359816,0.899999999999999
42.7000006362796,0.918000000000006
42.7200006365776,0.973000000000013
42.7400006368756,1.02400000000001
42.7600006371737,1.038
42.7800006374717,1.069
42.8000006377697,1.046
42.8200006380677,1.048
42.8400006383658,1.06400000000001
42.8600006386638,1.07
42.8800006389618,1.08
42.9000006392598,1.07299999999999
42.9200006395578,1.099
42.9400006398559,1.11000000000001
42.9600006401539,1.124
42.9800006404519,1.131
43.0000006407499,1.116
43.020000641048,1.127
43.040000641346,1.11
43.060000641644,1.099
43.080000641942,1.08
43.10000064224,1.066
43.1200006425381,1.042
43.1400006428361,1.044
43.1600006431341,1.047
43.1800006434322,1.04
43.2000006437302,1.038
43.2200006440282,1.021
43.2400006443262,1.015
43.2600006446242,1.026
43.2800006449223,1.021
43.3000006452203,1.035
43.3200006455183,1.05800000000001
43.3400006458163,1.017
43.3600006461144,1.006
43.3800006464124,0.989999999999995
43.4000006467104,0.978
43.4200006470084,0.972000000000001
43.4400006473065,0.987000000000009
43.4600006476045,1.027
43.4800006479025,1.032
43.5000006482005,1.039
43.5200006484985,1.039
43.5400006487966,0.999000000000006
43.5600006490946,1.014
43.5800006493926,1.008
43.6000006496906,1.006
43.6200006499887,1.015
43.6400006502867,1.02
43.6600006505847,1.024
43.6800006508827,1.044
43.7000006511807,1.07599999999999
43.7200006514788,1.114
43.7400006517768,1.128
43.7600006520748,1.126
43.7800006523728,1.128
43.8000006526709,1.117
43.8200006529689,1.127
43.8400006532669,1.14700000000002
43.8600006535649,1.184
43.880000653863,1.156
43.900000654161,1.13399999999999
43.920000654459,1.093
43.940000654757,1.05699999999999
43.9600006550551,1.046
43.9800006553531,1.066
44.0000006556511,1.112
44.0200006559491,1.15700000000001
44.0400006562471,1.20100000000001
44.0600006565452,1.197
44.0800006568432,1.186
44.1000006571412,1.16800000000001
44.1200006574392,1.134
44.1400006577373,1.111
44.1600006580353,1.106
44.1800006583333,1.124
44.2000006586313,1.11199999999999
44.2200006589294,1.135
44.2400006592274,1.145
44.2600006595254,1.14
44.2800006598234,1.142
44.3000006601214,1.139
44.3200006604195,1.128
44.3400006607175,1.12800000000001
44.3600006610155,1.132
44.3800006613135,1.146
44.4000006616116,1.172
44.4200006619096,1.182
44.4400006622076,1.20900000000002
44.4600006625056,1.204
44.4800006628037,1.192
44.5000006631017,1.19999999999999
44.5200006633997,1.18
44.5400006636977,1.19700000000001
44.5600006639957,1.194
44.5800006642938,1.186
44.6000006645918,1.17999999999999
44.6200006648898,1.162
44.6400006651878,1.16600000000001
44.6600006654859,1.183
44.6800006657839,1.184
44.7000006660819,1.156
44.7200006663799,1.14
44.740000666678,1.11099999999999
44.760000666976,1.077
44.780000667274,1.073
44.800000667572,1.05099999999999
44.82000066787,1.02
44.8400006681681,0.998000000000001
44.8600006684661,1.004
44.8800006687641,1.013
44.9000006690621,1.038
44.9200006693602,1.061
44.9400006696582,1.066
44.9600006699562,1.045
44.9800006702542,1.014
45.0000006705523,1.002
45.0200006708503,1.019
45.0400006711483,1.02700000000003
45.0600006714463,1.064
45.0800006717444,1.061
45.1000006720424,1.03099999999999
45.1200006723404,1.049
45.1400006726384,1.018
45.1600006729364,1.014
45.1800006732345,1.027
45.2000006735325,1.02799999999999
45.2200006738305,1.033
45.2400006741285,1.07099999999999
45.2600006744266,1.054
45.2800006747246,1.034
45.3000006750226,1.025
45.3200006753206,1.013
45.3400006756187,1.02
45.3600006759167,1.03
45.3800006762147,1.018
45.4000006765127,1.003
45.4200006768108,1.0
45.4400006771088,0.996000000000009
45.4600006774068,1.02
45.4800006777048,1.046
45.5000006780028,1.054
45.5200006783009,1.055
45.5400006785989,1.057
45.5600006788969,1.052
45.5800006791949,1.047
45.600000679493,1.06300000000001
45.620000679791,1.067
45.640000680089,1.04
45.660000680387,1.058
45.6800006806851,1.052
45.7000006809831,1.05400000000001
45.7200006812811,1.064
45.7400006815791,1.03899999999999
45.7600006818771,1.017
45.7800006821752,1.012
45.8000006824732,0.993000000000009
45.8200006827712,1.027
45.8400006830692,1.06100000000001
45.8600006833673,1.072
45.8800006836653,1.072
45.9000006839633,1.04999999999999
45.9200006842613,1.043
45.9400006845594,1.04
45.9600006848574,1.043
45.9800006851554,1.074
46.0000006854534,1.04999999999998
46.0200006857514,1.023
46.0400006860495,1.018
46.0600006863475,0.999000000000002
46.0800006866455,0.978999999999999
46.1000006869435,0.989
46.1200006872416,0.994
46.1400006875396,1.00700000000001
46.1600006878376,1.033
46.1800006881356,1.025
46.2000006884337,1.034
46.2200006887317,1.04000000000001
46.2400006890297,1.08000000000001
46.2600006893277,1.107
46.2800006896257,1.139
46.3000006899238,1.15599999999998
46.3200006902218,1.11
46.3400006905198,1.09999999999999
46.3600006908178,1.07299999999999
46.3800006911159,1.077
46.4000006914139,1.06900000000001
46.4200006917119,1.082
46.4400006920099,1.101
46.460000692308,1.077
46.480000692606,1.045
46.500000692904,1.02799999999999
46.520000693202,0.999000000000002
46.5400006935001,1.017
46.5600006937981,1.03100000000001
46.5800006940961,1.032
46.6000006943941,1.017
46.6200006946921,0.995999999999995
46.6400006949902,1.02900000000001
46.6600006952882,1.066
46.6800006955862,1.083
46.7000006958842,1.088
46.7200006961823,1.092
46.7400006964803,1.054
46.7600006967783,1.051
46.7800006970763,1.074
46.8000006973744,1.075
46.8200006976724,1.052
46.8400006979704,1.02799999999999
46.8600006982684,0.991999999999997
46.8800006985664,0.960999999999999
46.9000006988645,0.928999999999995
46.9200006991625,0.932
46.9400006994605,0.92499999999999
46.9600006997585,0.911999999999999
46.9800007000566,0.916
47.0000007003546,0.909999999999997
47.0200007006526,0.911000000000001
47.0400007009506,0.927000000000007
47.0600007012486,0.936
47.0800007015467,0.938
47.1000007018447,0.933999999999998
47.1200007021427,0.934
47.1400007024407,0.927000000000007
47.1600007027388,0.948999999999998
47.1800007030368,0.959
47.2000007033348,0.945999999999998
47.2200007036328,0.948
47.2400007039309,0.958999999999996
47.2600007042289,0.945999999999998
47.2800007045269,0.975999999999999
47.3000007048249,0.988000000000003
47.320000705123,0.992000000000001
47.340000705421,1.02000000000001
47.360000705719,1.045
47.380000706017,1.083
47.400000706315,1.091
47.4200007066131,1.104
47.4400007069111,1.08799999999999
47.4600007072091,1.077
47.4800007075071,1.072
47.5000007078052,1.075
47.5200007081032,1.064
47.5400007084012,1.08000000000001
47.5600007086992,1.08
47.5800007089973,1.05500000000001
47.6000007092953,1.036
47.6200007095933,1.021
47.6400007098913,0.99199999999999
47.6600007101894,0.965
47.6800007104874,0.957000000000001
47.7000007107854,0.962999999999994
47.7200007110834,0.954000000000001
47.7400007113814,0.986000000000018
47.7600007116795,0.986
47.7800007119775,1.018
47.8000007122755,1.02799999999999
47.8200007125735,0.999000000000002
47.8400007128716,0.995000000000005
47.8600007131696,0.967999999999989
47.8800007134676,0.933
47.9000007137656,0.964999999999998
47.9200007140637,0.966999999999999
47.9400007143617,0.983000000000004
47.9600007146597,0.991
47.9800007149577,0.975
48.0000007152557,0.990999999999985
48.0200007155538,0.967
48.0400007158518,0.970000000000002
48.0600007161498,0.984000000000002
48.0800007164478,1.002
48.1000007167459,1.02900000000001
48.1200007170439,1.053
48.1400007173419,1.07500000000002
48.1600007176399,1.06200000000001
48.180000717938,1.042
48.200000718236,1.03499999999998
48.220000718534,0.998000000000005
48.240000718832,0.971000000000004
48.26000071913,0.957999999999998
48.2800007194281,0.906000000000006
48.3000007197261,0.888
48.3200007200241,0.888000000000005
48.3400007203221,0.917
48.3600007206202,0.917999999999999
48.3800007209182,0.914000000000002
48.4000007212162,0.897999999999982
48.4200007215142,0.859
48.4400007218123,0.867000000000004
48.4600007221103,0.878
48.4800007224083,0.866
48.5000007227063,0.856999999999998
48.5200007230043,0.848000000000001
48.5400007233024,0.841000000000008
48.5600007236004,0.867000000000004
48.5800007238984,0.904000000000004
48.6000007241964,0.923000000000002
48.6200007244945,0.914999999999999
48.6400007247925,0.939999999999998
48.6600007250905,0.951000000000001
48.6800007253885,0.948
48.7000007256866,0.956000000000017
48.7200007259846,0.991
48.7400007262826,0.957999999999984
48.7600007265806,0.930999999999997
48.7800007268787,0.945
48.8000007271767,0.919999999999973
48.8200007274747,0.899999999999999
48.8400007277727,0.936000000000002
48.8600007280707,0.936
48.8800007283688,0.922000000000001
48.9000007286668,0.932000000000002
48.9200007289648,0.943000000000001
48.9400007292628,0.932000000000009
48.9600007295609,0.953000000000003
48.9800007298589,0.962000000000003
49.0000007301569,0.951
49.0200007304549,0.960999999999999
49.040000730753,0.953999999999994
49.060000731051,0.943999999999999
49.080000731349,0.945999999999998
49.100000731647,0.92499999999999
49.120000731945,0.920999999999999
49.1400007322431,0.935000000000009
49.1600007325411,0.945
49.1800007328391,0.957999999999998
49.2000007331371,0.972
49.2200007334352,0.959000000000003
49.2400007337332,0.958000000000002
49.2600007340312,0.960999999999999
49.2800007343292,0.946999999999999
49.3000007346273,0.944000000000001
49.3200007349253,0.926999999999993
49.3400007352233,0.881999999999991
49.3600007355213,0.843000000000004
49.3800007358193,0.808999999999998
49.4000007361174,0.779
49.4200007364154,0.774000000000001
49.4400007367134,0.793000000000021
49.4600007370114,0.835000000000008
49.4800007373095,0.897999999999996
49.5000007376075,0.929000000000016
49.5200007379055,0.962
49.5400007382035,0.987000000000023
49.5600007385016,1.004
49.5800007387996,0.99
49.6000007390976,0.990000000000009
49.6200007393956,1.015
49.6400007396936,1.004
49.6600007399917,1.021
49.6800007402897,1.058
49.7000007405877,1.042
49.7200007408857,1.043
49.7400007411838,1.062
49.7600007414818,1.062
49.7800007417798,1.034
49.8000007420778,1.032
49.8200007423759,1.031
49.8400007426739,1.02000000000001
49.8600007429719,1.042
49.8800007432699,1.047
49.900000743568,1.027
49.920000743866,1.038
49.940000744164,0.995999999999981
49.960000744462,0.968
49.98000074476,0.957000000000001
50.0000007450581,0.926999999999996
50.0200007453561,0.925
50.0400007456541,0.918999999999983
50.0600007459521,0.888999999999996
50.0800007462502,0.871
50.1000007465482,0.870999999999999
50.1200007468462,0.870000000000005
50.1400007471442,0.852000000000004
50.1600007474423,0.852000000000004
50.1800007477403,0.836
50.2000007480383,0.826999999999998
50.2200007483363,0.826999999999998
50.2400007486343,0.85
50.2600007489324,0.850000000000001
50.2800007492304,0.841999999999999
50.3000007495284,0.844999999999999
50.3200007498264,0.802
50.3400007501245,0.820000000000004
50.3600007504225,0.834000000000003
50.3800007507205,0.861000000000001
50.4000007510185,0.887000000000015
50.4200007513166,0.916
50.4400007516146,0.891999999999996
50.4600007519126,0.885999999999999
50.4800007522106,0.893000000000001
50.5000007525087,0.890000000000001
50.5200007528067,0.876
50.5400007531047,0.881999999999998
50.5600007534027,0.865000000000002
50.5800007537007,0.853
50.6000007539988,0.856000000000005
50.6200007542968,0.859999999999999
50.6400007545948,0.856999999999999
50.6600007548928,0.850999999999999
50.6800007551909,0.823999999999998
50.7000007554889,0.789999999999992
50.7200007557869,0.775
50.7400007560849,0.779999999999998
50.7600007563829,0.766000000000005
50.780000756681,0.789000000000002
50.800000756979,0.790999999999997
50.820000757277,0.780000000000001
50.840000757575,0.807000000000016
50.8600007578731,0.837000000000003
50.8800007581711,0.848999999999999
50.9000007584691,0.853000000000005
50.9200007587671,0.843000000000004
50.9400007590652,0.822999999999999
50.9600007593632,0.822999999999993
50.9800007596612,0.855
51.0000007599592,0.865000000000009
