time_min,absorb_mau
0.0,-0.008
0.0133333335320155,-0.03
0.026666667064031,-0.04
0.0400000005960465,-0.051
0.0533333341280619,-0.072
0.0666666676600774,-0.092
0.0800000011920929,-0.101
0.0933333347241084,-0.092
0.106666668256124,-0.086
0.120000001788139,-0.082
0.133333335320155,-0.049
0.14666666885217,0.038
0.160000002384186,0.132
0.173333335916201,0.219
0.186666669448217,0.291
0.200000002980232,0.341
0.213333336512248,0.364
0.226666670044263,0.309
0.240000003576279,0.242
0.253333337108294,0.179
0.26666667064031,0.123
0.280000004172325,0.065
0.293333337704341,0.066
0.306666671236356,0.081
0.320000004768372,0.087
0.333333338300387,0.077
0.346666671832403,0.076
0.360000005364418,0.096
0.373333338896433,0.098
0.386666672428449,0.087
0.400000005960465,0.079
0.41333333949248,0.096
0.426666673024495,0.107
0.440000006556511,0.109
0.453333340088526,0.11
0.466666673620542,0.119
0.480000007152557,0.119
0.493333340684573,0.125
0.506666674216588,0.133
0.520000007748604,0.127
0.533333341280619,0.1
0.546666674812635,0.073
0.56000000834465,0.059
0.573333341876666,0.048
0.586666675408681,0.0309999999999999
0.600000008940697,-0.0009999999999998
0.613333342472712,-0.02
0.626666676004728,-0.009
0.640000009536743,-0.006
0.653333343068759,-0.013
0.666666676600774,-0.022
0.68000001013279,-0.027
0.693333343664805,-0.012
0.706666677196821,-0.001
0.720000010728836,-0.012
0.733333344260852,-0.004
0.746666677792867,-0.01
0.760000011324882,-0.006
0.773333344856898,-0.001
0.786666678388913,-0.001
0.800000011920929,-0.003
0.813333345452944,-0.016
0.82666667898496,-0.021
0.840000012516975,-0.021
0.853333346048991,-0.024
0.866666679581006,-0.028
0.880000013113022,-0.032
0.893333346645037,-0.0229999999999999
0.906666680177053,0.0019999999999997
0.920000013709068,0.0309999999999999
0.933333347241084,0.0049999999999998
0.946666680773099,-0.0149999999999999
0.960000014305115,-0.023
0.97333334783713,-0.027
0.986666681369146,-0.0409999999999999
1.00000001490116,-0.081
1.01333334843318,-0.077
1.02666668196519,-0.0560000000000001
1.04000001549721,-0.044
1.05333334902922,-0.048
1.06666668256124,-0.039
1.08000001609325,-0.028
1.09333334962527,-0.016
1.10666668315729,-0.006
1.1200000166893,0.003
1.13333335022132,0.012
1.14666668375333,0.0069999999999999
1.16000001728535,-0.002
1.17333335081736,-0.0070000000000001
1.18666668434938,-0.034
1.20000001788139,-0.043
1.21333335141341,-0.0609999999999999
1.22666668494542,-0.0699999999999998
1.24000001847744,-0.042
1.25333335200946,-0.046
1.26666668554147,-0.038
1.28000001907349,-0.027
1.2933333526055,-0.0129999999999999
1.30666668613752,0.026
1.32000001966953,0.021
1.33333335320155,0.0409999999999999
1.34666668673356,0.058
1.36000002026558,0.0600000000000001
1.37333335379759,0.07
1.38666668732961,0.071
1.40000002086163,0.072
1.41333335439364,0.0670000000000002
1.42666668792566,0.0499999999999998
1.44000002145767,0.0800000000000001
1.45333335498969,0.0980000000000001
1.4666666885217,0.102
1.48000002205372,0.104
1.49333335558573,0.115
1.50666668911775,0.117
1.52000002264977,0.121
1.53333335618178,0.126
1.5466666897138,0.128
1.56000002324581,0.125
1.57333335677783,0.139
1.58666669030984,0.16
1.60000002384186,0.177
1.61333335737387,0.176
1.62666669090589,0.156
1.6400000244379,0.165
1.65333335796992,0.172
1.66666669150194,0.169
1.68000002503395,0.17
1.69333335856597,0.187
1.70666669209798,0.218
1.72000002563,0.255
1.73333335916201,0.291
1.74666669269403,0.318
1.76000002622604,0.35
1.77333335975806,0.362
1.78666669329007,0.38
1.80000002682209,0.411
1.81333336035411,0.45
1.82666669388612,0.468
1.84000002741814,0.503
1.85333336095015,0.535
1.86666669448217,0.563
1.88000002801418,0.589
1.8933333615462,0.58
1.90666669507821,0.618
1.92000002861023,0.667
1.93333336214225,0.711
1.94666669567426,0.753
1.96000002920628,0.785
1.97333336273829,0.840999999999999
1.98666669627031,0.892
2.00000002980232,0.924
2.01333336333434,0.96
2.02666669686635,0.995
2.04000003039837,1.042
2.05333336393038,1.083
2.0666666974624,1.117
2.08000003099442,1.151
2.09333336452643,1.193
2.10666669805845,1.246
2.12000003159046,1.3
2.13333336512248,1.347
2.14666669865449,1.414
2.16000003218651,1.481
2.17333336571852,1.536
2.18666669925054,1.582
2.20000003278255,1.627
2.21333336631457,1.706
2.22666669984659,1.773
2.2400000333786,1.829
2.25333336691062,1.88
2.26666670044263,1.932
2.28000003397465,1.99
2.29333336750666,2.036
2.30666670103868,2.079
2.32000003457069,2.128
2.33333336810271,2.184
2.34666670163472,2.226
2.36000003516674,2.289
2.37333336869876,2.346
2.38666670223077,2.388
2.40000003576279,2.437
2.4133333692948,2.498
2.42666670282682,2.561
2.44000003635883,2.622
2.45333336989085,2.673
2.46666670342286,2.743
2.48000003695488,2.787
2.4933333704869,2.835
2.50666670401891,2.883
2.52000003755093,2.938
2.53333337108294,2.996
2.54666670461496,3.033
2.56000003814697,3.096
2.57333337167899,3.169
2.586666705211,3.206
2.60000003874302,3.289
2.61333337227503,3.353
2.62666670580705,3.434
2.64000003933907,3.53
2.65333337287108,3.592
2.6666667064031,3.693
2.68000003993511,3.772
2.69333337346713,3.856
2.70666670699914,3.959
2.72000004053116,4.054
2.73333337406317,4.158
2.74666670759519,4.263
2.7600000411272,4.372
2.77333337465922,4.487
2.78666670819124,4.563
2.80000004172325,4.659
2.81333337525527,4.746
2.82666670878728,4.832
2.8400000423193,4.924
2.85333337585131,5.011
2.86666670938333,5.125
2.88000004291534,5.232
2.89333337644736,5.335
2.90666670997938,5.462
2.92000004351139,5.583
2.93333337704341,5.695
2.94666671057542,5.81
2.96000004410744,5.925
2.97333337763945,6.037
2.98666671117147,6.151
3.00000004470348,6.279
3.0133333782355,6.414
3.02666671176751,6.561
3.04000004529953,6.717
3.05333337883155,6.868
3.06666671236356,7.026
3.08000004589558,7.185
3.09333337942759,7.334
3.10666671295961,7.467
3.12000004649162,7.614
3.13333338002364,7.773
3.14666671355565,7.938
3.16000004708767,8.097
3.17333338061968,8.255
3.1866667141517,8.437
3.20000004768372,8.61
3.21333338121573,8.78
3.22666671474775,8.966
3.24000004827976,9.153
3.25333338181178,9.348
3.26666671534379,9.559
3.28000004887581,9.776
3.29333338240782,9.977
3.30666671593984,10.162
3.32000004947186,10.356
3.33333338300387,10.55
3.34666671653589,10.742
3.3600000500679,10.929
3.37333338359992,11.149
3.38666671713193,11.389
3.40000005066395,11.628
3.41333338419596,11.874
3.42666671772798,12.106
3.44000005125999,12.351
3.45333338479201,12.62
3.46666671832403,12.867
3.48000005185604,13.097
3.49333338538806,13.36
3.50666671892007,13.611
3.52000005245209,13.876
3.5333333859841,14.126
3.54666671951612,14.382
3.56000005304813,14.669
3.57333338658015,14.951
3.58666672011217,15.259
3.60000005364418,15.561
3.6133333871762,15.863
3.62666672070821,16.174
3.64000005424023,16.487
3.65333338777224,16.794
3.66666672130426,17.093
3.68000005483627,17.382
3.69333338836829,17.686
3.7066667219003,17.999
3.72000005543232,18.308
3.73333338896434,18.634
3.74666672249635,18.966
3.76000005602837,19.29
3.77333338956038,19.65
3.7866667230924,20.013
3.80000005662441,20.397
3.81333339015643,20.792
3.82666672368844,21.181
3.84000005722046,21.601
3.85333339075247,22.004
3.86666672428449,22.407
3.88000005781651,22.791
3.89333339134852,23.184
3.90666672488054,23.616
3.92000005841255,24.037
3.93333339194457,24.468
3.94666672547658,24.929
3.9600000590086,25.361
3.97333339254061,25.809
3.98666672607263,26.222
4.00000005960465,26.567
4.01333339313666,26.894
4.02666672666868,27.217
4.04000006020069,27.537
4.05333339373271,27.864
4.06666672726472,28.195
4.08000006079674,28.606
4.09333339432875,29.07
4.10666672786077,29.565
4.12000006139278,30.079
4.1333333949248,30.633
4.14666672845682,31.203
4.16000006198883,31.764
4.17333339552085,32.325
4.18666672905286,32.883
4.20000006258488,33.389
4.21333339611689,33.901
4.22666672964891,34.419
4.24000006318092,34.95
4.25333339671294,35.502
4.26666673024495,36.043
4.28000006377697,36.638
4.29333339730899,37.252
4.306666730841,37.875
4.32000006437302,38.51
4.33333339790503,39.124
4.34666673143705,39.773
4.36000006496906,40.423
4.37333339850108,41.071
4.38666673203309,41.716
4.40000006556511,42.371
4.41333339909713,43.055
4.42666673262914,43.748
4.44000006616116,44.435
4.45333339969317,45.159
4.46666673322519,45.89
4.4800000667572,46.614
4.49333340028922,47.344
4.50666673382123,48.085
4.52000006735325,48.827
4.53333340088526,49.569
4.54666673441728,50.33
4.5600000679493,51.115
4.57333340148131,51.918
4.58666673501333,52.711
4.60000006854534,53.472
4.61333340207736,54.284
4.62666673560937,55.062
4.64000006914139,55.841
4.6533334026734,56.644
4.66666673620542,57.428
4.68000006973743,58.252
4.69333340326945,59.054
4.70666673680147,59.818
4.72000007033348,60.647
4.7333334038655,61.452
4.74666673739751,62.239
4.76000007092953,63.069
4.77333340446154,63.877
4.78666673799356,64.673
4.80000007152557,65.496
4.81333340505759,66.321
4.82666673858961,67.127
4.84000007212162,67.894
4.85333340565364,68.706
4.86666673918565,69.531
4.88000007271767,70.354
4.89333340624968,71.155
4.9066667397817,71.961
4.92000007331371,72.802
4.93333340684573,73.635
4.94666674037774,74.462
4.96000007390976,75.303
4.97333340744178,76.136
4.98666674097379,76.978
5.00000007450581,77.821
5.01333340803782,78.676
5.02666674156984,79.545
5.04000007510185,80.372
5.05333340863387,81.216
5.06666674216588,82.071
5.0800000756979,82.93
5.09333340922991,83.764
5.10666674276193,84.597
5.12000007629395,85.453
5.13333340982596,86.318
5.14666674335798,87.172
5.16000007688999,88.0
5.17333341042201,88.87
5.18666674395402,89.718
5.20000007748604,90.545
5.21333341101805,91.364
5.22666674455007,92.229
5.24000007808209,93.101
5.2533334116141,93.955
5.26666674514612,94.819
5.28000007867813,95.729
5.29333341221015,96.665
5.30666674574216,97.537
5.32000007927418,98.422
5.33333341280619,99.338
5.34666674633821,100.256
5.36000007987022,101.151
5.37333341340224,102.02
5.38666674693426,102.898
5.40000008046627,103.788
5.41333341399829,104.625
5.4266667475303,105.456
5.44000008106232,106.275
5.45333341459433,107.098
5.46666674812635,107.941
5.48000008165836,108.774
5.49333341519038,109.624
5.50666674872239,110.491
5.52000008225441,111.363
5.53333341578643,112.226
5.54666674931844,113.069
5.56000008285046,113.893
5.57333341638247,114.745
5.58666674991449,115.609
5.6000000834465,116.458
5.61333341697852,117.306
5.62666675051053,118.189
5.64000008404255,119.081
5.65333341757457,119.967
5.66666675110658,120.804
5.6800000846386,121.649
5.69333341817061,122.52
5.70666675170263,123.406
5.72000008523464,124.287
5.73333341876666,125.139
5.74666675229867,126.0
5.76000008583069,126.865
5.7733334193627,127.716
5.78666675289472,128.547
5.80000008642674,129.332
5.81333341995875,130.158
5.82666675349077,130.982
5.84000008702278,131.795
5.8533334205548,132.59
5.86666675408681,133.369
5.88000008761883,134.161
5.89333342115084,134.937
5.90666675468286,135.703
5.92000008821487,136.468
5.93333342174689,137.202
5.94666675527891,137.988
5.96000008881092,138.791
5.97333342234294,139.542
5.98666675587495,140.305
6.00000008940697,141.108
6.01333342293898,141.896
6.026666756471,142.71
6.04000009000301,143.469
6.05333342353503,144.25
6.06666675706705,145.059
6.08000009059906,145.822
6.09333342413108,146.584
6.10666675766309,147.346
6.12000009119511,148.073
6.13333342472712,148.762
6.14666675825914,149.507
6.16000009179115,150.218
6.17333342532317,150.952
6.18666675885518,151.625
6.2000000923872,152.341
6.21333342591922,153.056
6.22666675945123,153.759
6.24000009298325,154.44
6.25333342651526,155.107
6.26666676004728,155.725
6.28000009357929,156.31
6.29333342711131,156.887
6.30666676064332,157.471
6.32000009417534,158.023
6.33333342770735,158.582
6.34666676123937,159.155
6.36000009477139,159.733
6.3733334283034,160.292
6.38666676183542,160.834
6.40000009536743,161.365
6.41333342889945,161.874
6.42666676243146,162.363
6.44000009596348,162.841
6.45333342949549,163.323
6.46666676302751,163.77
6.48000009655952,164.189
6.49333343009154,164.597
6.50666676362356,164.989
6.52000009715557,165.387
6.53333343068759,165.759
6.5466667642196,166.123
6.56000009775162,166.485
6.57333343128363,166.822
6.58666676481565,167.118
6.60000009834766,167.405
6.61333343187968,167.688
6.6266667654117,167.973
6.64000009894371,168.204
6.65333343247573,168.437
6.66666676600774,168.687
6.68000009953976,168.931
6.69333343307177,169.123
6.70666676660379,169.323
6.7200001001358,169.529
6.73333343366782,169.749
6.74666676719983,169.977
6.76000010073185,170.194
6.77333343426387,170.42
6.78666676779588,170.617
6.8000001013279,170.806
6.81333343485991,170.991
6.82666676839193,171.133
6.84000010192394,171.254
6.85333343545596,171.38
6.86666676898797,171.522
6.88000010251999,171.675
6.893333436052,171.792
6.90666676958402,171.924
6.92000010311604,172.06
6.93333343664805,172.188
6.94666677018007,172.297
6.96000010371208,172.361
6.9733334372441,172.454
6.98666677077611,172.54
7.00000010430813,172.62
7.01333343784014,172.701
7.02666677137216,172.77
7.04000010490418,172.841
7.05333343843619,172.883
7.06666677196821,172.898
7.08000010550022,172.923
7.09333343903224,172.971
7.10666677256425,173.039
7.12000010609627,173.11
7.13333343962828,173.181
7.1466667731603,173.269
7.16000010669232,173.341
7.17333344022433,173.376
7.18666677375635,173.381
7.20000010728836,173.372
7.21333344082038,173.386
7.22666677435239,173.387
7.24000010788441,173.381
7.25333344141642,173.378
7.26666677494844,173.381
7.28000010848045,173.369
7.29333344201247,173.337
7.30666677554448,173.306
7.3200001090765,173.278
7.33333344260852,173.247
7.34666677614053,173.197
7.36000010967255,173.175
7.37333344320456,173.132
7.38666677673658,173.071
7.40000011026859,173.007
7.41333344380061,172.915
7.42666677733262,172.806
7.44000011086464,172.665
7.45333344439666,172.514
7.46666677792867,172.393
7.48000011146069,172.256
7.4933334449927,172.078
7.50666677852472,171.89
7.52000011205673,171.682
7.53333344558875,171.469
7.54666677912076,171.23
7.56000011265278,170.952
7.5733334461848,170.658
7.58666677971681,170.374
7.60000011324883,170.09
7.61333344678084,169.778
7.62666678031286,169.452
7.64000011384487,169.099
7.65333344737689,168.722
7.6666667809089,168.369
7.68000011444092,167.976
7.69333344797293,167.576
7.70666678150495,167.173
7.72000011503696,166.759
7.73333344856898,166.357
7.746666782101,165.922
7.76000011563301,165.446
7.77333344916503,164.945
7.78666678269704,164.443
7.80000011622906,163.895
7.81333344976107,163.392
7.82666678329309,162.891
7.8400001168251,162.382
7.85333345035712,161.913
7.86666678388914,161.384
7.88000011742115,160.856
7.89333345095317,160.304
7.90666678448518,159.707
7.9200001180172,159.129
7.93333345154921,158.521
7.94666678508123,157.9
7.96000011861324,157.286
7.97333345214526,156.685
7.98666678567727,156.094
8.00000011920929,155.476
8.01333345274131,154.855
8.02666678627332,154.248
8.04000011980534,153.666
8.05333345333735,153.057
8.06666678686937,152.423
8.08000012040138,151.802
8.0933334539334,151.189
8.10666678746541,150.565
8.12000012099743,149.905
8.13333345452944,149.25
8.14666678806146,148.59
8.16000012159348,147.929
8.17333345512549,147.288
8.18666678865751,146.645
8.20000012218952,146.01
8.21333345572154,145.362
8.22666678925355,144.692
8.24000012278557,144.028
8.25333345631758,143.323
8.2666667898496,142.608
8.28000012338162,141.896
8.29333345691363,141.191
8.30666679044565,140.516
8.32000012397766,139.839
8.33333345750968,139.156
8.34666679104169,138.468
8.36000012457371,137.783
8.37333345810572,137.078
8.38666679163774,136.375
8.40000012516975,135.663
8.41333345870177,134.945
8.42666679223379,134.232
8.4400001257658,133.55
8.45333345929782,132.861
8.46666679282983,132.154
8.48000012636185,131.425
8.49333345989386,130.71
8.50666679342588,129.957
8.52000012695789,129.21
8.53333346048991,128.471
8.54666679402192,127.746
8.56000012755394,127.047
8.57333346108596,126.351
8.58666679461797,125.65
8.60000012814999,124.94
8.613333461682,124.201
8.62666679521402,123.462
8.64000012874603,122.713
8.65333346227805,121.962
8.66666679581006,121.219
8.68000012934208,120.504
8.6933334628741,119.788
8.70666679640611,119.072
8.72000012993813,118.351
8.73333346347014,117.634
8.74666679700216,116.937
8.76000013053417,116.185
8.77333346406619,115.46
8.7866667975982,114.711
8.80000013113022,114.013
8.81333346466223,113.322
8.82666679819425,112.537
8.84000013172627,111.803
8.85333346525828,111.059
8.8666667987903,110.294
8.88000013232231,109.547
8.89333346585433,108.81
8.90666679938634,108.063
8.92000013291836,107.365
8.93333346645037,106.624
8.94666679998239,105.928
8.9600001335144,105.223
8.97333346704642,104.454
8.98666680057844,103.714
9.00000013411045,102.961
9.01333346764247,102.184
9.02666680117448,101.442
9.0400001347065,100.67
9.05333346823851,99.9349999999999
9.06666680177053,99.184
9.08000013530254,98.419
9.09333346883456,97.6760000000001
9.10666680236658,96.924
9.12000013589859,96.215
9.13333346943061,95.464
9.14666680296262,94.7569999999999
9.16000013649464,94.0529999999999
9.17333347002665,93.3509999999999
9.18666680355867,92.634
9.20000013709068,91.878
9.2133334706227,91.098
9.22666680415471,90.328
9.24000013768673,89.584
9.25333347121875,88.822
9.26666680475076,88.093
9.28000013828278,87.4
9.29333347181479,86.677
9.30666680534681,85.9760000000001
9.32000013887882,85.234
9.33333347241084,84.448
9.34666680594285,83.703
9.36000013947487,82.936
9.37333347300688,82.221
9.3866668065389,81.498
9.40000014007092,80.796
9.41333347360293,80.11
9.42666680713495,79.387
9.44000014066696,78.686
9.45333347419898,78.008
9.46666680773099,77.35
9.48000014126301,76.66
9.49333347479502,75.977
9.50666680832704,75.312
9.52000014185906,74.668
9.53333347539107,73.981
9.54666680892309,73.297
9.5600001424551,72.62
9.57333347598712,71.9500000000001
9.58666680951913,71.291
9.60000014305115,70.623
9.61333347658316,69.971
9.62666681011518,69.332
9.64000014364719,68.6880000000001
9.65333347717921,68.043
9.66666681071123,67.399
9.68000014424324,66.773
9.69333347777526,66.146
9.70666681130727,65.508
9.72000014483929,64.88
9.7333334783713,64.259
9.74666681190332,63.655
9.76000014543533,63.055
9.77333347896735,62.443
9.78666681249936,61.862
9.80000014603138,61.254
9.8133334795634,60.662
9.82666681309541,60.081
9.84000014662743,59.485
9.85333348015944,58.915
9.86666681369146,58.356
9.88000014722347,57.801
9.89333348075549,57.242
9.9066668142875,56.679
9.92000014781952,56.133
9.93333348135154,55.577
9.94666681488355,55.025
9.96000014841557,54.489
9.97333348194758,53.992
9.9866668154796,53.503
10.0000001490116,53.024
10.0133334825436,52.542
10.0266668160756,52.051
10.0400001496077,51.55
10.0533334831397,51.055
10.0666668166717,50.543
10.0800001502037,50.061
10.0933334837357,49.571
10.1066668172677,49.1
10.1200001507998,48.644
10.1333334843318,48.178
10.1466668178638,47.742
10.1600001513958,47.289
10.1733334849278,46.825
10.1866668184598,46.386
10.2000001519918,45.923
10.2133334855239,45.469
10.2266668190559,45.039
10.2400001525879,44.625
10.2533334861199,44.206
10.2666668196519,43.786
10.2800001531839,43.344
10.293333486716,42.946
10.306666820248,42.527
10.32000015378,42.081
10.333333487312,41.645
10.346666820844,41.242
10.360000154376,40.861
10.373333487908,40.466
10.3866668214401,40.066
10.4000001549721,39.671
10.4133334885041,39.285
10.4266668220361,38.877
10.4400001555681,38.466
10.4533334891001,38.068
10.4666668226322,37.679
10.4800001561642,37.303
10.4933334896962,36.941
10.5066668232282,36.563
10.5200001567602,36.178
10.5333334902922,35.786
10.5466668238242,35.383
10.5600001573563,34.991
10.5733334908883,34.583
10.5866668244203,34.191
10.6000001579523,33.833
10.6133334914843,33.521
10.6266668250163,33.158
10.6400001585484,32.789
10.6533334920804,32.445
10.6666668256124,32.129
10.6800001591444,31.783
10.6933334926764,31.419
10.7066668262084,31.087
10.7200001597404,30.777
10.7333334932725,30.468
10.7466668268045,30.134
10.7600001603365,29.797
10.7733334938685,29.465
10.7866668274005,29.131
10.8000001609325,28.793
10.8133334944646,28.477
10.8266668279966,28.142
10.8400001615286,27.832
10.8533334950606,27.543
10.8666668285926,27.246
10.8800001621246,26.942
10.8933334956567,26.67
10.9066668291887,26.395
10.9200001627207,26.109
10.9333334962527,25.824
10.9466668297847,25.545
10.9600001633167,25.284
10.9733334968487,25.02
10.9866668303808,24.739
11.0000001639128,24.483
11.0133334974448,24.225
11.0266668309768,23.967
11.0400001645088,23.708
11.0533334980408,23.449
11.0666668315729,23.2
11.0800001651049,22.982
11.0933334986369,22.739
11.1066668321689,22.469
11.1200001657009,22.193
11.1333334992329,21.973
11.1466668327649,21.745
11.160000166297,21.501
11.173333499829,21.258
11.186666833361,21.057
11.200000166893,20.894
11.213333500425,20.68
11.226666833957,20.451
11.2400001674891,20.229
11.2533335010211,20.033
11.2666668345531,19.815
11.2800001680851,19.609
11.2933335016171,19.402
11.3066668351491,19.2
11.3200001686811,19.018
11.3333335022132,18.826
11.3466668357452,18.632
11.3600001692772,18.441
11.3733335028092,18.244
11.3866668363412,18.055
11.4000001698732,17.864
11.4133335034053,17.671
11.4266668369373,17.506
11.4400001704693,17.356
11.4533335040013,17.16
11.4666668375333,16.987
11.4800001710653,16.82
11.4933335045973,16.658
11.5066668381294,16.473
11.5200001716614,16.283
11.5333335051934,16.114
11.5466668387254,15.953
11.5600001722574,15.802
11.5733335057894,15.631
11.5866668393215,15.488
11.6000001728535,15.352
11.6133335063855,15.228
11.6266668399175,15.115
11.6400001734495,14.988
11.6533335069815,14.856
11.6666668405135,14.718
11.6800001740456,14.578
11.6933335075776,14.429
11.7066668411096,14.268
11.7200001746416,14.113
11.7333335081736,13.969
11.7466668417056,13.85
11.7600001752377,13.749
11.7733335087697,13.615
11.7866668423017,13.489
11.8000001758337,13.361
11.8133335093657,13.232
11.8266668428977,13.104
11.8400001764297,12.939
11.8533335099618,12.806
11.8666668434938,12.685
11.8800001770258,12.564
11.8933335105578,12.442
11.9066668440898,12.327
11.9200001776218,12.22
11.9333335111539,12.11
11.9466668446859,11.992
11.9600001782179,11.872
11.9733335117499,11.77
11.9866668452819,11.665
12.0000001788139,11.557
12.013333512346,11.443
12.026666845878,11.336
12.04000017941,11.233
12.053333512942,11.125
12.066666846474,11.012
12.080000180006,10.899
12.093333513538,10.783
12.1066668470701,10.676
12.1200001806021,10.572
12.1333335141341,10.471
12.1466668476661,10.374
12.1600001811981,10.315
12.1733335147301,10.232
12.1866668482622,10.151
12.2000001817942,10.073
12.2133335153262,9.997
12.2266668488582,9.914
12.2400001823902,9.819
12.2533335159222,9.73099999999999
12.2666668494542,9.652
12.2800001829863,9.556
12.2933335165183,9.46899999999999
12.3066668500503,9.38500000000001
12.3200001835823,9.297
12.3333335171143,9.208
12.3466668506463,9.13699999999999
12.3600001841784,9.07400000000001
12.3733335177104,9.00100000000001
12.3866668512424,8.932
12.4000001847744,8.873
12.4133335183064,8.792
12.4266668518384,8.71299999999999
12.4400001853704,8.641
12.4533335189025,8.571
12.4666668524345,8.497
12.4800001859665,8.395
12.4933335194985,8.328
12.5066668530305,8.279
12.5200001865625,8.221
12.5333335200946,8.142
12.5466668536266,8.08500000000001
12.5600001871586,8.023
12.5733335206906,7.967
12.5866668542226,7.90600000000001
12.6000001877546,7.821
12.6133335212866,7.787
12.6266668548187,7.744
12.6400001883507,7.712
12.6533335218827,7.692
12.6666668554147,7.647
12.6800001889467,7.614
12.6933335224787,7.582
12.7066668560108,7.541
12.7200001895428,7.494
12.7333335230748,7.444
12.7466668566068,7.391
12.7600001901388,7.324
12.7733335236708,7.248
12.7866668572028,7.175
12.8000001907349,7.141
12.8133335242669,7.081
12.8266668577989,7.02
12.8400001913309,6.974
12.8533335248629,6.95
12.8666668583949,6.90600000000001
12.880000191927,6.81700000000001
12.893333525459,6.74
12.906666858991,6.685
12.920000192523,6.633
12.933333526055,6.591
12.946666859587,6.535
12.960000193119,6.488
12.9733335266511,6.454
12.9866668601831,6.411
13.0000001937151,6.369
13.0133335272471,6.312
13.0266668607791,6.245
13.0400001943111,6.183
13.0533335278432,6.13200000000001
13.0666668613752,6.06
13.0800001949072,6.003
13.0933335284392,5.962
13.1066668619712,5.932
13.1200001955032,5.909
13.1333335290353,5.882
13.1466668625673,5.86
13.1600001960993,5.843
13.1733335296313,5.821
13.1866668631633,5.767
13.2000001966953,5.732
13.2133335302273,5.69
13.2266668637594,5.647
13.2400001972914,5.621
13.2533335308234,5.579
13.2666668643554,5.547
13.2800001978874,5.523
13.2933335314194,5.498
13.3066668649515,5.475
13.3200001984835,5.448
13.3333335320155,5.407
13.3466668655475,5.359
13.3600001990795,5.307
13.3733335326115,5.261
13.3866668661435,5.212
13.4000001996756,5.185
13.4133335332076,5.164
13.4266668667396,5.141
13.4400002002716,5.106
13.4533335338036,5.069
13.4666668673356,5.047
13.4800002008677,5.014
13.4933335343997,4.941
13.5066668679317,4.911
13.5200002014637,4.895
13.5333335349957,4.866
13.5466668685277,4.829
13.5600002020597,4.788
13.5733335355918,4.773
13.5866668691238,4.734
13.6000002026558,4.692
13.6133335361878,4.656
13.6266668697198,4.618
13.6400002032518,4.592
13.6533335367839,4.593
13.6666668703159,4.591
13.6800002038479,4.573
13.6933335373799,4.534
13.7066668709119,4.549
13.7200002044439,4.546
13.733333537976,4.526
13.746666871508,4.493
13.76000020504,4.47
13.773333538572,4.472
13.786666872104,4.452
13.800000205636,4.419
13.813333539168,4.391
13.8266668727001,4.364
13.8400002062321,4.351
13.8533335397641,4.335
13.8666668732961,4.315
13.8800002068281,4.295
13.8933335403601,4.273
13.9066668738921,4.252
13.9200002074242,4.239
13.9333335409562,4.22
13.9466668744882,4.185
13.9600002080202,4.183
13.9733335415522,4.183
13.9866668750842,4.172
14.0000002086163,4.148
14.0133335421483,4.118
14.0266668756803,4.114
14.0400002092123,4.088
14.0533335427443,4.056
14.0666668762763,4.027
14.0800002098084,3.999
14.0933335433404,3.964
14.1066668768724,3.946
14.1200002104044,3.934
14.1333335439364,3.917
14.1466668774684,3.875
14.1600002110004,3.863
14.1733335445325,3.847
14.1866668780645,3.824
14.2000002115965,3.791
14.2133335451285,3.769
14.2266668786605,3.787
14.2400002121925,3.779
14.2533335457246,3.75
14.2666668792566,3.737
14.2800002127886,3.721
14.2933335463206,3.697
14.3066668798526,3.681
14.3200002133846,3.668
14.3333335469166,3.668
14.3466668804487,3.67
14.3600002139807,3.662
14.3733335475127,3.676
14.3866668810447,3.701
14.4000002145767,3.663
14.4133335481087,3.658
14.4266668816408,3.655
14.4400002151728,3.648
14.4533335487048,3.636
14.4666668822368,3.601
14.4800002157688,3.58
14.4933335493008,3.563
14.5066668828328,3.547
14.5200002163649,3.536
14.5333335498969,3.541
14.5466668834289,3.52
14.5600002169609,3.511
14.5733335504929,3.517
14.5866668840249,3.529
14.600000217557,3.515
14.613333551089,3.502
14.626666884621,3.493
14.640000218153,3.488
14.653333551685,3.474
14.666666885217,3.44
14.680000218749,3.425
14.6933335522811,3.406
14.7066668858131,3.379
14.7200002193451,3.358
14.7333335528771,3.337
14.7466668864091,3.325
14.7600002199411,3.323
14.7733335534732,3.327
14.7866668870052,3.35
14.8000002205372,3.347
14.8133335540692,3.343
14.8266668876012,3.347
14.8400002211332,3.356
14.8533335546652,3.317
14.8666668881973,3.285
14.8800002217293,3.267
14.8933335552613,3.266
14.9066668887933,3.268
14.9200002223253,3.221
14.9333335558573,3.209
14.9466668893894,3.202
14.9600002229214,3.188
14.9733335564534,3.163
14.9866668899854,3.116
15.0000002235174,3.096
15.0133335570494,3.085
15.0266668905814,3.071
15.0400002241135,3.047
15.0533335576455,3.029
15.0666668911775,3.024
15.0800002247095,3.02
15.0933335582415,3.012
15.1066668917735,3.005
15.1200002253056,3.018
15.1333335588376,3.019
15.1466668923696,3.02
15.1600002259016,3.026
15.1733335594336,3.029
15.1866668929656,3.022
15.2000002264977,3.02
15.2133335600297,3.02
15.2266668935617,3.022
15.2400002270937,2.992
15.2533335606257,2.983
15.2666668941577,2.987
15.2800002276897,2.99
15.2933335612218,2.968
15.3066668947538,2.953
15.3200002282858,2.945
15.3333335618178,2.951
15.3466668953498,2.948
15.3600002288818,2.908
15.3733335624139,2.895
15.3866668959459,2.884
15.4000002294779,2.883
15.4133335630099,2.886
15.4266668965419,2.855
15.4400002300739,2.856
15.4533335636059,2.843
15.466666897138,2.825
15.48000023067,2.813
15.493333564202,2.799
15.506666897734,2.806
15.520000231266,2.804
15.533333564798,2.8
15.5466668983301,2.805
15.5600002318621,2.828
15.5733335653941,2.84
15.5866668989261,2.829
15.6000002324581,2.805
15.6133335659901,2.795
15.6266668995221,2.799
15.6400002330542,2.781
15.6533335665862,2.774
15.6666669001182,2.779
15.6800002336502,2.778
15.6933335671822,2.772
15.7066669007142,2.761
15.7200002342463,2.745
15.7333335677783,2.731
15.7466669013103,2.707
15.7600002348423,2.711
15.7733335683743,2.732
15.7866669019063,2.738
15.8000002354383,2.721
15.8133335689704,2.725
15.8266669025024,2.719
15.8400002360344,2.705
15.8533335695664,2.682
15.8666669030984,2.65
15.8800002366304,2.664
15.8933335701625,2.667
15.9066669036945,2.679
15.9200002372265,2.689
15.9333335707585,2.689
15.9466669042905,2.694
15.9600002378225,2.68
15.9733335713545,2.674
15.9866669048866,2.669
16.0000002384186,2.632
16.0133335719506,2.626
16.0266669054826,2.615
16.0400002390146,2.617
16.0533335725466,2.627
16.0666669060787,2.61
16.0800002396107,2.595
16.0933335731427,2.601
16.1066669066747,2.606
16.1200002402067,2.61
16.1333335737387,2.609
16.1466669072707,2.615
16.1600002408028,2.638
16.1733335743348,2.647
16.1866669078668,2.622
16.2000002413988,2.632
16.2133335749308,2.648
16.2266669084628,2.635
16.2400002419949,2.608
16.2533335755269,2.578
16.2666669090589,2.566
16.2800002425909,2.558
16.2933335761229,2.545
16.3066669096549,2.532
16.320000243187,2.543
16.333333576719,2.549
16.346666910251,2.575
16.360000243783,2.601
16.373333577315,2.61
16.386666910847,2.593
16.400000244379,2.592
16.4133335779111,2.609
16.4266669114431,2.605
16.4400002449751,2.578
16.4533335785071,2.56
16.4666669120391,2.566
16.4800002455711,2.553
16.4933335791032,2.529
16.5066669126352,2.501
16.5200002461672,2.505
16.5333335796992,2.503
16.5466669132312,2.487
16.5600002467632,2.482
16.5733335802952,2.511
16.5866669138273,2.539
16.6000002473593,2.546
16.6133335808913,2.533
16.6266669144233,2.518
16.6400002479553,2.517
16.6533335814873,2.485
16.6666669150194,2.441
16.6800002485514,2.411
16.6933335820834,2.405
16.7066669156154,2.422
16.7200002491474,2.416
16.7333335826794,2.407
16.7466669162114,2.412
16.7600002497435,2.425
16.7733335832755,2.414
16.7866669168075,2.387
16.8000002503395,2.375
16.8133335838715,2.371
16.8266669174035,2.369
16.8400002509356,2.347
16.8533335844676,2.354
16.8666669179996,2.365
16.8800002515316,2.371
16.8933335850636,2.367
16.9066669185956,2.375
16.9200002521276,2.365
16.9333335856597,2.358
16.9466669191917,2.349
16.9600002527237,2.336
16.9733335862557,2.334
16.9866669197877,2.326
17.0000002533197,2.334
17.0133335868518,2.349
17.0266669203838,2.341
17.0400002539158,2.362
17.0533335874478,2.345
17.0666669209798,2.33
17.0800002545118,2.321
17.0933335880438,2.294
17.1066669215759,2.274
17.1200002551079,2.238
17.1333335886399,2.222
17.1466669221719,2.238
17.1600002557039,2.221
17.1733335892359,2.218
17.186666922768,2.209
17.2000002563,2.213
17.213333589832,2.236
17.226666923364,2.224
17.240000256896,2.23
17.253333590428,2.239
17.26666692396,2.245
17.2800002574921,2.248
17.2933335910241,2.219
17.3066669245561,2.25
17.3200002580881,2.273
17.3333335916201,2.278
17.3466669251521,2.281
17.3600002586842,2.326
17.3733335922162,2.351
17.3866669257482,2.344
17.4000002592802,2.311
17.4133335928122,2.312
17.4266669263442,2.307
17.4400002598763,2.277
17.4533335934083,2.244
17.4666669269403,2.225
17.4800002604723,2.21
17.4933335940043,2.196
17.5066669275363,2.17
17.5200002610683,2.165
17.5333335946004,2.187
17.5466669281324,2.203
17.5600002616644,2.23
17.5733335951964,2.236
17.5866669287284,2.244
17.6000002622604,2.28
17.6133335957925,2.279
17.6266669293245,2.301
17.6400002628565,2.306
17.6533335963885,2.303
17.6666669299205,2.32
17.6800002634525,2.329
17.6933335969845,2.322
17.7066669305166,2.301
17.7200002640486,2.283
17.7333335975806,2.292
17.7466669311126,2.272
17.7600002646446,2.243
17.7733335981766,2.224
17.7866669317087,2.214
17.8000002652407,2.193
17.8133335987727,2.186
17.8266669323047,2.183
17.8400002658367,2.193
17.8533335993687,2.209
17.8666669329007,2.214
17.8800002664328,2.208
17.8933335999648,2.186
17.9066669334968,2.171
17.9200002670288,2.181
17.9333336005608,2.161
17.9466669340928,2.149
17.9600002676249,2.148
17.9733336011569,2.161
17.9866669346889,2.178
18.0000002682209,2.164
18.0133336017529,2.159
18.0266669352849,2.15
18.0400002688169,2.14
18.053333602349,2.144
18.066666935881,2.128
18.080000269413,2.106
18.093333602945,2.084
18.106666936477,2.072
18.120000270009,2.082
18.1333336035411,2.071
18.1466669370731,2.089
18.1600002706051,2.105
18.1733336041371,2.114
18.1866669376691,2.142
18.2000002712011,2.133
18.2133336047332,2.119
18.2266669382652,2.097
18.2400002717972,2.063
18.2533336053292,2.074
18.2666669388612,2.07
18.2800002723932,2.062
18.2933336059252,2.062
18.3066669394573,2.075
18.3200002729893,2.07
18.3333336065213,2.071
18.3466669400533,2.077
18.3600002735853,2.085
18.3733336071173,2.095
18.3866669406494,2.096
18.4000002741814,2.115
18.4133336077134,2.131
18.4266669412454,2.137
18.4400002747774,2.139
18.4533336083094,2.142
18.4666669418414,2.148
18.4800002753735,2.156
18.4933336089055,2.166
18.5066669424375,2.174
18.5200002759695,2.175
18.5333336095015,2.176
18.5466669430335,2.185
18.5600002765656,2.2
18.5733336100976,2.197
18.5866669436296,2.19
18.6000002771616,2.193
18.6133336106936,2.212
18.6266669442256,2.241
18.6400002777576,2.215
18.6533336112897,2.21
18.6666669448217,2.22
18.6800002783537,2.235
18.6933336118857,2.238
18.7066669454177,2.219
18.7200002789497,2.224
18.7333336124818,2.235
18.7466669460138,2.235
18.7600002795458,2.219
18.7733336130778,2.203
18.7866669466098,2.179
18.8000002801418,2.161
18.8133336136738,2.155
18.8266669472059,2.165
18.8400002807379,2.163
18.8533336142699,2.157
18.8666669478019,2.164
18.8800002813339,2.188
18.8933336148659,2.201
18.906666948398,2.194
18.92000028193,2.181
18.933333615462,2.175
18.946666948994,2.18
18.960000282526,2.168
18.973333616058,2.161
18.9866669495901,2.14
19.0000002831221,2.125
19.0133336166541,2.138
19.0266669501861,2.144
19.0400002837181,2.138
19.0533336172501,2.132
19.0666669507821,2.132
19.0800002843142,2.148
19.0933336178462,2.134
19.1066669513782,2.126
19.1200002849102,2.131
19.1333336184422,2.145
19.1466669519742,2.151
19.1600002855062,2.153
19.1733336190383,2.153
19.1866669525703,2.151
19.2000002861023,2.149
19.2133336196343,2.137
19.2266669531663,2.122
19.2400002866983,2.115
19.2533336202304,2.111
19.2666669537624,2.11
19.2800002872944,2.122
19.2933336208264,2.127
19.3066669543584,2.118
19.3200002878904,2.111
19.3333336214225,2.114
19.3466669549545,2.124
19.3600002884865,2.127
19.3733336220185,2.118
19.3866669555505,2.115
19.4000002890825,2.14
19.4133336226145,2.137
19.4266669561466,2.128
19.4400002896786,2.116
19.4533336232106,2.109
19.4666669567426,2.125
19.4800002902746,2.128
19.4933336238066,2.124
19.5066669573387,2.121
19.5200002908707,2.123
19.5333336244027,2.127
19.5466669579347,2.139
19.5600002914667,2.138
19.5733336249987,2.129
19.5866669585307,2.12
19.6000002920628,2.127
19.6133336255948,2.151
19.6266669591268,2.155
19.6400002926588,2.144
19.6533336261908,2.134
19.6666669597228,2.151
19.6800002932549,2.14
19.6933336267869,2.111
19.7066669603189,2.074
19.7200002938509,2.048
19.7333336273829,2.063
19.7466669609149,2.048
19.7600002944469,2.047
19.773333627979,2.069
19.786666961511,2.092
19.800000295043,2.108
19.813333628575,2.119
19.826666962107,2.131
19.840000295639,2.152
19.8533336291711,2.156
19.8666669627031,2.132
19.8800002962351,2.111
19.8933336297671,2.087
19.9066669632991,2.058
19.9200002968311,2.036
19.9333336303631,2.001
19.9466669638952,2.002
19.9600002974272,2.017
19.9733336309592,2.02
19.9866669644912,2.025
20.0000002980232,2.022
20.0133336315552,2.04
20.0266669650873,2.055
20.0400002986193,2.035
20.0533336321513,2.035
20.0666669656833,2.048
20.0800002992153,2.061
20.0933336327473,2.066
20.1066669662793,2.044
20.1200002998114,2.049
20.1333336333434,2.061
20.1466669668754,2.089
20.1600003004074,2.116
20.1733336339394,2.118
20.1866669674714,2.142
20.2000003010035,2.169
20.2133336345355,2.181
20.2266669680675,2.173
20.2400003015995,2.137
20.2533336351315,2.125
20.2666669686635,2.118
20.2800003021955,2.106
20.2933336357276,2.091
20.3066669692596,2.084
20.3200003027916,2.071
20.3333336363236,2.06
20.3466669698556,2.056
20.3600003033876,2.056
20.3733336369197,2.064
20.3866669704517,2.065
20.4000003039837,2.072
20.4133336375157,2.073
20.4266669710477,2.06
20.4400003045797,2.049
20.4533336381118,2.029
20.4666669716438,2.001
20.4800003051758,1.977
20.4933336387078,1.962
20.5066669722398,1.983
20.5200003057718,1.988
20.5333336393038,1.98
20.5466669728359,1.968
20.5600003063679,1.972
20.5733336398999,1.966
20.5866669734319,1.971
20.6000003069639,1.979
20.6133336404959,1.987
20.626666974028,1.993
20.64000030756,2.019
20.653333641092,2.031
20.666666974624,2.032
20.680000308156,2.03
20.693333641688,2.025
20.70666697522,2.025
20.7200003087521,2.015
20.7333336422841,1.998
20.7466669758161,1.995
20.7600003093481,1.974
20.7733336428801,1.965
20.7866669764121,1.96
20.8000003099441,1.955
20.8133336434762,1.952
20.8266669770082,1.956
20.8400003105402,1.945
20.8533336440722,1.936
20.8666669776042,1.933
20.8800003111362,1.927
20.8933336446683,1.925
20.9066669782003,1.928
20.9200003117323,1.936
20.9333336452643,1.95
20.9466669787963,1.938
20.9600003123283,1.959
20.9733336458604,1.96
20.9866669793924,1.95
21.0000003129244,1.937
21.0133336464564,1.923
21.0266669799884,1.92
21.0400003135204,1.906
21.0533336470524,1.892
21.0666669805845,1.909
21.0800003141165,1.944
21.0933336476485,1.959
21.1066669811805,1.968
21.1200003147125,1.966
21.1333336482445,1.947
21.1466669817766,1.945
21.1600003153086,1.926
21.1733336488406,1.914
21.1866669823726,1.913
21.2000003159046,1.898
21.2133336494366,1.92
21.2266669829686,1.935
21.2400003165007,1.94
21.2533336500327,1.94
21.2666669835647,1.936
21.2800003170967,1.935
21.2933336506287,1.941
21.3066669841607,1.945
21.3200003176928,1.946
21.3333336512248,1.967
21.3466669847568,1.968
21.3600003182888,1.98
21.3733336518208,1.997
21.3866669853528,2.0
21.4000003188848,2.009
21.4133336524169,2.016
21.4266669859489,2.032
21.4400003194809,2.058
21.4533336530129,2.082
21.4666669865449,2.116
21.4800003200769,2.125
21.493333653609,2.131
21.506666987141,2.135
21.520000320673,2.127
21.533333654205,2.119
21.546666987737,2.11
21.560000321269,2.105
21.5733336548011,2.107
21.5866669883331,2.093
21.6000003218651,2.084
21.6133336553971,2.088
21.6266669889291,2.099
21.6400003224611,2.105
21.6533336559931,2.098
21.6666669895252,2.086
21.6800003230572,2.087
21.6933336565892,2.086
21.7066669901212,2.064
21.7200003236532,2.039
21.7333336571852,2.043
21.7466669907173,2.057
21.7600003242493,2.065
21.7733336577813,2.051
21.7866669913133,2.056
21.8000003248453,2.057
21.8133336583773,2.038
21.8266669919093,2.015
21.8400003254414,2.018
21.8533336589734,2.017
21.8666669925054,2.028
21.8800003260374,2.032
21.8933336595694,2.03
21.9066669931014,2.05
21.9200003266334,2.042
21.9333336601655,2.026
21.9466669936975,2.005
21.9600003272295,1.978
21.9733336607615,1.978
21.9866669942935,1.971
22.0000003278255,1.977
22.0133336613576,1.988
22.0266669948896,2.004
22.0400003284216,2.03
22.0533336619536,2.022
22.0666669954856,2.015
22.0800003290176,2.01
22.0933336625497,1.995
22.1066669960817,1.976
22.1200003296137,1.966
22.1333336631457,1.965
22.1466669966777,1.98
22.1600003302097,2.002
22.1733336637417,2.017
22.1866669972738,2.037
22.2000003308058,2.058
22.2133336643378,2.08
22.2266669978698,2.123
22.2400003314018,2.115
22.2533336649338,2.105
22.2666669984659,2.101
22.2800003319979,2.105
22.2933336655299,2.093
22.3066669990619,2.061
22.3200003325939,2.057
22.3333336661259,2.067
22.3466669996579,2.07
22.36000033319,2.075
22.373333666722,2.097
22.386667000254,2.112
22.400000333786,2.114
22.413333667318,2.1
22.42666700085,2.087
22.4400003343821,2.085
22.4533336679141,2.087
22.4666670014461,2.094
22.4800003349781,2.11
22.4933336685101,2.128
22.5066670020421,2.141
22.5200003355741,2.152
22.5333336691062,2.149
22.5466670026382,2.117
22.5600003361702,2.101
22.5733336697022,2.093
22.5866670032342,2.093
22.6000003367662,2.096
22.6133336702983,2.08
22.6266670038303,2.069
22.6400003373623,2.069
22.6533336708943,2.065
22.6666670044263,2.051
22.6800003379583,2.033
22.6933336714904,2.022
22.7066670050224,2.028
22.7200003385544,2.032
22.7333336720864,2.014
22.7466670056184,2.014
22.7600003391504,2.023
22.7733336726824,2.039
22.7866670062145,2.052
22.8000003397465,2.053
22.8133336732785,2.053
22.8266670068105,2.055
22.8400003403425,2.054
22.8533336738745,2.055
22.8666670074066,2.062
22.8800003409386,2.087
22.8933336744706,2.096
22.9066670080026,2.103
22.9200003415346,2.109
22.9333336750666,2.106
22.9466670085986,2.097
22.9600003421307,2.07
22.9733336756627,2.046
22.9866670091947,2.038
23.0000003427267,2.033
23.0133336762587,2.018
23.0266670097907,2.018
23.0400003433228,2.024
23.0533336768548,2.03
23.0666670103868,2.016
23.0800003439188,1.999
23.0933336774508,1.989
23.1066670109828,1.986
23.1200003445148,1.978
23.1333336780469,1.983
23.1466670115789,1.992
23.1600003451109,1.998
23.1733336786429,2.004
23.1866670121749,2.026
23.2000003457069,2.006
23.213333679239,1.988
23.226667012771,1.987
23.240000346303,2.006
23.253333679835,2.035
23.266667013367,2.006
23.280000346899,2.017
23.293333680431,2.033
23.3066670139631,2.026
23.3200003474951,1.992
23.3333336810271,1.982
23.3466670145591,2.003
23.3600003480911,2.024
23.3733336816231,2.015
23.3866670151552,2.014
23.4000003486872,2.021
23.4133336822192,2.026
23.4266670157512,2.022
23.4400003492832,2.011
23.4533336828152,1.996
23.4666670163473,1.999
23.4800003498793,1.998
23.4933336834113,1.986
23.5066670169433,1.959
23.5200003504753,1.965
23.5333336840073,1.971
23.5466670175393,1.97
23.5600003510714,1.967
23.5733336846034,1.987
23.5866670181354,2.007
23.6000003516674,1.997
23.6133336851994,1.972
23.6266670187314,1.956
23.6400003522635,1.954
23.6533336857955,1.929
23.6666670193275,1.939
23.6800003528595,1.949
23.6933336863915,1.948
23.7066670199235,1.956
23.7200003534555,1.948
23.7333336869876,1.959
23.7466670205196,1.966
23.7600003540516,1.94
23.7733336875836,1.932
23.7866670211156,1.928
23.8000003546476,1.93
23.8133336881797,1.926
23.8266670217117,1.89700000000001
23.8400003552437,1.854
23.8533336887757,1.835
23.8666670223077,1.82
23.8800003558397,1.801
23.8933336893717,1.775
23.9066670229038,1.781
23.9200003564358,1.8
23.9333336899678,1.83
23.9466670234998,1.856
23.9600003570318,1.867
23.9733336905638,1.885
23.9866670240959,1.89
24.0000003576279,1.891
24.0133336911599,1.889
24.0266670246919,1.856
24.0400003582239,1.872
24.0533336917559,1.87
24.0666670252879,1.86
24.08000035882,1.854
24.093333692352,1.839
24.106667025884,1.842
24.120000359416,1.83
24.133333692948,1.82
24.14666702648,1.842
24.1600003600121,1.835
24.1733336935441,1.84
24.1866670270761,1.844
24.2000003606081,1.855
24.2133336941401,1.878
24.2266670276721,1.866
24.2400003612041,1.874
24.2533336947362,1.877
24.2666670282682,1.877
24.2800003618002,1.916
24.2933336953322,1.923
24.3066670288642,1.941
24.3200003623962,1.968
24.3333336959283,1.994
24.3466670294603,2.012
24.3600003629923,1.981
24.3733336965243,1.965
24.3866670300563,1.963
24.4000003635883,1.96
24.4133336971203,1.945
24.4266670306524,1.953
24.4400003641844,1.976
24.4533336977164,1.994
24.4666670312484,1.992
24.4800003647804,1.976
24.4933336983124,1.975
24.5066670318445,1.97
24.5200003653765,1.967
24.5333336989085,1.973
24.5466670324405,1.987
24.5600003659725,1.985
24.5733336995045,1.991
24.5866670330366,2.007
24.6000003665686,2.026
24.6133337001006,2.015
24.6266670336326,2.013
24.6400003671646,2.019
24.6533337006966,2.025
24.6666670342286,2.006
24.6800003677607,2.003
24.6933337012927,2.003
24.7066670348247,1.994
24.7200003683567,1.975
24.7333337018887,1.979
24.7466670354207,1.99
24.7600003689528,1.996
24.7733337024848,1.993
24.7866670360168,1.982
24.8000003695488,1.99
24.8133337030808,1.996
24.8266670366128,1.994
24.8400003701448,1.987
24.8533337036769,1.979
24.8666670372089,1.989
24.8800003707409,1.988
24.8933337042729,1.971
24.9066670378049,1.947
24.9200003713369,1.939
24.933333704869,1.941
24.946667038401,1.93
24.960000371933,1.926
24.973333705465,1.936
24.986667038997,1.957
25.000000372529,1.971
25.013333706061,1.993
25.0266670395931,2.016
25.0400003731251,2.037
25.0533337066571,2.034
25.0666670401891,2.05
25.0800003737211,2.053
25.0933337072531,2.045
25.1066670407852,2.027
25.1200003743172,2.013
25.1333337078492,2.008
25.1466670413812,1.994
25.1600003749132,1.967
25.1733337084452,1.942
25.1866670419772,1.934
25.2000003755093,1.93
25.2133337090413,1.941
25.2266670425733,1.96
25.2400003761053,1.97
25.2533337096373,2.011
25.2666670431693,2.039
25.2800003767014,2.053
25.2933337102334,2.06
25.3066670437654,2.053
25.3200003772974,2.057
25.3333337108294,2.058
25.3466670443614,2.05
25.3600003778934,2.031
25.3733337114255,2.012
25.3866670449575,2.032
25.4000003784895,2.021
25.4133337120215,2.006
25.4266670455535,2.001
25.4400003790855,1.989
25.4533337126176,1.982
25.4666670461496,1.95
25.4800003796816,1.91
25.4933337132136,1.903
25.5066670467456,1.882
25.5200003802776,1.872
25.5333337138096,1.871
25.5466670473417,1.88
25.5600003808737,1.901
25.5733337144057,1.925
25.5866670479377,1.926
25.6000003814697,1.931
25.6133337150017,1.94
25.6266670485338,1.942
25.6400003820658,1.939
25.6533337155978,1.932
25.6666670491298,1.94499999999999
25.6800003826618,1.975
25.6933337161938,1.972
25.7066670497259,1.985
25.7200003832579,1.983
25.7333337167899,1.979
25.7466670503219,1.981
25.7600003838539,1.965
25.7733337173859,1.97
25.7866670509179,1.971
25.80000038445,1.966
25.813333717982,1.966
25.826667051514,1.97
25.840000385046,1.961
25.853333718578,1.958
25.86666705211,1.964
25.8800003856421,1.98
25.8933337191741,1.997
25.9066670527061,2.005
25.9200003862381,2.005
25.9333337197701,2.0
25.9466670533021,1.984
25.9600003868341,1.961
25.9733337203662,1.953
25.9866670538982,1.943
26.0000003874302,1.941
26.0133337209622,1.983
26.0266670544942,2.006
26.0400003880262,2.021
26.0533337215583,2.034
26.0666670550903,2.043
26.0800003886223,2.054
26.0933337221543,2.031
26.1066670556863,2.025
26.1200003892183,2.029
26.1333337227503,2.026
26.1466670562824,1.994
26.1600003898144,1.998
26.1733337233464,1.994
26.1866670568784,1.984
26.2000003904104,1.97
26.2133337239424,1.94
26.2266670574745,1.947
26.2400003910065,1.957
26.2533337245385,1.959
26.2666670580705,1.971
26.2800003916025,1.965
26.2933337251345,1.978
26.3066670586665,1.984
26.3200003921986,1.968
26.3333337257306,1.942
26.3466670592626,1.921
26.3600003927946,1.909
26.3733337263266,1.903
26.3866670598586,1.903
26.4000003933907,1.916
26.4133337269227,1.929
26.4266670604547,1.938
26.4400003939867,1.938
26.4533337275187,1.93
26.4666670610507,1.929
26.4800003945827,1.916
26.4933337281148,1.902
26.5066670616468,1.894
26.5200003951788,1.898
26.5333337287108,1.9
26.5466670622428,1.899
26.5600003957748,1.894
26.5733337293069,1.892
26.5866670628389,1.896
26.6000003963709,1.886
26.6133337299029,1.895
26.6266670634349,1.901
26.6400003969669,1.899
26.6533337304989,1.892
26.666667064031,1.895
26.680000397563,1.895
26.693333731095,1.885
26.706667064627,1.86
26.720000398159,1.833
26.733333731691,1.87900000000001
26.7466670652231,1.901
26.7600003987551,1.906
26.7733337322871,1.911
26.7866670658191,1.921
26.8000003993511,1.95
26.8133337328831,1.93900000000001
26.8266670664152,1.912
26.8400003999472,1.91
26.8533337334792,1.918
26.8666670670112,1.921
26.8800004005432,1.924
26.8933337340752,1.932
26.9066670676072,1.953
26.9200004011393,1.955
26.9333337346713,1.946
26.9466670682033,1.946
26.9600004017353,1.943
26.9733337352673,1.912
26.9866670687993,1.927
27.0000004023314,1.944
27.0133337358634,1.955
27.0266670693954,1.961
27.0400004029274,1.956
27.0533337364594,1.994
27.0666670699914,1.994
27.0800004035234,1.973
27.0933337370555,1.96
27.1066670705875,1.976
27.1200004041195,1.999
27.1333337376515,2.007
27.1466670711835,2.012
27.1600004047155,2.033
27.1733337382476,2.083
27.1866670717796,2.108
27.2000004053116,2.106
27.2133337388436,2.091
27.2266670723756,2.087
27.2400004059076,2.09
27.2533337394396,2.09
27.2666670729717,2.071
27.2800004065037,2.053
27.2933337400357,2.061
27.3066670735677,2.07
27.3200004070997,2.066
27.3333337406317,2.04600000000001
27.3466670741638,2.021
27.3600004076958,2.026
27.3733337412278,2.034
27.3866670747598,2.058
27.4000004082918,2.074
27.4133337418238,2.078
27.4266670753558,2.091
27.4400004088879,2.081
27.4533337424199,2.071
27.4666670759519,2.07
27.4800004094839,2.069
27.4933337430159,2.061
27.5066670765479,2.045
27.52000041008,2.046
27.533333743612,2.049
27.546667077144,2.035
27.560000410676,1.994
27.573333744208,2.002
27.58666707774,2.01
27.600000411272,2.001
27.6133337448041,1.975
27.6266670783361,1.983
27.6400004118681,1.982
27.6533337454001,1.968
27.6666670789321,1.941
27.6800004124641,1.921
27.6933337459962,1.915
27.7066670795282,1.9
27.7200004130602,1.883
27.7333337465922,1.871
27.7466670801242,1.874
27.7600004136562,1.881
27.7733337471882,1.891
27.7866670807203,1.907
27.8000004142523,1.929
27.8133337477843,1.938
27.8266670813163,1.923
27.8400004148483,1.919
27.8533337483803,1.922
27.8666670819124,1.92
27.8800004154444,1.915
27.8933337489764,1.897
27.9066670825084,1.893
27.9200004160404,1.901
27.9333337495724,1.908
27.9466670831045,1.909
27.9600004166365,1.884
27.9733337501685,1.88
27.9866670837005,1.898
28.0000004172325,1.912
28.0133337507645,1.908
28.0266670842965,1.899
28.0400004178286,1.914
28.0533337513606,1.945
28.0666670848926,1.928
28.0800004184246,1.925
28.0933337519566,1.925
28.1066670854886,1.929
28.1200004190207,1.933
28.1333337525527,1.909
28.1466670860847,1.914
28.1600004196167,1.906
28.1733337531487,1.89
28.1866670866807,1.884
28.2000004202127,1.899
28.2133337537448,1.908
28.2266670872768,1.908
28.2400004208088,1.907
28.2533337543408,1.923
28.2666670878728,1.934
28.2800004214048,1.93
28.2933337549369,1.925
28.3066670884689,1.93
28.3200004220009,1.946
28.3333337555329,1.967
28.3466670890649,1.978
28.3600004225969,1.975
28.3733337561289,1.97
28.386667089661,1.986
28.400000423193,1.989
28.413333756725,1.975
28.426667090257,1.958
28.440000423789,1.944
28.453333757321,1.934
28.4666670908531,1.933
28.4800004243851,1.92
28.4933337579171,1.909
28.5066670914491,1.903
28.5200004249811,1.901
28.5333337585131,1.915
28.5466670920451,1.925
28.5600004255772,1.928
28.5733337591092,1.939
28.5866670926412,1.951
28.6000004261732,1.961
28.6133337597052,1.973
28.6266670932372,1.983
28.6400004267693,1.983
28.6533337603013,1.977
28.6666670938333,1.978
28.6800004273653,1.983
28.6933337608973,1.983
28.7066670944293,1.967
28.7200004279613,1.946
28.7333337614934,1.947
28.7466670950254,1.949
28.7600004285574,1.943
28.7733337620894,1.935
28.7866670956214,1.951
28.8000004291534,1.961
28.8133337626855,1.957
28.8266670962175,1.946
28.8400004297495,1.968
28.8533337632815,1.98
28.8666670968135,1.992
28.8800004303455,1.999
28.8933337638776,2.003
28.9066670974096,2.025
28.9200004309416,2.022
28.9333337644736,2.012
28.9466670980056,1.993
28.9600004315376,1.957
28.9733337650696,1.961
28.9866670986017,1.942
29.0000004321337,1.934
29.0133337656657,1.944
29.0266670991977,1.962
29.0400004327297,1.976
29.0533337662617,1.983
29.0666670997938,1.998
29.0800004333258,2.019
29.0933337668578,2.0
29.1066671003898,1.98
29.1200004339218,1.967
29.1333337674538,1.955
29.1466671009858,1.937
29.1600004345179,1.914
29.1733337680499,1.905
29.1866671015819,1.912
29.2000004351139,1.924
29.2133337686459,1.934
29.2266671021779,1.943
29.24000043571,1.952
29.253333769242,1.963
29.266667102774,1.95999999999999
29.280000436306,1.927
29.293333769838,1.919
29.30666710337,1.91
29.320000436902,1.908
29.3333337704341,1.905
29.3466671039661,1.888
29.3600004374981,1.91
29.3733337710301,1.935
29.3866671045621,1.968
29.4000004380941,2.011
29.4133337716262,2.05
29.4266671051582,2.09999999999999
29.4400004386902,2.119
29.4533337722222,2.122
29.4666671057542,2.119
29.4800004392862,2.12
29.4933337728182,2.108
29.5066671063503,2.097
29.5200004398823,2.097
29.5333337734143,2.113
29.5466671069463,2.136
29.5600004404783,2.165
29.5733337740103,2.172
29.5866671075424,2.161
29.6000004410744,2.14
29.6133337746064,2.127
29.6266671081384,2.114
29.6400004416704,2.081
29.6533337752024,2.047
29.6666671087344,2.045
29.6800004422665,2.07
29.6933337757985,2.093
29.7066671093305,2.099
29.7200004428625,2.093
29.7333337763945,2.103
29.7466671099265,2.116
29.7600004434586,2.122
29.7733337769906,2.114
29.7866671105226,2.102
29.8000004440546,2.127
29.8133337775866,2.118
29.8266671111186,2.101
29.8400004446507,2.09
29.8533337781827,2.093
29.8666671117147,2.098
29.8800004452467,2.06999999999999
29.8933337787787,2.048
29.9066671123107,2.043
29.9200004458427,2.042
29.9333337793748,2.021
29.9466671129068,2.012
29.9600004464388,2.006
29.9733337799708,2.006
29.9866671135028,2.021
30.0000004470348,2.044
30.0133337805669,2.057
30.0266671140989,2.076
30.0400004476309,2.099
30.0533337811629,2.119
30.0666671146949,2.143
30.0800004482269,2.146
30.0933337817589,2.153
30.106667115291,2.163
30.120000448823,2.149
30.133333782355,2.149
30.146667115887,2.148
30.160000449419,2.146
30.173333782951,2.143
30.1866671164831,2.128
30.2000004500151,2.116
30.2133337835471,2.11
30.2266671170791,2.103
30.2400004506111,2.093
30.2533337841431,2.082
30.2666671176751,2.074
30.2800004512072,2.088
30.2933337847392,2.112
30.3066671182712,2.125
30.3200004518032,2.124
30.3333337853352,2.128
30.3466671188672,2.128
30.3600004523993,2.11499999999999
30.3733337859313,2.079
30.3866671194633,2.063
30.4000004529953,2.056
30.4133337865273,2.048
30.4266671200593,2.032
30.4400004535913,2.014
30.4533337871234,2.009
30.4666671206554,1.989
30.4800004541874,1.963
30.4933337877194,1.941
30.5066671212514,1.921
30.5200004547834,1.923
30.5333337883155,1.926
30.5466671218475,1.925
30.5600004553795,1.919
30.5733337889115,1.928
30.5866671224435,1.921
30.6000004559755,1.923
30.6133337895075,1.924
30.6266671230396,1.919
30.6400004565716,1.913
30.6533337901036,1.926
