time_min,absorb_mau
0.0,-0.035
0.0133333335320155,-0.052
0.026666667064031,-0.06
0.0400000005960465,-0.067
0.0533333341280619,-0.067
0.0666666676600774,-0.071
0.0800000011920929,-0.04
0.0933333347241084,-0.002
0.106666668256124,0.004
0.120000001788139,0.015
0.133333335320155,0.057
0.14666666885217,0.102
0.160000002384186,0.14
0.173333335916201,0.159
0.186666669448217,0.182
0.200000002980232,0.198
0.213333336512248,0.19
0.226666670044263,0.157
0.240000003576279,0.123
0.253333337108294,0.1
0.26666667064031,0.0629999999999999
0.280000004172325,0.036
0.293333337704341,0.021
0.306666671236356,0.002
0.320000004768372,-0.02
0.333333338300387,-0.029
0.346666671832403,-0.031
0.360000005364418,-0.023
0.373333338896433,-0.026
0.386666672428449,-0.023
0.400000005960465,-0.032
0.41333333949248,-0.045
0.426666673024495,-0.061
0.440000006556511,-0.055
0.453333340088526,-0.055
0.466666673620542,-0.067
0.480000007152557,-0.075
0.493333340684573,-0.06
0.506666674216588,-0.072
0.520000007748604,-0.07
0.533333341280619,-0.0820000000000001
0.546666674812635,-0.096
0.56000000834465,-0.075
0.573333341876666,-0.0629999999999999
0.586666675408681,-0.045
0.600000008940697,-0.039
0.613333342472712,-0.049
0.626666676004728,-0.038
0.640000009536743,-0.057
0.653333343068759,-0.0449999999999999
0.666666676600774,-0.028
0.68000001013279,-0.023
0.693333343664805,-0.006
0.706666677196821,0.002
0.720000010728836,0.02
0.733333344260852,0.028
0.746666677792867,0.0049999999999998
0.760000011324882,-0.013
0.773333344856898,0.0
0.786666678388913,0.012
0.800000011920929,0.016
0.813333345452944,0.005
0.82666667898496,0.0
0.840000012516975,0.006
0.853333346048991,-0.0030000000000001
0.866666679581006,-0.0329999999999999
0.880000013113022,-0.054
0.893333346645037,-0.053
0.906666680177053,-0.053
0.920000013709068,-0.055
0.933333347241084,-0.057
0.946666680773099,-0.0529999999999999
0.960000014305115,-0.03
0.97333334783713,-0.026
0.986666681369146,-0.03
1.00000001490116,-0.031
1.01333334843318,-0.026
1.02666668196519,-0.032
1.04000001549721,-0.039
1.05333334902922,-0.044
1.06666668256124,-0.039
1.08000001609325,-0.027
1.09333334962527,-0.041
1.10666668315729,-0.0349999999999999
1.1200000166893,-0.023
1.13333335022132,-0.034
1.14666668375333,-0.03
1.16000001728535,-0.026
1.17333335081736,-0.033
1.18666668434938,-0.0430000000000002
1.20000001788139,-0.0660000000000001
1.21333335141341,-0.053
1.22666668494542,-0.0600000000000001
1.24000001847744,-0.073
1.25333335200946,-0.0800000000000001
1.26666668554147,-0.0550000000000002
1.28000001907349,-0.0209999999999999
1.2933333526055,0.0
1.30666668613752,0.008
1.32000001966953,0.0190000000000001
1.33333335320155,0.049
1.34666668673356,0.049
1.36000002026558,0.0409999999999999
1.37333335379759,0.034
1.38666668732961,0.036
1.40000002086163,0.056
1.41333335439364,0.0540000000000001
1.42666668792566,0.0589999999999999
1.44000002145767,0.071
1.45333335498969,0.077
1.4666666885217,0.0700000000000001
1.48000002205372,0.0880000000000001
1.49333335558573,0.107
1.50666668911775,0.114
1.52000002264977,0.109
1.53333335618178,0.133
1.5466666897138,0.139
1.56000002324581,0.141
1.57333335677783,0.14
1.58666669030984,0.143
1.60000002384186,0.166
1.61333335737387,0.188
1.62666669090589,0.204
1.6400000244379,0.226
1.65333335796992,0.266
1.66666669150194,0.302
1.68000002503395,0.332
1.69333335856597,0.367
1.70666669209798,0.405
1.72000002563,0.449
1.73333335916201,0.466
1.74666669269403,0.491
1.76000002622604,0.529
1.77333335975806,0.575
1.78666669329007,0.592
1.80000002682209,0.611
1.81333336035411,0.639
1.82666669388612,0.668
1.84000002741814,0.682
1.85333336095015,0.707
1.86666669448217,0.737
1.88000002801418,0.78
1.8933333615462,0.833
1.90666669507821,0.871
1.92000002861023,0.919
1.93333336214225,0.96
1.94666669567426,0.998
1.96000002920628,1.038
1.97333336273829,1.074
1.98666669627031,1.123
2.00000002980232,1.178
2.01333336333434,1.241
2.02666669686635,1.307
2.04000003039837,1.349
2.05333336393038,1.401
2.0666666974624,1.452
2.08000003099442,1.503
2.09333336452643,1.554
2.10666669805845,1.588
2.12000003159046,1.632
2.13333336512248,1.687
2.14666669865449,1.741
2.16000003218651,1.786
2.17333336571852,1.822
2.18666669925054,1.849
2.20000003278255,1.886
2.21333336631457,1.928
2.22666669984659,1.948
2.2400000333786,2.006
2.25333336691062,2.042
2.26666670044263,2.089
2.28000003397465,2.155
2.29333336750666,2.211
2.30666670103868,2.259
2.32000003457069,2.313
2.33333336810271,2.384
2.34666670163472,2.476
2.36000003516674,2.514
2.37333336869876,2.571
2.38666670223077,2.626
2.40000003576279,2.681
2.4133333692948,2.732
2.42666670282682,2.785
2.44000003635883,2.851
2.45333336989085,2.933
2.46666670342286,3.022
2.48000003695488,3.136
2.4933333704869,3.246
2.50666670401891,3.34
2.52000003755093,3.452
2.53333337108294,3.593
2.54666670461496,3.782
2.56000003814697,4.211
2.57333337167899,4.375
2.586666705211,4.476
2.60000003874302,4.576
2.61333337227503,4.659
2.62666670580705,4.675
2.64000003933907,4.539
2.65333337287108,4.454
2.6666667064031,4.566
2.68000003993511,4.686
2.69333337346713,4.799
2.70666670699914,4.912
2.72000004053116,5.03
2.73333337406317,5.152
2.74666670759519,5.259
2.7600000411272,5.361
2.77333337465922,5.469
2.78666670819124,5.59
2.80000004172325,5.721
2.81333337525527,5.853
2.82666670878728,5.969
2.8400000423193,6.094
2.85333337585131,6.234
2.86666670938333,6.389
2.88000004291534,6.547
2.89333337644736,6.667
2.90666670997938,6.813
2.92000004351139,6.987
2.93333337704341,7.137
2.94666671057542,7.278
2.96000004410744,7.422
2.97333337763945,7.587
2.98666671117147,7.77
3.00000004470348,7.911
3.0133333782355,8.051
3.02666671176751,8.208
3.04000004529953,8.371
3.05333337883155,8.534
3.06666671236356,8.687
3.08000004589558,8.872
3.09333337942759,9.056
3.10666671295961,9.251
3.12000004649162,9.455
3.13333338002364,9.639
3.14666671355565,9.839
3.16000004708767,10.037
3.17333338061968,10.237
3.1866667141517,10.452
3.20000004768372,10.618
3.21333338121573,10.846
3.22666671474775,11.074
3.24000004827976,11.298
3.25333338181178,11.54
3.26666671534379,11.784
3.28000004887581,12.045
3.29333338240782,12.288
3.30666671593984,12.513
3.32000004947186,12.777
3.33333338300387,13.01
3.34666671653589,13.263
3.3600000500679,13.524
3.37333338359992,13.78
3.38666671713193,14.034
3.40000005066395,14.303
3.41333338419596,14.575
3.42666671772798,14.862
3.44000005125999,15.158
3.45333338479201,15.448
3.46666671832403,15.758
3.48000005185604,16.059
3.49333338538806,16.361
3.50666671892007,16.681
3.52000005245209,16.949
3.5333333859841,17.224
3.54666671951612,17.522
3.56000005304813,17.838
3.57333338658015,18.158
3.58666672011217,18.509
3.60000005364418,18.888
3.6133333871762,19.291
3.62666672070821,19.703
3.64000005424023,20.083
3.65333338777224,20.471
3.66666672130426,20.831
3.68000005483627,21.197
3.69333338836829,21.584
3.7066667219003,21.956
3.72000005543232,22.349
3.73333338896434,22.762
3.74666672249635,23.175
3.76000005602837,23.577
3.77333338956038,23.973
3.7866667230924,24.41
3.80000005662441,24.857
3.81333339015643,25.308
3.82666672368844,25.759
3.84000005722046,26.219
3.85333339075247,26.703
3.86666672428449,27.19
3.88000005781651,27.7
3.89333339134852,28.254
3.90666672488054,28.723
3.92000005841255,29.274
3.93333339194457,29.865
3.94666672547658,30.456
3.9600000590086,31.069
3.97333339254061,31.67
3.98666672607263,32.305
4.00000005960465,32.942
4.01333339313666,33.594
4.02666672666868,34.22
4.04000006020069,34.804
4.05333339373271,35.437
4.06666672726472,36.066
4.08000006079674,36.735
4.09333339432875,37.388
4.10666672786077,38.0
4.12000006139278,38.641
4.1333333949248,39.261
4.14666672845682,39.91
4.16000006198883,40.536
4.17333339552085,41.161
4.18666672905286,41.842
4.20000006258488,42.51
4.21333339611689,43.193
4.22666672964891,43.846
4.24000006318092,44.507
4.25333339671294,45.192
4.26666673024495,45.848
4.28000006377697,46.487
4.29333339730899,47.225
4.306666730841,47.985
4.32000006437302,48.763
4.33333339790503,49.552
4.34666673143705,50.37
4.36000006496906,51.124
4.37333339850108,51.907
4.38666673203309,52.651
4.40000006556511,53.414
4.41333339909713,54.147
4.42666673262914,54.849
4.44000006616116,55.656
4.45333339969317,56.446
4.46666673322519,57.222
4.4800000667572,57.997
4.49333340028922,58.766
4.50666673382123,59.598
4.52000006735325,60.38
4.53333340088526,61.127
4.54666673441728,61.918
4.5600000679493,62.67
4.57333340148131,63.493
4.58666673501333,64.305
4.60000006854534,65.116
4.61333340207736,65.996
4.62666673560937,66.85
4.64000006914139,67.735
4.6533334026734,68.66
4.66666673620542,69.579
4.68000006973743,70.543
4.69333340326945,71.507
4.70666673680147,72.492
4.72000007033348,73.505
4.7333334038655,74.483
4.74666673739751,75.42
4.76000007092953,76.347
4.77333340446154,77.28
4.78666673799356,78.227
4.80000007152557,79.132
4.81333340505759,80.04
4.82666673858961,80.949
4.84000007212162,81.864
4.85333340565364,82.783
4.86666673918565,83.663
4.88000007271767,84.584
4.89333340624968,85.507
4.9066667397817,86.428
4.92000007331371,87.346
4.93333340684573,88.236
4.94666674037774,89.185
4.96000007390976,90.135
4.97333340744178,91.048
4.98666674097379,91.881
5.00000007450581,92.757
5.01333340803782,93.697
5.02666674156984,94.66
5.04000007510185,95.608
5.05333340863387,96.522
5.06666674216588,97.515
5.0800000756979,98.533
5.09333340922991,99.536
5.10666674276193,100.497
5.12000007629395,101.41
5.13333340982596,102.345
5.14666674335798,103.33
5.16000007688999,104.315
5.17333341042201,105.247
5.18666674395402,106.175
5.20000007748604,107.097
5.21333341101805,108.108
5.22666674455007,109.101
5.24000007808209,110.105
5.2533334116141,111.149
5.26666674514612,112.221
5.28000007867813,113.337
5.29333341221015,114.39
5.30666674574216,115.469
5.32000007927418,116.543
5.33333341280619,117.628
5.34666674633821,118.698
5.36000007987022,119.767
5.37333341340224,120.935
5.38666674693426,122.107
5.40000008046627,123.406
5.41333341399829,124.67
5.4266667475303,125.898
5.44000008106232,127.101
5.45333341459433,128.29
5.46666674812635,129.455
5.48000008165836,130.592
5.49333341519038,131.701
5.50666674872239,132.869
5.52000008225441,134.084
5.53333341578643,135.27
5.54666674931844,136.416
5.56000008285046,137.536
5.57333341638247,138.624
5.58666674991449,139.731
5.6000000834465,140.814
5.61333341697852,141.885
5.62666675051053,142.96
5.64000008404255,144.032
5.65333341757457,145.117
5.66666675110658,146.175
5.6800000846386,147.216
5.69333341817061,148.256
5.70666675170263,149.243
5.72000008523464,150.226
5.73333341876666,151.243
5.74666675229867,152.301
5.76000008583069,153.376
5.7733334193627,154.411
5.78666675289472,155.472
5.80000008642674,156.541
5.81333341995875,157.587
5.82666675349077,158.52
5.84000008702278,159.429
5.8533334205548,160.35
5.86666675408681,161.264
5.88000008761883,162.129
5.89333342115084,162.928
5.90666675468286,163.712
5.92000008821487,164.508
5.93333342174689,165.313
5.94666675527891,166.105
5.96000008881092,166.877
5.97333342234294,167.704
5.98666675587495,168.54
6.00000008940697,169.376
6.01333342293898,170.198
6.026666756471,171.008
6.04000009000301,171.856
6.05333342353503,172.672
6.06666675706705,173.458
6.08000009059906,174.299
6.09333342413108,175.13
6.10666675766309,175.967
6.12000009119511,176.78
6.13333342472712,177.562
6.14666675825914,178.391
6.16000009179115,179.16
6.17333342532317,179.902
6.18666675885518,180.617
6.2000000923872,181.296
6.21333342591922,182.011
6.22666675945123,182.721
6.24000009298325,183.399
6.25333342651526,184.04
6.26666676004728,184.644
6.28000009357929,185.265
6.29333342711131,185.848
6.30666676064332,186.412
6.32000009417534,186.967
6.33333342770735,187.516
6.34666676123937,188.039
6.36000009477139,188.533
6.3733334283034,189.002
6.38666676183542,189.451
6.40000009536743,189.859
6.41333342889945,190.262
6.42666676243146,190.635
6.44000009596348,191.023
6.45333342949549,191.44
6.46666676302751,191.87
6.48000009655952,192.321
6.49333343009154,192.761
6.50666676362356,193.217
6.52000009715557,193.711
6.53333343068759,194.166
6.5466667642196,194.586
6.56000009775162,195.013
6.57333343128363,195.429
6.58666676481565,195.888
6.60000009834766,196.323
6.61333343187968,196.744
6.6266667654117,197.184
6.64000009894371,197.609
6.65333343247573,198.052
6.66666676600774,198.522
6.68000009953976,198.983
6.69333343307177,199.477
6.70666676660379,199.962
6.7200001001358,200.437
6.73333343366782,200.988
6.74666676719983,201.547
6.76000010073185,202.087
6.77333343426387,202.653
6.78666676779588,203.203
6.8000001013279,203.805
6.81333343485991,204.428
6.82666676839193,205.041
6.84000010192394,205.632
6.85333343545596,206.271
6.86666676898797,206.91
6.88000010251999,207.522
6.893333436052,208.105
6.90666676958402,208.657
6.92000010311604,209.194
6.93333343664805,209.683
6.94666677018007,210.16
6.96000010371208,210.626
6.9733334372441,211.073
6.98666677077611,211.461
7.00000010430813,211.841
7.01333343784014,212.197
7.02666677137216,212.53
7.04000010490418,212.83
7.05333343843619,213.114
7.06666677196821,213.361
7.08000010550022,213.579
7.09333343903224,213.766
7.10666677256425,213.943
7.12000010609627,214.063
7.13333343962828,214.14
7.1466667731603,214.192
7.16000010669232,214.239
7.17333344022433,214.258
7.18666677375635,214.271
7.20000010728836,214.268
7.21333344082038,214.235
7.22666677435239,214.172
7.24000010788441,214.121
7.25333344141642,214.032
7.26666677494844,213.923
7.28000010848045,213.794
7.29333344201247,213.644
7.30666677554448,213.519
7.3200001090765,213.341
7.33333344260852,213.151
7.34666677614053,212.959
7.36000010967255,212.759
7.37333344320456,212.552
7.38666677673658,212.328
7.40000011026859,212.099
7.41333344380061,211.867
7.42666677733262,211.626
7.44000011086464,211.353
7.45333344439666,211.058
7.46666677792867,210.757
7.48000011146069,210.455
7.4933334449927,210.155
7.50666677852472,209.816
7.52000011205673,209.452
7.53333344558875,209.084
7.54666677912076,208.727
7.56000011265278,208.346
7.5733334461848,207.919
7.58666677971681,207.493
7.60000011324883,207.081
7.61333344678084,206.683
7.62666678031286,206.3
7.64000011384487,205.89
7.65333344737689,205.494
7.6666667809089,205.096
7.68000011444092,204.659
7.69333344797293,204.2
7.70666678150495,203.713
7.72000011503696,203.213
7.73333344856898,202.702
7.746666782101,202.169
7.76000011563301,201.643
7.77333344916503,201.12
7.78666678269704,200.564
7.80000011622906,199.974
7.81333344976107,199.404
7.82666678329309,198.795
7.8400001168251,198.15
7.85333345035712,197.486
7.86666678388914,196.811
7.88000011742115,196.163
7.89333345095317,195.421
7.90666678448518,194.674
7.9200001180172,193.982
7.93333345154921,193.284
7.94666678508123,192.57
7.96000011861324,191.876
7.97333345214526,191.176
7.98666678567727,190.521
8.00000011920929,189.813
8.01333345274131,189.124
8.02666678627332,188.446
8.04000011980534,187.735
8.05333345333735,187.065
8.06666678686937,186.395
8.08000012040138,185.759
8.0933334539334,185.131
8.10666678746541,184.508
8.12000012099743,183.891
8.13333345452944,183.276
8.14666678806146,182.691
8.16000012159348,182.06
8.17333345512549,181.434
8.18666678865751,180.802
8.20000012218952,180.169
8.21333345572154,179.613
8.22666678925355,179.03
8.24000012278557,178.415
8.25333345631758,177.774
8.2666667898496,177.097
8.28000012338162,176.417
8.29333345691363,175.742
8.30666679044565,175.061
8.32000012397766,174.391
8.33333345750968,173.77
8.34666679104169,173.149
8.36000012457371,172.531
8.37333345810572,171.887
8.38666679163774,171.176
8.40000012516975,170.463
8.41333345870177,169.734
8.42666679223379,169.012
8.4400001257658,168.295
8.45333345929782,167.574
8.46666679282983,166.853
8.48000012636185,166.114
8.49333345989386,165.362
8.50666679342588,164.593
8.52000012695789,163.809
8.53333346048991,162.997
8.54666679402192,162.173
8.56000012755394,161.334
8.57333346108596,160.492
8.58666679461797,159.682
8.60000012814999,158.774
8.613333461682,157.828
8.62666679521402,156.852
8.64000012874603,155.846
8.65333346227805,154.85
8.66666679581006,153.842
8.68000012934208,152.862
8.6933334628741,151.921
8.70666679640611,150.997
8.72000012993813,150.074
8.73333346347014,149.135
8.74666679700216,148.171
8.76000013053417,147.177
8.77333346406619,146.197
8.7866667975982,145.254
8.80000013113022,144.312
8.81333346466223,143.384
8.82666679819425,142.458
8.84000013172627,141.522
8.85333346525828,140.618
8.8666667987903,139.668
8.88000013232231,138.688
8.89333346585433,137.695
8.90666679938634,136.67
8.92000013291836,135.689
8.93333346645037,134.705
8.94666679998239,133.718
8.9600001335144,132.745
8.97333346704642,131.716
8.98666680057844,130.689
9.00000013411045,129.653
9.01333346764247,128.593
9.02666680117448,127.512
9.0400001347065,126.461
9.05333346823851,125.458
9.06666680177053,124.483
9.08000013530254,123.511
9.09333346883456,122.538
9.10666680236658,121.59
9.12000013589859,120.625
9.13333346943061,119.64
9.14666680296262,118.652
9.16000013649464,117.713
9.17333347002665,116.773
9.18666680355867,115.801
9.20000013709068,114.83
9.2133334706227,113.878
9.22666680415471,112.948
9.24000013768673,111.977
9.25333347121875,111.01
9.26666680475076,110.055
9.28000013828278,109.117
9.29333347181479,108.177
9.30666680534681,107.265
9.32000013887882,106.325
9.33333347241084,105.355
9.34666680594285,104.37
9.36000013947487,103.388
9.37333347300688,102.41
9.3866668065389,101.431
9.40000014007092,100.525
9.41333347360293,99.6560000000001
9.42666680713495,98.8149999999999
9.44000014066696,97.991
9.45333347419898,97.176
9.46666680773099,96.364
9.48000014126301,95.576
9.49333347479502,94.74
9.50666680832704,93.907
9.52000014185906,93.125
9.53333347539107,92.352
9.54666680892309,91.583
9.5600001424551,90.8440000000001
9.57333347598712,90.071
9.58666680951913,89.353
9.60000014305115,88.638
9.61333347658316,87.854
9.62666681011518,87.1710000000001
9.64000014364719,86.454
9.65333347717921,85.781
9.66666681071123,85.124
9.68000014424324,84.405
9.69333347777526,83.742
9.70666681130727,83.018
9.72000014483929,82.29
9.7333334783713,81.537
9.74666681190332,80.786
9.76000014543533,80.111
9.77333347896735,79.42
9.78666681249936,78.748
9.80000014603138,78.124
9.8133334795634,77.456
9.82666681309541,76.793
9.84000014662743,76.135
9.85333348015944,75.4469999999999
9.86666681369146,74.824
9.88000014722347,74.182
9.89333348075549,73.539
9.9066668142875,72.927
9.92000014781952,72.276
9.93333348135154,71.615
9.94666681488355,70.952
9.96000014841557,70.257
9.97333348194758,69.599
9.9866668154796,68.913
10.0000001490116,68.2260000000001
10.0133334825436,67.595
10.0266668160756,66.92
10.0400001496077,66.265
10.0533334831397,65.581
10.0666668166717,64.893
10.0800001502037,64.217
10.0933334837357,63.539
10.1066668172677,62.85
10.1200001507998,62.176
10.1333334843318,61.521
10.1466668178638,60.913
10.1600001513958,60.303
10.1733334849278,59.681
10.1866668184598,59.098
10.2000001519918,58.525
10.2133334855239,57.948
10.2266668190559,57.359
10.2400001525879,56.757
10.2533334861199,56.208
10.2666668196519,55.6110000000001
10.2800001531839,55.013
10.293333486716,54.442
10.306666820248,53.903
10.32000015378,53.338
10.333333487312,52.781
10.346666820844,52.245
10.360000154376,51.716
10.373333487908,51.174
10.3866668214401,50.586
10.4000001549721,50.022
10.4133334885041,49.464
10.4266668220361,48.895
10.4400001555681,48.318
10.4533334891001,47.774
10.4666668226322,47.235
10.4800001561642,46.699
10.4933334896962,46.163
10.5066668232282,45.651
10.5200001567602,45.168
10.5333334902922,44.683
10.5466668238242,44.189
10.5600001573563,43.693
10.5733334908883,43.239
10.5866668244203,42.783
10.6000001579523,42.313
10.6133334914843,41.837
10.6266668250163,41.368
10.6400001585484,40.932
10.6533334920804,40.505
10.6666668256124,40.06
10.6800001591444,39.64
10.6933334926764,39.21
10.7066668262084,38.8
10.7200001597404,38.39
10.7333334932725,37.97
10.7466668268045,37.578
10.7600001603365,37.181
10.7733334938685,36.782
10.7866668274005,36.387
10.8000001609325,35.977
10.8133334944646,35.591
10.8266668279966,35.221
10.8400001615286,34.824
10.8533334950606,34.455
10.8666668285926,34.095
10.8800001621246,33.713
10.8933334956567,33.364
10.9066668291887,33.029
10.9200001627207,32.691
10.9333334962527,32.369
10.9466668297847,32.061
10.9600001633167,31.769
10.9733334968487,31.46
10.9866668303808,31.16
11.0000001639128,30.862
11.0133334974448,30.562
11.0266668309768,30.222
11.0400001645088,29.917
11.0533334980408,29.626
11.0666668315729,29.327
11.0800001651049,29.001
11.0933334986369,28.705
11.1066668321689,28.414
11.1200001657009,28.117
11.1333334992329,27.819
11.1466668327649,27.545
11.160000166297,27.275
11.173333499829,27.001
11.186666833361,26.728
11.200000166893,26.463
11.213333500425,26.218
11.226666833957,25.936
11.2400001674891,25.648
11.2533335010211,25.364
11.2666668345531,25.089
11.2800001680851,24.848
11.2933335016171,24.597
11.3066668351491,24.355
11.3200001686811,24.118
11.3333335022132,23.881
11.3466668357452,23.661
11.3600001692772,23.408
11.3733335028092,23.147
11.3866668363412,22.89
11.4000001698732,22.646
11.4133335034053,22.418
11.4266668369373,22.176
11.4400001704693,21.939
11.4533335040013,21.724
11.4666668375333,21.543
11.4800001710653,21.309
11.4933335045973,21.073
11.5066668381294,20.851
11.5200001716614,20.638
11.5333335051934,20.428
11.5466668387254,20.167
11.5600001722574,19.941
11.5733335057894,19.739
11.5866668393215,19.546
11.6000001728535,19.359
11.6133335063855,19.144
11.6266668399175,18.946
11.6400001734495,18.753
11.6533335069815,18.55
11.6666668405135,18.343
11.6800001740456,18.125
11.6933335075776,17.935
11.7066668411096,17.772
11.7200001746416,17.615
11.7333335081736,17.448
11.7466668417056,17.316
11.7600001752377,17.19
11.7733335087697,17.05
11.7866668423017,16.879
11.8000001758337,16.715
11.8133335093657,16.557
11.8266668428977,16.39
11.8400001764297,16.208
11.8533335099618,16.037
11.8666668434938,15.874
11.8800001770258,15.697
11.8933335105578,15.518
11.9066668440898,15.352
11.9200001776218,15.2
11.9333335111539,15.031
11.9466668446859,14.873
11.9600001782179,14.731
11.9733335117499,14.595
11.9866668452819,14.446
12.0000001788139,14.293
12.013333512346,14.164
12.026666845878,14.049
12.04000017941,13.913
12.053333512942,13.754
12.066666846474,13.619
12.080000180006,13.497
12.093333513538,13.372
12.1066668470701,13.197
12.1200001806021,13.07
12.1333335141341,12.957
12.1466668476661,12.836
12.1600001811981,12.703
12.1733335147301,12.553
12.1866668482622,12.425
12.2000001817942,12.29
12.2133335153262,12.154
12.2266668488582,12.028
12.2400001823902,11.915
12.2533335159222,11.822
12.2666668494542,11.719
12.2800001829863,11.613
12.2933335165183,11.511
12.3066668500503,11.405
12.3200001835823,11.307
12.3333335171143,11.209
12.3466668506463,11.116
12.3600001841784,11.036
12.3733335177104,10.971
12.3866668512424,10.884
12.4000001847744,10.806
12.4133335183064,10.738
12.4266668518384,10.672
12.4400001853704,10.61
12.4533335189025,10.535
12.4666668524345,10.462
12.4800001859665,10.394
12.4933335194985,10.308
12.5066668530305,10.227
12.5200001865625,10.15
12.5333335200946,10.068
12.5466668536266,9.98099999999999
12.5600001871586,9.90900000000001
12.5733335206906,9.845
12.5866668542226,9.758
12.6000001877546,9.663
12.6133335212866,9.576
12.6266668548187,9.532
12.6400001883507,9.486
12.6533335218827,9.434
12.6666668554147,9.379
12.6800001889467,9.329
12.6933335224787,9.289
12.7066668560108,9.22199999999999
12.7200001895428,9.127
12.7333335230748,9.02200000000001
12.7466668566068,8.92400000000001
12.7600001901388,8.843
12.7733335236708,8.77800000000001
12.7866668572028,8.696
12.8000001907349,8.60699999999999
12.8133335242669,8.54199999999999
12.8266668577989,8.48
12.8400001913309,8.416
12.8533335248629,8.33500000000001
12.8666668583949,8.242
12.880000191927,8.173
12.893333525459,8.128
12.906666858991,8.06400000000001
12.920000192523,7.991
12.933333526055,7.919
12.946666859587,7.86
12.960000193119,7.807
12.9733335266511,7.727
12.9866668601831,7.649
13.0000001937151,7.596
13.0133335272471,7.552
13.0266668607791,7.495
13.0400001943111,7.431
13.0533335278432,7.36300000000001
13.0666668613752,7.3
13.0800001949072,7.243
13.0933335284392,7.195
13.1066668619712,7.145
13.1200001955032,7.09
13.1333335290353,7.035
13.1466668625673,7.009
13.1600001960993,6.961
13.1733335296313,6.89700000000001
13.1866668631633,6.833
13.2000001966953,6.798
13.2133335302273,6.764
13.2266668637594,6.724
13.2400001972914,6.68
13.2533335308234,6.64
13.2666668643554,6.615
13.2800001978874,6.584
13.2933335314194,6.542
13.3066668649515,6.492
13.3200001984835,6.44
13.3333335320155,6.392
13.3466668655475,6.33
13.3600001990795,6.258
13.3733335326115,6.185
13.3866668661435,6.127
13.4000001996756,6.087
13.4133335332076,6.05
13.4266668667396,6.025
13.4400002002716,6.003
13.4533335338036,5.967
13.4666668673356,5.948
13.4800002008677,5.935
13.4933335343997,5.917
13.5066668679317,5.889
13.5200002014637,5.841
13.5333335349957,5.794
13.5466668685277,5.75
13.5600002020597,5.706
13.5733335355918,5.658
13.5866668691238,5.612
13.6000002026558,5.573
13.6133335361878,5.559
13.6266668697198,5.545
13.6400002032518,5.512
13.6533335367839,5.46
13.6666668703159,5.437
13.6800002038479,5.424
13.6933335373799,5.399
13.7066668709119,5.346
13.7200002044439,5.31
13.733333537976,5.294
13.746666871508,5.267
13.76000020504,5.226
13.773333538572,5.176
13.786666872104,5.144
13.800000205636,5.144
13.813333539168,5.14
13.8266668727001,5.13
13.8400002062321,5.126
13.8533335397641,5.124
13.8666668732961,5.112
13.8800002068281,5.087
13.8933335403601,5.057
13.9066668738921,5.054
13.9200002074242,5.037
13.9333335409562,5.028
13.9466668744882,5.027
13.9600002080202,5.041
13.9733335415522,5.068
13.9866668750842,5.047
14.0000002086163,5.026
14.0133335421483,5.005
14.0266668756803,4.978
14.0400002092123,4.963
14.0533335427443,4.923
14.0666668762763,4.877
14.0800002098084,4.847
14.0933335433404,4.836
14.1066668768724,4.798
14.1200002104044,4.751
14.1333335439364,4.709
14.1466668774684,4.678
14.1600002110004,4.662
14.1733335445325,4.62
14.1866668780645,4.599
14.2000002115965,4.595
14.2133335451285,4.591
14.2266668786605,4.564
14.2400002121925,4.547
14.2533335457246,4.525
14.2666668792566,4.501
14.2800002127886,4.474
14.2933335463206,4.437
14.3066668798526,4.435
14.3200002133846,4.413
14.3333335469166,4.391
14.3466668804487,4.382
14.3600002139807,4.378
14.3733335475127,4.388
14.3866668810447,4.384
14.4000002145767,4.373
14.4133335481087,4.367
14.4266668816408,4.348
14.4400002151728,4.358
14.4533335487048,4.341
14.4666668822368,4.322
14.4800002157688,4.341
14.4933335493008,4.357
14.5066668828328,4.365
14.5200002163649,4.347
14.5333335498969,4.318
14.5466668834289,4.33
14.5600002169609,4.275
14.5733335504929,4.225
14.5866668840249,4.181
14.600000217557,4.138
14.613333551089,4.106
14.626666884621,4.065
14.640000218153,4.046
14.653333551685,4.037
14.666666885217,4.026
14.680000218749,4.008
14.6933335522811,3.995
14.7066668858131,3.98
14.7200002193451,3.956
14.7333335528771,3.917
14.7466668864091,3.89
14.7600002199411,3.885
14.7733335534732,3.881
14.7866668870052,3.871
14.8000002205372,3.858
14.8133335540692,3.84
14.8266668876012,3.842
14.8400002211332,3.828
14.8533335546652,3.799
14.8666668881973,3.772
14.8800002217293,3.752
14.8933335552613,3.752
14.9066668887933,3.745
14.9200002223253,3.727
14.9333335558573,3.731
14.9466668893894,3.72
14.9600002229214,3.706
14.9733335564534,3.687
14.9866668899854,3.66
15.0000002235174,3.632
15.0133335570494,3.589
15.0266668905814,3.57
15.0400002241135,3.555
15.0533335576455,3.53
15.0666668911775,3.514
15.0800002247095,3.497
15.0933335582415,3.485
15.1066668917735,3.473
15.1200002253056,3.445
15.1333335588376,3.445
15.1466668923696,3.457
15.1600002259016,3.456
15.1733335594336,3.447
15.1866668929656,3.44
15.2000002264977,3.424
15.2133335600297,3.431
15.2266668935617,3.422
15.2400002270937,3.401
15.2533335606257,3.407
15.2666668941577,3.433
15.2800002276897,3.446
15.2933335612218,3.454
15.3066668947538,3.462
15.3200002282858,3.495
15.3333335618178,3.494
15.3466668953498,3.483
15.3600002288818,3.483
15.3733335624139,3.506
15.3866668959459,3.491
15.4000002294779,3.469
15.4133335630099,3.453
15.4266668965419,3.446
15.4400002300739,3.435
15.4533335636059,3.409
15.466666897138,3.408
15.48000023067,3.415
15.493333564202,3.429
15.506666897734,3.46
15.520000231266,3.476
15.533333564798,3.492
15.5466668983301,3.521
15.5600002318621,3.55
15.5733335653941,3.557
15.5866668989261,3.535
15.6000002324581,3.523
15.6133335659901,3.523
15.6266668995221,3.523
15.6400002330542,3.48
15.6533335665862,3.468
15.6666669001182,3.464
15.6800002336502,3.463
15.6933335671822,3.459
15.7066669007142,3.445
15.7200002342463,3.426
15.7333335677783,3.415
15.7466669013103,3.397
15.7600002348423,3.371
15.7733335683743,3.362
15.7866669019063,3.373
15.8000002354383,3.395
15.8133335689704,3.415
15.8266669025024,3.412
15.8400002360344,3.417
15.8533335695664,3.427
15.8666669030984,3.416
15.8800002366304,3.386
15.8933335701625,3.354
15.9066669036945,3.343
15.9200002372265,3.324
15.9333335707585,3.293
15.9466669042905,3.248
15.9600002378225,3.205
15.9733335713545,3.17
15.9866669048866,3.154
16.0000002384186,3.143
16.0133335719506,3.138
16.0266669054826,3.139
16.0400002390146,3.165
16.0533335725466,3.177
16.0666669060787,3.172
16.0800002396107,3.148
16.0933335731427,3.135
16.1066669066747,3.148
16.1200002402067,3.138
16.1333335737387,3.116
16.1466669072707,3.104
16.1600002408028,3.086
16.1733335743348,3.092
16.1866669078668,3.084
16.2000002413988,3.059
16.2133335749308,3.04
16.2266669084628,3.062
16.2400002419949,3.056
16.2533335755269,3.034
16.2666669090589,3.011
16.2800002425909,3.007
16.2933335761229,3.01
16.3066669096549,2.993
16.320000243187,2.977
16.333333576719,2.978
16.346666910251,2.982
16.360000243783,2.964
16.373333577315,2.948
16.386666910847,2.932
16.400000244379,2.92
16.4133335779111,2.93
16.4266669114431,2.921
16.4400002449751,2.911
16.4533335785071,2.903
16.4666669120391,2.901
16.4800002455711,2.909
16.4933335791032,2.882
16.5066669126352,2.858
16.5200002461672,2.848
16.5333335796992,2.849
16.5466669132312,2.851
16.5600002467632,2.839
16.5733335802952,2.835
16.5866669138273,2.842
16.6000002473593,2.853
16.6133335808913,2.846
16.6266669144233,2.845
16.6400002479553,2.839
16.6533335814873,2.828
16.6666669150194,2.818
16.6800002485514,2.823
16.6933335820834,2.827
16.7066669156154,2.831
16.7200002491474,2.833
16.7333335826794,2.821
16.7466669162114,2.806
16.7600002497435,2.794
16.7733335832755,2.776
16.7866669168075,2.749
16.8000002503395,2.726
16.8133335838715,2.727
16.8266669174035,2.749
16.8400002509356,2.771
16.8533335844676,2.77
16.8666669179996,2.782
16.8800002515316,2.813
16.8933335850636,2.833
16.9066669185956,2.831
16.9200002521276,2.796
16.9333335856597,2.794
16.9466669191917,2.775
16.9600002527237,2.759
16.9733335862557,2.743
16.9866669197877,2.733
17.0000002533197,2.755
17.0133335868518,2.746
17.0266669203838,2.734
17.0400002539158,2.733
17.0533335874478,2.687
17.0666669209798,2.665
17.0800002545118,2.655
17.0933335880438,2.651
17.1066669215759,2.657
17.1200002551079,2.664
17.1333335886399,2.671
17.1466669221719,2.677
17.1600002557039,2.673
17.1733335892359,2.647
17.186666922768,2.641
17.2000002563,2.622
17.213333589832,2.605
17.226666923364,2.588
17.240000256896,2.559
17.253333590428,2.555
17.26666692396,2.544
17.2800002574921,2.543
17.2933335910241,2.547
17.3066669245561,2.54
17.3200002580881,2.554
17.3333335916201,2.563
17.3466669251521,2.56
17.3600002586842,2.551
17.3733335922162,2.539
17.3866669257482,2.539
17.4000002592802,2.538
17.4133335928122,2.529
17.4266669263442,2.514
17.4400002598763,2.52
17.4533335934083,2.529
17.4666669269403,2.543
17.4800002604723,2.558
17.4933335940043,2.572
17.5066669275363,2.616
17.5200002610683,2.645
17.5333335946004,2.661
17.5466669281324,2.665
17.5600002616644,2.665
17.5733335951964,2.663
17.5866669287284,2.635
17.6000002622604,2.613
17.6133335957925,2.604
17.6266669293245,2.586
17.6400002628565,2.585
17.6533335963885,2.606
17.6666669299205,2.618
17.6800002634525,2.618
17.6933335969845,2.609
17.7066669305166,2.621
17.7200002640486,2.627
17.7333335975806,2.618
17.7466669311126,2.595
17.7600002646446,2.596
17.7733335981766,2.583
17.7866669317087,2.566
17.8000002652407,2.555
17.8133335987727,2.549
17.8266669323047,2.526
17.8400002658367,2.508
17.8533335993687,2.492
17.8666669329007,2.492
17.8800002664328,2.51
17.8933335999648,2.5
17.9066669334968,2.499
17.9200002670288,2.496
17.9333336005608,2.502
17.9466669340928,2.533
17.9600002676249,2.511
17.9733336011569,2.507
17.9866669346889,2.526
18.0000002682209,2.553
18.0133336017529,2.563
18.0266669352849,2.546
18.0400002688169,2.533
18.053333602349,2.526
18.066666935881,2.511
18.080000269413,2.467
18.093333602945,2.456
18.106666936477,2.453
18.120000270009,2.451
18.1333336035411,2.453
18.1466669370731,2.447
18.1600002706051,2.47
18.1733336041371,2.473
18.1866669376691,2.467
18.2000002712011,2.464
18.2133336047332,2.46
18.2266669382652,2.49
18.2400002717972,2.496
18.2533336053292,2.491
18.2666669388612,2.519
18.2800002723932,2.547
18.2933336059252,2.558
18.3066669394573,2.539
18.3200002729893,2.501
18.3333336065213,2.492
18.3466669400533,2.487
18.3600002735853,2.471
18.3733336071173,2.458
18.3866669406494,2.457
18.4000002741814,2.465
18.4133336077134,2.485
18.4266669412454,2.509
18.4400002747774,2.522
18.4533336083094,2.517
18.4666669418414,2.511
18.4800002753735,2.51
18.4933336089055,2.499
18.5066669424375,2.467
18.5200002759695,2.419
18.5333336095015,2.403
18.5466669430335,2.403
18.5600002765656,2.397
18.5733336100976,2.397
18.5866669436296,2.415
18.6000002771616,2.429
18.6133336106936,2.431
18.6266669442256,2.422
18.6400002777576,2.409
18.6533336112897,2.407
18.6666669448217,2.39
18.6800002783537,2.383
18.6933336118857,2.381
18.7066669454177,2.382
18.7200002789497,2.392
18.7333336124818,2.391
18.7466669460138,2.384
18.7600002795458,2.37
18.7733336130778,2.357
18.7866669466098,2.362
18.8000002801418,2.353
18.8133336136738,2.35
18.8266669472059,2.356
18.8400002807379,2.365
18.8533336142699,2.359
18.8666669478019,2.331
18.8800002813339,2.319
18.8933336148659,2.326
18.906666948398,2.337
18.92000028193,2.304
18.933333615462,2.278
18.946666948994,2.269
18.960000282526,2.27
18.973333616058,2.256
18.9866669495901,2.223
19.0000002831221,2.22
19.0133336166541,2.217
19.0266669501861,2.214
19.0400002837181,2.219
19.0533336172501,2.233
19.0666669507821,2.241
19.0800002843142,2.236
19.0933336178462,2.22
19.1066669513782,2.238
19.1200002849102,2.243
19.1333336184422,2.247
19.1466669519742,2.246
19.1600002855062,2.242
19.1733336190383,2.236
19.1866669525703,2.257
19.2000002861023,2.256
19.2133336196343,2.239
19.2266669531663,2.219
19.2400002866983,2.196
19.2533336202304,2.193
19.2666669537624,2.176
19.2800002872944,2.151
19.2933336208264,2.151
19.3066669543584,2.145
19.3200002878904,2.146
19.3333336214225,2.152
19.3466669549545,2.161
19.3600002884865,2.183
19.3733336220185,2.176
19.3866669555505,2.172
19.4000002890825,2.164
19.4133336226145,2.15
19.4266669561466,2.138
19.4400002896786,2.159
19.4533336232106,2.169
19.4666669567426,2.181
19.4800002902746,2.197
19.4933336238066,2.231
19.5066669573387,2.258
19.5200002908707,2.271
19.5333336244027,2.28
19.5466669579347,2.31
19.5600002914667,2.337
19.5733336249987,2.351
19.5866669585307,2.366
19.6000002920628,2.377
19.6133336255948,2.372
19.6266669591268,2.369
19.6400002926588,2.359
19.6533336261908,2.344
19.6666669597228,2.332
19.6800002932549,2.321
19.6933336267869,2.302
19.7066669603189,2.287
19.7200002938509,2.27
19.7333336273829,2.257
19.7466669609149,2.26
19.7600002944469,2.263
19.773333627979,2.267
19.786666961511,2.29
19.800000295043,2.325
19.813333628575,2.333
19.826666962107,2.337
19.840000295639,2.322
19.8533336291711,2.316
19.8666669627031,2.32599999999999
19.8800002962351,2.277
19.8933336297671,2.253
19.9066669632991,2.239
19.9200002968311,2.23
19.9333336303631,2.233
19.9466669638952,2.221
19.9600002974272,2.215
19.9733336309592,2.221
19.9866669644912,2.237
20.0000002980232,2.254
20.0133336315552,2.294
20.0266669650873,2.3
20.0400002986193,2.31
20.0533336321513,2.333
20.0666669656833,2.338
20.0800002992153,2.315
20.0933336327473,2.301
20.1066669662793,2.304
20.1200002998114,2.322
20.1333336333434,2.318
20.1466669668754,2.32
20.1600003004074,2.333
20.1733336339394,2.328
20.1866669674714,2.291
20.2000003010035,2.266
20.2133336345355,2.23
20.2266669680675,2.207
20.2400003015995,2.194
20.2533336351315,2.178
20.2666669686635,2.194
20.2800003021955,2.187
20.2933336357276,2.188
20.3066669692596,2.194
20.3200003027916,2.181
20.3333336363236,2.172
20.3466669698556,2.172
20.3600003033876,2.176
20.3733336369197,2.183
20.3866669704517,2.188
20.4000003039837,2.205
20.4133336375157,2.201
20.4266669710477,2.2
20.4400003045797,2.206
20.4533336381118,2.201
20.4666669716438,2.219
20.4800003051758,2.235
20.4933336387078,2.247
20.5066669722398,2.259
20.5200003057718,2.245
20.5333336393038,2.239
20.5466669728359,2.226
20.5600003063679,2.211
20.5733336398999,2.204
20.5866669734319,2.21
20.6000003069639,2.21
20.6133336404959,2.224
20.626666974028,2.235
20.64000030756,2.222
20.653333641092,2.229
20.666666974624,2.217
20.680000308156,2.207
20.693333641688,2.2
20.70666697522,2.182
20.7200003087521,2.19
20.7333336422841,2.174
20.7466669758161,2.173
20.7600003093481,2.199
20.7733336428801,2.211
20.7866669764121,2.208
20.8000003099441,2.2
20.8133336434762,2.19
20.8266669770082,2.178
20.8400003105402,2.139
20.8533336440722,2.119
20.8666669776042,2.108
20.8800003111362,2.106
20.8933336446683,2.109
20.9066669782003,2.12
20.9200003117323,2.13
20.9333336452643,2.142
20.9466669787963,2.152
20.9600003123283,2.16
20.9733336458604,2.155
20.9866669793924,2.171
21.0000003129244,2.185
21.0133336464564,2.194
21.0266669799884,2.203
21.0400003135204,2.201
21.0533336470524,2.216
21.0666669805845,2.226
21.0800003141165,2.221
21.0933336476485,2.224
21.1066669811805,2.225
21.1200003147125,2.234
21.1333336482445,2.249
21.1466669817766,2.259
21.1600003153086,2.249
21.1733336488406,2.256
21.1866669823726,2.257
21.2000003159046,2.254
21.2133336494366,2.249
21.2266669829686,2.238
21.2400003165007,2.214
21.2533336500327,2.183
21.2666669835647,2.153
21.2800003170967,2.137
21.2933336506287,2.122
21.3066669841607,2.118
21.3200003176928,2.112
21.3333336512248,2.119
21.3466669847568,2.149
21.3600003182888,2.141
21.3733336518208,2.144
21.3866669853528,2.142
21.4000003188848,2.134
21.4133336524169,2.153
21.4266669859489,2.156
21.4400003194809,2.153
21.4533336530129,2.168
21.4666669865449,2.196
21.4800003200769,2.209
21.493333653609,2.233
21.506666987141,2.236
21.520000320673,2.236
21.533333654205,2.246
21.546666987737,2.225
21.560000321269,2.204
21.5733336548011,2.193
21.5866669883331,2.185
21.6000003218651,2.182
21.6133336553971,2.2
21.6266669889291,2.191
21.6400003224611,2.191
21.6533336559931,2.198
21.6666669895252,2.199
21.6800003230572,2.199
21.6933336565892,2.193
21.7066669901212,2.187
21.7200003236532,2.193
21.7333336571852,2.208
21.7466669907173,2.199
21.7600003242493,2.197
21.7733336577813,2.211
21.7866669913133,2.224
21.8000003248453,2.222
21.8133336583773,2.197
21.8266669919093,2.186
21.8400003254414,2.189
21.8533336589734,2.194
21.8666669925054,2.167
21.8800003260374,2.166
21.8933336595694,2.17
21.9066669931014,2.166
21.9200003266334,2.147
21.9333336601655,2.121
21.9466669936975,2.105
21.9600003272295,2.086
21.9733336607615,2.071
21.9866669942935,2.064
22.0000003278255,2.065
22.0133336613576,2.066
22.0266669948896,2.08
22.0400003284216,2.098
22.0533336619536,2.107
22.0666669954856,2.102
22.0800003290176,2.107
22.0933336625497,2.114
22.1066669960817,2.121
22.1200003296137,2.123
22.1333336631457,2.121
22.1466669966777,2.131
22.1600003302097,2.152
22.1733336637417,2.171
22.1866669972738,2.164
22.2000003308058,2.157
22.2133336643378,2.142
22.2266669978698,2.133
22.2400003314018,2.125
22.2533336649338,2.084
22.2666669984659,2.083
22.2800003319979,2.08
22.2933336655299,2.083
22.3066669990619,2.113
22.3200003325939,2.097
22.3333336661259,2.096
22.3466669996579,2.101
22.36000033319,2.104
22.373333666722,2.103
22.386667000254,2.093
22.400000333786,2.092
22.413333667318,2.117
22.42666700085,2.153
22.4400003343821,2.159
22.4533336679141,2.162
22.4666670014461,2.15
22.4800003349781,2.148
22.4933336685101,2.163
22.5066670020421,2.143
22.5200003355741,2.142
22.5333336691062,2.149
22.5466670026382,2.156
22.5600003361702,2.163
22.5733336697022,2.174
22.5866670032342,2.154
22.6000003367662,2.147
22.6133336702983,2.143
22.6266670038303,2.128
22.6400003373623,2.144
22.6533336708943,2.123
22.6666670044263,2.113
22.6800003379583,2.119
22.6933336714904,2.115
22.7066670050224,2.104
22.7200003385544,2.093
22.7333336720864,2.098
22.7466670056184,2.115
22.7600003391504,2.115
22.7733336726824,2.112
22.7866670062145,2.13
22.8000003397465,2.153
22.8133336732785,2.166
22.8266670068105,2.172
22.8400003403425,2.188
22.8533336738745,2.198
22.8666670074066,2.205
22.8800003409386,2.211
22.8933336744706,2.208
22.9066670080026,2.215
22.9200003415346,2.209
22.9333336750666,2.199
22.9466670085986,2.194
22.9600003421307,2.171
22.9733336756627,2.17
22.9866670091947,2.173
23.0000003427267,2.168
23.0133336762587,2.163
23.0266670097907,2.153
23.0400003433228,2.155
23.0533336768548,2.153
23.0666670103868,2.142
23.0800003439188,2.12
23.0933336774508,2.114
23.1066670109828,2.109
23.1200003445148,2.115
23.1333336780469,2.123
23.1466670115789,2.116
23.1600003451109,2.144
23.1733336786429,2.154
23.1866670121749,2.163
23.2000003457069,2.171
23.213333679239,2.142
23.226667012771,2.152
23.240000346303,2.138
23.253333679835,2.114
23.266667013367,2.109
23.280000346899,2.105
23.293333680431,2.112
23.3066670139631,2.111
23.3200003474951,2.11
23.3333336810271,2.121
23.3466670145591,2.124
23.3600003480911,2.135
23.3733336816231,2.121
23.3866670151552,2.097
23.4000003486872,2.094
23.4133336822192,2.086
23.4266670157512,2.073
23.4400003492832,2.048
23.4533336828152,2.024
23.4666670163473,2.057
23.4800003498793,2.056
23.4933336834113,2.058
23.5066670169433,2.057
23.5200003504753,2.06
23.5333336840073,2.099
23.5466670175393,2.097
23.5600003510714,2.1
23.5733336846034,2.103
23.5866670181354,2.099
23.6000003516674,2.108
23.6133336851994,2.099
23.6266670187314,2.083
23.6400003522635,2.069
23.6533336857955,2.05
23.6666670193275,2.04
23.6800003528595,2.044
23.6933336863915,2.045
23.7066670199235,2.046
23.7200003534555,2.063
23.7333336869876,2.086
23.7466670205196,2.108
23.7600003540516,2.115
23.7733336875836,2.109
23.7866670211156,2.109
23.8000003546476,2.093
23.8133336881797,2.073
23.8266670217117,2.054
23.8400003552437,2.043
23.8533336887757,2.056
23.8666670223077,2.049
23.8800003558397,2.05
23.8933336893717,2.05
23.9066670229038,2.042
23.9200003564358,2.041
23.9333336899678,2.049
23.9466670234998,2.07599999999999
23.9600003570318,2.106
23.9733336905638,2.119
23.9866670240959,2.158
24.0000003576279,2.172
24.0133336911599,2.171
24.0266670246919,2.161
24.0400003582239,2.147
24.0533336917559,2.157
24.0666670252879,2.163
24.08000035882,2.165
24.093333692352,2.177
24.106667025884,2.211
24.120000359416,2.202
24.133333692948,2.196
24.14666702648,2.201
24.1600003600121,2.212
24.1733336935441,2.218
24.1866670270761,2.2
24.2000003606081,2.183
24.2133336941401,2.18
24.2266670276721,2.178
24.2400003612041,2.145
24.2533336947362,2.119
24.2666670282682,2.1
24.2800003618002,2.092
24.2933336953322,2.098
24.3066670288642,2.071
24.3200003623962,2.064
24.3333336959283,2.065
24.3466670294603,2.062
24.3600003629923,2.041
24.3733336965243,2.014
24.3866670300563,2.01
24.4000003635883,2.006
24.4133336971203,1.999
24.4266670306524,1.999
24.4400003641844,1.993
24.4533336977164,2.0
24.4666670312484,2.013
24.4800003647804,2.023
24.4933336983124,2.019
24.5066670318445,2.035
24.5200003653765,2.047
24.5333336989085,2.051
24.5466670324405,2.047
24.5600003659725,2.044
24.5733336995045,2.064
24.5866670330366,2.061
24.6000003665686,2.049
24.6133337001006,2.053
24.6266670336326,2.068
24.6400003671646,2.059
24.6533337006966,2.046
24.6666670342286,2.045
24.6800003677607,2.064
24.6933337012927,2.067
24.7066670348247,2.042
24.7200003683567,2.032
24.7333337018887,2.036
24.7466670354207,2.034
24.7600003689528,2.017
24.7733337024848,2.01
24.7866670360168,2.017
24.8000003695488,2.034
24.8133337030808,2.036
24.8266670366128,2.055
24.8400003701448,2.057
24.8533337036769,2.063
24.8666670372089,2.084
24.8800003707409,2.128
24.8933337042729,2.123
24.9066670378049,2.115
24.9200003713369,2.107
24.933333704869,2.109
24.946667038401,2.116
24.960000371933,2.097
24.973333705465,2.099
24.986667038997,2.121
25.000000372529,2.142
25.013333706061,2.161
25.0266670395931,2.16
25.0400003731251,2.154
25.0533337066571,2.148
25.0666670401891,2.139
25.0800003737211,2.109
25.0933337072531,2.087
25.1066670407852,2.074
25.1200003743172,2.065
25.1333337078492,2.055
25.1466670413812,2.049
25.1600003749132,2.065
25.1733337084452,2.063
25.1866670419772,2.047
25.2000003755093,2.052
25.2133337090413,2.049
25.2266670425733,2.054
25.2400003761053,2.054
25.2533337096373,2.045
25.2666670431693,2.078
25.2800003767014,2.078
25.2933337102334,2.074
25.3066670437654,2.08
25.3200003772974,2.095
25.3333337108294,2.11
25.3466670443614,2.126
25.3600003778934,2.14
25.3733337114255,2.149
25.3866670449575,2.154
25.4000003784895,2.129
25.4133337120215,2.103
25.4266670455535,2.087
25.4400003790855,2.087
25.4533337126176,2.1
25.4666670461496,2.099
25.4800003796816,2.109
25.4933337132136,2.124
25.5066670467456,2.141
25.5200003802776,2.153
25.5333337138096,2.149
25.5466670473417,2.165
25.5600003808737,2.182
25.5733337144057,2.183
25.5866670479377,2.184
25.6000003814697,2.172
25.6133337150017,2.171
25.6266670485338,2.177
25.6400003820658,2.185
25.6533337155978,2.19
25.6666670491298,2.196
25.6800003826618,2.196
25.6933337161938,2.184
25.7066670497259,2.15300000000001
25.7200003832579,2.116
25.7333337167899,2.099
25.7466670503219,2.088
25.7600003838539,2.075
25.7733337173859,2.066
25.7866670509179,2.076
25.80000038445,2.068
25.813333717982,2.055
25.826667051514,2.035
25.840000385046,2.003
25.853333718578,2.011
25.86666705211,2.002
25.8800003856421,1.985
25.8933337191741,1.975
25.9066670527061,1.983
25.9200003862381,2.015
25.9333337197701,2.016
25.9466670533021,2.0
25.9600003868341,1.994
25.9733337203662,2.017
25.9866670538982,2.039
26.0000003874302,2.044
26.0133337209622,2.046
26.0266670544942,2.06999999999999
26.0400003880262,2.107
26.0533337215583,2.148
26.0666670550903,2.168
26.0800003886223,2.171
26.0933337221543,2.184
26.1066670556863,2.212
26.1200003892183,2.214
26.1333337227503,2.206
26.1466670562824,2.201
26.1600003898144,2.213
26.1733337233464,2.218
26.1866670568784,2.2
26.2000003904104,2.18
26.2133337239424,2.171
26.2266670574745,2.164
26.2400003910065,2.124
26.2533337245385,2.104
26.2666670580705,2.095
26.2800003916025,2.089
26.2933337251345,2.092
26.3066670586665,2.102
26.3200003921986,2.132
26.3333337257306,2.162
26.3466670592626,2.171
26.3600003927946,2.199
26.3733337263266,2.235
26.3866670598586,2.252
26.4000003933907,2.253
26.4133337269227,2.255
26.4266670604547,2.292
26.4400003939867,2.285
26.4533337275187,2.274
26.4666670610507,2.261
26.4800003945827,2.246
26.4933337281148,2.244
26.5066670616468,2.217
26.5200003951788,2.19
26.5333337287108,2.178
26.5466670622428,2.151
26.5600003957748,2.161
26.5733337293069,2.15
26.5866670628389,2.132
26.6000003963709,2.122
26.6133337299029,2.139
26.6266670634349,2.136
26.6400003969669,2.128
26.6533337304989,2.13
26.666667064031,2.151
26.680000397563,2.164
26.693333731095,2.158
26.706667064627,2.153
26.720000398159,2.152
26.733333731691,2.15
26.7466670652231,2.143
26.7600003987551,2.151
26.7733337322871,2.161
26.7866670658191,2.174
26.8000003993511,2.195
26.8133337328831,2.215
26.8266670664152,2.209
26.8400003999472,2.207
26.8533337334792,2.22
26.8666670670112,2.241
26.8800004005432,2.26
26.8933337340752,2.255
26.9066670676072,2.254
26.9200004011393,2.266
26.9333337346713,2.253
26.9466670682033,2.241
26.9600004017353,2.222
26.9733337352673,2.217
26.9866670687993,2.238
27.0000004023314,2.22
27.0133337358634,2.204
27.0266670693954,2.194
27.0400004029274,2.186
27.0533337364594,2.177
27.0666670699914,2.167
27.0800004035234,2.168
27.0933337370555,2.194
27.1066670705875,2.216
27.1200004041195,2.205
27.1333337376515,2.212
27.1466670711835,2.203
27.1600004047155,2.186
27.1733337382476,2.167
27.1866670717796,2.136
27.2000004053116,2.155
27.2133337388436,2.162
27.2266670723756,2.162
27.2400004059076,2.166
27.2533337394396,2.19
27.2666670729717,2.178
27.2800004065037,2.164
27.2933337400357,2.146
27.3066670735677,2.13
27.3200004070997,2.124
27.3333337406317,2.103
27.3466670741638,2.11799999999999
27.3600004076958,2.141
27.3733337412278,2.141
27.3866670747598,2.146
27.4000004082918,2.158
27.4133337418238,2.174
27.4266670753558,2.183
27.4400004088879,2.161
27.4533337424199,2.171
27.4666670759519,2.17
27.4800004094839,2.169
27.4933337430159,2.165
27.5066670765479,2.161
27.52000041008,2.163
27.533333743612,2.164
27.546667077144,2.165
27.560000410676,2.171
27.573333744208,2.168
27.58666707774,2.173
27.600000411272,2.205
27.6133337448041,2.226
27.6266670783361,2.225
27.6400004118681,2.25
27.6533337454001,2.252
27.6666670789321,2.253
27.6800004124641,2.241
27.6933337459962,2.21
27.7066670795282,2.237
27.7200004130602,2.221
27.7333337465922,2.208
27.7466670801242,2.206
27.7600004136562,2.209
27.7733337471882,2.229
27.7866670807203,2.226
27.8000004142523,2.217
27.8133337477843,2.222
27.8266670813163,2.249
27.8400004148483,2.25
27.8533337483803,2.234
27.8666670819124,2.217
27.8800004154444,2.218
27.8933337489764,2.251
27.9066670825084,2.214
27.9200004160404,2.22499999999999
27.9333337495724,2.25
27.9466670831045,2.261
27.9600004166365,2.255
27.9733337501685,2.23
27.9866670837005,2.229
28.0000004172325,2.226
28.0133337507645,2.18600000000001
28.0266670842965,2.154
28.0400004178286,2.143
28.0533337513606,2.16
28.0666670848926,2.172
28.0800004184246,2.156
28.0933337519566,2.162
28.1066670854886,2.185
28.1200004190207,2.199
28.1333337525527,2.195
28.1466670860847,2.164
28.1600004196167,2.175
28.1733337531487,2.176
28.1866670866807,2.169
28.2000004202127,2.158
28.2133337537448,2.15
28.2266670872768,2.166
28.2400004208088,2.191
28.2533337543408,2.218
28.2666670878728,2.241
28.2800004214048,2.258
28.2933337549369,2.285
28.3066670884689,2.305
28.3200004220009,2.314
28.3333337555329,2.319
28.3466670890649,2.322
28.3600004225969,2.317
28.3733337561289,2.32
28.386667089661,2.319
28.400000423193,2.306
28.413333756725,2.319
28.426667090257,2.343
28.440000423789,2.364
28.453333757321,2.379
28.4666670908531,2.381
28.4800004243851,2.399
28.4933337579171,2.395
28.5066670914491,2.379
28.5200004249811,2.362
28.5333337585131,2.353
28.5466670920451,2.358
28.5600004255772,2.369
28.5733337591092,2.376
28.5866670926412,2.373
28.6000004261732,2.349
28.6133337597052,2.33
28.6266670932372,2.301
28.6400004267693,2.273
28.6533337603013,2.253
28.6666670938333,2.239
28.6800004273653,2.252
28.6933337608973,2.268
28.7066670944293,2.28
28.7200004279613,2.295
28.7333337614934,2.312
28.7466670950254,2.348
28.7600004285574,2.363
28.7733337620894,2.363
28.7866670956214,2.37
28.8000004291534,2.403
28.8133337626855,2.401
28.8266670962175,2.386
28.8400004297495,2.365
28.8533337632815,2.353
28.8666670968135,2.358
28.8800004303455,2.345
28.8933337638776,2.34
28.9066670974096,2.349
28.9200004309416,2.35
28.9333337644736,2.369
28.9466670980056,2.364
28.9600004315376,2.362
28.9733337650696,2.383
28.9866670986017,2.388
29.0000004321337,2.398
29.0133337656657,2.393
29.0266670991977,2.385
29.0400004327297,2.38500000000001
29.0533337662617,2.354
29.0666670997938,2.35
29.0800004333258,2.345
29.0933337668578,2.339
29.1066671003898,2.343
29.1200004339218,2.339
29.1333337674538,2.348
29.1466671009858,2.34
29.1600004345179,2.319
29.1733337680499,2.309
29.1866671015819,2.316
29.2000004351139,2.318
29.2133337686459,2.311
29.2266671021779,2.301
29.24000043571,2.302
29.253333769242,2.288
29.266667102774,2.27
29.280000436306,2.253
29.293333769838,2.233
29.30666710337,2.202
29.320000436902,2.166
29.3333337704341,2.151
29.3466671039661,2.147
29.3600004374981,2.144
29.3733337710301,2.137
29.3866671045621,2.148
29.4000004380941,2.168
29.4133337716262,2.183
29.4266671051582,2.18
29.4400004386902,2.177
29.4533337722222,2.166
29.4666671057542,2.171
29.4800004392862,2.179
29.4933337728182,2.168
29.5066671063503,2.163
29.5200004398823,2.15
29.5333337734143,2.15
29.5466671069463,2.155
29.5600004404783,2.136
29.5733337740103,2.141
29.5866671075424,2.148
29.6000004410744,2.159
29.6133337746064,2.171
29.6266671081384,2.174
29.6400004416704,2.196
29.6533337752024,2.204
29.6666671087344,2.207
29.6800004422665,2.206
29.6933337757985,2.19
29.7066671093305,2.194
29.7200004428625,2.191
29.7333337763945,2.189
29.7466671099265,2.201
29.7600004434586,2.196
29.7733337769906,2.217
29.7866671105226,2.239
29.8000004440546,2.254
29.8133337775866,2.268
29.8266671111186,2.282
29.8400004446507,2.277
29.8533337781827,2.285
29.8666671117147,2.297
29.8800004452467,2.289
29.8933337787787,2.29
29.9066671123107,2.287
29.9200004458427,2.283
29.9333337793748,2.283
29.9466671129068,2.261
29.9600004464388,2.244
29.9733337799708,2.23
29.9866671135028,2.219
30.0000004470348,2.21
30.0133337805669,2.214
30.0266671140989,2.181
30.0400004476309,2.158
30.0533337811629,2.144
30.0666671146949,2.132
30.0800004482269,2.116
30.0933337817589,2.115
30.106667115291,2.136
30.120000448823,2.17100000000001
30.133333782355,2.2
30.146667115887,2.211
30.160000449419,2.218
30.173333782951,2.214
30.1866671164831,2.199
30.2000004500151,2.176
30.2133337835471,2.169
30.2266671170791,2.168
30.2400004506111,2.179
30.2533337841431,2.194
30.2666671176751,2.205
30.2800004512072,2.222
30.2933337847392,2.229
30.3066671182712,2.233
30.3200004518032,2.238
30.3333337853352,2.227
30.3466671188672,2.221
30.3600004523993,2.209
30.3733337859313,2.202
30.3866671194633,2.201
30.4000004529953,2.184
30.4133337865273,2.176
30.4266671200593,2.169
30.4400004535913,2.162
30.4533337871234,2.156
30.4666671206554,2.141
30.4800004541874,2.135
30.4933337877194,2.128
30.5066671212514,2.119
30.5200004547834,2.114
30.5333337883155,2.125
30.5466671218475,2.124
30.5600004553795,2.09999999999999
30.5733337889115,2.069
30.5866671224435,2.046
30.6000004559755,2.06
30.6133337895075,2.063
30.6266671230396,2.061
30.6400004565716,2.06399999999999
