time_min,absorb_mau
0.0,0.009
0.0800000011920929,0.002
0.160000002384186,-0.009
0.240000003576279,-0.016
0.320000004768372,-0.062
0.400000005960465,-0.077
0.480000007152557,-0.0739999999999999
0.56000000834465,0.005
0.640000009536743,0.004
0.720000010728836,-0.037
0.800000011920929,-0.077
0.880000013113022,-0.104
0.960000014305115,-0.0629999999999997
1.04000001549721,-0.027
1.1200000166893,-0.0370000000000001
1.20000001788139,-0.068
1.28000001907349,-0.136
1.36000002026558,-0.131
1.44000002145767,-0.052
1.52000002264977,0.0020000000000001
1.60000002384186,0.02
1.68000002503395,0.046
1.76000002622604,0.081
1.84000002741814,0.287
1.92000002861023,0.334000000000001
2.00000002980232,0.382
2.08000003099442,0.395
2.16000003218651,0.487
2.2400000333786,0.34
2.32000003457069,0.268
2.40000003576279,0.283
2.48000003695488,0.246
2.56000003814697,0.215
2.64000003933907,0.21
2.72000004053116,0.262
2.80000004172325,0.264000000000001
2.88000004291534,0.325
2.96000004410744,0.37
3.04000004529953,0.364
3.12000004649162,0.403
3.20000004768372,0.4
3.28000004887581,0.38
3.3600000500679,0.434
3.44000005125999,0.489
3.52000005245209,0.448
3.60000005364418,0.456
3.68000005483627,0.4
3.76000005602837,0.4
3.84000005722046,0.463
3.92000005841255,0.476
4.00000005960465,0.582
4.08000006079674,0.561
4.16000006198883,0.582
4.24000006318092,0.519
4.32000006437302,0.519
4.40000006556511,0.557
4.4800000667572,0.540000000000001
4.5600000679493,0.626
4.64000006914139,0.705
4.72000007033348,0.621
4.80000007152557,0.624
4.88000007271767,0.676000000000001
4.96000007390976,0.738
5.04000007510185,0.768
5.12000007629395,0.793
5.20000007748604,0.716
5.28000007867813,0.764000000000001
5.36000007987022,0.815
5.44000008106232,0.871
5.52000008225441,0.871
5.6000000834465,0.835
5.6800000846386,0.864
5.76000008583069,0.886
5.84000008702278,0.777
5.92000008821487,0.809
6.00000008940697,0.876
6.08000009059906,0.87
6.16000009179115,0.932
6.24000009298325,1.025
6.32000009417534,0.968
6.40000009536743,0.919000000000001
6.48000009655953,0.945
6.56000009775162,1.044
6.64000009894371,1.078
6.7200001001358,1.137
6.8000001013279,1.143
6.88000010251999,1.109
6.96000010371208,1.156
7.04000010490418,1.187
7.12000010609627,1.195
7.20000010728836,1.251
7.28000010848045,1.21
7.36000010967255,1.336
7.44000011086464,1.416
7.52000011205673,1.508
7.60000011324883,1.523
7.68000011444092,1.607
7.76000011563301,1.644
7.8400001168251,1.609
7.9200001180172,1.546
8.00000011920929,1.626
8.08000012040138,1.588
8.16000012159348,1.605
8.24000012278557,1.639
8.32000012397766,1.703
8.40000012516975,1.715
8.48000012636185,1.745
8.56000012755394,1.668
8.64000012874603,1.728
8.72000012993813,1.752
8.80000013113022,1.658
8.88000013232231,1.687
8.96000013351441,1.664
9.0400001347065,1.756
9.12000013589859,1.717
9.20000013709068,1.785
9.28000013828278,1.819
9.36000013947487,1.798
9.44000014066696,1.79
9.52000014185906,1.84
9.60000014305115,1.857
9.68000014424324,1.941
9.76000014543534,1.91
9.84000014662743,2.083
9.92000014781952,2.073
10.0000001490116,2.053
10.0800001502037,2.032
10.1600001513958,2.123
10.2400001525879,2.102
10.32000015378,2.134
10.4000001549721,2.114
10.4800001561642,2.083
10.5600001573563,2.033
10.6400001585484,2.075
10.7200001597404,2.065
10.8000001609325,2.016
10.8800001621246,1.99
10.9600001633167,2.161
11.0400001645088,2.199
11.1200001657009,2.145
11.200000166893,2.271
11.2800001680851,2.263
11.3600001692772,2.262
11.4400001704693,2.253
11.5200001716614,2.256
11.6000001728535,2.306
11.6800001740456,2.28
11.7600001752377,2.318
11.8400001764297,2.346
11.9200001776218,2.338
12.0000001788139,2.369
12.080000180006,2.417
12.1600001811981,2.416
12.2400001823902,2.56
12.3200001835823,2.596
12.4000001847744,2.539
12.4800001859665,2.607
12.5600001871586,2.663
12.6400001883507,2.661
12.7200001895428,2.588
12.8000001907349,2.591
12.880000191927,2.644
12.9600001931191,2.702
13.0400001943111,2.763
13.1200001955032,2.75
13.2000001966953,2.761
13.2800001978874,2.729
13.3600001990795,2.694
13.4400002002716,2.677
13.5200002014637,2.699
13.6000002026558,2.68
13.6800002038479,2.705
13.76000020504,2.681
13.8400002062321,2.694
13.9200002074242,2.827
14.0000002086163,2.837
14.0800002098084,2.796
14.1600002110004,2.806
14.2400002121925,2.897
14.3200002133846,2.949
14.4000002145767,2.937
14.4800002157688,3.029
14.5600002169609,2.983
14.640000218153,3.055
14.7200002193451,3.12
14.8000002205372,3.08
14.8800002217293,3.135
14.9600002229214,3.076
15.0400002241135,3.092
15.1200002253056,3.086
15.2000002264977,3.109
15.2800002276897,3.061
15.3600002288818,3.114
15.4400002300739,3.107
15.520000231266,3.114
15.6000002324581,3.068
15.6800002336502,3.104
15.7600002348423,3.092
15.8400002360344,3.032
15.9200002372265,3.036
16.0000002384186,3.042
16.0800002396107,3.025
16.1600002408028,3.153
16.2400002419949,3.159
16.320000243187,3.188
16.400000244379,3.28
16.4800002455711,3.326
16.5600002467632,3.346
16.6400002479553,3.405
16.7200002491474,3.49299999999999
16.8000002503395,3.465
16.8800002515316,3.585
16.9600002527237,3.519
17.0400002539158,3.554
17.1200002551079,3.598
17.2000002563,3.644
17.2800002574921,3.757
17.3600002586842,3.799
17.4400002598763,3.786
17.5200002610683,3.761
17.6000002622604,3.813
17.6800002634525,3.829
17.7600002646446,3.813
17.8400002658367,3.836
17.9200002670288,3.788
18.0000002682209,3.821
18.080000269413,3.777
18.1600002706051,3.809
18.2400002717972,3.775
18.3200002729893,3.783
18.4000002741814,3.753
18.4800002753735,3.763
18.5600002765656,3.825
18.6400002777576,3.936
18.7200002789497,3.986
18.8000002801418,4.017
18.8800002813339,4.04
18.960000282526,4.077
19.0400002837181,4.14
19.1200002849102,4.13700000000001
19.2000002861023,4.306
19.2800002872944,4.353
19.3600002884865,4.425
19.4400002896786,4.434
19.5200002908707,4.544
19.6000002920628,4.555
19.6800002932549,4.595
19.7600002944469,4.75
19.840000295639,4.692
19.9200002968311,4.69
20.0000002980232,4.682
20.0800002992153,4.685
20.1600003004074,4.692
20.2400003015995,4.701
20.3200003027916,4.698
20.4000003039837,4.698
20.4800003051758,4.715
20.5600003063679,4.733
20.64000030756,4.733
20.7200003087521,4.793
20.8000003099441,4.903
20.8800003111362,4.967
20.9600003123283,5.053
21.0400003135204,5.007
21.1200003147125,5.018
21.2000003159046,5.075
21.2800003170967,5.103
21.3600003182888,5.187
21.4400003194809,5.235
21.520000320673,5.346
21.6000003218651,5.419
21.6800003230572,5.482
21.7600003242493,5.553
21.8400003254414,5.637
21.9200003266335,5.652
22.0000003278255,5.727
22.0800003290176,5.897
22.1600003302097,5.868
22.2400003314018,5.932
22.3200003325939,5.91000000000001
22.400000333786,6.023
22.4800003349781,5.999
22.5600003361702,6.08
22.6400003373623,6.096
22.7200003385544,6.16100000000001
22.8000003397465,6.262
22.8800003409386,6.282
22.9600003421307,6.316
23.0400003433228,6.412
23.1200003445148,6.511
23.2000003457069,6.458
23.280000346899,6.546
23.3600003480911,6.601
23.4400003492832,6.715
23.5200003504753,6.806
23.6000003516674,6.903
23.6800003528595,6.954
23.7600003540516,7.071
23.8400003552437,7.181
23.9200003564358,7.281
24.0000003576279,7.357
24.08000035882,7.464
24.1600003600121,7.551
24.2400003612041,7.661
24.3200003623962,7.856
24.4000003635883,7.93300000000001
24.4800003647804,8.10899999999999
24.5600003659725,8.238
24.6400003671646,8.267
24.7200003683567,8.311
24.8000003695488,8.324
24.8800003707409,8.347
24.960000371933,8.358
25.0400003731251,8.302
25.1200003743172,8.44200000000001
25.2000003755093,8.598
25.2800003767014,8.661
25.3600003778934,8.734
25.4400003790855,8.749
25.5200003802776,8.895
25.6000003814697,8.95
25.6800003826618,9.09099999999999
25.7600003838539,9.372
25.840000385046,9.566
25.9200003862381,9.70000000000002
26.0000003874302,9.91100000000001
26.0800003886223,10.093
26.1600003898144,10.337
26.2400003910065,10.485
26.3200003921986,10.628
26.4000003933907,10.71
26.4800003945827,10.975
26.5600003957748,11.119
26.6400003969669,11.246
26.720000398159,11.357
26.8000003993511,11.405
26.8800004005432,11.446
26.9600004017353,11.526
27.0400004029274,11.607
27.1200004041195,11.788
27.2000004053116,11.85
27.2800004065037,11.857
27.3600004076958,11.774
27.4400004088879,11.859
27.52000041008,11.962
27.6000004112721,11.978
27.6800004124641,12.032
27.7600004136562,12.193
27.8400004148483,12.339
27.9200004160404,12.39
28.0000004172325,12.595
28.0800004184246,12.728
28.1600004196167,13.007
28.2400004208088,13.185
28.3200004220009,13.502
28.400000423193,13.678
28.4800004243851,13.89
28.5600004255772,14.073
28.6400004267693,14.209
28.7200004279614,14.411
28.8000004291534,14.505
28.8800004303455,14.692
28.9600004315376,14.893
29.0400004327297,15.058
29.1200004339218,15.182
29.2000004351139,15.394
29.280000436306,15.521
29.3600004374981,15.606
29.4400004386902,15.725
29.5200004398823,15.811
29.6000004410744,15.844
29.6800004422665,15.931
29.7600004434586,16.076
29.8400004446507,16.293
29.9200004458427,16.422
30.0000004470348,16.547
30.0800004482269,16.712
30.160000449419,16.779
30.2400004506111,16.928
30.3200004518032,17.097
30.4000004529953,17.366
30.4800004541874,17.793
30.5600004553795,18.06
30.6400004565716,18.357
30.7200004577637,18.6
30.8000004589558,18.909
30.8800004601479,19.129
30.96000046134,19.391
31.040000462532,19.61
31.1200004637241,19.862
31.2000004649162,20.087
31.2800004661083,20.271
31.3600004673004,20.454
31.4400004684925,20.64
31.5200004696846,20.731
31.6000004708767,20.722
31.6800004720688,20.854
31.7600004732609,21.024
31.840000474453,21.18
31.9200004756451,21.198
32.0000004768372,21.269
32.0800004780293,21.359
32.1600004792213,21.447
32.2400004804134,21.548
32.3200004816055,21.681
32.4000004827976,21.857
32.4800004839897,21.952
32.5600004851818,22.118
32.6400004863739,22.243
32.720000487566,22.555
32.8000004887581,22.817
32.8800004899502,22.997
32.9600004911423,23.252
33.0400004923344,23.609
33.1200004935265,23.899
33.2000004947186,24.261
33.2800004959106,24.444
33.3600004971027,24.795
33.4400004982948,25.074
33.5200004994869,25.165
33.600000500679,25.322
33.6800005018711,25.571
33.7600005030632,25.859
33.8400005042553,25.969
33.9200005054474,26.091
34.0000005066395,26.167
34.0800005078316,26.16
34.1600005090237,26.191
34.2400005102158,26.176
34.3200005114079,26.303
34.4000005125999,26.404
34.480000513792,26.537
34.5600005149841,26.707
34.6400005161762,26.888
34.7200005173683,27.075
34.8000005185604,27.336
34.8800005197525,27.488
34.9600005209446,27.781
35.0400005221367,28.136
35.1200005233288,28.571
35.2000005245209,28.968
35.280000525713,29.351
35.3600005269051,29.83
35.4400005280972,30.186
35.5200005292892,30.496
35.6000005304813,30.899
35.6800005316734,31.118
35.7600005328655,31.301
35.8400005340576,31.379
35.9200005352497,31.57
36.0000005364418,31.724
36.0800005376339,31.836
36.160000538826,31.883
36.2400005400181,31.888
36.3200005412102,31.978
36.4000005424023,31.883
36.4800005435944,31.875
36.5600005447865,31.743
36.6400005459786,31.774
36.7200005471706,31.787
36.8000005483627,31.787
36.8800005495548,31.764
36.9600005507469,31.944
37.040000551939,32.056
37.1200005531311,32.224
37.2000005543232,32.407
37.2800005555153,32.662
37.3600005567074,32.937
37.4400005578995,33.31
37.5200005590916,33.707
37.6000005602837,34.186
37.6800005614758,34.643
37.7600005626678,35.036
37.8400005638599,35.194
37.920000565052,35.499
38.0000005662441,35.748
38.0800005674362,35.961
38.1600005686283,36.141
38.2400005698204,36.22
38.3200005710125,36.409
38.4000005722046,36.467
38.4800005733967,36.517
38.5600005745888,36.485
38.6400005757809,36.612
38.720000576973,36.467
38.8000005781651,36.513
38.8800005793572,36.63
38.9600005805492,36.791
39.0400005817413,36.923
39.1200005829334,37.029
39.2000005841255,36.995
39.2800005853176,37.165
39.3600005865097,37.28
39.4400005877018,37.387
39.5200005888939,37.672
39.600000590086,38.093
39.6800005912781,38.503
39.7600005924702,39.032
39.8400005936623,39.5330000000001
39.9200005948544,40.045
40.0000005960465,40.471
40.0800005972385,40.764
40.1600005984306,41.09
40.2400005996227,41.316
40.3200006008148,41.603
40.4000006020069,41.802
40.480000603199,41.806
40.5600006043911,41.898
40.6400006055832,41.839
40.7200006067753,41.762
40.8000006079674,41.635
40.8800006091595,41.496
40.9600006103516,41.485
41.0400006115437,41.419
41.1200006127358,41.263
41.2000006139278,41.204
41.2800006151199,41.139
41.360000616312,41.191
41.4400006175041,41.065
41.5200006186962,41.044
41.6000006198883,41.197
41.6800006210804,41.34
41.7600006222725,41.533
41.8400006234646,41.701
41.9200006246567,42.039
42.0000006258488,42.276
42.0800006270409,42.529
42.160000628233,42.851
42.2400006294251,43.29
42.3200006306171,43.676
42.4000006318092,44.049
42.4800006330013,44.253
42.5600006341934,44.446
42.6400006353855,44.713
42.7200006365776,44.86
42.8000006377697,44.961
42.8800006389618,45.054
42.9600006401539,45.112
43.040000641346,45.069
43.1200006425381,44.896
43.2000006437302,44.859
43.2800006449223,44.857
43.3600006461144,44.868
43.4400006473065,44.814
43.5200006484985,44.8
43.6000006496906,44.777
43.6800006508827,44.834
43.7600006520748,44.796
43.8400006532669,44.766
43.920000654459,44.865
44.0000006556511,44.957
44.0800006568432,45.162
44.1600006580353,45.474
44.2400006592274,45.881
44.3200006604195,46.23
44.4000006616116,46.522
44.4800006628037,46.763
44.5600006639957,47.076
44.6400006651878,47.384
44.7200006663799,47.638
44.800000667572,47.719
44.8800006687641,48.032
44.9600006699562,48.103
45.0400006711483,48.139
45.1200006723404,48.088
45.2000006735325,48.004
45.2800006747246,47.9
45.3600006759167,47.807
45.4400006771088,47.77
45.5200006783009,47.727
45.600000679493,47.572
45.6800006806851,47.343
45.7600006818771,47.149
45.8400006830692,46.958
45.9200006842613,46.812
46.0000006854534,46.67
46.0800006866455,46.548
46.1600006878376,46.491
46.2400006890297,46.404
46.3200006902218,46.388
46.4000006914139,46.46
46.480000692606,46.662
46.5600006937981,46.894
46.6400006949902,47.18
46.7200006961823,47.558
46.8000006973744,47.95
46.8800006985664,48.322
46.9600006997585,48.604
47.0400007009506,48.816
47.1200007021427,48.946
47.2000007033348,48.93
47.2800007045269,48.997
47.360000705719,49.004
47.4400007069111,48.949
47.5200007081032,48.936
47.6000007092953,48.803
47.6800007104874,48.603
47.7600007116795,48.328
47.8400007128716,48.112
47.9200007140637,47.793
48.0000007152557,47.59
48.0800007164478,47.413
48.1600007176399,47.29
48.240000718832,47.131
48.3200007200241,47.011
48.4000007212162,47.011
48.4800007224083,47.003
48.5600007236004,47.02
48.6400007247925,47.273
48.7200007259846,47.401
48.8000007271767,47.68
48.8800007283688,47.926
48.9600007295609,48.284
49.040000730753,48.563
49.120000731945,48.892
49.2000007331371,48.96
49.2800007343292,49.224
49.3600007355213,49.381
49.4400007367134,49.367
49.5200007379055,49.331
49.6000007390976,49.247
49.6800007402897,49.11
49.7600007414818,48.803
49.8400007426739,48.314
49.920000743866,47.998
50.0000007450581,47.7719999999999
50.0800007462502,47.376
50.1600007474423,47.078
50.2400007486343,46.775
50.3200007498264,46.519
50.4000007510185,46.1899999999999
50.4800007522106,45.806
50.5600007534027,45.482
50.6400007545948,45.316
50.7200007557869,45.018
50.800000756979,44.741
50.8800007581711,44.601
50.9600007593632,44.568
51.0400007605553,44.619
51.1200007617474,44.616
51.2000007629395,44.785
51.2800007641316,45.084
51.3600007653236,45.399
51.4400007665157,45.622
51.5200007677078,45.789
51.6000007688999,45.833
51.680000770092,45.814
51.7600007712841,45.536
51.8400007724762,45.401
51.9200007736683,45.237
52.0000007748604,45.1079999999999
52.0800007760525,44.749
52.1600007772446,44.554
52.2400007784367,44.2099999999999
52.3200007796288,43.856
52.4000007808209,43.516
52.4800007820129,43.13
52.560000783205,42.833
52.6400007843971,42.647
52.7200007855892,42.358
52.8000007867813,42.198
52.8800007879734,41.953
52.9600007891655,41.822
53.0400007903576,41.539
53.1200007915497,41.377
53.2000007927418,41.221
53.2800007939339,41.297
53.360000795126,41.229
53.4400007963181,41.249
53.5200007975102,41.297
53.6000007987022,41.331
53.6800007998943,41.439
53.7600008010864,41.354
53.8400008022785,41.327
53.9200008034706,41.344
54.0000008046627,41.354
54.0800008058548,41.248
54.1600008070469,40.998
54.240000808239,40.762
54.3200008094311,40.436
54.4000008106232,40.085
54.4800008118153,39.685
54.5600008130074,39.316
54.6400008141995,38.9949999999999
54.7200008153915,38.525
54.8000008165836,38.118
54.8800008177757,37.822
54.9600008189678,37.56
55.0400008201599,37.232
55.120000821352,36.92
55.2000008225441,36.77
55.2800008237362,36.621
55.3600008249283,36.227
55.4400008261204,35.949
55.5200008273125,35.722
55.6000008285046,35.635
55.6800008296967,35.46
55.7600008308888,35.268
55.8400008320808,35.224
55.9200008332729,35.375
56.000000834465,35.142
56.0800008356571,34.945
56.1600008368492,34.836
56.2400008380413,34.686
56.3200008392334,34.442
56.4000008404255,34.157
56.4800008416176,34.004
56.5600008428097,33.878
56.6400008440018,33.589
56.7200008451939,33.266
56.800000846386,32.843
56.8800008475781,32.621
56.9600008487701,32.373
57.0400008499622,32.0919999999999
57.1200008511543,31.689
57.2000008523464,31.421
57.2800008535385,31.179
57.3600008547306,30.855
57.4400008559227,30.694
57.5200008571148,30.468
57.6000008583069,30.373
57.680000859499,30.098
57.7600008606911,29.732
57.8400008618832,29.647
57.9200008630753,29.594
58.0000008642674,29.373
58.0800008654594,29.188
58.1600008666515,29.152
58.2400008678436,29.174
58.3200008690357,29.011
58.4000008702278,28.926
58.4800008714199,28.781
58.560000872612,28.675
58.6400008738041,28.384
58.7200008749962,28.145
58.8000008761883,27.802
58.8800008773804,27.649
58.9600008785725,27.305
59.0400008797646,26.896
59.1200008809567,26.51
59.2000008821488,26.323
59.2800008833408,25.939
59.3600008845329,25.579
59.440000885725,25.325
59.5200008869171,25.066
59.6000008881092,24.7409999999999
59.6800008893013,24.363
59.7600008904934,24.144
59.8400008916855,23.901
59.9200008928776,23.674
60.0000008940697,23.484
60.0800008952618,23.282
60.1600008964539,23.114
60.240000897646,23.117
60.320000898838,23.013
60.4000009000301,22.897
60.4800009012222,22.831
60.5600009024143,22.831
60.6400009036064,22.718
60.7200009047985,22.524
60.8000009059906,22.39
60.8800009071827,22.177
60.9600009083748,21.906
61.0400009095669,21.672
61.120000910759,21.479
61.2000009119511,21.35
61.2800009131432,21.074
61.3600009143353,20.892
61.4400009155274,20.719
61.5200009167194,20.55
61.6000009179115,20.361
61.6800009191036,20.155
61.7600009202957,19.948
61.8400009214878,19.776
61.9200009226799,19.537
62.000000923872,19.3699999999999
62.0800009250641,19.108
62.1600009262562,18.971
62.2400009274483,18.795
62.3200009286404,18.68
62.4000009298325,18.618
62.4800009310246,18.581
62.5600009322167,18.529
62.6400009334087,18.379
62.7200009346008,18.311
62.8000009357929,18.173
62.880000936985,18.11
62.9600009381771,17.9
63.0400009393692,17.868
63.1200009405613,17.736
63.2000009417534,17.58
63.2800009429455,17.434
63.3600009441376,17.346
63.4400009453297,17.116
63.5200009465218,16.967
63.6000009477139,16.773
63.680000948906,16.543
63.7600009500981,16.518
63.8400009512901,16.364
63.9200009524822,16.158
64.0000009536743,15.994
64.0800009548664,15.825
64.1600009560585,15.702
64.2400009572506,15.594
64.3200009584427,15.376
64.4000009596348,15.236
64.4800009608269,15.108
64.560000962019,15.014
64.6400009632111,14.878
64.7200009644032,14.831
64.8000009655952,14.783
64.8800009667874,14.704
64.9600009679794,14.504
65.0400009691715,14.351
65.1200009703636,14.306
65.2000009715557,14.187
65.2800009727478,14.086
65.3600009739399,14.007
65.440000975132,13.942
65.5200009763241,13.845
65.6000009775162,13.742
65.6800009787083,13.611
65.7600009799004,13.629
65.8400009810925,13.521
65.9200009822846,13.402
66.0000009834766,13.263
66.0800009846687,13.157
66.1600009858608,13.022
66.2400009870529,12.969
66.320000988245,12.806
66.4000009894371,12.76
66.4800009906292,12.595
66.5600009918213,12.535
66.6400009930134,12.598
66.7200009942055,12.513
66.8000009953976,12.47
66.8800009965897,12.289
66.9600009977818,12.166
67.0400009989739,12.128
67.1200010001659,12.155
67.200001001358,12.108
67.2800010025501,12.063
67.3600010037422,12.027
67.4400010049343,11.929
67.5200010061264,11.887
67.6000010073185,11.779
67.6800010085106,11.692
67.7600010097027,11.614
67.8400010108948,11.402
67.9200010120869,11.284
68.000001013279,11.247
68.0800010144711,11.149
68.1600010156632,11.011
68.2400010168553,10.916
68.3200010180473,10.88
68.4000010192394,10.791
68.4800010204315,10.678
68.5600010216236,10.596
68.6400010228157,10.565
68.7200010240078,10.455
68.8000010251999,10.363
68.880001026392,10.419
68.9600010275841,10.322
69.0400010287762,10.309
69.1200010299683,10.283
69.2000010311604,10.219
69.2800010323525,10.084
69.3600010335446,10.06
69.4400010347366,9.949
69.5200010359287,9.929
69.6000010371208,9.872
69.6800010383129,9.91399999999996
69.760001039505,9.787
69.8400010406971,9.811
69.9200010418892,9.798
70.0000010430813,9.735
70.0800010442734,9.70999999999998
70.1600010454655,9.55
70.2400010466576,9.541
70.3200010478497,9.437
70.4000010490418,9.458
70.4800010502339,9.37599999999999
70.5600010514259,9.36
70.640001052618,9.328
70.7200010538101,9.298
70.8000010550022,9.347
70.8800010561943,9.27499999999999
70.9600010573864,9.238
71.0400010585785,9.206
71.1200010597706,9.069
71.2000010609627,9.026
71.2800010621548,9.00599999999999
71.3600010633469,8.964
71.440001064539,8.948
71.5200010657311,8.956
71.6000010669231,8.875
71.6800010681152,8.91299999999998
71.7600010693073,8.798
71.8400010704994,8.857
71.9200010716915,8.803
72.0000010728836,8.768
72.0800010740757,8.67999999999998
72.1600010752678,8.56
72.2400010764599,8.519
72.320001077652,8.556
72.4000010788441,8.493
72.4800010800362,8.47199999999998
72.5600010812283,8.404
72.6400010824204,8.3
72.7200010836124,8.289
72.8000010848045,8.277
72.8800010859966,8.20699999999999
72.9600010871887,8.131
73.0400010883808,8.166
73.1200010895729,8.118
73.200001090765,8.104
73.2800010919571,8.136
73.3600010931492,8.149
73.4400010943413,8.03
73.5200010955334,8.056
73.6000010967255,7.986
73.6800010979176,7.94600000000001
73.7600010991097,7.934
73.8400011003017,7.923
73.9200011014938,7.913
74.0000011026859,7.86500000000001
74.080001103878,7.798
74.1600011050701,7.806
74.2400011062622,7.75
74.3200011074543,7.775
74.4000011086464,7.744
74.4800011098385,7.64600000000001
74.5600011110306,7.734
74.6400011122227,7.715
74.7200011134148,7.648
74.8000011146069,7.57400000000001
74.880001115799,7.50999999999998
74.9600011169911,7.452
75.0400011181831,7.431
75.1200011193752,7.429
75.2000011205673,7.557
75.2800011217594,7.505
75.3600011229515,7.437
75.4400011241436,7.365
75.5200011253357,7.311
75.6000011265278,7.292
75.6800011277199,7.22499999999997
75.760001128912,7.121
75.8400011301041,7.077
75.9200011312962,7.114
76.0000011324883,7.175
76.0800011336804,7.19299999999999
76.1600011348724,7.199
76.2400011360645,7.193
76.3200011372566,7.21400000000001
76.4000011384487,7.152
76.4800011396408,7.14099999999999
76.5600011408329,7.057
76.640001142025,7.052
76.7200011432171,6.961
76.8000011444092,6.89700000000001
76.8800011456013,6.927
76.9600011467934,6.917
77.0400011479855,6.89500000000001
77.1200011491776,6.802
77.2000011503696,6.80699999999999
77.2800011515618,6.764
77.3600011527538,6.779
77.4400011539459,6.83799999999999
77.520001155138,6.891
77.6000011563301,6.955
77.6800011575222,6.928
77.7600011587143,6.899
77.8400011599064,6.812
77.9200011610985,6.754
78.0000011622906,6.776
78.0800011634827,6.75599999999997
78.1600011646748,6.715
78.2400011658669,6.643
78.3200011670589,6.641
78.400001168251,6.595
78.4800011694431,6.553
78.5600011706352,6.54
78.6400011718273,6.491
78.7200011730194,6.44800000000001
78.8000011742115,6.46899999999999
78.8800011754036,6.535
78.9600011765957,6.544
79.0400011777878,6.47199999999999
79.1200011789799,6.437
79.200001180172,6.395
79.2800011813641,6.39699999999999
79.3600011825562,6.373
79.4400011837483,6.326
79.5200011849403,6.302
79.6000011861324,6.208
79.6800011873245,6.20300000000002
79.7600011885166,6.23500000000001
79.8400011897087,6.33000000000001
79.9200011909008,6.235
80.0000011920929,6.22
80.080001193285,6.254
80.1600011944771,6.298
80.2400011956692,6.267
80.3200011968613,6.234
80.4000011980534,6.18000000000001
80.4800011992455,6.17300000000002
80.5600012004376,6.166
80.6400012016296,6.159
80.7200012028217,6.133
80.8000012040138,6.14400000000001
80.8800012052059,6.14200000000001
80.960001206398,6.14100000000001
81.0400012075901,6.111
81.1200012087822,6.097
81.2000012099743,6.1
81.2800012111664,6.09199999999998
81.3600012123585,6.068
81.4400012135506,6.014
81.5200012147427,6.005
81.6000012159348,5.994
81.6800012171269,5.89999999999999
81.7600012183189,5.811
81.840001219511,5.789
81.9200012207031,5.808
82.0000012218952,5.77799999999999
82.0800012230873,5.73000000000002
82.1600012242794,5.773
82.2400012254715,5.898
82.3200012266636,5.812
82.4000012278557,5.78299999999999
82.4800012290478,5.63800000000003
82.5600012302399,5.686
82.640001231432,5.696
82.7200012326241,5.71
82.8000012338162,5.755
82.8800012350083,5.73100000000001
82.9600012362003,5.716
83.0400012373924,5.746
83.1200012385845,5.661
83.2000012397766,5.664
83.2800012409687,5.75699999999998
83.3600012421608,5.681
83.4400012433529,5.618
83.520001244545,5.607
83.6000012457371,5.54900000000001
83.6800012469292,5.54799999999997
83.7600012481213,5.43
83.8400012493134,5.447
83.9200012505055,5.564
84.0000012516975,5.489
84.0800012528896,5.59999999999997
84.1600012540817,5.52199999999999
84.2400012552738,5.621
84.3200012564659,5.64700000000001
84.400001257658,5.61899999999999
84.4800012588501,5.55900000000003
84.5600012600422,5.575
84.6400012612343,5.56099999999999
84.7200012624264,5.511
84.8000012636185,5.524
84.8800012648106,5.50899999999999
84.9600012660027,5.537
85.0400012671948,5.524
85.1200012683868,5.479
85.2000012695789,5.48
85.280001270771,5.445
85.3600012719631,5.438
85.4400012731552,5.405
85.5200012743473,5.461
85.6000012755394,5.381
85.6800012767315,5.341
85.7600012779236,5.372
85.8400012791157,5.40900000000001
85.9200012803078,5.29900000000001
86.0000012814999,5.236
86.080001282692,5.19100000000001
86.1600012838841,5.218
86.2400012850761,5.292
86.3200012862682,5.305
86.4000012874603,5.322
86.4800012886524,5.33799999999999
86.5600012898445,5.205
86.6400012910366,5.145
86.7200012922287,5.169
86.8000012934208,5.103
86.8800012946129,5.07899999999998
86.960001295805,5.053
87.0400012969971,5.115
87.1200012981892,5.108
87.2000012993813,5.197
87.2800013005734,5.173
87.3600013017655,5.096
87.4400013029575,5.071
87.5200013041496,5.031
87.6000013053417,4.974
87.6800013065338,5.06199999999999
87.7600013077259,4.96299999999999
87.840001308918,5.057
87.9200013101101,4.996
88.0000013113022,5.024
88.0800013124943,4.983
88.1600013136864,5.05
88.2400013148785,5.042
88.3200013160706,4.947
88.4000013172627,4.931
88.4800013184548,4.929
88.5600013196468,4.956
88.6400013208389,4.91800000000001
88.720001322031,4.982
88.8000013232231,4.913
88.8800013244152,4.91
88.9600013256073,4.91800000000001
89.0400013267994,4.82400000000001
89.1200013279915,4.785
89.2000013291836,4.78900000000001
89.2800013303757,4.85899999999999
89.3600013315678,4.875
89.4400013327599,4.877
89.520001333952,4.86699999999999
89.6000013351441,4.88999999999999
89.6800013363361,4.823
89.7600013375282,4.79
89.8400013387203,4.811
89.9200013399124,4.751
90.0000013411045,4.75000000000001
90.0800013422966,4.76499999999999
90.1600013434887,4.735
90.2400013446808,4.74700000000001
90.3200013458729,4.814
90.400001347065,4.80699999999999
90.4800013482571,4.72299999999999
90.5600013494492,4.68600000000001
90.6400013506413,4.747
90.7200013518333,4.728
90.8000013530254,4.74600000000002
90.8800013542176,4.75899999999999
90.9600013554096,4.752
91.0400013566017,4.644
91.1200013577938,4.69199999999999
91.2000013589859,4.69999999999999
91.280001360178,4.64600000000001
91.3600013613701,4.732
91.4400013625622,4.714
91.5200013637543,4.666
91.6000013649464,4.67000000000002
91.6800013661385,4.804
91.7600013673306,4.753
91.8400013685227,4.81100000000001
91.9200013697147,4.72199999999999
92.0000013709069,4.80299999999999
92.0800013720989,4.761
92.160001373291,4.729
92.2400013744831,4.734
92.3200013756752,4.721
92.4000013768673,4.65600000000002
92.4800013780594,4.74899999999998
92.5600013792515,4.677
92.6400013804436,4.71000000000001
92.7200013816357,4.733
92.8000013828278,4.65700000000004
92.8800013840199,4.71599999999998
92.960001385212,4.661
93.040001386404,4.66500000000001
93.1200013875961,4.647
93.2000013887882,4.67199999999998
93.2800013899803,4.63200000000001
93.3600013911724,4.683
93.4400013923645,4.581
93.5200013935566,4.571
93.6000013947487,4.60699999999994
93.6800013959408,4.45500000000001
93.7600013971329,4.541
93.840001398325,4.532
93.9200013995171,4.505
94.0000014007092,4.55400000000002
94.0800014019013,4.545
94.1600014030933,4.579
94.2400014042854,4.534
94.3200014054775,4.49100000000001
94.4000014066696,4.47700000000001
94.4800014078617,4.46199999999999
94.5600014090538,4.47
94.6400014102459,4.452
94.720001411438,4.424
94.8000014126301,4.43199999999999
94.8800014138222,4.36700000000002
94.9600014150143,4.485
95.0400014162064,4.472
95.1200014173985,4.43199999999999
95.2000014185906,4.35400000000004
95.2800014197826,4.40300000000001
95.3600014209748,4.367
95.4400014221668,4.371
95.5200014233589,4.34099999999999
95.600001424551,4.31200000000001
95.6800014257431,4.23999999999995
95.7600014269352,4.20399999999999
95.8400014281273,4.18000000000001
95.9200014293194,4.165
96.0000014305115,4.17000000000002
96.0800014317036,4.25299999999999
96.1600014328957,4.167
96.2400014340878,4.206
96.3200014352799,4.268
96.400001436472,4.27399999999997
96.4800014376641,4.22199999999999
96.5600014388561,4.144
96.6400014400482,4.173
96.7200014412403,4.182
96.8000014424324,4.20000000000001
96.8800014436245,4.26300000000003
96.9600014448166,4.39400000000001
97.0400014460087,4.404
97.1200014472008,4.328
97.2000014483929,4.215
97.280001449585,4.16099999999999
97.3600014507771,4.121
97.4400014519692,4.157
97.5200014531612,4.11500000000001
97.6000014543534,4.18199999999996
97.6800014555454,4.18000000000001
97.7600014567375,4.237
97.8400014579296,4.134
97.9200014591217,4.206
98.0000014603138,4.20499999999998
98.0800014615059,4.18699999999999
98.160001462698,4.139
98.2400014638901,4.13500000000001
98.3200014650822,4.181
98.4000014662743,4.2
98.4800014674664,4.16799999999999
98.5600014686585,4.133
98.6400014698505,4.136
98.7200014710426,4.16
98.8000014722347,4.17799999999999
98.8800014734268,4.18500000000003
98.9600014746189,4.274
99.040001475811,4.23
99.1200014770031,4.336
99.2000014781952,4.339
99.2800014793873,4.28599999999999
99.3600014805794,4.159
99.4400014817715,4.132
99.5200014829636,4.10599999999999
99.6000014841557,4.04299999999999
99.6800014853478,4.017
99.7600014865398,3.95099999999999
99.8400014877319,3.99299999999999
99.920001488924,3.982
100.000001490116,4.0
100.080001491308,3.96299999999999
100.1600014925,3.952
100.240001493692,4.015
100.320001494885,3.992
100.400001496077,3.982
100.480001497269,3.97100000000001
100.560001498461,3.969
100.640001499653,4.021
100.720001500845,4.009
100.800001502037,3.97100000000003
100.880001503229,4.005
100.960001504421,3.958
101.040001505613,3.95399999999999
101.120001506805,4.041
101.200001507998,4.0
101.28000150919,4.06699999999998
101.360001510382,3.96899999999999
101.440001511574,3.976
101.520001512766,4.032
101.600001513958,3.98099999999999
101.68000151515,3.956
101.760001516342,3.90900000000001
101.840001517534,3.96899999999999
101.920001518726,3.94200000000001
102.000001519918,3.96899999999997
102.080001521111,3.94700000000002
102.160001522303,3.936
102.240001523495,4.062
102.320001524687,4.065
102.400001525879,4.03199999999998
102.480001527071,3.91200000000002
102.560001528263,3.999
102.640001529455,4.02200000000001
102.720001530647,3.947
102.800001531839,3.94300000000001
102.880001533031,3.88
102.960001534224,3.86799999999999
103.040001535416,3.87
103.120001536608,3.855
103.2000015378,3.88900000000001
103.280001538992,3.96900000000001
103.360001540184,4.015
103.440001541376,4.002
103.520001542568,4.02500000000001
103.60000154376,3.93
103.680001544952,3.88699999999999
103.760001546144,3.81
103.840001547337,3.84099999999999
103.920001548529,3.901
104.000001549721,3.904
104.080001550913,3.86500000000001
104.160001552105,3.833
104.240001553297,3.84
104.320001554489,3.908
104.400001555681,3.914
104.480001556873,3.91099999999999
104.560001558065,3.87200000000001
104.640001559258,3.92699999999999
104.72000156045,3.834
104.800001561642,3.79399999999998
104.880001562834,3.785
104.960001564026,3.79900000000001
105.040001565218,3.75399999999999
105.12000156641,3.77500000000001
105.200001567602,3.74900000000002
105.280001568794,3.895
105.360001569986,3.869
105.440001571178,3.854
105.520001572371,3.87299999999999
105.600001573563,3.78800000000001
105.680001574755,3.79099999999997
105.760001575947,3.739
105.840001577139,3.764
105.920001578331,3.719
106.000001579523,3.778
106.080001580715,3.78399999999999
106.160001581907,3.757
106.240001583099,3.687
106.320001584291,3.752
106.400001585484,3.76100000000001
106.480001586676,3.74600000000001
106.560001587868,3.94499999999999
106.64000158906,3.97
106.720001590252,3.87
106.800001591444,3.80199999999999
106.880001592636,3.78500000000001
106.960001593828,3.791
107.04000159502,3.733
107.120001596212,3.788
107.200001597405,3.78299999999999
107.280001598597,3.70200000000001
107.360001599789,3.726
107.440001600981,3.786
107.520001602173,3.743
107.600001603365,3.69899999999996
107.680001604557,3.60800000000002
107.760001605749,3.646
107.840001606941,3.669
107.920001608133,3.74299999999999
108.000001609325,3.71500000000002
108.080001610518,3.74599999999998
108.16000161171,3.715
108.240001612902,3.721
108.320001614094,3.74
108.400001615286,3.758
108.480001616478,3.779
108.56000161767,3.821
108.640001618862,3.823
108.720001620054,3.818
108.800001621246,3.729
108.880001622438,3.76200000000003
108.960001623631,3.809
109.040001624823,3.755
109.120001626015,3.766
109.200001627207,3.83000000000004
109.280001628399,3.807
109.360001629591,3.81099999999999
109.440001630783,3.79
109.520001631975,3.751
109.600001633167,3.733
109.680001634359,3.679
109.760001635551,3.747
109.840001636744,3.725
109.920001637936,3.681
110.000001639128,3.679
110.08000164032,3.69799999999998
110.160001641512,3.675
110.240001642704,3.717
110.320001643896,3.809
110.400001645088,3.756
110.48000164628,3.738
110.560001647472,3.822
110.640001648664,3.74999999999999
110.720001649857,3.665
110.800001651049,3.64400000000001
110.880001652241,3.68
110.960001653433,3.615
111.040001654625,3.672
111.120001655817,3.608
111.200001657009,3.66999999999999
111.280001658201,3.66199999999998
111.360001659393,3.59399999999999
111.440001660585,3.655
111.520001661778,3.65100000000001
111.60000166297,3.606
111.680001664162,3.59400000000001
111.760001665354,3.63
111.840001666546,3.708
111.920001667738,3.691
112.00000166893,3.73599999999996
112.080001670122,3.63199999999999
112.160001671314,3.587
112.240001672506,3.591
112.320001673698,3.622
112.400001674891,3.717
112.480001676083,3.678
112.560001677275,3.588
112.640001678467,3.652
112.720001679659,3.65300000000001
112.800001680851,3.69099999999997
112.880001682043,3.60999999999999
112.960001683235,3.59200000000001
113.040001684427,3.658
113.120001685619,3.738
113.200001686811,3.78499999999997
113.280001688004,3.67000000000002
113.360001689196,3.727
113.440001690388,3.703
113.52000169158,3.698
113.600001692772,3.76100000000001
113.680001693964,3.788
113.760001695156,3.70699999999999
113.840001696348,3.601
113.92000169754,3.66200000000001
114.000001698732,3.72399999999996
114.080001699924,3.56699999999999
114.160001701117,3.513
114.240001702309,3.592
114.320001703501,3.579
114.400001704693,3.617
114.480001705885,3.607
114.560001707077,3.518
114.640001708269,3.479
114.720001709461,3.462
114.800001710653,3.52600000000007
114.880001711845,3.62099999999998
114.960001713038,3.565
115.04000171423,3.558
115.120001715422,3.547
115.200001716614,3.63700000000001
115.280001717806,3.609
115.360001718998,3.622
115.44000172019,3.569
115.520001721382,3.487
115.600001722574,3.51099999999998
115.680001723766,3.509
115.760001724958,3.543
115.840001726151,3.501
115.920001727343,3.53
116.000001728535,3.567
116.080001729727,3.57199999999997
116.160001730919,3.524
116.240001732111,3.56
116.320001733303,3.64400000000001
116.400001734495,3.554
116.480001735687,3.61100000000002
116.560001736879,3.703
116.640001738071,3.70099999999999
116.720001739264,3.642
116.800001740456,3.59599999999998
116.880001741648,3.54099999999999
116.96000174284,3.539
117.040001744032,3.585
117.120001745224,3.59399999999999
117.200001746416,3.62399999999998
117.280001747608,3.56199999999998
117.3600017488,3.603
117.440001749992,3.602
117.520001751184,3.61099999999999
117.600001752377,3.483
117.680001753569,3.55200000000002
117.760001754761,3.616
117.840001755953,3.608
117.920001757145,3.542
118.000001758337,3.60400000000001
118.080001759529,3.62800000000001
118.160001760721,3.7
118.240001761913,3.657
118.320001763105,3.584
118.400001764298,3.57799999999999
118.48000176549,3.51700000000001
118.560001766682,3.50800000000001
118.640001767874,3.483
118.720001769066,3.478
118.800001770258,3.479
118.88000177145,3.49100000000001
118.960001772642,3.51
119.040001773834,3.512
119.120001775026,3.44499999999999
119.200001776218,3.53499999999998
119.280001777411,3.50600000000001
119.360001778603,3.47799999999999
119.440001779795,3.489
119.520001780987,3.476
119.600001782179,3.52200000000002
119.680001783371,3.577
119.760001784563,3.427
119.840001785755,3.471
119.920001786947,3.44400000000002
120.000001788139,3.39400000000001
120.080001789331,3.38100000000001
120.160001790524,3.432
120.240001791716,3.443
120.320001792908,3.488
120.4000017941,3.46299999999998
120.480001795292,3.41500000000001
120.560001796484,3.37700000000001
120.640001797676,3.343
120.720001798868,3.32
120.80000180006,3.26499999999999
120.880001801252,3.213
120.960001802444,3.219
121.040001803637,3.309
121.120001804829,3.343
121.200001806021,3.357
121.280001807213,3.43899999999999
121.360001808405,3.404
121.440001809597,3.45599999999999
121.520001810789,3.367
121.600001811981,3.35599999999998
121.680001813173,3.33800000000002
121.760001814365,3.39500000000001
121.840001815557,3.313
121.92000181675,3.271
122.000001817942,3.38400000000001
122.080001819134,3.305
122.160001820326,3.327
122.240001821518,3.31100000000001
122.32000182271,3.43000000000001
122.400001823902,3.41899999999998
122.480001825094,3.42100000000002
122.560001826286,3.41499999999999
122.640001827478,3.348
122.720001828671,3.37200000000001
122.800001829863,3.398
122.880001831055,3.39
122.960001832247,3.387
123.040001833439,3.312
123.120001834631,3.34999999999999
123.200001835823,3.37499999999999
123.280001837015,3.32700000000001
123.360001838207,3.36699999999999
123.440001839399,3.291
123.520001840591,3.29000000000001
123.600001841784,3.29999999999998
123.680001842976,3.21799999999999
123.760001844168,3.182
123.84000184536,3.13800000000001
123.920001846552,3.146
124.000001847744,3.16200000000001
124.080001848936,3.22900000000004
124.160001850128,3.34100000000001
124.24000185132,3.28899999999999
124.320001852512,3.361
124.400001853704,3.45400000000004
124.480001854897,3.41399999999999
124.560001856089,3.414
124.640001857281,3.47799999999999
124.720001858473,3.38
124.800001859665,3.419
124.880001860857,3.454
124.960001862049,3.386
125.040001863241,3.351
125.120001864433,3.306
125.200001865625,3.328
125.280001866818,3.31099999999999
125.36000186801,3.272
125.440001869202,3.22
125.520001870394,3.10600000000002
125.600001871586,3.15100000000001
125.680001872778,3.24000000000001
125.76000187397,3.23699999999999
125.840001875162,3.319
125.920001876354,3.25899999999999
126.000001877546,3.23700000000001
126.080001878738,3.284
126.160001879931,3.221
126.240001881123,3.342
126.320001882315,3.32900000000004
126.400001883507,3.36199999999999
126.480001884699,3.37
126.560001885891,3.346
126.640001887083,3.41300000000001
126.720001888275,3.322
126.800001889467,3.32000000000001
126.880001890659,3.34999999999997
126.960001891851,3.26499999999999
127.040001893044,3.181
127.120001894236,3.16699999999999
127.200001895428,3.11500000000001
127.28000189662,3.10299999999998
127.360001897812,3.08799999999999
127.440001899004,3.214
127.520001900196,3.26300000000003
127.600001901388,3.31399999999999
127.68000190258,3.35600000000001
127.760001903772,3.318
127.840001904964,3.302
127.920001906157,3.22699999999999
128.000001907349,3.28899999999999
128.080001908541,3.35900000000001
128.160001909733,3.28699999999998
128.240001910925,3.30199999999999
128.320001912117,3.202
128.400001913309,3.227
128.480001914501,3.188
128.560001915693,3.14600000000001
128.640001916885,3.206
128.720001918077,3.12899999999999
128.80000191927,3.089
128.880001920462,3.19399999999999
128.960001921654,3.20699999999994
129.040001922846,3.085
129.120001924038,3.125
129.20000192523,3.11600000000001
129.280001926422,3.11799999999999
129.360001927614,3.15
129.440001928806,3.149
129.520001929998,3.13499999999999
129.600001931191,3.053
129.680001932383,2.96000000000001
129.760001933575,3.018
129.840001934767,2.98699999999999
129.920001935959,2.94
130.000001937151,2.961
130.080001938343,2.97300000000001
130.160001939535,3.02100000000001
130.240001940727,3.08000000000001
130.320001941919,3.12
130.400001943111,3.142
130.480001944304,3.23500000000001
130.560001945496,3.24100000000001
130.640001946688,3.22499999999999
130.72000194788,3.14299999999999
130.800001949072,3.14
130.880001950264,3.19499999999999
130.960001951456,3.18699999999997
131.040001952648,3.224
131.12000195384,3.239
131.200001955032,3.20400000000001
131.280001956224,3.17699999999999
131.360001957417,3.23999999999998
131.440001958609,3.18100000000001
131.520001959801,3.262
131.600001960993,3.238
131.680001962185,3.242
131.760001963377,3.18699999999998
131.840001964569,3.183
131.920001965761,3.188
132.000001966953,3.117
132.080001968145,3.093
132.160001969337,3.14000000000001
132.24000197053,3.096
132.320001971722,3.155
132.400001972914,3.239
132.480001974106,3.189
132.560001975298,3.14399999999998
132.64000197649,3.083
132.720001977682,3.102
132.800001978874,3.03700000000001
132.880001980066,3.108
132.960001981258,3.06300000000002
133.040001982451,3.07499999999999
133.120001983643,3.06999999999999
133.200001984835,3.061
133.280001986027,3.05799999999999
133.360001987219,3.09099999999999
133.440001988411,3.143
133.520001989603,3.117
133.600001990795,3.16
133.680001991987,3.195
133.760001993179,3.14099999999998
133.840001994371,3.145
133.920001995564,3.11699999999999
134.000001996756,3.09999999999999
134.080001997948,3.084
134.16000199914,3.15999999999997
134.240002000332,3.078
134.320002001524,3.09699999999999
134.400002002716,3.119
134.480002003908,3.071
134.5600020051,3.06800000000003
134.640002006292,3.10400000000001
134.720002007484,3.052
134.800002008677,3.00899999999999
134.880002009869,3.03100000000001
134.960002011061,3.09000000000003
135.040002012253,3.23699999999999
135.120002013445,3.184
135.200002014637,3.19799999999999
135.280002015829,3.127
135.360002017021,3.10700000000003
135.440002018213,3.232
135.520002019405,3.279
135.600002020597,3.229
135.68000202179,3.202
135.760002022982,3.17199999999999
135.840002024174,3.22300000000001
135.920002025366,3.20699999999999
136.000002026558,3.183
136.08000202775,3.096
136.160002028942,3.05299999999998
136.240002030134,3.016
136.320002031326,2.957
136.400002032518,2.953
136.480002033711,2.964
136.560002034903,2.93699999999999
136.640002036095,2.94
136.720002037287,2.983
136.800002038479,3.023
136.880002039671,3.053
136.960002040863,2.996
137.040002042055,3.009
137.120002043247,2.98699999999999
137.200002044439,2.989
137.280002045631,3.028
137.360002046824,3.09300000000001
137.440002048016,3.108
137.520002049208,3.12
137.6000020504,3.087
137.680002051592,3.117
137.760002052784,3.139
137.840002053976,3.09
137.920002055168,3.13499999999999
138.00000205636,3.153
138.080002057552,3.131
138.160002058744,3.12099999999995
138.240002059937,3.02500000000001
138.320002061129,3.063
138.400002062321,3.052
138.480002063513,3.00999999999999
138.560002064705,2.92100000000003
138.640002065897,3.035
138.720002067089,2.942
138.800002068281,3.004
138.880002069473,2.928
138.960002070665,2.917
139.040002071857,2.915
139.12000207305,2.907
139.200002074242,2.976
139.280002075434,3.056
139.360002076626,3.00299999999999
139.440002077818,2.969
139.52000207901,2.976
139.600002080202,3.035
139.680002081394,3.009
139.760002082586,3.029
139.840002083778,3.028
139.92000208497,2.95399999999999
140.000002086163,2.935
140.080002087355,3.042
140.160002088547,3.07599999999996
140.240002089739,2.97900000000001
140.320002090931,2.98399999999999
140.400002092123,3.011
140.480002093315,3.064
140.560002094507,3.09399999999997
140.640002095699,3.03100000000001
140.720002096891,3.10899999999999
140.800002098084,3.104
140.880002099276,3.031
140.960002100468,2.96199999999996
141.04000210166,2.89599999999999
141.120002102852,2.91500000000001
141.200002104044,2.934
141.280002105236,2.916
141.360002106428,2.88
141.44000210762,2.934
141.520002108812,2.886
141.600002110004,2.95
141.680002111197,2.98699999999999
141.760002112389,3.00499999999994
141.840002113581,2.905
141.920002114773,2.96000000000001
142.000002115965,2.91200000000001
142.080002117157,2.869
142.160002118349,2.82400000000004
142.240002119541,2.897
142.320002120733,2.922
142.400002121925,2.93799999999999
142.480002123117,2.802
142.56000212431,2.85300000000002
142.640002125502,2.837
142.720002126694,2.883
142.800002127886,2.886
142.880002129078,2.96299999999999
142.96000213027,2.90800000000002
143.040002131462,2.996
143.120002132654,2.958
143.200002133846,2.944
143.280002135038,2.967
143.360002136231,2.87399999999997
143.440002137423,2.94600000000003
143.520002138615,3.012
143.600002139807,2.986
143.680002140999,2.98
143.760002142191,2.992
143.840002143383,2.96599999999999
143.920002144575,2.98599999999999
144.000002145767,2.882
144.080002146959,2.94
144.160002148151,2.97600000000001
144.240002149344,2.936
144.320002150536,2.957
144.400002151728,2.94200000000001
144.48000215292,2.94200000000001
144.560002154112,2.97299999999998
144.640002155304,3.002
144.720002156496,2.995
144.800002157688,3.06200000000001
144.88000215888,3.054
144.960002160072,3.08700000000005
145.040002161264,3.096
145.120002162457,3.226
145.200002163649,3.114
145.280002164841,3.14
145.360002166033,3.14899999999997
145.440002167225,3.091
145.520002168417,3.065
145.600002169609,3.064
145.680002170801,3.026
145.760002171993,2.97900000000001
145.840002173185,2.95699999999999
145.920002174377,2.93100000000001
146.00000217557,2.97999999999999
146.080002176762,2.85599999999999
146.160002177954,2.88999999999996
146.240002179146,2.80500000000001
146.320002180338,2.777
146.40000218153,2.843
146.480002182722,2.87299999999999
146.560002183914,2.915
146.640002185106,2.922
146.720002186298,2.934
146.80000218749,2.992
146.880002188683,2.989
146.960002189875,2.99299999999997
147.040002191067,2.931
147.120002192259,2.97499999999999
147.200002193451,3.014
147.280002194643,2.998
147.360002195835,3.07000000000005
147.440002197027,3.119
147.520002198219,3.09299999999999
147.600002199411,3.18700000000001
147.680002200603,3.083
147.760002201796,3.008
147.840002202988,2.952
147.92000220418,2.94
148.000002205372,2.94499999999999
148.080002206564,2.955
148.160002207756,2.97500000000005
148.240002208948,2.976
148.32000221014,2.912
148.400002211332,2.983
148.480002212524,3.03200000000001
148.560002213717,3.04099999999997
148.640002214909,2.976
148.720002216101,3.059
148.800002217293,2.994
148.880002218485,3.01300000000001
148.960002219677,2.98799999999997
149.040002220869,2.93600000000001
149.120002222061,2.883
149.200002223253,2.93
149.280002224445,2.925
149.360002225637,2.86800000000002
149.44000222683,2.939
149.520002228022,2.958
149.600002229214,2.94999999999999
149.680002230406,2.984
149.760002231598,3.00500000000002
149.84000223279,3.01900000000001
149.920002233982,3.012
150.000002235174,2.983
150.080002236366,2.925
150.160002237558,2.90600000000003
150.24000223875,2.953
150.320002239943,2.91800000000001
150.400002241135,2.863
150.480002242327,2.87
150.560002243519,2.81700000000004
150.640002244711,2.78399999999999
150.720002245903,2.756
150.800002247095,2.813
150.880002248287,2.78700000000001
150.960002249479,2.82699999999997
151.040002250671,2.726
151.120002251864,2.809
151.200002253056,2.85599999999999
151.280002254248,2.844
151.36000225544,2.81800000000001
151.440002256632,2.773
151.520002257824,2.75
151.600002259016,2.732
151.680002260208,2.75800000000001
151.7600022614,2.76600000000001
151.840002262592,2.822
151.920002263784,2.83800000000002
152.000002264977,2.94499999999999
152.080002266169,2.879
152.160002267361,2.89100000000002
152.240002268553,2.861
152.320002269745,2.884
152.400002270937,2.875
152.480002272129,2.88800000000001
152.560002273321,3.015
152.640002274513,2.969
152.720002275705,2.96700000000001
152.800002276897,2.97399999999999
152.88000227809,2.90299999999999
152.960002279282,2.95600000000002
153.040002280474,2.971
153.120002281666,2.965
153.200002282858,2.95999999999998
153.28000228405,3.07599999999999
153.360002285242,3.00900000000001
153.440002286434,3.038
153.520002287626,3.007
153.600002288818,2.926
153.68000229001,3.02099999999999
153.760002291203,3.06199999999995
153.840002292395,2.99900000000001
153.920002293587,2.922
154.000002294779,2.874
154.080002295971,2.85199999999998
154.160002297163,2.89799999999997
154.240002298355,2.91800000000001
154.320002299547,2.974
154.400002300739,3.016
154.480002301931,2.99000000000001
154.560002303124,2.96199999999999
154.640002304316,2.88500000000001
154.720002305508,2.92700000000001
154.8000023067,2.866
154.880002307892,2.865
154.960002309084,2.86699999999996
155.040002310276,2.811
155.120002311468,2.94200000000001
155.20000231266,2.93799999999999
155.280002313852,2.848
155.360002315044,2.79000000000003
155.440002316237,2.86199999999999
155.520002317429,2.869
155.600002318621,2.85499999999999
155.680002319813,2.822
155.760002321005,2.89199999999997
155.840002322197,2.84
155.920002323389,2.759
156.000002324581,2.771
156.080002325773,2.863
156.160002326965,2.77699999999996
156.240002328157,2.705
156.32000232935,2.739
156.400002330542,2.77000000000001
156.480002331734,2.704
156.560002332926,2.67300000000003
156.640002334118,2.711
156.72000233531,2.72999999999999
156.800002336502,2.788
156.880002337694,2.687
156.960002338886,2.70099999999994
157.040002340078,2.593
157.12000234127,2.547
157.200002342463,2.675
157.280002343655,2.693
157.360002344847,2.71400000000001
157.440002346039,2.741
157.520002347231,2.79499999999999
157.600002348423,2.68
157.680002349615,2.7
157.760002350807,2.73100000000001
157.840002351999,2.771
157.920002353191,2.772
158.000002354383,2.727
158.080002355576,2.776
158.160002356768,2.75
158.24000235796,2.739
158.320002359152,2.78399999999999
158.400002360344,2.839
158.480002361536,2.85599999999999
158.560002362728,2.88100000000001
158.64000236392,2.84699999999999
158.720002365112,2.828
158.800002366304,2.822
158.880002367497,2.784
158.960002368689,2.833
159.040002369881,2.776
159.120002371073,2.801
159.200002372265,2.69499999999999
159.280002373457,2.72899999999998
159.360002374649,2.604
159.440002375841,2.73599999999999
159.520002377033,2.78
159.600002378225,2.801
159.680002379417,2.732
159.76000238061,2.697
159.840002381802,2.715
159.920002382994,2.699
160.000002384186,2.703
160.080002385378,2.67
160.16000238657,2.71399999999998
160.240002387762,2.724
160.320002388954,2.709
160.400002390146,2.72800000000001
160.480002391338,2.79499999999999
160.56000239253,2.87899999999996
160.640002393723,2.801
160.720002394915,2.764
160.800002396107,2.803
160.880002397299,2.85500000000002
160.960002398491,2.84000000000001
161.040002399683,2.846
161.120002400875,2.793
161.200002402067,2.82899999999999
161.280002403259,2.818
161.360002404451,2.76200000000001
161.440002405643,2.78200000000001
161.520002406836,2.709
161.600002408028,2.721
161.68000240922,2.806
161.760002410412,2.81400000000002
161.840002411604,2.872
161.920002412796,2.851
162.000002413988,2.824
162.08000241518,2.84199999999998
162.160002416372,2.84999999999997
162.240002417564,2.80600000000001
162.320002418757,2.845
162.400002419949,2.798
162.480002421141,2.74299999999999
162.560002422333,2.74400000000006
162.640002423525,2.80799999999999
162.720002424717,2.77500000000001
162.800002425909,2.822
162.880002427101,2.781
162.960002428293,2.75900000000001
163.040002429485,2.73
163.120002430677,2.73
163.20000243187,2.78399999999999
163.280002433062,2.806
163.360002434254,2.85600000000001
163.440002435446,2.88499999999999
163.520002436638,2.989
163.60000243783,2.902
163.680002439022,2.886
163.760002440214,2.87300000000005
163.840002441406,2.87900000000002
163.920002442598,2.79599999999999
164.00000244379,2.81400000000002
164.080002444983,2.741
164.160002446175,2.72099999999998
164.240002447367,2.7
164.320002448559,2.69
164.400002449751,2.63800000000001
164.480002450943,2.659
164.560002452135,2.619
164.640002453327,2.67500000000001
164.720002454519,2.66399999999999
164.800002455711,2.638
164.880002456903,2.563
164.960002458096,2.68700000000001
165.040002459288,2.621
165.12000246048,2.67700000000001
165.200002461672,2.64500000000001
165.280002462864,2.678
165.360002464056,2.60300000000001
165.440002465248,2.61
165.52000246644,2.711
165.600002467632,2.73599999999999
165.680002468824,2.765
165.760002470017,2.78199999999998
165.840002471209,2.74699999999999
165.920002472401,2.816
166.000002473593,2.756
166.080002474785,2.70599999999999
166.160002475977,2.72900000000004
166.240002477169,2.70600000000002
166.320002478361,2.75
166.400002479553,2.715
166.480002480745,2.684
166.560002481937,2.63999999999998
166.64000248313,2.601
166.720002484322,2.58199999999999
166.800002485514,2.596
166.880002486706,2.62
166.960002487898,2.75400000000002
167.04000248909,2.768
167.120002490282,2.78
167.200002491474,2.84899999999999
167.280002492666,2.745
167.360002493858,2.80300000000001
167.44000249505,2.755
167.520002496243,2.73500000000001
167.600002497435,2.779
167.680002498627,2.85300000000001
167.760002499819,2.76100000000002
167.840002501011,2.84399999999999
167.920002502203,2.78800000000001
168.000002503395,2.762
168.080002504587,2.709
168.160002505779,2.69
168.240002506971,2.678
168.320002508163,2.61499999999999
168.400002509356,2.667
168.480002510548,2.68000000000001
168.56000251174,2.763
168.640002512932,2.769
168.720002514124,2.74599999999998
168.800002515316,2.688
168.880002516508,2.59100000000001
168.9600025177,2.50800000000004
169.040002518892,2.57899999999999
169.120002520084,2.642
169.200002521276,2.656
169.280002522469,2.643
169.360002523661,2.67899999999986
169.440002524853,2.592
169.520002526045,2.612
169.600002527237,2.6
169.680002528429,2.544
169.760002529621,2.54700000000001
169.840002530813,2.61199999999999
169.920002532005,2.605
170.000002533197,2.637
170.08000253439,2.673
170.160002535582,2.74400000000001
170.240002536774,2.727
170.320002537966,2.73599999999999
170.400002539158,2.73
170.48000254035,2.704
170.560002541542,2.72200000000001
170.640002542734,2.757
170.720002543926,2.745
170.800002545118,2.715
170.88000254631,2.722
170.960002547503,2.66699999999997
171.040002548695,2.646
171.120002549887,2.656
171.200002551079,2.633
171.280002552271,2.688
171.360002553463,2.62399999999999
171.440002554655,2.596
171.520002555847,2.58799999999999
171.600002557039,2.647
171.680002558231,2.63499999999999
171.760002559423,2.66
171.840002560616,2.61
171.920002561808,2.601
172.000002563,2.70099999999999
172.080002564192,2.66
172.160002565384,2.65
172.240002566576,2.634
172.320002567768,2.637
172.40000256896,2.595
172.480002570152,2.69300000000001
172.560002571344,2.72300000000001
172.640002572536,2.71499999999997
172.720002573729,2.797
172.800002574921,2.709
172.880002576113,2.70699999999999
172.960002577305,2.70699999999994
173.040002578497,2.62
173.120002579689,2.66800000000001
173.200002580881,2.61199999999999
173.280002582073,2.61900000000003
173.360002583265,2.50500000000002
173.440002584457,2.528
173.52000258565,2.53599999999997
173.600002586842,2.506
173.680002588034,2.49299999999999
173.760002589226,2.50299999999999
173.840002590418,2.52199999999999
173.92000259161,2.55799999999999
174.000002592802,2.489
174.080002593994,2.514
174.160002595186,2.50100000000002
174.240002596378,2.495
174.32000259757,2.46899999999999
174.400002598763,2.46199999999999
174.480002599955,2.476
174.560002601147,2.42700000000005
174.640002602339,2.507
174.720002603531,2.411
174.800002604723,2.51900000000001
174.880002605915,2.626
174.960002607107,2.58400000000003
175.040002608299,2.604
175.120002609491,2.594
175.200002610683,2.53999999999999
175.280002611876,2.5
175.360002613068,2.47700000000003
175.44000261426,2.55199999999999
175.520002615452,2.528
175.600002616644,2.53100000000001
175.680002617836,2.42099999999999
175.760002619028,2.42999999999999
175.84000262022,2.43100000000001
175.920002621412,2.45
176.000002622604,2.44
176.080002623796,2.441
176.160002624989,2.50299999999993
176.240002626181,2.423
176.320002627373,2.474
176.400002628565,2.47399999999999
176.480002629757,2.518
176.560002630949,2.583
176.640002632141,2.47499999999999
176.720002633333,2.544
176.800002634525,2.504
176.880002635717,2.47
176.96000263691,2.54899999999998
177.040002638102,2.548
177.120002639294,2.54199999999997
177.200002640486,2.639
177.280002641678,2.603
177.36000264287,2.666
177.440002644062,2.632
177.520002645254,2.603
177.600002646446,2.644
177.680002647638,2.614
177.76000264883,2.59600000000002
177.840002650023,2.607
177.920002651215,2.642
178.000002652407,2.64699999999999
178.080002653599,2.61199999999999
178.160002654791,2.591
178.240002655983,2.55500000000001
178.320002657175,2.59800000000001
178.400002658367,2.54099999999998
178.480002659559,2.499
178.560002660751,2.589
178.640002661943,2.58499999999999
178.720002663136,2.595
178.800002664328,2.643
178.88000266552,2.625
178.960002666712,2.65999999999998
179.040002667904,2.631
179.120002669096,2.56999999999999
179.200002670288,2.51300000000003
179.28000267148,2.59
179.360002672672,2.57999999999996
179.440002673864,2.55500000000001
179.520002675056,2.70600000000002
179.600002676249,2.62200000000001
179.680002677441,2.62299999999999
179.760002678633,2.616
179.840002679825,2.647
179.920002681017,2.61
180.000002682209,2.577
180.080002683401,2.59199999999998
180.160002684593,2.69999999999993
180.240002685785,2.51499999999999
180.320002686977,2.45999999999998
180.40000268817,2.51299999999998
180.480002689362,2.507
180.560002690554,2.547
180.640002691746,2.619
180.720002692938,2.65000000000001
180.80000269413,2.68199999999999
180.880002695322,2.631
180.960002696514,2.64199999999997
181.040002697706,2.571
181.120002698898,2.578
181.20000270009,2.539
181.280002701283,2.542
181.360002702475,2.52299999999997
181.440002703667,2.51600000000002
181.520002704859,2.55199999999999
181.600002706051,2.607
181.680002707243,2.634
181.760002708435,2.67400000000002
181.840002709627,2.64800000000002
181.920002710819,2.59299999999999
182.000002712011,2.54200000000003
182.080002713203,2.489
182.160002714396,2.48400000000001
182.240002715588,2.522
182.32000271678,2.51000000000001
182.400002717972,2.45799999999997
182.480002719164,2.376
182.560002720356,2.44199999999998
182.640002721548,2.47300000000001
182.72000272274,2.511
182.800002723932,2.54300000000001
182.880002725124,2.58
182.960002726316,2.515
183.040002727509,2.56399999999999
183.120002728701,2.527
183.200002729893,2.53899999999996
183.280002731085,2.512
183.360002732277,2.51700000000002
183.440002733469,2.56200000000001
183.520002734661,2.607
183.600002735853,2.62099999999998
183.680002737045,2.52800000000002
183.760002738237,2.49800000000005
183.84000273943,2.587
183.920002740622,2.62
184.000002741814,2.64999999999998
184.080002743006,2.73099999999999
184.160002744198,2.72599999999994
184.24000274539,2.63400000000001
184.320002746582,2.78999999999999
184.400002747774,2.70699999999999
184.480002748966,2.708
184.560002750158,2.69400000000002
184.64000275135,2.71100000000001
184.720002752543,2.60300000000001
184.800002753735,2.58899999999994
184.880002754927,2.46799999999999
184.960002756119,2.54500000000002
185.040002757311,2.569
185.120002758503,2.592
185.200002759695,2.60199999999998
185.280002760887,2.548
185.360002762079,2.60900000000001
185.440002763271,2.66900000000001
185.520002764463,2.72800000000001
185.600002765656,2.69700000000001
185.680002766848,2.65000000000001
185.76000276804,2.67999999999995
185.840002769232,2.577
185.920002770424,2.529
186.000002771616,2.53700000000001
186.080002772808,2.578
186.160002774,2.64399999999999
186.240002775192,2.621
186.320002776384,2.62299999999999
186.400002777576,2.713
186.480002778769,2.65899999999999
186.560002779961,2.64400000000001
186.640002781153,2.64100000000001
186.720002782345,2.632
186.800002783537,2.64199999999997
186.880002784729,2.60499999999999
186.960002785921,2.58700000000002
187.040002787113,2.557
187.120002788305,2.529
187.200002789497,2.52100000000003
187.280002790689,2.52099999999999
187.360002791882,2.61200000000001
187.440002793074,2.602
187.520002794266,2.62800000000001
187.600002795458,2.636
187.68000279665,2.66300000000001
187.760002797842,2.55899999999997
187.840002799034,2.53100000000001
187.920002800226,2.57299999999999
188.000002801418,2.67600000000002
188.08000280261,2.672
188.160002803803,2.66
188.240002804995,2.59399999999999
188.320002806187,2.631
188.400002807379,2.60199999999998
188.480002808571,2.59899999999999
188.560002809763,2.53700000000003
188.640002810955,2.56599999999999
188.720002812147,2.55500000000001
188.800002813339,2.56599999999999
188.880002814531,2.55099999999999
188.960002815723,2.501
189.040002816916,2.531
