time_min,absorb_mau
0.0,-0.026
0.0200000002980232,-0.048
0.0400000005960465,-0.04
0.0600000008940697,-0.026
0.0800000011920929,-0.001
0.100000001490116,0.041
0.120000001788139,0.043
0.140000002086163,0.049
0.160000002384186,0.055
0.180000002682209,0.06
0.200000002980232,0.09
0.220000003278255,0.11
0.240000003576279,0.125
0.260000003874302,0.14
0.280000004172325,0.122
0.300000004470348,0.091
0.320000004768372,0.047
0.340000005066395,0.015
0.360000005364418,0.003
0.380000005662441,-0.0140000000000001
0.400000005960465,-0.045
0.420000006258488,-0.032
0.440000006556511,-0.041
0.460000006854534,-0.045
0.480000007152557,-0.021
0.500000007450581,-0.015
0.520000007748604,-0.039
0.540000008046627,-0.02
0.56000000834465,-0.0069999999999999
0.580000008642674,-0.018
0.600000008940697,0.003
0.62000000923872,0.01
0.640000009536743,0.026
0.660000009834767,0.0650000000000004
0.68000001013279,0.075
0.700000010430813,0.081
0.720000010728836,0.07
0.740000011026859,0.0659999999999999
0.760000011324883,0.0760000000000003
0.780000011622906,0.094
0.800000011920929,0.081
0.820000012218952,0.143
0.840000012516975,0.151
0.860000012814999,0.148
0.880000013113022,0.165
0.900000013411045,0.129
0.920000013709068,0.11
0.940000014007092,0.109
0.960000014305115,0.113
0.980000014603138,0.112
1.00000001490116,0.123
1.02000001519918,0.129
1.04000001549721,0.141
1.06000001579523,0.164
1.08000001609325,0.145
1.10000001639128,0.12
1.1200000166893,0.103
1.14000001698732,0.0820000000000001
1.16000001728535,0.065
1.18000001758337,0.092
1.20000001788139,0.094
1.22000001817942,0.103
1.24000001847744,0.083
1.26000001877546,0.075
1.28000001907349,0.0680000000000001
1.30000001937151,0.0650000000000001
1.32000001966953,0.0850000000000002
1.34000001996756,0.0980000000000001
1.36000002026558,0.0890000000000004
1.3800000205636,0.132
1.40000002086163,0.152000000000001
1.42000002115965,0.187
1.44000002145767,0.246
1.4600000217557,0.217
1.48000002205372,0.186
1.50000002235174,0.166
1.52000002264977,0.147
1.54000002294779,0.159
1.56000002324581,0.201
1.58000002354383,0.196
1.60000002384186,0.202
1.62000002413988,0.184
1.6400000244379,0.168
1.66000002473593,0.213
1.68000002503395,0.218
1.70000002533197,0.268
1.72000002563,0.315
1.74000002592802,0.319
1.76000002622604,0.345
1.78000002652407,0.346
1.80000002682209,0.333
1.82000002712011,0.326000000000001
1.84000002741814,0.329
1.86000002771616,0.322
1.88000002801418,0.336
1.90000002831221,0.34
1.92000002861023,0.346
1.94000002890825,0.341
1.96000002920628,0.326
1.9800000295043,0.32
2.00000002980232,0.318
2.02000003010035,0.332
2.04000003039837,0.360000000000001
2.06000003069639,0.377
2.08000003099442,0.389
2.10000003129244,0.381
2.12000003159046,0.404
2.14000003188849,0.429000000000001
2.16000003218651,0.459
2.18000003248453,0.51
2.20000003278255,0.515
2.22000003308058,0.525
2.2400000333786,0.518
2.26000003367662,0.512
2.28000003397465,0.531
2.30000003427267,0.559
2.32000003457069,0.611
2.34000003486872,0.65
2.36000003516674,0.673
2.38000003546476,0.698
2.40000003576279,0.674
2.42000003606081,0.675
2.44000003635883,0.674
2.46000003665686,0.67
2.48000003695488,0.671
2.5000000372529,0.658
2.52000003755093,0.656
2.54000003784895,0.625999999999998
2.56000003814697,0.588
2.580000038445,0.585
2.60000003874302,0.574
2.62000003904104,0.547
2.64000003933907,0.564
2.66000003963709,0.563
2.68000003993511,0.557
2.70000004023314,0.568
2.72000004053116,0.594
2.74000004082918,0.605
2.7600000411272,0.617
2.78000004142523,0.645
2.80000004172325,0.647
2.82000004202127,0.664
2.8400000423193,0.684
2.86000004261732,0.685
2.88000004291534,0.689
2.90000004321337,0.692
2.92000004351139,0.693
2.94000004380941,0.704000000000001
2.96000004410744,0.737
2.98000004440546,0.735
3.00000004470348,0.755000000000001
3.02000004500151,0.792
3.04000004529953,0.815000000000001
3.06000004559755,0.864
3.08000004589558,0.902
3.1000000461936,0.907
3.12000004649162,0.902
3.14000004678965,0.897999999999999
3.16000004708767,0.872
3.18000004738569,0.886
3.20000004768372,0.895
3.22000004798174,0.913
3.24000004827976,0.938
3.26000004857779,0.92
3.28000004887581,0.951
3.30000004917383,0.963
3.32000004947186,0.979
3.34000004976988,0.994
3.3600000500679,0.991
3.38000005036592,0.992
3.40000005066395,1.019
3.42000005096197,1.049
3.44000005125999,1.079
3.46000005155802,1.087
3.48000005185604,1.083
3.50000005215406,1.063
3.52000005245209,1.074
3.54000005275011,1.082
3.56000005304813,1.107
3.58000005334616,1.125
3.60000005364418,1.139
3.6200000539422,1.138
3.64000005424023,1.12
3.66000005453825,1.138
3.68000005483627,1.148
3.7000000551343,1.134
3.72000005543232,1.146
3.74000005573034,1.15
3.76000005602837,1.134
3.78000005632639,1.158
3.80000005662441,1.185
3.82000005692244,1.179
3.84000005722046,1.177
3.86000005751848,1.2
3.88000005781651,1.227
3.90000005811453,1.263
3.92000005841255,1.297
3.94000005871058,1.306
3.9600000590086,1.271
3.98000005930662,1.234
4.00000005960465,1.224
4.02000005990267,1.212
4.04000006020069,1.226
4.06000006049872,1.254
4.08000006079674,1.272
4.10000006109476,1.266
4.12000006139278,1.29
4.14000006169081,1.327
4.16000006198883,1.363
4.18000006228685,1.396
4.20000006258488,1.417
4.2200000628829,1.38
4.24000006318092,1.367
4.26000006347895,1.371
4.28000006377697,1.377
4.30000006407499,1.401
4.32000006437302,1.44
4.34000006467104,1.439
4.36000006496906,1.457
4.38000006526709,1.485
4.40000006556511,1.498
4.42000006586313,1.54
4.44000006616116,1.572
4.46000006645918,1.598
4.4800000667572,1.614
4.50000006705523,1.634
4.52000006735325,1.645
4.54000006765127,1.672
4.5600000679493,1.691
4.58000006824732,1.705
4.60000006854534,1.737
4.62000006884337,1.745
4.64000006914139,1.767
4.66000006943941,1.812
4.68000006973744,1.827
4.70000007003546,1.852
4.72000007033348,1.881
4.7400000706315,1.937
4.76000007092953,1.958
4.78000007122755,2.005
4.80000007152557,2.043
4.8200000718236,2.049
4.84000007212162,2.078
4.86000007241964,2.085
4.88000007271767,2.092
4.90000007301569,2.078
4.92000007331371,2.084
4.94000007361174,2.077
4.96000007390976,2.112
4.98000007420778,2.133
5.00000007450581,2.156
5.02000007480383,2.181
5.04000007510185,2.178
5.06000007539988,2.184
5.0800000756979,2.208
5.10000007599592,2.244
5.12000007629395,2.276
5.14000007659197,2.315
5.16000007688999,2.331
5.18000007718802,2.316
5.20000007748604,2.306
5.22000007778406,2.308
5.24000007808209,2.31
5.26000007838011,2.334
5.28000007867813,2.347
5.30000007897615,2.348
5.32000007927418,2.35
5.3400000795722,2.356
5.36000007987022,2.369
5.38000008016825,2.376
5.40000008046627,2.398
5.42000008076429,2.438
5.44000008106232,2.467
5.46000008136034,2.498
5.48000008165836,2.525
5.50000008195639,2.528
5.52000008225441,2.539
5.54000008255243,2.536
5.56000008285046,2.534
5.58000008314848,2.54
5.6000000834465,2.548
5.62000008374453,2.552
5.64000008404255,2.575
5.66000008434057,2.584
5.6800000846386,2.596
5.70000008493662,2.602
5.72000008523464,2.62
5.74000008553267,2.61
5.76000008583069,2.608
5.78000008612871,2.621
5.80000008642674,2.645
5.82000008672476,2.692
5.84000008702278,2.7
5.86000008732081,2.732
5.88000008761883,2.757
5.90000008791685,2.79
5.92000008821487,2.862
5.9400000885129,2.887
5.96000008881092,2.921
5.98000008910894,2.92
6.00000008940697,2.896
6.02000008970499,2.894
6.04000009000301,2.85
6.06000009030104,2.845
6.08000009059906,2.848
6.10000009089708,2.828
6.12000009119511,2.828
6.14000009149313,2.807
6.16000009179115,2.802
6.18000009208918,2.827
6.2000000923872,2.842
6.22000009268522,2.881
6.24000009298325,2.934
6.26000009328127,2.943
6.28000009357929,2.977
6.30000009387732,2.988
6.32000009417534,2.98
6.34000009447336,3.006
6.36000009477139,3.031
6.38000009506941,3.051
6.40000009536743,3.066
6.42000009566546,3.07
6.44000009596348,3.04
6.4600000962615,3.062
6.48000009655953,3.085
6.50000009685755,3.127
6.52000009715557,3.188
6.54000009745359,3.205
6.56000009775162,3.231
6.58000009804964,3.251
6.60000009834767,3.274
6.62000009864569,3.325
6.64000009894371,3.363
6.66000009924173,3.369
6.68000009953976,3.387
6.70000009983778,3.355
6.7200001001358,3.373
6.74000010043383,3.424
6.76000010073185,3.452
6.78000010102987,3.51
6.8000001013279,3.542
6.82000010162592,3.554
6.84000010192394,3.549
6.86000010222197,3.558
6.88000010251999,3.566
6.90000010281801,3.553
6.92000010311604,3.568
6.94000010341406,3.585
6.96000010371208,3.601
6.98000010401011,3.622
7.00000010430813,3.631
7.02000010460615,3.653
7.04000010490418,3.685
7.0600001052022,3.712
7.08000010550022,3.745
7.10000010579825,3.75
7.12000010609627,3.714
7.14000010639429,3.703
7.16000010669232,3.694
7.18000010699034,3.714
7.20000010728836,3.776
7.22000010758638,3.821
7.24000010788441,3.833
7.26000010818243,3.836
7.28000010848045,3.835
7.30000010877848,3.844
7.3200001090765,3.867
7.34000010937452,3.901
7.36000010967255,3.944
7.38000010997057,3.976
7.40000011026859,4.002
7.42000011056662,4.013
7.44000011086464,4.0
7.46000011116266,3.986
7.48000011146069,3.978
7.50000011175871,3.991
7.52000011205673,4.034
7.54000011235476,4.075
7.56000011265278,4.092
7.5800001129508,4.117
7.60000011324883,4.114
7.62000011354685,4.089
7.64000011384487,4.117
7.6600001141429,4.142
7.68000011444092,4.156
7.70000011473894,4.191
7.72000011503696,4.187
7.74000011533499,4.199
7.76000011563301,4.218
7.78000011593104,4.216
7.80000011622906,4.232
7.82000011652708,4.232
7.8400001168251,4.236
7.86000011712313,4.263
7.88000011742115,4.31
7.90000011771917,4.345
7.9200001180172,4.368
7.94000011831522,4.395
7.96000011861324,4.362
7.98000011891127,4.319
8.00000011920929,4.288
8.02000011950731,4.259
8.04000011980534,4.25
8.06000012010336,4.276
8.08000012040138,4.292
8.10000012069941,4.293
8.12000012099743,4.307
8.14000012129545,4.319
8.16000012159348,4.318
8.1800001218915,4.336
8.20000012218952,4.352
8.22000012248755,4.347
8.24000012278557,4.354
8.26000012308359,4.381
8.28000012338162,4.409
8.30000012367964,4.456
8.32000012397766,4.507
8.34000012427569,4.554
8.36000012457371,4.60400000000001
8.38000012487173,4.66
8.40000012516975,4.723
8.42000012546778,4.769
8.4400001257658,4.823
8.46000012606383,4.815
8.48000012636185,4.811
8.50000012665987,4.8
8.52000012695789,4.804
8.54000012725592,4.83
8.56000012755394,4.88400000000001
8.58000012785196,4.935
8.60000012814999,4.97
8.62000012844801,5.02
8.64000012874603,5.048
8.66000012904406,5.08
8.68000012934208,5.134
8.7000001296401,5.139
8.72000012993813,5.17
8.74000013023615,5.223
8.76000013053417,5.256
8.7800001308322,5.299
8.80000013113022,5.334
8.82000013142824,5.343
8.84000013172627,5.366
8.86000013202429,5.40700000000001
8.88000013232231,5.474
8.90000013262033,5.522
8.92000013291836,5.578
8.94000013321638,5.632
8.96000013351441,5.666
8.98000013381243,5.719
9.00000013411045,5.757
9.02000013440848,5.783
9.0400001347065,5.819
9.06000013500452,5.839
9.08000013530254,5.852
9.10000013560057,5.887
9.12000013589859,5.915
9.14000013619661,5.934
9.16000013649464,5.974
9.18000013679266,5.985
9.20000013709068,5.983
9.22000013738871,6.015
9.24000013768673,6.027
9.26000013798475,6.044
9.28000013828278,6.065
9.3000001385808,6.087
9.32000013887882,6.128
9.34000013917685,6.18
9.36000013947487,6.221
9.38000013977289,6.247
9.40000014007092,6.278
9.42000014036894,6.302
9.44000014066696,6.348
9.46000014096499,6.41700000000001
9.48000014126301,6.47
9.50000014156103,6.494
9.52000014185906,6.528
9.54000014215708,6.53
9.5600001424551,6.531
9.58000014275313,6.547
9.60000014305115,6.585
9.62000014334917,6.655
9.64000014364719,6.717
9.66000014394522,6.794
9.68000014424324,6.838
9.70000014454126,6.893
9.72000014483929,6.953
9.74000014513731,7.017
9.76000014543534,7.08900000000001
9.78000014573336,7.148
9.80000014603138,7.195
9.8200001463294,7.228
9.84000014662743,7.288
9.86000014692545,7.309
9.88000014722347,7.352
9.9000001475215,7.401
9.92000014781952,7.44
9.94000014811754,7.508
9.96000014841557,7.558
9.98000014871359,7.612
10.0000001490116,7.657
10.0200001493096,7.699
10.0400001496077,7.731
10.0600001499057,7.777
10.0800001502037,7.816
10.1000001505017,7.883
10.1200001507998,7.941
10.1400001510978,7.995
10.1600001513958,8.049
10.1800001516938,8.09
10.2000001519918,8.16
10.2200001522899,8.236
10.2400001525879,8.302
10.2600001528859,8.37600000000001
10.2800001531839,8.446
10.300000153482,8.517
10.32000015378,8.587
10.340000154078,8.67
10.360000154376,8.74100000000001
10.3800001546741,8.811
10.4000001549721,8.878
10.4200001552701,8.973
10.4400001555681,9.03
10.4600001558661,9.08200000000001
10.4800001561642,9.171
10.5000001564622,9.246
10.5200001567602,9.326
10.5400001570582,9.429
10.5600001573563,9.50300000000001
10.5800001576543,9.569
10.6000001579523,9.65
10.6200001582503,9.726
10.6400001585484,9.82
10.6600001588464,9.89300000000001
10.6800001591444,9.977
10.7000001594424,10.101
10.7200001597404,10.198
10.7400001600385,10.309
10.7600001603365,10.43
10.7800001606345,10.521
10.8000001609325,10.588
10.8200001612306,10.678
10.8400001615286,10.764
10.8600001618266,10.837
10.8800001621246,10.922
10.9000001624227,11.021
10.9200001627207,11.088
10.9400001630187,11.149
10.9600001633167,11.236
10.9800001636148,11.313
11.0000001639128,11.405
11.0200001642108,11.513
11.0400001645088,11.595
11.0600001648068,11.688
11.0800001651049,11.768
11.1000001654029,11.843
11.1200001657009,11.924
11.1400001659989,12.004
11.160000166297,12.074
11.180000166595,12.145
11.200000166893,12.199
11.220000167191,12.267
11.2400001674891,12.346
11.2600001677871,12.424
11.2800001680851,12.501
11.3000001683831,12.568
11.3200001686811,12.607
11.3400001689792,12.684
11.3600001692772,12.777
11.3800001695752,12.868
11.4000001698732,12.961
11.4200001701713,13.07
11.4400001704693,13.136
11.4600001707673,13.223
11.4800001710653,13.313
11.5000001713634,13.391
11.5200001716614,13.445
11.5400001719594,13.511
11.5600001722574,13.577
11.5800001725554,13.625
11.6000001728535,13.694
11.6200001731515,13.787
11.6400001734495,13.846
11.6600001737475,13.959
11.6800001740456,14.069
11.7000001743436,14.166
11.7200001746416,14.262
11.7400001749396,14.357
11.7600001752377,14.467
11.7800001755357,14.554
11.8000001758337,14.642
11.8200001761317,14.721
11.8400001764297,14.831
11.8600001767278,14.967
11.8800001770258,15.086
11.9000001773238,15.205
11.9200001776218,15.275
11.9400001779199,15.3
11.9600001782179,15.339
11.9800001785159,15.408
12.0000001788139,15.498
12.020000179112,15.62
12.04000017941,15.733
12.060000179708,15.845
12.080000180006,15.964
12.1000001803041,16.086
12.1200001806021,16.215
12.1400001809001,16.347
12.1600001811981,16.467
12.1800001814961,16.586
12.2000001817942,16.704
12.2200001820922,16.838
12.2400001823902,16.959
12.2600001826882,17.075
12.2800001829863,17.159
12.3000001832843,17.294
12.3200001835823,17.432
12.3400001838803,17.589
12.3600001841784,17.762
12.3800001844764,17.906
12.4000001847744,18.054
12.4200001850724,18.19
12.4400001853704,18.335
12.4600001856685,18.477
12.4800001859665,18.608
12.5000001862645,18.775
12.5200001865625,18.912
12.5400001868606,19.069
12.5600001871586,19.225
12.5800001874566,19.362
12.6000001877546,19.492
12.6200001880527,19.628
12.6400001883507,19.753
12.6600001886487,19.906
12.6800001889467,20.088
12.7000001892448,20.252
12.7200001895428,20.416
12.7400001898408,20.582
12.7600001901388,20.73
12.7800001904368,20.887
12.8000001907349,21.06
12.8200001910329,21.188
12.8400001913309,21.344
12.8600001916289,21.487
12.880000191927,21.607
12.900000192225,21.703
12.920000192523,21.841
12.940000192821,21.977
12.9600001931191,22.129
12.9800001934171,22.324
13.0000001937151,22.515
13.0200001940131,22.665
13.0400001943111,22.816
13.0600001946092,22.984
13.0800001949072,23.127
13.1000001952052,23.273
13.1200001955032,23.431
13.1400001958013,23.554
13.1600001960993,23.67
13.1800001963973,23.803
13.2000001966953,23.941
13.2200001969934,24.077
13.2400001972914,24.223
13.2600001975894,24.329
13.2800001978874,24.424
13.3000001981854,24.513
13.3200001984835,24.613
13.3400001987815,24.749
13.3600001990795,24.899
13.3800001993775,25.056
13.4000001996756,25.214
13.4200001999736,25.359
13.4400002002716,25.489
13.4600002005696,25.601
13.4800002008677,25.732
13.5000002011657,25.846
13.5200002014637,26.001
13.5400002017617,26.152
13.5600002020597,26.272
13.5800002023578,26.42
13.6000002026558,26.527
13.6200002029538,26.634
13.6400002032518,26.792
13.6600002035499,26.933
13.6800002038479,27.077
13.7000002041459,27.254
13.7200002044439,27.418
13.740000204742,27.619
13.76000020504,27.817
13.780000205338,28.016
13.800000205636,28.168
13.820000205934,28.308
13.8400002062321,28.438
13.8600002065301,28.581
13.8800002068281,28.719
13.9000002071261,28.863
13.9200002074242,28.993
13.9400002077222,29.128
13.9600002080202,29.263
13.9800002083182,29.349
14.0000002086163,29.448
14.0200002089143,29.56
14.0400002092123,29.669
14.0600002095103,29.828
14.0800002098084,29.998
14.1000002101064,30.136
14.1200002104044,30.28
14.1400002107024,30.452
14.1600002110004,30.593
14.1800002112985,30.76
14.2000002115965,30.943
14.2200002118945,31.103
14.2400002121925,31.265
14.2600002124906,31.423
14.2800002127886,31.582
14.3000002130866,31.723
14.3200002133846,31.894
14.3400002136827,32.127
14.3600002139807,32.355
14.3800002142787,32.608
14.4000002145767,32.842
14.4200002148747,33.065
14.4400002151728,33.275
14.4600002154708,33.491
14.4800002157688,33.707
14.5000002160668,33.906
14.5200002163649,34.111
14.5400002166629,34.318
14.5600002169609,34.51
14.5800002172589,34.707
14.600000217557,34.892
14.620000217855,35.083
14.640000218153,35.22
14.660000218451,35.405
14.680000218749,35.608
14.7000002190471,35.807
14.7200002193451,36.043
14.7400002196431,36.254
14.7600002199411,36.451
14.7800002202392,36.656
14.8000002205372,36.864
14.8200002208352,37.077
14.8400002211332,37.229
14.8600002214313,37.408
14.8800002217293,37.542
14.9000002220273,37.691
14.9200002223253,37.872
14.9400002226234,38.018
14.9600002229214,38.193
14.9800002232194,38.319
15.0000002235174,38.476
15.0200002238154,38.66
15.0400002241135,38.803
15.0600002244115,38.998
15.0800002247095,39.198
15.1000002250075,39.325
15.1200002253056,39.468
15.1400002256036,39.628
15.1600002259016,39.717
15.1800002261996,39.856
15.2000002264977,40.009
15.2200002267957,40.119
15.2400002270937,40.252
15.2600002273917,40.347
15.2800002276897,40.41
15.3000002279878,40.504
15.3200002282858,40.581
15.3400002285838,40.658
15.3600002288818,40.775
15.3800002291799,40.861
15.4000002294779,40.958
15.4200002297759,41.071
15.4400002300739,41.183
15.460000230372,41.302
15.48000023067,41.407
15.500000230968,41.554
15.520000231266,41.691
15.540000231564,41.866
15.5600002318621,42.027
15.5800002321601,42.171
15.6000002324581,42.321
15.6200002327561,42.445
15.6400002330542,42.555
15.6600002333522,42.691
15.6800002336502,42.873
15.7000002339482,43.008
15.7200002342463,43.209
15.7400002345443,43.404
15.7600002348423,43.562
15.7800002351403,43.734
15.8000002354384,43.903
15.8200002357364,44.039
15.8400002360344,44.192
15.8600002363324,44.348
15.8800002366304,44.497
15.9000002369285,44.654
15.9200002372265,44.809
15.9400002375245,44.947
15.9600002378225,45.058
15.9800002381206,45.191
16.0000002384186,45.308
16.0200002387166,45.451
16.0400002390146,45.626
16.0600002393127,45.826
16.0800002396107,46.019
16.1000002399087,46.191
16.1200002402067,46.38
16.1400002405047,46.55
16.1600002408028,46.734
16.1800002411008,46.943
16.2000002413988,47.145
16.2200002416968,47.361
16.2400002419949,47.555
16.2600002422929,47.759
16.2800002425909,47.969
16.3000002428889,48.198
16.320000243187,48.4150000000001
16.340000243485,48.645
16.360000243783,48.858
16.380000244081,49.072
16.400000244379,49.285
16.4200002446771,49.5120000000001
16.4400002449751,49.776
16.4600002452731,49.979
16.4800002455711,50.188
16.5000002458692,50.396
16.5200002461672,50.608
16.5400002464652,50.827
16.5600002467632,51.058
16.5800002470613,51.265
16.6000002473593,51.432
16.6200002476573,51.574
16.6400002479553,51.707
16.6600002482533,51.838
16.6800002485514,51.98
16.7000002488494,52.14
16.7200002491474,52.284
16.7400002494454,52.446
16.7600002497435,52.617
16.7800002500415,52.779
16.8000002503395,52.936
16.8200002506375,53.08
16.8400002509356,53.207
16.8600002512336,53.291
16.8800002515316,53.419
16.9000002518296,53.562
16.9200002521276,53.714
16.9400002524257,53.904
16.9600002527237,54.063
16.9800002530217,54.181
17.0000002533197,54.27
17.0200002536178,54.336
17.0400002539158,54.407
17.0600002542138,54.515
17.0800002545118,54.645
17.1000002548099,54.804
17.1200002551079,54.944
17.1400002554059,55.042
17.1600002557039,55.145
17.180000256002,55.234
17.2000002563,55.311
17.220000256598,55.416
17.240000256896,55.485
17.260000257194,55.528
17.2800002574921,55.577
17.3000002577901,55.6
17.3200002580881,55.65
17.3400002583861,55.749
17.3600002586842,55.835
17.3800002589822,55.929
17.4000002592802,56.033
17.4200002595782,56.114
17.4400002598763,56.18
17.4600002601743,56.293
17.4800002604723,56.408
17.5000002607703,56.49
17.5200002610683,56.618
17.5400002613664,56.742
17.5600002616644,56.851
17.5800002619624,57.002
17.6000002622604,57.112
17.6200002625585,57.204
17.6400002628565,57.295
17.6600002631545,57.385
17.6800002634525,57.467
17.7000002637506,57.571
17.7200002640486,57.697
17.7400002643466,57.807
17.7600002646446,57.944
17.7800002649426,58.079
17.8000002652407,58.22
17.8200002655387,58.376
17.8400002658367,58.525
17.8600002661347,58.669
17.8800002664328,58.808
17.9000002667308,58.935
17.9200002670288,59.087
17.9400002673268,59.257
17.9600002676249,59.425
17.9800002679229,59.618
18.0000002682209,59.795
18.0200002685189,59.96
18.0400002688169,60.167
18.060000269115,60.351
18.080000269413,60.522
18.100000269711,60.696
18.120000270009,60.833
18.1400002703071,60.99
18.1600002706051,61.173
18.1800002709031,61.369
18.2000002712011,61.592
18.2200002714992,61.805
18.2400002717972,61.998
18.2600002720952,62.188
18.2800002723932,62.375
18.3000002726913,62.55
18.3200002729893,62.7520000000001
18.3400002732873,62.95
18.3600002735853,63.139
18.3800002738833,63.32
18.4000002741814,63.528
18.4200002744794,63.714
18.4400002747774,63.94
18.4600002750754,64.158
18.4800002753735,64.342
18.5000002756715,64.492
18.5200002759695,64.618
18.5400002762675,64.74
18.5600002765656,64.815
18.5800002768636,64.92
18.6000002771616,65.037
18.6200002774596,65.136
18.6400002777576,65.246
18.6600002780557,65.306
18.6800002783537,65.359
18.7000002786517,65.42
18.7200002789497,65.481
18.7400002792478,65.569
18.7600002795458,65.61
18.7800002798438,65.656
18.8000002801418,65.685
18.8200002804399,65.687
18.8400002807379,65.699
18.8600002810359,65.711
18.8800002813339,65.696
18.9000002816319,65.716
18.92000028193,65.706
18.940000282228,65.7
18.960000282526,65.694
18.980000282824,65.675
19.0000002831221,65.671
19.0200002834201,65.7
19.0400002837181,65.701
19.0600002840161,65.714
19.0800002843142,65.724
19.1000002846122,65.756
19.1200002849102,65.768
19.1400002852082,65.788
19.1600002855062,65.804
19.1800002858043,65.76
19.2000002861023,65.73
19.2200002864003,65.713
19.2400002866983,65.674
19.2600002869964,65.673
19.2800002872944,65.694
19.3000002875924,65.713
19.3200002878904,65.74
19.3400002881885,65.728
19.3600002884865,65.691
19.3800002887845,65.658
19.4000002890825,65.605
19.4200002893806,65.608
19.4400002896786,65.61
19.4600002899766,65.594
19.4800002902746,65.583
19.5000002905726,65.562
19.5200002908707,65.529
19.5400002911687,65.497
19.5600002914667,65.475
19.5800002917647,65.48
19.6000002920628,65.495
19.6200002923608,65.511
19.6400002926588,65.504
19.6600002929568,65.463
19.6800002932549,65.409
19.7000002935529,65.361
19.7200002938509,65.348
19.7400002941489,65.396
19.7600002944469,65.426
19.780000294745,65.474
19.800000295043,65.524
19.820000295341,65.55
19.840000295639,65.601
19.8600002959371,65.646
19.8800002962351,65.714
19.9000002965331,65.793
19.9200002968311,65.89
19.9400002971292,66.014
19.9600002974272,66.145
19.9800002977252,66.253
20.0000002980232,66.378
20.0200002983212,66.505
20.0400002986193,66.656
20.0600002989173,66.827
20.0800002992153,66.951
20.1000002995133,67.084
20.1200002998114,67.224
20.1400003001094,67.332
20.1600003004074,67.533
20.1800003007054,67.667
20.2000003010035,67.799
20.2200003013015,67.936
20.2400003015995,68.011
20.2600003018975,68.136
20.2800003021955,68.278
20.3000003024936,68.428
20.3200003027916,68.571
20.3400003030896,68.73
20.3600003033876,68.865
20.3800003036857,68.947
20.4000003039837,69.068
20.4200003042817,69.199
20.4400003045797,69.284
20.4600003048778,69.368
20.4800003051758,69.431
20.5000003054738,69.442
20.5200003057718,69.478
20.5400003060699,69.526
20.5600003063679,69.536
20.5800003066659,69.585
20.6000003069639,69.583
20.6200003072619,69.556
20.64000030756,69.501
20.660000307858,69.487
20.680000308156,69.437
20.700000308454,69.413
20.7200003087521,69.378
20.7400003090501,69.273
20.7600003093481,69.18
20.7800003096461,69.064
20.8000003099441,68.994
20.8200003102422,68.953
20.8400003105402,68.902
20.8600003108382,68.818
20.8800003111362,68.757
20.9000003114343,68.688
20.9200003117323,68.6
20.9400003120303,68.557
20.9600003123283,68.481
20.9800003126264,68.408
21.0000003129244,68.372
21.0200003132224,68.325
21.0400003135204,68.289
21.0600003138185,68.268
21.0800003141165,68.24
21.1000003144145,68.187
21.1200003147125,68.174
21.1400003150105,68.144
21.1600003153086,68.119
21.1800003156066,68.095
21.2000003159046,68.033
21.2200003162026,68.01
21.2400003165007,67.941
21.2600003167987,67.856
21.2800003170967,67.808
21.3000003173947,67.739
21.3200003176928,67.627
21.3400003179908,67.561
21.3600003182888,67.455
21.3800003185868,67.352
21.4000003188848,67.276
21.4200003191829,67.244
21.4400003194809,67.188
21.4600003197789,67.126
21.4800003200769,67.036
21.500000320375,66.913
21.520000320673,66.785
21.540000320971,66.678
21.560000321269,66.567
21.5800003215671,66.44
21.6000003218651,66.322
21.6200003221631,66.198
21.6400003224611,66.104
21.6600003227592,66.015
21.6800003230572,65.948
21.7000003233552,65.854
21.7200003236532,65.811
21.7400003239512,65.766
21.7600003242493,65.699
21.7800003245473,65.646
21.8000003248453,65.543
21.8200003251433,65.43
21.8400003254414,65.368
21.8600003257394,65.326
21.8800003260374,65.326
21.9000003263354,65.352
21.9200003266335,65.342
21.9400003269315,65.335
21.9600003272295,65.303
21.9800003275275,65.219
22.0000003278255,65.183
22.0200003281236,65.144
22.0400003284216,65.092
22.0600003287196,65.094
22.0800003290176,65.087
22.1000003293157,65.066
22.1200003296137,65.066
22.1400003299117,65.066
22.1600003302097,65.031
22.1800003305078,65.008
22.2000003308058,64.975
22.2200003311038,64.971
22.2400003314018,64.978
22.2600003316998,64.989
22.2800003319979,65.023
22.3000003322959,65.012
22.3200003325939,64.965
22.3400003328919,64.925
22.36000033319,64.92
22.380000333488,64.945
22.400000333786,64.985
22.420000334084,65.045
22.4400003343821,65.046
22.4600003346801,64.977
22.4800003349781,64.894
22.5000003352761,64.78
22.5200003355742,64.658
22.5400003358722,64.548
22.5600003361702,64.433
22.5800003364682,64.345
22.6000003367662,64.214
22.6200003370643,64.092
22.6400003373623,63.965
22.6600003376603,63.779
22.6800003379583,63.632
22.7000003382564,63.48
22.7200003385544,63.336
22.7400003388524,63.228
22.7600003391504,63.069
22.7800003394485,62.894
22.8000003397465,62.693
22.8200003400445,62.4729999999999
22.8400003403425,62.27
22.8600003406405,62.084
22.8800003409386,61.908
22.9000003412366,61.697
22.9200003415346,61.5199999999999
22.9400003418326,61.328
22.9600003421307,61.129
22.9800003424287,60.962
23.0000003427267,60.779
23.0200003430247,60.631
23.0400003433228,60.533
23.0600003436208,60.405
23.0800003439188,60.31
23.1000003442168,60.217
23.1200003445148,60.03
23.1400003448129,59.887
23.1600003451109,59.713
23.1800003454089,59.514
23.2000003457069,59.344
23.220000346005,59.162
23.240000346303,59.001
23.260000346601,58.842
23.280000346899,58.708
23.3000003471971,58.588
23.3200003474951,58.446
23.3400003477931,58.323
23.3600003480911,58.159
23.3800003483891,57.995
23.4000003486872,57.878
23.4200003489852,57.74
23.4400003492832,57.615
23.4600003495812,57.515
23.4800003498793,57.333
23.5000003501773,57.172
23.5200003504753,56.9939999999999
23.5400003507733,56.756
23.5600003510714,56.566
23.5800003513694,56.368
23.6000003516674,56.174
23.6200003519654,56.008
23.6400003522635,55.884
23.6600003525615,55.747
23.6800003528595,55.588
23.7000003531575,55.508
23.7200003534555,55.415
23.7400003537536,55.292
23.7600003540516,55.27
23.7800003543496,55.197
23.8000003546476,55.08
23.8200003549457,54.969
23.8400003552437,54.799
23.8600003555417,54.645
23.8800003558397,54.511
23.9000003561378,54.388
23.9200003564358,54.291
23.9400003567338,54.177
23.9600003570318,54.03
23.9800003573298,53.927
24.0000003576279,53.799
24.0200003579259,53.67
24.0400003582239,53.561
24.0600003585219,53.423
24.08000035882,53.336
24.100000359118,53.248
24.120000359416,53.129
24.140000359714,53.019
24.1600003600121,52.875
24.1800003603101,52.698
24.2000003606081,52.569
24.2200003609061,52.3989999999999
24.2400003612041,52.237
24.2600003615022,52.115
24.2800003618002,51.958
24.3000003620982,51.844
24.3200003623962,51.729
24.3400003626943,51.577
24.3600003629923,51.468
24.3800003632903,51.364
24.4000003635883,51.22
24.4200003638864,51.128
24.4400003641844,51.037
24.4600003644824,50.883
24.4800003647804,50.707
24.5000003650785,50.5289999999999
24.5200003653765,50.296
24.5400003656745,50.096
24.5600003659725,49.91
24.5800003662705,49.715
24.6000003665686,49.497
24.6200003668666,49.271
24.6400003671646,49.05
24.6600003674626,48.859
24.6800003677607,48.659
24.7000003680587,48.481
24.7200003683567,48.3209999999999
24.7400003686547,48.11
24.7600003689528,47.922
24.7800003692508,47.737
24.8000003695488,47.555
24.8200003698468,47.3559999999999
24.8400003701448,47.136
24.8600003704429,46.925
24.8800003707409,46.709
24.9000003710389,46.484
24.9200003713369,46.275
24.940000371635,46.053
24.960000371933,45.801
24.980000372231,45.583
25.000000372529,45.402
25.0200003728271,45.216
25.0400003731251,45.049
25.0600003734231,44.896
25.0800003737211,44.741
25.1000003740192,44.603
25.1200003743172,44.443
25.1400003746152,44.295
25.1600003749132,44.1
25.1800003752112,43.907
25.2000003755093,43.726
25.2200003758073,43.529
25.2400003761053,43.35
25.2600003764033,43.143
25.2800003767014,42.94
25.3000003769994,42.743
25.3200003772974,42.598
25.3400003775954,42.442
25.3600003778934,42.275
25.3800003781915,42.122
25.4000003784895,41.9399999999999
25.4200003787875,41.754
25.4400003790855,41.571
25.4600003793836,41.4
25.4800003796816,41.193
25.5000003799796,41.03
25.5200003802776,40.858
25.5400003805757,40.716
25.5600003808737,40.597
25.5800003811717,40.405
25.6000003814697,40.234
25.6200003817678,40.0409999999999
25.6400003820658,39.83
25.6600003823638,39.689
25.6800003826618,39.545
25.7000003829598,39.418
25.7200003832579,39.305
25.7400003835559,39.187
25.7600003838539,39.091
25.7800003841519,38.996
25.80000038445,38.927
25.820000384748,38.812
25.840000385046,38.7
25.860000385344,38.573
25.8800003856421,38.424
25.9000003859401,38.309
25.9200003862381,38.206
25.9400003865361,38.081
25.9600003868341,37.97
25.9800003871322,37.847
26.0000003874302,37.745
26.0200003877282,37.633
26.0400003880262,37.519
26.0600003883243,37.403
26.0800003886223,37.218
26.1000003889203,37.069
26.1200003892183,36.93
26.1400003895164,36.776
26.1600003898144,36.639
26.1800003901124,36.458
26.2000003904104,36.288
26.2200003907084,36.143
26.2400003910065,35.947
26.2600003913045,35.788
26.2800003916025,35.613
26.3000003919005,35.402
26.3200003921986,35.215
26.3400003924966,35.059
26.3600003927946,34.877
26.3800003930926,34.678
26.4000003933907,34.5
26.4200003936887,34.347
26.4400003939867,34.197
26.4600003942847,34.08
26.4800003945827,33.926
26.5000003948808,33.744
26.5200003951788,33.5559999999999
26.5400003954768,33.35
26.5600003957748,33.167
26.5800003960729,33.01
26.6000003963709,32.826
26.6200003966689,32.687
26.6400003969669,32.513
26.660000397265,32.319
26.680000397563,32.13
26.700000397861,31.93
26.720000398159,31.728
26.7400003984571,31.577
26.7600003987551,31.374
26.7800003990531,31.201
26.8000003993511,31.028
26.8200003996491,30.84
26.8400003999472,30.682
26.8600004002452,30.522
26.8800004005432,30.375
26.9000004008412,30.227
26.9200004011393,30.041
26.9400004014373,29.865
26.9600004017353,29.668
26.9800004020333,29.489
27.0000004023314,29.326
27.0200004026294,29.189
27.0400004029274,29.03
27.0600004032254,28.876
27.0800004035234,28.75
27.1000004038215,28.643
27.1200004041195,28.567
27.1400004044175,28.451
27.1600004047155,28.351
27.1800004050136,28.211
27.2000004053116,28.087
27.2200004056096,27.938
27.2400004059076,27.77
27.2600004062057,27.606
27.2800004065037,27.404
27.3000004068017,27.2439999999999
27.3200004070997,27.084
27.3400004073977,26.961
27.3600004076958,26.817
27.3800004079938,26.698
27.4000004082918,26.575
27.4200004085898,26.442
27.4400004088879,26.329
27.4600004091859,26.191
27.4800004094839,26.096
27.5000004097819,26.017
27.52000041008,25.907
27.540000410378,25.808
27.560000410676,25.652
27.580000410974,25.519
27.6000004112721,25.383
27.6200004115701,25.238
27.6400004118681,25.105
27.6600004121661,24.957
27.6800004124641,24.845
27.7000004127622,24.74
27.7200004130602,24.629
27.7400004133582,24.534
27.7600004136562,24.434
27.7800004139543,24.309
27.8000004142523,24.234
27.8200004145503,24.175
27.8400004148483,24.126
27.8600004151464,24.053
27.8800004154444,23.952
27.9000004157424,23.864
27.9200004160404,23.761
27.9400004163384,23.662
27.9600004166365,23.58
27.9800004169345,23.459
28.0000004172325,23.336
28.0200004175305,23.207
28.0400004178286,23.1
28.0600004181266,22.99
28.0800004184246,22.883
28.1000004187226,22.769
28.1200004190207,22.642
28.1400004193187,22.531
28.1600004196167,22.456
28.1800004199147,22.377
28.2000004202127,22.3
28.2200004205108,22.205
28.2400004208088,22.079
28.2600004211068,21.948
28.2800004214048,21.792
28.3000004217029,21.677
28.3200004220009,21.554
28.3400004222989,21.427
28.3600004225969,21.311
28.380000422895,21.189
28.400000423193,21.076
28.420000423491,20.969
28.440000423789,20.899
28.460000424087,20.835
28.4800004243851,20.762
28.5000004246831,20.689
28.5200004249811,20.584
28.5400004252791,20.47
28.5600004255772,20.325
28.5800004258752,20.215
28.6000004261732,20.099
28.6200004264712,19.992
28.6400004267693,19.907
28.6600004270673,19.777
28.6800004273653,19.628
28.7000004276633,19.523
28.7200004279614,19.399
28.7400004282594,19.278
28.7600004285574,19.21
28.7800004288554,19.129
28.8000004291534,19.022
28.8200004294515,18.945
28.8400004297495,18.887
28.8600004300475,18.777
28.8800004303455,18.697
28.9000004306436,18.581
28.9200004309416,18.468
28.9400004312396,18.359
28.9600004315376,18.236
28.9800004318357,18.122
29.0000004321337,18.017
29.0200004324317,17.92
29.0400004327297,17.832
29.0600004330277,17.76
29.0800004333258,17.686
29.1000004336238,17.578
29.1200004339218,17.485
29.1400004342198,17.399
29.1600004345179,17.373
29.1800004348159,17.327
29.2000004351139,17.272
29.2200004354119,17.215
29.24000043571,17.101
29.260000436008,17.025
29.280000436306,16.941
29.300000436604,16.856
29.320000436902,16.772
29.3400004372001,16.702
29.3600004374981,16.619
29.3800004377961,16.544
29.4000004380941,16.455
29.4200004383922,16.34
29.4400004386902,16.209
29.4600004389882,16.08
29.4800004392862,15.992
29.5000004395843,15.956
29.5200004398823,15.903
29.5400004401803,15.885
29.5600004404783,15.851
29.5800004407763,15.77
29.6000004410744,15.713
29.6200004413724,15.656
29.6400004416704,15.632
29.6600004419684,15.607
29.6800004422665,15.572
29.7000004425645,15.536
29.7200004428625,15.426
29.7400004431605,15.311
29.7600004434586,15.242
29.7800004437566,15.14
29.8000004440546,15.052
29.8200004443526,15.022
29.8400004446507,14.982
29.8600004449487,14.928
29.8800004452467,14.899
29.9000004455447,14.809
29.9200004458427,14.738
29.9400004461408,14.654
29.9600004464388,14.581
29.9800004467368,14.498
30.0000004470348,14.406
30.0200004473329,14.32
30.0400004476309,14.244
30.0600004479289,14.176
30.0800004482269,14.115
30.100000448525,14.067
30.120000448823,14.012
30.140000449121,13.948
30.160000449419,13.884
30.180000449717,13.824
30.2000004500151,13.767
30.2200004503131,13.747
30.2400004506111,13.692
30.2600004509091,13.647
30.2800004512072,13.57
30.3000004515052,13.466
30.3200004518032,13.38
30.3400004521012,13.293
30.3600004523993,13.21
30.3800004526973,13.153
30.4000004529953,13.07
30.4200004532933,13.012
30.4400004535913,12.94
30.4600004538894,12.881
30.4800004541874,12.842
30.5000004544854,12.8
30.5200004547834,12.745
30.5400004550815,12.694
30.5600004553795,12.639
30.5800004556775,12.551
30.6000004559755,12.482
30.6200004562736,12.418
30.6400004565716,12.341
30.6600004568696,12.267
30.6800004571676,12.199
30.7000004574656,12.134
30.7200004577637,12.092
30.7400004580617,12.039
30.7600004583597,12.016
30.7800004586577,11.952
30.8000004589558,11.904
30.8200004592538,11.863
30.8400004595518,11.813
30.8600004598498,11.769
30.8800004601479,11.713
30.9000004604459,11.655
30.9200004607439,11.592
30.9400004610419,11.542
30.96000046134,11.493
30.980000461638,11.381
31.000000461936,11.304
31.020000462234,11.25
31.040000462532,11.174
31.0600004628301,11.142
31.0800004631281,11.128
31.1000004634261,11.083
31.1200004637241,11.044
31.1400004640222,10.998
31.1600004643202,10.96
31.1800004646182,10.936
31.2000004649162,10.923
31.2200004652143,10.936
31.2400004655123,10.92
31.2600004658103,10.892
31.2800004661083,10.844
31.3000004664063,10.796
31.3200004667044,10.732
31.3400004670024,10.679
31.3600004673004,10.657
31.3800004675984,10.601
31.4000004678965,10.573
31.4200004681945,10.559
31.4400004684925,10.534
31.4600004687905,10.478
31.4800004690886,10.436
31.5000004693866,10.389
31.5200004696846,10.304
31.5400004699826,10.247
31.5600004702806,10.213
31.5800004705787,10.169
31.6000004708767,10.128
31.6200004711747,10.083
31.6400004714727,10.036
31.6600004717708,10.002
31.6800004720688,9.964
31.7000004723668,9.946
31.7200004726648,9.94199999999998
31.7400004729629,9.861
31.7600004732609,9.84
31.7800004735589,9.804
31.8000004738569,9.764
31.8200004741549,9.78599999999999
31.840000474453,9.765
31.860000474751,9.743
31.880000475049,9.71
31.900000475347,9.693
31.9200004756451,9.636
31.9400004759431,9.57900000000001
31.9600004762411,9.52100000000002
31.9800004765391,9.44299999999998
32.0000004768372,9.38200000000001
32.0200004771352,9.354
32.0400004774332,9.362
32.0600004777312,9.35100000000001
32.0800004780293,9.323
32.1000004783273,9.28
32.1200004786253,9.229
32.1400004789233,9.20299999999998
32.1600004792213,9.164
32.1800004795194,9.128
32.2000004798174,9.114
32.2200004801154,9.04900000000001
32.2400004804134,9.026
32.2600004807115,9.038
32.2800004810095,9.005
32.3000004813075,8.986
32.3200004816055,8.95100000000001
32.3400004819036,8.89399999999998
32.3600004822016,8.82300000000001
32.3800004824996,8.791
32.4000004827976,8.771
32.4200004830956,8.73099999999999
32.4400004833937,8.70399999999999
32.4600004836917,8.654
32.4800004839897,8.596
32.5000004842877,8.579
32.5200004845858,8.56
32.5400004848838,8.54
32.5600004851818,8.519
32.5800004854798,8.48400000000001
32.6000004857779,8.415
32.6200004860759,8.386
32.6400004863739,8.386
32.6600004866719,8.367
32.68000048697,8.329
32.700000487268,8.318
32.720000487566,8.262
32.740000487864,8.19299999999998
32.760000488162,8.154
32.7800004884601,8.108
32.8000004887581,8.092
32.8200004890561,8.047
32.8400004893541,8.01399999999998
32.8600004896522,7.988
32.8800004899502,7.932
32.9000004902482,7.91
32.9200004905462,7.922
32.9400004908443,7.89899999999999
32.9600004911423,7.875
32.9800004914403,7.84
33.0000004917383,7.79000000000001
33.0200004920363,7.737
33.0400004923344,7.68699999999997
33.0600004926324,7.645
33.0800004929304,7.617
33.1000004932284,7.597
33.1200004935265,7.596
33.1400004938245,7.59699999999998
33.1600004941225,7.568
33.1800004944205,7.559
33.2000004947186,7.557
33.2200004950166,7.527
33.2400004953146,7.53900000000001
33.2600004956126,7.534
33.2800004959106,7.487
33.3000004962087,7.44
33.3200004965067,7.428
33.3400004968047,7.38499999999999
33.3600004971027,7.369
33.3800004974008,7.372
33.4000004976988,7.364
33.4200004979968,7.369
33.4400004982948,7.37400000000001
33.4600004985929,7.384
33.4800004988909,7.371
33.5000004991889,7.354
33.5200004994869,7.34699999999999
33.540000499785,7.304
33.560000500083,7.287
33.580000500381,7.252
33.600000500679,7.187
33.620000500977,7.187
33.6400005012751,7.13099999999997
33.6600005015731,7.075
33.6800005018711,7.046
33.7000005021691,7.00700000000001
33.7200005024672,6.998
33.7400005027652,6.98500000000001
33.7600005030632,7.001
33.7800005033612,6.998
33.8000005036592,6.95999999999999
33.8200005039573,6.951
33.8400005042553,6.91399999999999
33.8600005045533,6.865
33.8800005048513,6.848
33.9000005051494,6.825
33.9200005054474,6.816
33.9400005057454,6.81300000000001
33.9600005060434,6.829
33.9800005063415,6.825
34.0000005066395,6.824
34.0200005069375,6.807
34.0400005072355,6.77299999999999
34.0600005075335,6.752
34.0800005078316,6.71299999999999
34.1000005081296,6.666
34.1200005084276,6.642
34.1400005087256,6.61099999999999
34.1600005090237,6.595
34.1800005093217,6.599
34.2000005096197,6.63200000000001
34.2200005099177,6.68600000000001
34.2400005102158,6.703
34.2600005105138,6.702
34.2800005108118,6.663
34.3000005111098,6.61099999999999
34.3200005114079,6.573
34.3400005117059,6.558
34.3600005120039,6.579
34.3800005123019,6.554
34.4000005125999,6.567
34.420000512898,6.567
34.440000513196,6.55299999999998
34.460000513494,6.524
34.480000513792,6.482
34.5000005140901,6.471
34.5200005143881,6.437
34.5400005146861,6.425
34.5600005149841,6.437
34.5800005152822,6.382
34.6000005155802,6.372
34.6200005158782,6.36
34.6400005161762,6.33499999999999
34.6600005164742,6.316
34.6800005167723,6.316
34.7000005170703,6.304
34.7200005173683,6.294
34.7400005176663,6.257
34.7600005179644,6.22799999999999
34.7800005182624,6.177
34.8000005185604,6.164
34.8200005188584,6.166
34.8400005191565,6.14799999999999
34.8600005194545,6.108
34.8800005197525,6.05200000000001
34.9000005200505,5.998
34.9200005203485,5.96899999999999
34.9400005206466,5.92799999999999
34.9600005209446,5.913
34.9800005212426,5.898
35.0000005215406,5.862
35.0200005218387,5.895
35.0400005221367,5.892
35.0600005224347,5.882
35.0800005227327,5.885
35.1000005230308,5.861
35.1200005233288,5.852
35.1400005236268,5.851
35.1600005239248,5.841
35.1800005242229,5.836
35.2000005245209,5.834
35.2200005248189,5.835
35.2400005251169,5.832
35.2600005254149,5.827
35.280000525713,5.817
35.300000526011,5.852
35.320000526309,5.86
35.340000526607,5.883
35.3600005269051,5.89
35.3800005272031,5.877
35.4000005275011,5.858
35.4200005277991,5.86
35.4400005280972,5.84999999999999
35.4600005283952,5.836
35.4800005286932,5.825
35.5000005289912,5.802
35.5200005292892,5.8
35.5400005295873,5.80800000000001
35.5600005298853,5.83
35.5800005301833,5.812
35.6000005304813,5.814
35.6200005307794,5.79300000000001
35.6400005310774,5.75899999999999
35.6600005313754,5.75
35.6800005316734,5.737
35.7000005319715,5.705
35.7200005322695,5.678
35.7400005325675,5.681
35.7600005328655,5.682
35.7800005331636,5.666
35.8000005334616,5.666
35.8200005337596,5.637
35.8400005340576,5.618
35.8600005343556,5.605
35.8800005346537,5.576
35.9000005349517,5.577
35.9200005352497,5.545
35.9400005355477,5.50099999999998
35.9600005358458,5.494
35.9800005361438,5.42
36.0000005364418,5.404
36.0200005367398,5.35899999999999
36.0400005370379,5.30199999999999
36.0600005373359,5.273
36.0800005376339,5.251
36.1000005379319,5.262
36.1200005382299,5.288
36.140000538528,5.31200000000001
36.160000538826,5.294
36.180000539124,5.264
36.200000539422,5.254
36.2200005397201,5.22
36.2400005400181,5.189
36.2600005403161,5.189
36.2800005406141,5.153
36.3000005409121,5.145
36.3200005412102,5.175
36.3400005415082,5.173
36.3600005418062,5.212
36.3800005421042,5.243
36.4000005424023,5.246
36.4200005427003,5.256
36.4400005429983,5.23299999999999
36.4600005432963,5.187
36.4800005435944,5.169
36.5000005438924,5.158
36.5200005441904,5.151
36.5400005444884,5.14400000000001
36.5600005447865,5.163
36.5800005450845,5.159
36.6000005453825,5.151
36.6200005456805,5.154
36.6400005459786,5.13899999999999
36.6600005462766,5.09999999999999
36.6800005465746,5.083
36.7000005468726,5.097
36.7200005471706,5.101
36.7400005474687,5.107
36.7600005477667,5.114
36.7800005480647,5.096
36.8000005483627,5.08
36.8200005486608,5.065
36.8400005489588,5.07
36.8600005492568,5.062
36.8800005495548,5.03400000000001
36.9000005498528,5.00700000000001
36.9200005501509,4.969
36.9400005504489,4.949
36.9600005507469,4.934
36.9800005510449,4.932
37.000000551343,4.917
37.020000551641,4.874
37.040000551939,4.84799999999999
37.060000552237,4.833
37.0800005525351,4.832
37.1000005528331,4.884
37.1200005531311,4.896
37.1400005534291,4.95100000000001
37.1600005537271,4.994
37.1800005540252,4.98
37.2000005543232,4.984
37.2200005546212,4.986
37.2400005549192,4.93599999999999
37.2600005552173,4.928
37.2800005555153,4.943
37.3000005558133,4.912
37.3200005561113,4.914
37.3400005564094,4.93899999999999
37.3600005567074,4.907
37.3800005570054,4.907
37.4000005573034,4.886
37.4200005576015,4.88
37.4400005578995,4.916
37.4600005581975,4.912
37.4800005584955,4.926
37.5000005587935,4.928
37.5200005590916,4.906
37.5400005593896,4.922
37.5600005596876,4.918
37.5800005599856,4.919
37.6000005602837,4.917
37.6200005605817,4.904
37.6400005608797,4.88200000000001
37.6600005611777,4.90000000000001
37.6800005614758,4.861
37.7000005617738,4.844
37.7200005620718,4.824
37.7400005623698,4.81199999999999
37.7600005626678,4.803
37.7800005629659,4.76900000000001
37.8000005632639,4.737
37.8200005635619,4.703
37.8400005638599,4.684
37.860000564158,4.692
37.880000564456,4.669
37.900000564754,4.662
37.920000565052,4.66
37.9400005653501,4.654
37.9600005656481,4.661
37.9800005659461,4.655
38.0000005662441,4.681
38.0200005665422,4.659
38.0400005668402,4.68000000000001
38.0600005671382,4.701
38.0800005674362,4.66
38.1000005677342,4.668
38.1200005680323,4.64700000000001
38.1400005683303,4.623
38.1600005686283,4.629
38.1800005689263,4.637
38.2000005692244,4.624
38.2200005695224,4.642
38.2400005698204,4.67600000000001
38.2600005701184,4.662
38.2800005704165,4.656
38.3000005707145,4.663
38.3200005710125,4.608
38.3400005713105,4.592
38.3600005716085,4.596
38.3800005719066,4.578
38.4000005722046,4.57
38.4200005725026,4.586
38.4400005728006,4.605
38.4600005730987,4.606
38.4800005733967,4.609
38.5000005736947,4.616
38.5200005739927,4.563
38.5400005742908,4.56000000000001
38.5600005745888,4.55
38.5800005748868,4.525
38.6000005751848,4.571
38.6200005754828,4.586
38.6400005757809,4.59900000000002
38.6600005760789,4.626
38.6800005763769,4.611
38.7000005766749,4.576
38.720000576973,4.56
38.740000577271,4.56999999999999
38.760000577569,4.538
38.780000577867,4.52
38.8000005781651,4.476
38.8200005784631,4.449
38.8400005787611,4.432
38.8600005790591,4.431
38.8800005793572,4.45399999999999
38.9000005796552,4.474
38.9200005799532,4.498
38.9400005802512,4.50600000000003
38.9600005805492,4.543
38.9800005808473,4.534
39.0000005811453,4.504
39.0200005814433,4.521
39.0400005817413,4.50299999999999
39.0600005820394,4.49
39.0800005823374,4.499
39.1000005826354,4.48
39.1200005829334,4.466
39.1400005832315,4.436
39.1600005835295,4.434
39.1800005838275,4.402
39.2000005841255,4.366
39.2200005844235,4.357
39.2400005847216,4.298
39.2600005850196,4.296
39.2800005853176,4.323
39.3000005856156,4.313
39.3200005859137,4.313
39.3400005862117,4.31599999999999
39.3600005865097,4.279
39.3800005868077,4.273
39.4000005871057,4.277
39.4200005874038,4.272
39.4400005877018,4.304
39.4600005879998,4.296
39.4800005882978,4.289
39.5000005885959,4.274
39.5200005888939,4.232
39.5400005891919,4.21499999999999
39.5600005894899,4.18299999999999
39.580000589788,4.16200000000001
39.600000590086,4.204
39.620000590384,4.18900000000001
39.640000590682,4.176
39.6600005909801,4.194
39.6800005912781,4.152
39.7000005915761,4.164
39.7200005918741,4.184
39.7400005921722,4.194
39.7600005924702,4.232
39.7800005927682,4.218
39.8000005930662,4.246
39.8200005933642,4.296
39.8400005936623,4.31600000000001
39.8600005939603,4.342
39.8800005942583,4.401
39.9000005945563,4.366
39.9200005948544,4.373
39.9400005951524,4.37199999999999
39.9600005954504,4.328
39.9800005957484,4.288
40.0000005960465,4.27
40.0200005963445,4.22
40.0400005966425,4.20499999999998
40.0600005969405,4.182
40.0800005972385,4.149
40.1000005975366,4.121
40.1200005978346,4.083
40.1400005981326,4.075
40.1600005984306,4.077
40.1800005987287,4.077
40.2000005990267,4.093
40.2200005993247,4.128
40.2400005996227,4.11999999999999
40.2600005999208,4.123
40.2800006002188,4.115
40.3000006005168,4.079
40.3200006008148,4.069
40.3400006011128,4.05499999999998
40.3600006014109,4.034
40.3800006017089,4.025
40.4000006020069,4.056
40.4200006023049,4.071
40.440000602603,4.06000000000002
40.460000602901,4.067
40.480000603199,4.053
40.500000603497,4.035
40.5200006037951,4.065
40.5400006040931,4.07500000000001
40.5600006043911,4.085
40.5800006046891,4.079
40.6000006049871,4.09
40.6200006052852,4.068
40.6400006055832,4.07
40.6600006058812,4.07
40.6800006061792,4.075
40.7000006064773,4.074
40.7200006067753,4.072
40.7400006070733,4.12
40.7600006073713,4.13
40.7800006076694,4.142
40.8000006079674,4.17100000000001
40.8200006082654,4.155
40.8400006085634,4.14299999999999
40.8600006088614,4.128
40.8800006091595,4.118
40.9000006094575,4.104
40.9200006097555,4.1
40.9400006100536,4.114
40.9600006103516,4.135
40.9800006106496,4.127
41.0000006109476,4.094
41.0200006112456,4.056
41.0400006115437,4.04499999999999
41.0600006118417,4.025
41.0800006121397,4.045
41.1000006124377,4.055
41.1200006127358,4.053
41.1400006130338,4.096
41.1600006133318,4.074
41.1800006136298,4.052
41.2000006139278,4.04
41.2200006142259,4.005
41.2400006145239,3.991
41.2600006148219,3.999
41.2800006151199,4.02
41.300000615418,4.01
41.320000615716,4.014
41.340000616014,4.03500000000001
41.360000616312,4.049
41.3800006166101,4.062
41.4000006169081,4.053
41.4200006172061,4.033
41.4400006175041,4.00399999999999
41.4600006178021,3.976
41.4800006181002,3.98
41.5000006183982,4.007
41.5200006186962,4.02200000000001
41.5400006189942,4.03599999999999
41.5600006192923,4.014
41.5800006195903,3.983
41.6000006198883,3.98399999999999
41.6200006201863,3.943
41.6400006204844,3.938
41.6600006207824,3.923
41.6800006210804,3.891
41.7000006213784,3.887
41.7200006216765,3.895
41.7400006219745,3.90600000000002
41.7600006222725,3.91
41.7800006225705,3.88800000000001
41.8000006228685,3.85
41.8200006231666,3.819
41.8400006234646,3.797
41.8600006237626,3.807
41.8800006240606,3.818
41.9000006243587,3.83199999999999
41.9200006246567,3.885
41.9400006249547,3.89400000000001
41.9600006252527,3.908
41.9800006255508,3.91
42.0000006258488,3.863
42.0200006261468,3.839
42.0400006264448,3.80399999999999
42.0600006267428,3.799
42.0800006270409,3.801
42.1000006273389,3.791
42.1200006276369,3.83199999999999
42.1400006279349,3.873
42.160000628233,3.881
42.180000628531,3.907
42.200000628829,3.922
42.220000629127,3.91
42.2400006294251,3.96000000000001
42.2600006297231,3.967
42.2800006300211,3.94199999999999
42.3000006303191,3.924
42.3200006306171,3.861
42.3400006309152,3.845
42.3600006312132,3.839
42.3800006315112,3.846
42.4000006318092,3.877
42.4200006321073,3.87
42.4400006324053,3.86800000000001
42.4600006327033,3.887
42.4800006330013,3.871
42.5000006332994,3.877
42.5200006335974,3.883
42.5400006338954,3.867
42.5600006341934,3.852
42.5800006344914,3.815
42.6000006347895,3.827
42.6200006350875,3.847
42.6400006353855,3.811
42.6600006356835,3.819
42.6800006359816,3.80099999999999
42.7000006362796,3.74599999999999
42.7200006365776,3.737
42.7400006368756,3.71200000000001
42.7600006371737,3.728
42.7800006374717,3.731
42.8000006377697,3.743
42.8200006380677,3.785
42.8400006383658,3.77799999999999
42.8600006386638,3.778
42.8800006389618,3.754
42.9000006392598,3.72499999999999
42.9200006395578,3.69
42.9400006398559,3.694
42.9600006401539,3.685
42.9800006404519,3.706
43.0000006407499,3.696
43.020000641048,3.708
43.040000641346,3.74600000000001
43.060000641644,3.757
43.080000641942,3.777
43.10000064224,3.751
43.1200006425381,3.708
43.1400006428361,3.689
43.1600006431341,3.686
43.1800006434322,3.728
43.2000006437302,3.746
43.2200006440282,3.747
43.2400006443262,3.77500000000001
43.2600006446242,3.774
43.2800006449223,3.764
43.3000006452203,3.798
43.3200006455183,3.775
43.3400006458163,3.76199999999999
43.3600006461144,3.783
43.3800006464124,3.781
43.4000006467104,3.769
43.4200006470084,3.746
43.4400006473065,3.71699999999997
43.4600006476045,3.672
43.4800006479025,3.632
43.5000006482005,3.605
43.5200006484985,3.599
43.5400006487966,3.602
43.5600006490946,3.619
43.5800006493926,3.637
43.6000006496906,3.631
43.6200006499887,3.619
43.6400006502867,3.643
43.6600006505847,3.643
43.6800006508827,3.66800000000001
43.7000006511807,3.709
43.7200006514788,3.694
43.7400006517768,3.68
43.7600006520748,3.664
43.7800006523728,3.636
43.8000006526709,3.631
43.8200006529689,3.689
43.8400006532669,3.7
43.8600006535649,3.697
43.880000653863,3.687
43.900000654161,3.661
43.920000654459,3.65000000000001
43.940000654757,3.63300000000002
43.9600006550551,3.668
43.9800006553531,3.656
44.0000006556511,3.632
44.0200006559491,3.66
44.0400006562471,3.63899999999998
44.0600006565452,3.625
44.0800006568432,3.639
44.1000006571412,3.64
44.1200006574392,3.658
44.1400006577373,3.67799999999999
44.1600006580353,3.661
44.1800006583333,3.675
44.2000006586313,3.683
44.2200006589294,3.672
44.2400006592274,3.682
44.2600006595254,3.647
44.2800006598234,3.62099999999999
44.3000006601214,3.6
44.3200006604195,3.579
44.3400006607175,3.605
44.3600006610155,3.614
44.3800006613135,3.595
44.4000006616116,3.584
44.4200006619096,3.565
44.4400006622076,3.50999999999999
44.4600006625056,3.486
44.4800006628037,3.47499999999999
44.5000006631017,3.455
44.5200006633997,3.473
44.5400006636977,3.51700000000001
44.5600006639957,3.536
44.5800006642938,3.564
44.6000006645918,3.569
44.6200006648898,3.542
44.6400006651878,3.51799999999999
44.6600006654859,3.485
44.6800006657839,3.496
44.7000006660819,3.50500000000001
44.7200006663799,3.51
44.740000666678,3.505
44.760000666976,3.483
44.780000667274,3.485
44.800000667572,3.51300000000001
44.82000066787,3.544
44.8400006681681,3.587
44.8600006684661,3.597
44.8800006687641,3.585
44.9000006690621,3.576
44.9200006693602,3.566
44.9400006696582,3.551
44.9600006699562,3.525
44.9800006702542,3.51499999999999
45.0000006705523,3.466
45.0200006708503,3.464
45.0400006711483,3.45800000000001
45.0600006714463,3.443
45.0800006717444,3.458
45.1000006720424,3.438
45.1200006723404,3.437
45.1400006726384,3.43800000000002
45.1600006729364,3.45
45.1800006732345,3.443
45.2000006735325,3.432
45.2200006738305,3.438
45.2400006741285,3.444
45.2600006744266,3.44
45.2800006747246,3.444
45.3000006750226,3.436
45.3200006753206,3.421
45.3400006756187,3.428
45.3600006759167,3.432
45.3800006762147,3.421
45.4000006765127,3.411
45.4200006768108,3.402
45.4400006771088,3.372
45.4600006774068,3.374
45.4800006777048,3.377
45.5000006780028,3.38300000000001
45.5200006783009,3.405
45.5400006785989,3.40200000000001
45.5600006788969,3.428
45.5800006791949,3.441
45.600000679493,3.45200000000001
45.620000679791,3.47
45.640000680089,3.44899999999998
45.660000680387,3.427
45.6800006806851,3.408
45.7000006809831,3.41300000000001
45.7200006812811,3.44
45.7400006815791,3.458
45.7600006818771,3.468
45.7800006821752,3.47499999999999
45.8000006824732,3.472
45.8200006827712,3.479
45.8400006830692,3.479
45.8600006833673,3.473
45.8800006836653,3.474
45.9000006839633,3.462
45.9200006842613,3.452
45.9400006845594,3.455
45.9600006848574,3.45
45.9800006851554,3.441
46.0000006854534,3.437
46.0200006857514,3.409
46.0400006860495,3.40499999999999
46.0600006863475,3.393
46.0800006866455,3.392
46.1000006869435,3.41200000000002
46.1200006872416,3.471
46.1400006875396,3.49000000000001
46.1600006878376,3.525
46.1800006881356,3.537
46.2000006884337,3.51599999999999
46.2200006887317,3.504
46.2400006890297,3.524
46.2600006893277,3.515
46.2800006896257,3.514
46.3000006899238,3.51600000000002
46.3200006902218,3.528
46.3400006905198,3.526
46.3600006908178,3.521
46.3800006911159,3.52
46.4000006914139,3.49299999999998
46.4200006917119,3.464
46.4400006920099,3.474
46.460000692308,3.459
46.480000692606,3.448
46.500000692904,3.449
46.520000693202,3.434
46.5400006935001,3.43000000000001
46.5600006937981,3.436
46.5800006940961,3.439
46.6000006943941,3.46600000000001
46.6200006946921,3.479
46.6400006949902,3.468
46.6600006952882,3.494
46.6800006955862,3.498
46.7000006958842,3.477
46.7200006961823,3.479
46.7400006964803,3.45499999999998
46.7600006967783,3.43
46.7800006970763,3.44
46.8000006973744,3.45099999999999
46.8200006976724,3.474
46.8400006979704,3.456
46.8600006982684,3.445
46.8800006985664,3.456
46.9000006988645,3.44200000000001
46.9200006991625,3.47199999999999
46.9400006994605,3.49199999999999
46.9600006997585,3.456
46.9800007000566,3.424
47.0000007003546,3.42
47.0200007006526,3.425
47.0400007009506,3.43
47.0600007012486,3.435
47.0800007015467,3.413
47.1000007018447,3.36899999999999
47.1200007021427,3.342
47.1400007024407,3.34800000000001
47.1600007027388,3.364
47.1800007030368,3.355
47.2000007033348,3.331
47.2200007036328,3.319
47.2400007039309,3.27899999999998
47.2600007042289,3.261
47.2800007045269,3.285
47.3000007048249,3.267
47.320000705123,3.252
47.340000705421,3.263
47.360000705719,3.247
47.380000706017,3.261
47.400000706315,3.293
47.4200007066131,3.305
47.4400007069111,3.28700000000002
47.4600007072091,3.29599999999999
47.4800007075071,3.256
47.5000007078052,3.23099999999998
47.5200007081032,3.211
47.5400007084012,3.19200000000002
47.5600007086992,3.21
47.5800007089973,3.209
47.6000007092953,3.24800000000002
47.6200007095933,3.258
47.6400007098913,3.26200000000001
47.6600007101894,3.305
47.6800007104874,3.303
47.7000007107854,3.31100000000004
47.7200007110834,3.335
47.7400007113814,3.349
47.7600007116795,3.37299999999999
47.7800007119775,3.438
47.8000007122755,3.442
47.8200007125735,3.439
47.8400007128716,3.42899999999999
47.8600007131696,3.41200000000001
47.8800007134676,3.39700000000001
47.9000007137656,3.40399999999998
47.9200007140637,3.381
47.9400007143617,3.35599999999999
47.9600007146597,3.354
47.9800007149577,3.327
48.0000007152557,3.329
48.0200007155538,3.324
48.0400007158518,3.30599999999999
48.0600007161498,3.302
48.0800007164478,3.3
48.1000007167459,3.29999999999998
48.1200007170439,3.286
48.1400007173419,3.293
48.1600007176399,3.296
48.180000717938,3.271
48.200000718236,3.27999999999999
48.220000718534,3.274
48.240000718832,3.265
48.26000071913,3.265
48.2800007194281,3.269
48.3000007197261,3.25300000000001
48.3200007200241,3.206
48.3400007203221,3.2
48.3600007206202,3.182
48.3800007209182,3.191
48.4000007212162,3.21000000000001
48.4200007215142,3.223
48.4400007218123,3.208
48.4600007221103,3.194
48.4800007224083,3.186
48.5000007227063,3.181
48.5200007230043,3.18
48.5400007233024,3.17300000000001
48.5600007236004,3.177
48.5800007238984,3.149
48.6000007241964,3.13200000000002
48.6200007244945,3.158
48.6400007247925,3.151
48.6600007250905,3.153
48.6800007253885,3.17
48.7000007256866,3.183
48.7200007259846,3.19
48.7400007262826,3.188
48.7600007265806,3.18
48.7800007268787,3.166
48.8000007271767,3.16400000000001
48.8200007274747,3.193
48.8400007277727,3.244
48.8600007280707,3.281
48.8800007283688,3.274
48.9000007286668,3.257
48.9200007289648,3.23999999999999
48.9400007292628,3.21
48.9600007295609,3.212
48.9800007298589,3.229
49.0000007301569,3.23200000000001
49.0200007304549,3.256
49.040000730753,3.23
49.060000731051,3.222
49.080000731349,3.214
49.100000731647,3.19199999999999
49.120000731945,3.192
49.1400007322431,3.18
49.1600007325411,3.168
49.1800007328391,3.174
49.2000007331371,3.19200000000001
49.2200007334352,3.204
49.2400007337332,3.19
49.2600007340312,3.18299999999999
49.2800007343292,3.125
49.3000007346273,3.08199999999998
49.3200007349253,3.074
49.3400007352233,3.05800000000001
49.3600007355213,3.096
49.3800007358193,3.13999999999999
49.4000007361174,3.19800000000001
49.4200007364154,3.229
49.4400007367134,3.228
49.4600007370114,3.223
49.4800007373095,3.196
49.5000007376075,3.17599999999999
49.5200007379055,3.18300000000001
49.5400007382035,3.21400000000001
49.5600007385016,3.23099999999999
49.5800007387996,3.267
49.6000007390976,3.30800000000001
49.6200007393956,3.315
49.6400007396936,3.29199999999999
49.6600007399917,3.277
49.6800007402897,3.245
49.7000007405877,3.219
49.7200007408857,3.21
49.7400007411838,3.213
49.7600007414818,3.207
49.7800007417798,3.208
49.8000007420778,3.19899999999999
49.8200007423759,3.191
49.8400007426739,3.196
49.8600007429719,3.21599999999999
49.8800007432699,3.262
49.900000743568,3.265
49.920000743866,3.262
49.940000744164,3.25299999999999
49.960000744462,3.244
49.98000074476,3.265
50.0000007450581,3.252
50.0200007453561,3.247
50.0400007456541,3.25099999999999
50.0600007459521,3.254
50.0800007462502,3.271
50.1000007465482,3.274
50.1200007468462,3.262
50.1400007471442,3.247
50.1600007474423,3.225
50.1800007477403,3.248
50.2000007480383,3.226
50.2200007483363,3.234
50.2400007486343,3.233
50.2600007489324,3.21899999999999
50.2800007492304,3.202
50.3000007495284,3.175
50.3200007498264,3.15
50.3400007501245,3.13
50.3600007504225,3.127
50.3800007507205,3.132
50.4000007510185,3.119
50.4200007513166,3.133
50.4400007516146,3.14999999999998
50.4600007519126,3.146
50.4800007522106,3.18300000000001
50.5000007525087,3.19499999999999
50.5200007528067,3.181
50.5400007531047,3.182
50.5600007534027,3.177
50.5800007537007,3.163
50.6000007539988,3.175
50.6200007542968,3.202
50.6400007545948,3.188
50.6600007548928,3.198
50.6800007551909,3.212
50.7000007554889,3.202
50.7200007557869,3.211
50.7400007560849,3.225
50.7600007563829,3.23099999999999
50.780000756681,3.247
50.800000756979,3.248
50.820000757277,3.24
50.840000757575,3.24599999999999
50.8600007578731,3.238
50.8800007581711,3.258
50.9000007584691,3.27300000000001
50.9200007587671,3.293
50.9400007590652,3.29
50.9600007593632,3.281
50.9800007596612,3.279
51.0000007599592,3.25299999999999
51.0200007602573,3.24
51.0400007605553,3.22899999999998
51.0600007608533,3.192
51.0800007611513,3.181
51.1000007614493,3.15599999999999
51.1200007617474,3.14
51.1400007620454,3.139
51.1600007623434,3.127
51.1800007626414,3.123
51.2000007629395,3.10599999999999
51.2200007632375,3.106
51.2400007635355,3.08300000000001
51.2600007638335,3.104
51.2800007641316,3.10599999999999
51.3000007644296,3.071
51.3200007647276,3.055
51.3400007650256,3.066
51.3600007653236,3.053
51.3800007656217,3.064
51.4000007659197,3.057
51.4200007662177,3.051
51.4400007665157,3.056
51.4600007668138,3.07599999999999
51.4800007671118,3.125
51.5000007674098,3.13200000000001
51.5200007677078,3.136
51.5400007680059,3.132
51.5600007683039,3.129
51.5800007686019,3.149
51.6000007688999,3.121
51.6200007691979,3.123
51.640000769496,3.12499999999999
51.660000769794,3.093
51.680000770092,3.09
51.70000077039,3.095
51.7200007706881,3.084
51.7400007709861,3.09500000000001
51.7600007712841,3.104
51.7800007715821,3.097
51.8000007718802,3.098
51.8200007721782,3.104
51.8400007724762,3.09500000000001
51.8600007727742,3.113
51.8800007730722,3.135
51.9000007733703,3.12100000000001
51.9200007736683,3.151
51.9400007739663,3.16200000000002
51.9600007742643,3.17
51.9800007745624,3.202
52.0000007748604,3.27100000000001
52.0200007751584,3.29600000000001
52.0400007754564,3.31
52.0600007757545,3.295
52.0800007760525,3.265
52.1000007763505,3.247
52.1200007766485,3.262
52.1400007769466,3.29399999999999
52.1600007772446,3.279
52.1800007775426,3.281
52.2000007778406,3.24599999999999
52.2200007781386,3.206
52.2400007784367,3.241
52.2600007787347,3.249
52.2800007790327,3.259
52.3000007793307,3.29300000000001
52.3200007796288,3.297
52.3400007799268,3.30499999999999
52.3600007802248,3.296
52.3800007805228,3.28100000000001
52.4000007808209,3.23899999999999
52.4200007811189,3.233
52.4400007814169,3.22800000000001
52.4600007817149,3.243
52.4800007820129,3.256
52.500000782311,3.261
52.520000782609,3.256
52.540000782907,3.23899999999999
52.560000783205,3.224
52.5800007835031,3.217
52.6000007838011,3.206
52.6200007840991,3.187
52.6400007843971,3.162
52.6600007846952,3.154
52.6800007849932,3.129
52.7000007852912,3.124
52.7200007855892,3.123
52.7400007858873,3.14300000000001
52.7600007861853,3.179
52.7800007864833,3.196
52.8000007867813,3.21000000000001
52.8200007870793,3.218
52.8400007873774,3.224
52.8600007876754,3.24299999999999
52.8800007879734,3.26600000000001
52.9000007882714,3.254
52.9200007885695,3.255
52.9400007888675,3.245
52.9600007891655,3.234
52.9800007894635,3.234
53.0000007897616,3.21799999999999
53.0200007900596,3.18300000000001
53.0400007903576,3.12699999999998
53.0600007906556,3.111
53.0800007909536,3.114
53.1000007912517,3.105
53.1200007915497,3.104
53.1400007918477,3.11799999999999
53.1600007921457,3.081
53.1800007924438,3.095
53.2000007927418,3.118
53.2200007930398,3.122
53.2400007933378,3.119
53.2600007936358,3.093
53.2800007939339,3.051
53.3000007942319,3.05099999999999
53.3200007945299,3.054
53.3400007948279,3.063
53.360000795126,3.086
53.380000795424,3.089
53.400000795722,3.05199999999999
53.42000079602,3.022
53.4400007963181,2.99799999999999
53.4600007966161,2.996
53.4800007969141,3.009
53.5000007972121,3.03399999999999
53.5200007975102,3.08799999999999
53.5400007978082,3.098
53.5600007981062,3.095
53.5800007984042,3.118
53.6000007987022,3.10999999999999
53.6200007990003,3.086
53.6400007992983,3.1
53.6600007995963,3.083
53.6800007998943,3.05200000000001
53.7000008001924,3.099
53.7200008004904,3.093
53.7400008007884,3.11400000000002
53.7600008010864,3.131
53.7800008013845,3.105
53.8000008016825,3.08499999999999
53.8200008019805,3.072
53.8400008022785,3.057
53.8600008025765,3.054
53.8800008028746,3.058
53.9000008031726,3.07299999999999
53.9200008034706,3.054
53.9400008037686,3.08300000000001
53.9600008040667,3.099
53.9800008043647,3.095
54.0000008046627,3.109
54.0200008049607,3.087
54.0400008052588,3.05500000000001
54.0600008055568,3.061
54.0800008058548,3.069
54.1000008061528,3.087
54.1200008064508,3.099
54.1400008067489,3.084
54.1600008070469,3.06400000000001
54.1800008073449,3.032
54.200000807643,3.031
54.220000807941,3.024
54.240000808239,3.014
54.260000808537,3.014
54.280000808835,3.022
54.3000008091331,3.02300000000001
54.3200008094311,3.048
54.3400008097291,3.036
54.3600008100271,3.04
54.3800008103251,3.031
54.4000008106232,3.022
54.4200008109212,3.037
54.4400008112192,3.017
54.4600008115172,3.0
54.4800008118153,2.99299999999999
54.5000008121133,2.99199999999999
54.5200008124113,2.98
54.5400008127093,3.002
54.5600008130074,3.049
54.5800008133054,3.063
54.6000008136034,3.08700000000001
54.6200008139014,3.114
54.6400008141995,3.13399999999999
54.6600008144975,3.108
54.6800008147955,3.129
54.7000008150935,3.135
54.7200008153915,3.139
54.7400008156896,3.147
54.7600008159876,3.14400000000001
54.7800008162856,3.173
54.8000008165836,3.15699999999998
54.8200008168817,3.16300000000001
54.8400008171797,3.183
54.8600008174777,3.173
54.8800008177757,3.173
54.9000008180738,3.19
54.9200008183718,3.172
54.9400008186698,3.169
54.9600008189678,3.148
54.9800008192659,3.132
55.0000008195639,3.12499999999999
55.0200008198619,3.114
55.0400008201599,3.129
55.0600008204579,3.135
55.080000820756,3.119
55.100000821054,3.10899999999998
55.120000821352,3.088
55.14000082165,3.07399999999999
55.1600008219481,3.05500000000001
55.1800008222461,3.027
55.2000008225441,3.02399999999999
55.2200008228421,3.013
55.2400008231402,3.02200000000001
55.2600008234382,3.034
55.2800008237362,3.019
55.3000008240342,2.998
55.3200008243322,2.991
55.3400008246303,2.983
55.3600008249283,2.99299999999999
55.3800008252263,3.02
55.4000008255243,3.045
55.4200008258224,3.048
55.4400008261204,3.04799999999999
55.4600008264184,3.04
55.4800008267164,3.009
55.5000008270145,3.00400000000002
55.5200008273125,3.05
55.5400008276105,3.074
55.5600008279085,3.081
55.5800008282065,3.098
55.6000008285046,3.086
55.6200008288026,3.09
55.6400008291006,3.08800000000001
55.6600008293986,3.091
55.6800008296967,3.083
55.7000008299947,3.069
55.7200008302927,3.064
55.7400008305907,3.04899999999999
55.7600008308888,3.034
55.7800008311868,3.025
55.8000008314848,3.0
55.8200008317828,3.008
55.8400008320808,3.00199999999998
55.8600008323789,2.98699999999999
55.8800008326769,3.01900000000001
55.9000008329749,3.026
55.9200008332729,3.037
55.940000833571,3.051
55.960000833869,3.041
55.980000834167,3.034
56.000000834465,3.059
56.0200008347631,3.085
56.0400008350611,3.05800000000001
56.0600008353591,3.072
56.0800008356571,3.036
56.1000008359552,3.013
56.1200008362532,3.019
56.1400008365512,2.991
56.1600008368492,2.987
56.1800008371472,2.99
56.2000008374453,2.995
56.2200008377433,3.002
56.2400008380413,3.014
56.2600008383393,3.038
56.2800008386374,3.048
56.3000008389354,3.033
56.3200008392334,3.025
56.3400008395314,3.01499999999999
56.3600008398294,2.979
56.3800008401275,2.979
56.4000008404255,2.99000000000001
56.4200008407235,2.98099999999999
56.4400008410216,2.985
56.4600008413196,2.991
56.4800008416176,3.008
56.5000008419156,3.02800000000002
56.5200008422136,3.064
56.5400008425117,3.06700000000001
56.5600008428097,3.093
56.5800008431077,3.08699999999999
56.6000008434057,3.03700000000001
56.6200008437037,3.021
56.6400008440018,3.009
56.6600008442998,3.024
56.6800008445978,3.045
56.7000008448959,3.056
56.7200008451939,3.041
56.7400008454919,3.00999999999999
56.7600008457899,2.98699999999999
56.7800008460879,2.969
56.800000846386,2.96200000000002
56.820000846684,2.976
56.840000846982,2.986
56.86000084728,2.999
56.8800008475781,3.012
56.9000008478761,2.97600000000001
56.9200008481741,2.971
56.9400008484721,2.946
56.9600008487701,2.913
56.9800008490682,2.913
57.0000008493662,2.88
57.0200008496642,2.88
57.0400008499622,2.89100000000002
57.0600008502603,2.903
57.0800008505583,2.901
57.1000008508563,2.90899999999999
57.1200008511543,2.901
57.1400008514524,2.91300000000001
57.1600008517504,2.932
57.1800008520484,2.917
57.2000008523464,2.90699999999998
57.2200008526445,2.874
57.2400008529425,2.86
57.2600008532405,2.88900000000001
57.2800008535385,2.934
57.3000008538365,2.97600000000001
57.3200008541346,2.999
57.3400008544326,2.99099999999999
57.3600008547306,2.973
57.3800008550286,2.975
57.4000008553267,2.99100000000001
57.4200008556247,3.027
57.4400008559227,3.05000000000001
57.4600008562207,3.06699999999999
57.4800008565188,3.054
57.5000008568168,3.04
57.5200008571148,3.051
57.5400008574128,3.03600000000002
57.5600008577108,3.054
57.5800008580089,3.054
57.6000008583069,3.03400000000001
57.6200008586049,3.008
57.6400008589029,2.967
57.660000859201,2.963
57.680000859499,2.962
57.700000859797,2.97900000000001
57.720000860095,3.004
57.7400008603931,2.982
57.7600008606911,2.999
57.7800008609891,3.011
57.8000008612871,3.012
57.8200008615851,3.023
57.8400008618832,3.064
57.8600008621812,3.056
57.8800008624792,3.045
57.9000008627772,3.05399999999999
57.9200008630753,3.03
57.9400008633733,3.03700000000001
57.9600008636713,3.04900000000001
57.9800008639693,3.021
58.0000008642674,3.032
58.0200008645654,3.024
58.0400008648634,3.027
58.0600008651614,3.05800000000001
58.0800008654594,3.078
58.1000008657575,3.077
58.1200008660555,3.072
58.1400008663535,3.072
58.1600008666515,3.06
58.1800008669496,3.04300000000001
58.2000008672476,3.015
58.2200008675456,3.003
58.2400008678436,2.983
58.2600008681417,2.965
58.2800008684397,2.986
58.3000008687377,2.968
58.3200008690357,2.967
58.3400008693338,2.971
58.3600008696318,2.959
58.3800008699298,2.976
58.4000008702278,3.00699999999999
58.4200008705258,2.994
58.4400008708239,3.002
58.4600008711219,3.005
58.4800008714199,2.958
58.5000008717179,2.961
58.520000872016,2.968
58.540000872314,2.965
58.560000872612,2.965
58.58000087291,2.976
58.6000008732081,2.95
58.6200008735061,2.941
58.6400008738041,2.94900000000001
58.6600008741021,2.967
58.6800008744001,2.991
58.7000008746982,3.01600000000002
58.7200008749962,3.04000000000001
58.7400008752942,3.01499999999999
58.7600008755922,2.996
58.7800008758903,2.96299999999999
58.8000008761883,2.93699999999999
58.8200008764863,2.926
58.8400008767843,2.919
58.8600008770823,2.937
58.8800008773804,2.936
58.9000008776784,2.93899999999999
58.9200008779764,2.919
58.9400008782745,2.89399999999998
58.9600008785725,2.857
58.9800008788705,2.862
59.0000008791685,2.88100000000001
59.0200008794665,2.903
59.0400008797646,2.92
59.0600008800626,2.916
59.0800008803606,2.899
59.1000008806586,2.917
59.1200008809567,2.926
59.1400008812547,2.959
59.1600008815527,2.957
59.1800008818507,2.946
59.2000008821488,2.94499999999998
59.2200008824468,2.89100000000001
59.2400008827448,2.922
59.2600008830428,2.913
59.2800008833408,2.88800000000001
59.3000008836389,2.877
59.3200008839369,2.838
59.3400008842349,2.842
59.3600008845329,2.84
59.380000884831,2.841
59.400000885129,2.863
59.420000885427,2.863
59.440000885725,2.902
59.4600008860231,2.911
59.4800008863211,2.917
59.5000008866191,2.934
59.5200008869171,2.906
59.5400008872151,2.917
59.5600008875132,2.913
59.5800008878112,2.881
59.6000008881092,2.86800000000001
59.6200008884072,2.875
59.6400008887053,2.871
59.6600008890033,2.852
59.6800008893013,2.89
59.7000008895993,2.898
59.7200008898974,2.92
59.7400008901954,2.92699999999999
59.7600008904934,2.905
59.7800008907914,2.877
59.8000008910894,2.85799999999999
59.8200008913875,2.841
59.8400008916855,2.85400000000001
59.8600008919835,2.893
59.8800008922815,2.884
59.9000008925796,2.89000000000001
59.9200008928776,2.919
59.9400008931756,2.931
59.9600008934736,2.946
59.9800008937717,2.958
60.0000008940697,2.96899999999999
60.0200008943677,2.949
60.0400008946657,2.936
60.0600008949637,2.936
60.0800008952618,2.94
60.1000008955598,2.937
60.1200008958578,2.96599999999999
60.1400008961558,2.99700000000001
60.1600008964539,2.994
60.1800008967519,2.98999999999999
60.2000008970499,2.95899999999999
60.2200008973479,2.919
60.240000897646,2.899
60.260000897944,2.901
60.280000898242,2.919
60.30000089854,2.94
60.320000898838,2.955
60.3400008991361,2.95
60.3600008994341,2.94200000000001
60.3800008997321,2.911
60.4000009000301,2.89700000000001
60.4200009003282,2.915
60.4400009006262,2.92900000000002
60.4600009009242,2.948
60.4800009012222,2.965
60.5000009015203,2.94
60.5200009018183,2.93899999999999
60.5400009021163,2.91399999999999
60.5600009024143,2.898
60.5800009027124,2.902
60.6000009030104,2.896
60.6200009033084,2.86
60.6400009036064,2.863
60.6600009039044,2.851
60.6800009042025,2.839
60.7000009045005,2.854
60.7200009047985,2.879
60.7400009050965,2.89800000000001
60.7600009053946,2.93000000000001
60.7800009056926,2.98099999999999
60.8000009059906,3.009
60.8200009062886,3.004
60.8400009065867,3.02199999999999
60.8600009068847,3.008
60.8800009071827,3.003
60.9000009074807,3.012
60.9200009077787,3.013
60.9400009080768,3.01699999999998
60.9600009083748,2.98599999999999
60.9800009086728,2.966
61.0000009089708,2.978
61.0200009092689,2.955
61.0400009095669,2.971
61.0600009098649,2.968
61.0800009101629,2.943
61.100000910461,2.93800000000001
61.120000910759,2.939
61.140000911057,2.942
61.160000911355,2.931
61.1800009116531,2.932
61.2000009119511,2.943
61.2200009122491,2.938
61.2400009125471,2.94400000000001
61.2600009128451,2.956
61.2800009131432,2.944
61.3000009134412,2.937
61.3200009137392,2.942
61.3400009140372,2.93099999999998
61.3600009143353,2.897
61.3800009146333,2.9
61.4000009149313,2.889
61.4200009152293,2.878
61.4400009155274,2.89
61.4600009158254,2.883
61.4800009161234,2.869
61.5000009164214,2.857
61.5200009167194,2.853
61.5400009170175,2.845
61.5600009173155,2.841
61.5800009176135,2.852
61.6000009179115,2.858
61.6200009182096,2.873
61.6400009185076,2.91200000000003
61.6600009188056,2.95699999999999
61.6800009191036,2.993
61.7000009194017,3.00900000000001
61.7200009196997,3.03
61.7400009199977,3.011
61.7600009202957,2.983
61.7800009205937,3.02800000000001
61.8000009208918,3.013
61.8200009211898,3.027
61.8400009214878,3.07700000000003
61.8600009217858,3.073
61.8800009220839,3.075
61.9000009223819,3.06499999999998
61.9200009226799,3.02799999999999
61.9400009229779,2.98699999999999
61.960000923276,2.994
61.980000923574,2.989
62.000000923872,2.996
62.02000092417,2.985
62.040000924468,2.952
62.0600009247661,2.94
62.0800009250641,2.92400000000001
62.1000009253621,2.90700000000001
62.1200009256601,2.915
62.1400009259582,2.89099999999999
62.1600009262562,2.868
62.1800009265542,2.868
62.2000009268522,2.866
62.2200009271503,2.858
62.2400009274483,2.85199999999999
62.2600009277463,2.85
62.2800009280443,2.867
62.3000009283424,2.85899999999999
62.3200009286404,2.853
62.3400009289384,2.861
62.3600009292364,2.83799999999997
62.3800009295344,2.816
62.4000009298325,2.82
62.4200009301305,2.827
62.4400009304285,2.80799999999999
62.4600009307265,2.806
62.4800009310246,2.823
62.5000009313226,2.82
62.5200009316206,2.82899999999999
62.5400009319186,2.854
62.5600009322167,2.82699999999998
62.5800009325147,2.79900000000001
62.6000009328127,2.776
62.6200009331107,2.778
62.6400009334087,2.78099999999999
62.6600009337068,2.78000000000002
62.6800009340048,2.804
62.7000009343028,2.80499999999999
62.7200009346008,2.801
62.7400009348989,2.82599999999998
62.7600009351969,2.79899999999999
62.7800009354949,2.791
62.8000009357929,2.797
62.820000936091,2.807
62.840000936389,2.82700000000001
62.860000936687,2.85399999999998
62.880000936985,2.836
62.900000937283,2.833
62.9200009375811,2.83
62.9400009378791,2.81300000000001
62.9600009381771,2.833
62.9800009384751,2.832
63.0000009387732,2.845
63.0200009390712,2.844
63.0400009393692,2.847
63.0600009396672,2.84499999999998
63.0800009399653,2.809
63.1000009402633,2.78100000000002
63.1200009405613,2.79
63.1400009408593,2.79200000000001
63.1600009411573,2.80700000000002
63.1800009414554,2.863
63.2000009417534,2.855
63.2200009420514,2.857
63.2400009423494,2.844
63.2600009426475,2.83900000000001
63.2800009429455,2.859
63.3000009432435,2.87299999999999
63.3200009435415,2.911
63.3400009438396,2.919
63.3600009441376,2.907
63.3800009444356,2.918
63.4000009447336,2.91100000000002
63.4200009450317,2.93
63.4400009453297,2.94900000000001
63.4600009456277,2.943
63.4800009459257,2.941
63.5000009462237,2.93300000000001
63.5200009465218,2.95399999999999
63.5400009468198,2.974
63.5600009471178,2.975
63.5800009474158,2.98699999999999
63.6000009477139,2.94499999999998
63.6200009480119,2.90299999999999
63.6400009483099,2.881
63.6600009486079,2.86499999999998
63.680000948906,2.872
63.700000949204,2.87300000000002
63.720000949502,2.904
63.7400009498,2.9
63.7600009500981,2.88699999999999
63.7800009503961,2.869
63.8000009506941,2.88
63.8200009509921,2.882
63.8400009512901,2.886
63.8600009515882,2.90800000000002
63.8800009518862,2.904
63.9000009521842,2.866
63.9200009524822,2.861
63.9400009527803,2.88099999999999
63.9600009530783,2.882
63.9800009533763,2.94
64.0000009536743,2.964
64.0200009539723,2.937
64.0400009542704,2.934
64.0600009545684,2.911
64.0800009548664,2.89300000000001
64.1000009551644,2.95500000000001
64.1200009554625,2.995
64.1400009557605,3.03
64.1600009560585,3.04499999999999
64.1800009563565,3.04699999999997
64.2000009566546,3.001
64.2200009569526,2.992
64.2400009572506,3.011
64.2600009575486,3.008
64.2800009578467,3.00300000000001
64.3000009581447,2.992
64.3200009584427,2.96799999999999
64.3400009587407,2.929
64.3600009590387,2.925
64.3800009593368,2.902
64.4000009596348,2.904
64.4200009599328,2.892
64.4400009602308,2.886
64.4600009605289,2.88
64.4800009608269,2.86299999999999
64.5000009611249,2.858
64.5200009614229,2.86
64.540000961721,2.849
64.560000962019,2.863
64.580000962317,2.866
64.600000962615,2.858
64.620000962913,2.859
64.6400009632111,2.867
64.6600009635091,2.865
64.6800009638071,2.87100000000001
64.7000009641051,2.893
64.7200009644032,2.896
64.7400009647012,2.862
64.7600009649992,2.86799999999999
64.7800009652972,2.83899999999998
64.8000009655952,2.828
64.8200009658933,2.834
64.8400009661913,2.796
64.8600009664893,2.806
64.8800009667874,2.79799999999999
64.9000009670854,2.789
64.9200009673834,2.793
64.9400009676814,2.784
64.9600009679794,2.76900000000001
64.9800009682775,2.792
65.0000009685755,2.792
65.0200009688735,2.807
65.0400009691715,2.849
65.0600009694696,2.846
65.0800009697676,2.852
65.1000009700656,2.867
65.1200009703636,2.857
65.1400009706616,2.833
65.1600009709597,2.828
65.1800009712577,2.82899999999999
65.2000009715557,2.807
65.2200009718537,2.777
65.2400009721518,2.755
65.2600009724498,2.721
65.2800009727478,2.72
65.3000009730458,2.72799999999999
65.3200009733439,2.755
65.3400009736419,2.78700000000001
65.3600009739399,2.81099999999999
65.3800009742379,2.83400000000003
65.4000009745359,2.855
65.420000974834,2.867
65.440000975132,2.86199999999999
65.46000097543,2.845
65.4800009757281,2.83499999999999
65.5000009760261,2.827
65.5200009763241,2.815
65.5400009766221,2.831
65.5600009769201,2.831
65.5800009772182,2.83199999999999
65.6000009775162,2.811
65.6200009778142,2.811
65.6400009781122,2.808
65.6600009784103,2.798
65.6800009787083,2.79099999999999
65.7000009790063,2.775
65.7200009793043,2.781
65.7400009796023,2.783
65.7600009799004,2.77
65.7800009801984,2.78200000000002
65.8000009804964,2.776
65.8200009807944,2.76
65.8400009810925,2.77500000000001
65.8600009813905,2.78899999999999
65.8800009816885,2.76299999999998
65.9000009819865,2.735
65.9200009822846,2.724
65.9400009825826,2.728
65.9600009828806,2.73
65.9800009831786,2.75400000000005
66.0000009834766,2.779
66.0200009837747,2.747
66.0400009840727,2.761
66.0600009843707,2.784
66.0800009846687,2.76799999999994
66.1000009849668,2.752
66.1200009852648,2.75
66.1400009855628,2.71899999999999
66.1600009858608,2.68
66.1800009861589,2.67599999999999
66.2000009864569,2.678
66.2200009867549,2.674
66.2400009870529,2.661
66.260000987351,2.673
66.280000987649,2.69900000000001
66.300000987947,2.706
66.320000988245,2.693
66.340000988543,2.702
66.3600009888411,2.693
66.3800009891391,2.70500000000001
66.4000009894371,2.726
66.4200009897351,2.741
66.4400009900332,2.739
66.4600009903312,2.715
66.4800009906292,2.698
66.5000009909272,2.701
66.5200009912252,2.704
66.5400009915233,2.689
66.5600009918213,2.70099999999999
66.5800009921193,2.71399999999999
66.6000009924173,2.702
66.6200009927154,2.67099999999999
66.6400009930134,2.64
66.6600009933114,2.618
66.6800009936094,2.61500000000002
66.7000009939075,2.63800000000001
66.7200009942055,2.68700000000001
66.7400009945035,2.72
66.7600009948015,2.762
66.7800009950996,2.787
66.8000009953976,2.78
66.8200009956956,2.767
66.8400009959936,2.756
66.8600009962916,2.727
66.8800009965897,2.764
66.9000009968877,2.767
66.9200009971857,2.769
66.9400009974837,2.791
66.9600009977818,2.804
66.9800009980798,2.82799999999999
67.0000009983778,2.81999999999999
67.0200009986758,2.83799999999999
67.0400009989739,2.823
67.0600009992719,2.798
67.0800009995699,2.80899999999999
67.1000009998679,2.796
67.1200010001659,2.797
67.140001000464,2.797
67.160001000762,2.795
67.18000100106,2.789
67.200001001358,2.785
67.2200010016561,2.81
67.2400010019541,2.836
67.2600010022521,2.825
67.2800010025501,2.827
67.3000010028481,2.81999999999999
67.3200010031462,2.768
67.3400010034442,2.805
67.3600010037422,2.82
67.3800010040403,2.828
67.4000010043383,2.828
67.4200010046363,2.8
67.4400010049343,2.79000000000001
67.4600010052323,2.751
67.4800010055304,2.74600000000001
67.5000010058284,2.764
67.5200010061264,2.779
67.5400010064244,2.82300000000001
67.5600010067225,2.864
67.5800010070205,2.857
67.6000010073185,2.84699999999999
67.6200010076165,2.812
67.6400010079145,2.78700000000001
67.6600010082126,2.81
67.6800010085106,2.813
67.7000010088086,2.83099999999999
67.7200010091066,2.871
67.7400010094047,2.857
67.7600010097027,2.857
67.7800010100007,2.869
67.8000010102987,2.861
67.8200010105968,2.864
67.8400010108948,2.879
67.8600010111928,2.886
67.8800010114908,2.89900000000003
67.9000010117889,2.918
67.9200010120869,2.929
67.9400010123849,2.921
67.9600010126829,2.916
67.980001012981,2.901
68.000001013279,2.892
68.020001013577,2.879
68.040001013875,2.886
68.060001014173,2.861
68.0800010144711,2.856
68.1000010147691,2.846
68.1200010150671,2.842
68.1400010153651,2.812
68.1600010156632,2.815
68.1800010159612,2.82400000000001
68.2000010162592,2.837
68.2200010165572,2.849
68.2400010168553,2.84399999999999
68.2600010171533,2.81
68.2800010174513,2.80699999999999
68.3000010177493,2.793
68.3200010180473,2.781
68.3400010183454,2.76000000000001
68.3600010186434,2.744
68.3800010189414,2.721
68.4000010192394,2.718
68.4200010195375,2.719
68.4400010198355,2.742
68.4600010201335,2.758
68.4800010204315,2.76599999999999
68.5000010207295,2.756
68.5200010210276,2.756
68.5400010213256,2.715
68.5600010216236,2.688
68.5800010219216,2.72
68.6000010222197,2.719
68.6200010225177,2.74799999999999
68.6400010228157,2.8
68.6600010231137,2.808
68.6800010234118,2.828
68.7000010237098,2.812
68.7200010240078,2.805
68.7400010243058,2.815
68.7600010246039,2.79400000000001
68.7800010249019,2.779
68.8000010251999,2.768
68.8200010254979,2.744
68.8400010257959,2.75999999999999
68.860001026094,2.80500000000001
68.880001026392,2.83400000000002
68.90000102669,2.852
68.920001026988,2.858
68.9400010272861,2.825
68.9600010275841,2.813
68.9800010278821,2.83900000000001
69.0000010281801,2.84700000000001
69.0200010284782,2.88800000000001
69.0400010287762,2.924
69.0600010290742,2.89500000000001
69.0800010293722,2.84999999999997
69.1000010296702,2.81700000000001
69.1200010299683,2.79300000000001
69.1400010302663,2.771
69.1600010305643,2.774
69.1800010308623,2.76899999999998
69.2000010311604,2.751
69.2200010314584,2.76900000000001
69.2400010317564,2.812
69.2600010320544,2.827
69.2800010323525,2.84600000000002
69.3000010326505,2.849
69.3200010329485,2.837
69.3400010332465,2.843
69.3600010335446,2.845
69.3800010338426,2.831
69.4000010341406,2.81
69.4200010344386,2.785
69.4400010347366,2.798
69.4600010350347,2.819
69.4800010353327,2.816
69.5000010356307,2.807
69.5200010359287,2.79
69.5400010362268,2.775
69.5600010365248,2.78
69.5800010368228,2.81300000000001
69.6000010371208,2.813
69.6200010374188,2.812
69.6400010377169,2.836
69.6600010380149,2.84299999999999
69.6800010383129,2.87900000000001
69.7000010386109,2.882
69.720001038909,2.868
69.740001039207,2.85300000000001
69.760001039505,2.81
69.780001039803,2.82499999999999
69.8000010401011,2.805
69.8200010403991,2.78100000000001
69.8400010406971,2.761
69.8600010409951,2.741
69.8800010412932,2.759
69.9000010415912,2.773
69.9200010418892,2.792
69.9400010421872,2.783
69.9600010424853,2.794
69.9800010427833,2.82400000000001
70.0000010430813,2.836
70.0200010433793,2.859
70.0400010436773,2.859
70.0600010439754,2.839
70.0800010442734,2.83200000000001
70.1000010445714,2.84899999999999
70.1200010448694,2.879
70.1400010451675,2.895
70.1600010454655,2.935
70.1800010457635,2.972
70.2000010460615,2.972
70.2200010463595,2.978
70.2400010466576,2.98999999999999
70.2600010469556,2.996
70.2800010472536,2.997
70.3000010475516,3.006
70.3200010478497,3.028
70.3400010481477,3.035
70.3600010484457,3.042
70.3800010487437,3.026
70.4000010490418,3.00800000000001
70.4200010493398,2.958
70.4400010496378,2.933
70.4600010499358,2.933
70.4800010502339,2.923
70.5000010505319,2.931
70.5200010508299,2.911
70.5400010511279,2.89400000000001
70.5600010514259,2.894
70.580001051724,2.898
70.600001052022,2.894
70.62000105232,2.89
70.640001052618,2.909
70.6600010529161,2.917
70.6800010532141,2.93100000000003
70.7000010535121,2.956
70.7200010538101,2.97199999999999
70.7400010541082,2.948
70.7600010544062,2.954
70.7800010547042,2.95299999999999
70.8000010550022,2.93899999999999
70.8200010553002,2.971
70.8400010555983,2.98099999999999
70.8600010558963,2.964
70.8800010561943,2.95999999999998
70.9000010564923,2.92500000000001
70.9200010567904,2.893
70.9400010570884,2.899
