~Particle 1
1,0.0,0.0,0.0,-1.0
~end Particle 1
~Particle 2
1,-0.2178997753977169,-0.6185426379620061,1.2797533719059415,1.0
2,-0.29156801968985996,-0.9702144477264234,-1.0205469197038637,1.0
3,-0.3430990888452167,-0.722976393462109,-1.1947519197432177,-1.0
4,-1.3028138793657813,-0.07092928084697737,-0.6045568896724393,1.0
5,-0.9687162098652778,-0.9718750013618428,-0.4299905655618139,1.0
6,-1.3216825186979058,0.3854784936366729,-0.4152175944152187,-1.0
7,-0.9765636144777868,0.3283225593748804,1.0031808430605162,1.0
8,0.3972091680864303,0.3459747682309539,-1.3380472101296068,1.0
9,1.1130594715509852,0.90426211437416,-0.1060784676464302,-1.0
10,1.3126296917991815,-0.35004227761947826,0.4715057752415691,1.0
11,1.1681720569128655,0.17968017822469814,0.8191050475983567,-1.0
12,1.3363887031590649,0.15721820765593586,0.5071406799402777,-1.0
13,1.042385388119965,-0.03011290503121653,0.9901363116180372,1.0
14,1.0557594683169549,-0.6324734173086225,0.7437696696269981,-1.0
15,1.2783697019350326,-0.5618539360658871,0.3434167434791234,1.0
16,0.15853964223154035,-0.18054189816587732,1.4177848231828962,1.0
17,-0.5410576662264146,-1.31189392407264,-0.2324541541872625,-1.0
18,-1.2854525211278194,-0.4826186408015845,0.427241223990575,1.0
19,-0.5716323788485906,-0.6623575821945596,1.1412111359258978,1.0
20,-0.07046893910791238,0.4250795889590694,1.3719276481182938,-1.0
21,0.5880780894065679,1.2236876299004409,0.473916390504234,1.0
22,0.7446180828861936,0.9107387068000626,-0.8270084150569684,1.0
23,-0.10360899407702527,1.392798581487055,0.34237594505746843,1.0
24,-0.5708082230195501,1.023615597232297,-0.8332065059971824,-1.0
25,-0.3471912929242834,0.5432306984792884,-1.2853803384007665,1.0
26,-0.8342432866833459,-0.2323931717876025,-1.1479876098330792,1.0
27,-1.2163776361403618,-0.061889193993227815,-0.7644862156798213,-1.0
~end Particle 2
