~Particle 1
1,0.0,0.0,0.0,-1.0
~end Particle 1
~Particle 2
1,0.0,0.0,0.0,-1.0
~end Particle 2
~Particle 3
1,0.4133,-1.2632,-1.1384,0.9889
2,-0.2784,-1.0746,-1.3528,0.9997
3,-0.4332,-1.1344,-1.2602,0.9997
4,-0.5916,0.4469,-1.5852,1.0000
5,-0.4578,-0.8246,-1.4741,-0.9982
6,-1.5612,0.0955,-0.7850,0.9997
7,-1.2482,-1.0974,-0.5480,1.0000
8,-1.2170,-1.0662,-0.6668,1.0000
9,-1.2925,-1.1367,-0.3161,0.0909
10,-1.5860,0.5364,-0.5092,-0.9993
11,-1.3627,0.0428,1.0971,-0.0009
12,-1.0291,0.6161,1.2743,1.0000
13,-0.7088,1.4614,0.6515,-0.0009
14,0.4394,0.4229,-1.6403,0.9997
15,1.3880,1.0508,-0.1780,-0.9982
16,1.6020,-0.4869,0.5090,1.0000
17,1.4349,0.1782,0.9859,-0.9993
18,1.6407,0.1313,0.5946,-0.9993
19,1.3666,-0.9531,0.5352,-0.0009
20,1.2638,-0.0848,1.2075,1.0000
21,1.2870,-0.8308,0.8462,-0.9993
22,1.5441,-0.7416,0.3580,1.0000
23,0.2787,-0.2662,1.7070,1.0000
24,-0.7361,-1.5561,-0.3150,-0.9993
25,-1.5905,-0.5093,0.5229,0.9997
26,-0.6703,-0.6142,1.4953,0.9997
27,-0.0672,0.4571,1.6879,-0.9993
28,0.7223,1.5478,0.3811,1.0000
29,0.9533,1.0806,-0.9930,1.0000
30,-0.0494,1.6980,0.4206,0.9997
31,-0.6169,1.2840,-1.0165,-0.9993
32,-0.6992,1.0471,-1.2154,1.0000
33,-1.3189,0.0365,-1.1496,1.0000
~end Particle 3
