~Particle 1
1,0.0,0.0,0.0,-1.0
~end Particle 1
~Particle 2
1,-0.5170221935970103,-1.9279508851691003,-0.896855799838423,0.0
2,0.5232136094534222,-0.6246823196630319,-2.0309299368474374,-1.0
3,0.9984167877899174,0.05526844282175853,-1.9464753291751018,1.0
4,-0.501806709437375,0.2953400539464233,-2.109412517479348,-1.0
5,0.6856306948208679,0.8205175629574825,-1.9092716855381704,1.0
6,-0.8514513690512623,1.7166049176899647,-1.056860924011935,-1.0
7,-0.7903449828862529,-1.900202761629061,-0.7438018302772702,1.0
8,-0.7833000085413201,-1.6176765959949508,-1.248286993198822,-1.0
9,-0.4722019857503618,-1.9661066554863649,-0.8367238456657231,1.0
10,-0.062451237963099135,-1.0358279467133746,-1.9266076916913908,1.0
11,0.6841263794814189,-1.0830379913290284,-1.7741636610627634,1.0
12,-0.17009850725469122,-2.097392069069873,0.6005579875686612,1.0
13,0.5009348844094034,-2.0312638811060437,0.6416293142428525,-1.0
14,0.14324203986696785,-1.5832640508827656,1.5037997051459495,1.0
15,0.6933896740044457,-0.38944284088089104,2.0386765127578794,-1.0
16,-1.7415892198682963,-1.0660419225813356,0.7868154157981585,1.0
17,-2.0085746797432997,-0.8330283012163691,-0.2456593073072399,-1.0
18,-1.9862347223641676,-0.9082122524853601,0.13667121902729312,-1.0
19,-1.843681514554082,-0.9921274926829464,-0.63653625282007,1.0
20,-0.8889454456562053,-1.9925627557577168,-0.16770971651727187,-1.0
21,-0.9156585853683796,-1.8904207911156248,0.6136248671288927,1.0
22,-0.6546163831853327,-2.0377293778930325,0.4558434636331068,-1.0
23,-1.0644097464196407,-1.3995434581970243,1.3026768173053471,1.0
24,-1.7822532482711824,-1.1145009157442796,0.6083732060437745,-1.0
25,-2.176673452114232,0.2252356897287386,0.004296153341136275,-1.0
26,-2.1484358475589462,0.40815847486211976,0.07929034192069966,1.0
27,-2.1015547310336364,0.05232014437987062,0.6077723298754292,-1.0
28,-1.841157944696404,0.4581091459689912,1.0903808156148365,-1.0
29,-1.614364549044513,0.7699842853524534,1.2607966501774095,1.0
30,-2.0571340448565008,-0.1969126229524788,-0.719779014986062,-1.0
31,0.32182517671498834,0.9494505216219964,1.9451553029576036,1.0
32,1.4554184264001102,0.168775018298689,1.6254012081001126,-1.0
33,1.5270658627377858,0.4714612933699804,1.494808010988303,1.0
34,1.131486081814581,1.1342684440266897,1.490580837641877,1.0
35,0.4326956531831943,1.3307282453412506,1.6824368335148174,-1.0
36,0.8128969334227281,1.3459990921058431,1.521887614011682,-1.0
37,1.0001995242628303,1.4495859270587377,1.298829643077824,-1.0
38,1.0044511940213852,1.9318544620430649,-0.2183415359323876,1.0
39,0.6980825687790587,1.8656260009533645,-0.9059675721203202,-1.0
40,-0.037951957492559925,2.0936185796337803,-0.6355924652910195,-1.0
41,-0.15680718059114165,2.1714758705416117,0.2208187984991528,1.0
42,2.1521231582060407,0.07603681633018018,0.3888974215337844,1.0
43,1.6772138808532266,0.7392757406142924,-1.1954421220671654,-1.0
44,1.5155984767527908,1.2309325053406566,-0.9881413434121628,1.0
45,1.6326722010190666,1.4541854812858992,-0.09155850608684384,1.0
46,2.102885848428966,0.1416579161692167,0.5886094063670592,-1.0
47,1.6111607790474936,1.3858031626855725,-0.5218883293864096,-1.0
48,0.5516156611577935,1.5489722160396635,-1.4439744202383311,-1.0
49,0.6939900498810223,1.5001979949331772,-1.43402952433505,-1.0
50,1.5355071869465764,-0.3797112856610957,-1.5121818370741689,-1.0
51,1.6107265496108916,0.3139293892057045,-1.4476412576918103,1.0
52,1.890665624578579,-0.021547953925764536,-1.1016242879124014,-1.0
53,2.009436856742758,0.8549198439992859,0.14118239656565074,1.0
54,1.724821214213056,0.8437852088419123,1.049607160008072,1.0
55,1.477210035772883,1.45415242631583,0.7013901348405635,1.0
56,0.16412215202792824,1.7157303719059194,1.3483286320972705,1.0
57,-0.7721509315392799,1.6125919362768453,1.261739702148552,1.0
58,-1.56721728658014,1.2740785303600397,0.8421465223581848,-1.0
59,-1.0147425482362218,1.8942758319614563,-0.4131265220798489,-1.0
60,-2.02788613005402,0.8174148699500116,-0.0903751288747987,1.0
61,-0.9737408922043682,-1.0952186589586583,-1.6251097359618023,-1.0
62,-1.4911848709413316,-1.2492792527582353,-1.0021606255004785,-1.0
63,-1.7405425063260531,-0.6518518744401235,-1.1551007780540703,1.0
64,-0.5457069168546907,1.3428982160716727,1.6393551269229212,-1.0
65,0.4798170596284535,1.5391964626562642,1.479630605467442,-1.0
66,0.9530420559675972,-0.1267655156771355,1.9657818377409448,1.0
67,1.4024122599449926,0.2945906991314539,1.6538177236748974,-1.0
68,1.5444151703416868,0.7998563891705311,1.3280317873912266,-1.0
69,1.622575412333639,1.0033901053958578,1.0719674517838729,-1.0
70,1.8920473785866003,1.066689932565111,0.26643234591132564,-1.0
71,1.1740271719733586,1.7979236837791177,0.4216485702268712,1.0
72,1.0064842938840586,1.9428612197483952,0.030602891407275037,-1.0
73,2.1466084593049994,-0.36311583749176857,0.22107894744382184,1.0
74,0.17614542657807608,1.6552228306293508,-1.4205164763771612,1.0
75,-0.10726505161009213,2.1418090752304666,0.4356661381878311,-1.0
~end Particle 2
