~Particle 1
1,10.4677000000,-1.94590000000,5.42770000000,0.993000000000
2,10.5860000000,-1.54910000000,4.99930000000,-0.998200000000
3,10.4535000000,-2.14390000000,4.61450000000,0.999700000000
4,10.3499000000,-1.45050000000,4.00890000000,-0.900000000000E-03
5,9.90070000000,-1.31160000000,3.48230000000,-0.998200000000
6,9.31790000000,-1.57650000000,3.14240000000,0.909000000000E-01
7,10.0492000000,-1.84800000000,3.64610000000,0.999700000000
8,10.1832000000,-1.68550000000,3.76850000000,-0.998200000000
9,10.2790000000,-2.42470000000,4.42830000000,-0.900000000000E-03
10,10.3327000000,-1.67730000000,3.98990000000,0.999700000000
11,10.4390000000,-2.07010000000,4.44030000000,-0.999300000000
12,10.4825000000,-1.01750000000,5.29250000000,0.999700000000
13,10.3918000000,-0.684500000000,5.00870000000,0.999700000000
14,10.3894000000,-0.755800000000,5.28240000000,-0.998200000000
15,10.2747000000,-2.35750000000,5.53650000000,0.999700000000
16,9.86810000000,-2.93070000000,5.36700000000,-0.900000000000E-03
17,8.44030000000,-2.01410000000,3.12400000000,0.909000000000E-01
18,10.2185000000,-1.72260000000,3.82150000000,-0.999300000000
19,8.59750000000,-1.12990000000,3.08140000000,0.909000000000E-01
20,9.18510000000,-1.63550000000,3.10480000000,0.909000000000E-01
21,8.83370000000,-1.12130000000,3.08490000000,-0.999300000000
22,10.3520000000,-0.927200000000,4.22660000000,0.999700000000
23,10.3757000000,-1.07040000000,4.17810000000,0.909000000000E-01
24,9.93540000000,-2.93740000000,5.05240000000,-0.998200000000
25,10.3500000000,-1.02070000000,5.69370000000,-0.998200000000
26,9.93680000000,-0.669300000000,6.06850000000,0.999700000000
27,9.82270000000,-1.53680000000,6.43940000000,0.999700000000
28,9.94320000000,-1.62780000000,6.33820000000,-0.999300000000
29,9.88880000000,-2.42580000000,6.07260000000,-0.900000000000E-03
30,9.59480000000,-0.686700000000,6.36130000000,0.999700000000
31,8.66780000000,0.312000000000,5.37740000000,-0.998200000000
32,8.70730000000,0.355100000000,5.14240000000,-0.900000000000E-03
33,8.97950000000,0.112000000000,5.83020000000,-0.998200000000
34,9.15130000000,-0.201000000000,6.19590000000,-0.998200000000
35,9.47480000000,0.195200000000,5.08270000000,0.909000000000E-01
36,10.1854000000,-0.353100000000,4.91660000000,-0.999300000000
37,9.43330000000,-0.381800000000,3.60770000000,-0.900000000000E-03
38,10.4170000000,-0.736900000000,5.00090000000,0.909000000000E-01
39,10.4746000000,-1.11540000000,4.42060000000,-0.999300000000
40,10.4804000000,-2.02860000000,5.28620000000,-0.900000000000E-03
41,10.0118000000,-0.465700000000,5.78010000000,-0.999300000000
42,9.73440000000,-1.20790000000,6.47030000000,0.909000000000E-01
43,9.43370000000,-3.00240000000,5.82470000000,-0.999300000000
44,7.91920000000,-1.17950000000,6.60400000000,-0.900000000000E-03
45,8.14630000000,-0.122200000000,6.06240000000,0.999700000000
46,7.99040000000,-0.741800000000,6.48670000000,0.999700000000
47,6.99450000000,-1.21340000000,5.65980000000,0.909000000000E-01
48,8.22260000000,-2.08970000000,6.65370000000,-0.900000000000E-03
49,7.22860000000,-2.41980000000,5.67500000000,0.999700000000
50,7.21440000000,-1.28620000000,6.05670000000,-0.900000000000E-03
51,6.97580000000,-2.01540000000,5.49110000000,1.00000000000
52,7.41370000000,-2.53880000000,4.00260000000,-0.999300000000
53,8.05580000000,-3.07740000000,4.08650000000,-0.998200000000
54,7.80970000000,-2.82620000000,3.90250000000,0.999700000000
55,7.29600000000,-2.72800000000,4.59490000000,-0.998200000000
56,7.85740000000,-3.18770000000,4.70500000000,-0.998200000000
57,7.20680000000,-2.66300000000,4.87830000000,1.00000000000
58,7.01490000000,-2.20750000000,5.40010000000,-0.998200000000
59,7.36920000000,-2.53340000000,4.06200000000,-0.999300000000
60,7.44870000000,-2.68070000000,4.13170000000,0.999700000000
61,7.04030000000,-2.04440000000,4.20810000000,-0.998200000000
62,7.09360000000,-2.00020000000,4.06860000000,0.999700000000
63,6.97710000000,-1.65610000000,4.17760000000,-0.999300000000
64,6.90720000000,-2.05810000000,4.73250000000,0.999700000000
65,6.82930000000,-1.62100000000,5.10350000000,-0.999300000000
66,6.89120000000,-1.31980000000,5.40530000000,0.909000000000E-01
67,7.66820000000,-0.803900000000,3.51810000000,-0.998200000000
68,7.33100000000,-1.03820000000,3.72230000000,-0.998200000000
69,7.06550000000,-1.25040000000,4.02810000000,1.00000000000
70,6.90270000000,-1.49110000000,4.36460000000,-0.900000000000E-03
71,6.83950000000,-1.39200000000,5.17940000000,1.00000000000
72,7.93790000000,-0.532200000000,3.50970000000,0.999700000000
73,7.21690000000,-0.605200000000,4.20640000000,-0.999300000000
74,6.90930000000,-1.01480000000,4.63290000000,0.999700000000
75,9.17360000000,0.267600000000,4.54050000000,-0.900000000000E-03
76,9.31520000000,-0.416600000000,6.32570000000,1.00000000000
77,8.26900000000,-0.439000000000,6.40740000000,-0.999300000000
78,9.09740000000,-1.10480000000,6.71970000000,1.00000000000
79,8.23930000000,-0.920800000000,6.65030000000,-0.998200000000
80,8.51670000000,-1.81600000000,6.77500000000,-0.999300000000
81,8.00460000000,-1.99540000000,6.60750000000,1.00000000000
82,8.67890000000,-3.13050000000,5.89760000000,0.999700000000
83,8.77240000000,-3.30510000000,4.33040000000,0.999700000000
84,9.44600000000,-2.82660000000,3.78920000000,-0.998200000000
85,9.95890000000,-1.89540000000,3.56960000000,-0.900000000000E-03
86,9.14580000000,-2.65340000000,3.48590000000,-0.998200000000
87,8.78470000000,-3.04930000000,3.82820000000,0.999700000000
88,8.96600000000,-2.04510000000,3.13290000000,-0.998200000000
89,8.79190000000,-2.47890000000,3.30450000000,0.999700000000
90,8.94580000000,-3.14490000000,4.00430000000,1.00000000000
91,8.94050000000,-3.16610000000,4.04140000000,-0.900000000000E-03
92,10.0254000000,-2.85700000000,5.01620000000,-0.999300000000
93,9.86380000000,-3.00100000000,4.86590000000,0.999700000000
94,10.1060000000,-2.69250000000,4.47300000000,-1.00000000000
95,10.0514661165984,-0.7868577710465493,3.827266154828454,2.0
96,9.311266680802877,0.17672516438859062,5.4835120655819365,2.0
~end Particle 1
~Particle 2
1,3.73500000000,1.39290000000,5.10770000000,-0.998200000000
2,3.86950000000,2.07680000000,4.76660000000,0.999700000000
3,3.86690000000,1.23270000000,4.17590000000,-0.900000000000E-03
4,4.23970000000,0.902500000000,3.67430000000,-0.998200000000
5,4.69340000000,1.22190000000,3.24670000000,0.909000000000E-01
6,4.10370000000,1.70980000000,3.80910000000,0.999700000000
7,3.96600000000,1.56720000000,3.98680000000,-0.998200000000
8,3.95990000000,2.19150000000,4.51220000000,-0.900000000000E-03
9,3.86810000000,1.37180000000,4.16250000000,0.999700000000
10,3.81340000000,1.82840000000,4.55350000000,-0.999300000000
11,3.75970000000,1.13990000000,5.19640000000,0.999700000000
12,4.01010000000,0.425000000000,5.25850000000,0.999700000000
13,3.96300000000,0.658200000000,5.49280000000,-0.998200000000
14,4.10900000000,2.28660000000,5.55620000000,0.999700000000
15,4.44050000000,2.77870000000,5.30140000000,-0.900000000000E-03
16,5.39170000000,1.84430000000,3.08200000000,0.909000000000E-01
17,4.02120000000,1.39750000000,3.87180000000,-0.999300000000
18,5.26620000000,0.721300000000,3.14820000000,0.909000000000E-01
19,4.82300000000,1.19130000000,3.18370000000,0.909000000000E-01
20,5.12450000000,0.649700000000,3.21040000000,-0.999300000000
21,3.88900000000,0.599800000000,4.71860000000,0.999700000000
22,3.91040000000,1.05860000000,4.12430000000,0.909000000000E-01
23,4.15600000000,2.46030000000,4.41150000000,-0.998200000000
24,4.19890000000,0.787700000000,6.00680000000,-0.998200000000
25,4.62950000000,0.533000000000,6.27570000000,0.999700000000
26,4.62440000000,1.47920000000,6.49400000000,0.999700000000
27,4.54390000000,1.60410000000,6.42670000000,-0.999300000000
28,4.52490000000,2.40110000000,6.02610000000,-0.900000000000E-03
29,4.74250000000,0.669600000000,6.41790000000,0.999700000000
30,5.73590000000,-0.442000000000,5.44010000000,-0.998200000000
31,5.68880000000,-0.507900000000,5.15720000000,-0.900000000000E-03
32,5.36640000000,-0.235700000000,5.87030000000,-0.998200000000
33,5.22170000000,-0.172000000000E-01,6.12210000000,-0.998200000000
34,4.77000000000,-0.321200000000,5.08680000000,0.909000000000E-01
35,4.13690000000,0.193900000000,5.09210000000,-0.999300000000
36,4.65960000000,0.143300000000,3.80170000000,-0.900000000000E-03
37,3.92350000000,0.566400000000,5.19830000000,0.909000000000E-01
38,3.80650000000,0.881800000000,4.59640000000,-0.999300000000
39,3.86120000000,1.88830000000,5.36160000000,-0.900000000000E-03
40,4.38440000000,0.384900000000,5.94580000000,-0.999300000000
41,4.72870000000,1.19650000000,6.55020000000,0.909000000000E-01
42,4.86870000000,2.91910000000,5.64230000000,-0.999300000000
43,6.54080000000,1.17110000000,6.51700000000,-0.900000000000E-03
44,6.28770000000,0.378000000000E-01,6.05250000000,0.999700000000
45,6.44830000000,0.684600000000,6.43730000000,0.999700000000
46,7.33880000000,1.11460000000,5.59390000000,0.909000000000E-01
47,6.25360000000,2.21010000000,6.44120000000,-0.900000000000E-03
48,7.06410000000,2.31300000000,5.60760000000,0.999700000000
49,7.15090000000,1.22050000000,5.96300000000,-0.900000000000E-03
50,7.37020000000,1.83040000000,5.35870000000,1.00000000000
51,6.92890000000,2.26610000000,3.90100000000,-0.999300000000
52,6.25240000000,2.75160000000,3.79910000000,-0.998200000000
53,6.66990000000,2.42750000000,3.76040000000,0.999700000000
54,7.07090000000,2.47140000000,4.48160000000,-0.998200000000
55,6.71800000000,2.86580000000,4.68950000000,-0.998200000000
56,7.18380000000,2.38780000000,4.83630000000,1.00000000000
57,7.31220000000,2.03900000000,5.31360000000,-0.998200000000
58,7.01400000000,2.27720000000,4.03820000000,-0.999300000000
59,6.90140000000,2.42940000000,4.03780000000,0.999700000000
60,7.28790000000,1.80480000000,4.16440000000,-0.998200000000
61,7.23520000000,1.59880000000,3.97160000000,0.999700000000
62,7.34730000000,1.41830000000,4.16830000000,-0.999300000000
63,7.39120000000,1.87440000000,4.57130000000,0.999700000000
64,7.48180000000,1.45470000000,5.05920000000,-0.999300000000
65,7.43360000000,1.22380000000,5.33650000000,0.909000000000E-01
66,6.61290000000,0.723400000000,3.42690000000,-0.998200000000
67,7.17720000000,0.841300000000,3.98310000000,-0.998200000000
68,7.28460000000,1.03380000000,4.09330000000,1.00000000000
69,7.40330000000,1.31150000000,4.32040000000,-0.900000000000E-03
70,7.47210000000,1.26640000000,5.14830000000,1.00000000000
71,6.23490000000,0.131900000000,3.60160000000,0.999700000000
72,7.13140000000,0.489100000000,4.19920000000,-0.999300000000
73,7.39820000000,0.863100000000,4.57130000000,0.999700000000
74,5.21310000000,-0.457100000000,4.55880000000,-0.900000000000E-03
75,5.10320000000,0.348000000000,6.40090000000,1.00000000000
76,6.20340000000,0.337300000000,6.35940000000,-0.999300000000
77,5.21260000000,1.20580000000,6.72710000000,1.00000000000
78,6.23160000000,0.924200000000,6.61520000000,-0.998200000000
79,5.95060000000,1.86270000000,6.67290000000,-0.999300000000
80,6.41580000000,2.02590000000,6.45550000000,1.00000000000
81,5.89120000000,3.17770000000,5.28380000000,0.999700000000
82,5.52650000000,3.09050000000,4.15570000000,0.999700000000
83,4.68700000000,2.52410000000,3.73110000000,-0.998200000000
84,4.09000000000,1.43830000000,3.77420000000,-0.900000000000E-03
85,4.63150000000,1.90390000000,3.37280000000,-0.998200000000
86,5.06970000000,2.58330000000,3.56380000000,0.999700000000
87,4.76410000000,1.60800000000,3.22290000000,-0.998200000000
88,5.60380000000,2.00690000000,3.12080000000,0.999700000000
89,5.88660000000,2.90980000000,3.85960000000,1.00000000000
90,5.12670000000,2.89200000000,3.90810000000,-0.900000000000E-03
91,4.25260000000,2.66440000000,4.97710000000,-0.999300000000
92,4.46390000000,2.85210000000,4.79490000000,0.999700000000
93,4.13260000000,2.46670000000,4.50740000000,-1.00000000000
94,4.128958248353295,1.5893452945518116,3.7435675026080246,2.0
95,5.029929908935752,-0.31583163562690064,5.541299395926948,2.0
~end Particle 2
~Particle 3
1,10.4684000000,1.94610000000,7.39040000000,0.993000000000
2,10.5861000000,1.54910000000,7.81890000000,-0.998200000000
3,10.4530000000,2.14370000000,8.20400000000,0.999700000000
4,10.3484000000,1.45050000000,8.80920000000,-0.900000000000E-03
5,9.89900000000,1.31190000000,9.33450000000,-0.998200000000
6,9.31650000000,1.57640000000,9.67350000000,0.909000000000E-01
7,10.0476000000,1.84760000000,9.17110000000,0.999700000000
8,10.1815000000,1.68530000000,9.04910000000,-0.998200000000
9,10.2782000000,2.42420000000,8.39070000000,-0.900000000000E-03
10,10.3312000000,1.67710000000,8.82810000000,0.999700000000
11,10.4382000000,2.06980000000,8.37810000000,-0.999300000000
12,10.4830000000,1.01740000000,7.52570000000,0.999700000000
13,10.3920000000,0.684500000000,7.81050000000,0.999700000000
14,10.3901000000,0.755500000000,7.53720000000,-0.998200000000
15,10.2758000000,2.35800000000,7.28250000000,0.999700000000
16,9.86880000000,2.93150000000,7.45280000000,-0.900000000000E-03
17,8.44140000000,2.01200000000,9.69220000000,0.909000000000E-01
18,10.2132000000,1.72190000000,9.00130000000,-0.999300000000
19,8.59790000000,1.13150000000,9.73440000000,0.909000000000E-01
20,9.18380000000,1.63510000000,9.71100000000,0.909000000000E-01
21,8.83330000000,1.12250000000,9.73080000000,-0.999300000000
22,10.3505000000,0.927700000000,8.59280000000,0.999700000000
23,10.3701000000,1.07190000000,8.65050000000,0.909000000000E-01
24,9.93620000000,2.93840000000,7.78280000000,-0.998200000000
25,10.3510000000,1.02040000000,7.12420000000,-0.998200000000
26,9.93800000000,0.668500000000,6.74880000000,0.999700000000
27,9.82410000000,1.53680000000,6.37710000000,0.999700000000
28,9.94510000000,1.62790000000,6.47890000000,-0.999300000000
29,9.89040000000,2.42700000000,6.74550000000,-0.900000000000E-03
30,9.59770000000,0.684000000000,6.45750000000,0.999700000000
31,8.66780000000,-0.312900000000,7.44140000000,-0.998200000000
32,8.70730000000,-0.355600000000,7.67690000000,-0.900000000000E-03
33,8.97970000000,-0.113500000000,6.98790000000,-0.998200000000
34,9.15230000000,0.198200000000,6.62260000000,-0.998200000000
35,9.47490000000,-0.195500000000,7.73660000000,0.909000000000E-01
36,10.1854000000,0.353100000000,7.90410000000,-0.999300000000
37,9.43170000000,0.384400000000,9.21090000000,-0.900000000000E-03
38,10.4172000000,0.736800000000,7.81970000000,0.909000000000E-01
39,10.4734000000,1.11570000000,8.39920000000,-0.999300000000
40,10.4811000000,2.02880000000,7.53270000000,-0.900000000000E-03
41,10.0133000000,0.464500000000,7.03910000000,-0.999300000000
42,9.73650000000,1.20720000000,6.34670000000,0.909000000000E-01
43,9.43470000000,3.00440000000,6.99460000000,-0.999300000000
44,7.91700000000,1.17850000000,6.21260000000,-0.900000000000E-03
45,8.14500000000,0.119000000000,6.75750000000,0.999700000000
46,7.98840000000,0.739700000000,6.33060000000,0.999700000000
47,6.99320000000,1.21320000000,7.15870000000,0.909000000000E-01
48,8.22050000000,2.09220000000,6.16310000000,-0.900000000000E-03
49,7.22730000000,2.42050000000,7.14390000000,0.999700000000
50,7.21200000000,1.28590000000,6.76200000000,-0.900000000000E-03
51,6.97490000000,2.01570000000,7.32740000000,1.00000000000
52,7.41580000000,2.53710000000,8.81760000000,-0.999300000000
53,8.05630000000,3.07600000000,8.73180000000,-0.998200000000
54,7.81130000000,2.82380000000,8.91730000000,0.999700000000
55,7.29650000000,2.72760000000,8.22420000000,-0.998200000000
56,7.85760000000,3.18730000000,8.11410000000,-0.998200000000
57,7.20680000000,2.66290000000,7.94080000000,1.00000000000
58,7.01400000000,2.20780000000,7.41870000000,-0.998200000000
59,7.37050000000,2.53240000000,8.75660000000,-0.999300000000
60,7.44970000000,2.67980000000,8.68660000000,0.999700000000
61,7.04140000000,2.04400000000,8.61010000000,-0.998200000000
62,7.09470000000,1.99990000000,8.74890000000,0.999700000000
63,6.97820000000,1.65600000000,8.64040000000,-0.999300000000
64,6.90750000000,2.05800000000,8.08570000000,0.999700000000
65,6.82910000000,1.62100000000,7.71470000000,-0.999300000000
66,6.89030000000,1.31970000000,7.41350000000,0.909000000000E-01
67,7.67010000000,0.805200000000,9.29930000000,-0.998200000000
68,7.33280000000,1.03880000000,9.09530000000,-0.998200000000
69,7.06690000000,1.25060000000,8.79010000000,1.00000000000
70,6.90410000000,1.49110000000,8.45550000000,-0.900000000000E-03
71,6.83900000000,1.39200000000,7.63920000000,1.00000000000
72,7.93910000000,0.533800000000,9.30750000000,0.999700000000
73,7.21780000000,0.605700000000,8.61150000000,-0.999300000000
74,6.90980000000,1.01490000000,8.18550000000,0.999700000000
75,9.17320000000,-0.266000000000,8.28290000000,-0.900000000000E-03
76,9.31630000000,0.414600000000,6.49170000000,1.00000000000
77,8.26760000000,0.435700000000,6.41080000000,-0.999300000000
78,9.09840000000,1.10390000000,6.09610000000,1.00000000000
79,8.23810000000,0.919200000000,6.16600000000,-0.998200000000
80,8.51620000000,1.81670000000,6.04050000000,-0.999300000000
81,8.00320000000,1.99640000000,6.20880000000,1.00000000000
82,8.67880000000,3.13270000000,6.92140000000,0.999700000000
83,8.77230000000,3.30370000000,8.48920000000,0.999700000000
84,9.44500000000,2.82490000000,9.02880000000,-0.998200000000
85,9.95550000000,1.89440000000,9.24930000000,-0.900000000000E-03
86,9.14500000000,2.65140000000,9.33130000000,-0.998200000000
87,8.78460000000,3.04710000000,8.99020000000,0.999700000000
88,8.96530000000,2.04380000000,9.68300000000,-0.998200000000
89,8.79170000000,2.47710000000,9.51200000000,0.999700000000
90,8.94460000000,3.13640000000,8.82640000000,1.00000000000
91,8.94020000000,3.16390000000,8.77820000000,-0.900000000000E-03
92,10.0255000000,2.85720000000,7.80370000000,-0.999300000000
93,9.86370000000,3.00090000000,7.95330000000,0.999700000000
94,10.1053000000,2.69190000000,8.34640000000,-1.00000000000
95,10.039604349435702,0.7932803860923417,9.006769108603123,2.0
96,9.311694824970784,-0.17791701496721507,7.335972159007271,2.0
~end Particle 3
~Particle 4
1,3.73470000000,-1.39300000000,7.71040000000,-0.998200000000
2,3.86970000000,-2.07670000000,8.05200000000,0.999700000000
3,3.86810000000,-1.23270000000,8.64240000000,-0.900000000000E-03
4,4.24120000000,-0.903000000000,9.14290000000,-0.998200000000
5,4.69520000000,-1.22220000000,9.56970000000,0.909000000000E-01
6,4.10520000000,-1.70940000000,9.00850000000,0.999700000000
7,3.96730000000,-1.56700000000,8.83110000000,-0.998200000000
8,3.96050000000,-2.19110000000,8.30680000000,-0.900000000000E-03
9,3.86920000000,-1.37180000000,8.65560000000,0.999700000000
10,3.81390000000,-1.82820000000,8.26490000000,-0.999300000000
11,3.75920000000,-1.13980000000,7.62190000000,0.999700000000
12,4.00940000000,-0.424700000000,7.56070000000,0.999700000000
13,3.96190000000,-0.657700000000,7.32640000000,-0.998200000000
14,4.10790000000,-2.28730000000,7.26270000000,0.999700000000
15,4.43990000000,-2.77950000000,7.51830000000,-0.900000000000E-03
16,5.39250000000,-1.84240000000,9.73400000000,0.909000000000E-01
17,4.02550000000,-1.39740000000,8.95030000000,-0.999300000000
18,5.26730000000,-0.723400000000,9.66820000000,0.909000000000E-01
19,4.82500000000,-1.19170000000,9.63260000000,0.909000000000E-01
20,5.12570000000,-0.651400000000,9.60610000000,-0.999300000000
21,3.88930000000,-0.600000000000,8.10100000000,0.999700000000
22,3.91560000000,-1.05950000000,8.70270000000,0.909000000000E-01
23,4.15920000000,-2.45790000000,8.41900000000,-0.998200000000
24,4.19770000000,-0.787300000000,6.81030000000,-0.998200000000
25,4.62830000000,-0.532000000000,6.54120000000,0.999700000000
26,4.62300000000,-1.47940000000,6.32230000000,0.999700000000
27,4.54200000000,-1.60450000000,6.39000000000,-0.999300000000
28,4.52350000000,-2.40250000000,6.79200000000,-0.900000000000E-03
29,4.73940000000,-0.667200000000,6.40040000000,0.999700000000
30,5.73600000000,0.443000000000,7.37860000000,-0.998200000000
31,5.68890000000,0.508400000000,7.66210000000,-0.900000000000E-03
32,5.36610000000,0.237200000000,6.94770000000,-0.998200000000
33,5.22090000000,0.200000000000E-01,6.69660000000,-0.998200000000
34,4.76990000000,0.321500000000,7.73240000000,0.909000000000E-01
35,4.13650000000,-0.193600000000,7.72830000000,-0.999300000000
36,4.66140000000,-0.145500000000,9.01760000000,-0.900000000000E-03
37,3.92280000000,-0.566100000000,7.62200000000,0.909000000000E-01
38,3.80720000000,-0.882000000000,8.22340000000,-0.999300000000
39,3.86040000000,-1.88850000000,7.45710000000,-0.900000000000E-03
40,4.38260000000,-0.383500000000,6.87290000000,-0.999300000000
41,4.72670000000,-1.19610000000,6.26630000000,0.909000000000E-01
42,4.86790000000,-2.92080000000,7.17750000000,-0.999300000000
43,6.54350000000,-1.17060000000,6.30010000000,-0.900000000000E-03
44,6.28940000000,-0.346000000000E-01,6.76750000000,0.999700000000
45,6.45070000000,-0.682800000000,6.38010000000,0.999700000000
46,7.34010000000,-1.11440000000,7.22470000000,0.909000000000E-01
47,6.25630000000,-2.21360000000,6.37730000000,-0.900000000000E-03
48,7.06530000000,-2.31370000000,7.21130000000,0.999700000000
49,7.15330000000,-1.22030000000,6.85600000000,-0.900000000000E-03
50,7.37090000000,-1.83060000000,7.45980000000,1.00000000000
51,6.92690000000,-2.26470000000,8.91830000000,-0.999300000000
52,6.25160000000,-2.74990000000,9.01880000000,-0.998200000000
53,6.66820000000,-2.42590000000,9.05820000000,0.999700000000
54,7.07030000000,-2.47100000000,8.33710000000,-0.998200000000
55,6.71780000000,-2.86550000000,8.12930000000,-0.998200000000
56,7.18370000000,-2.38780000000,7.98260000000,1.00000000000
57,7.31290000000,-2.03920000000,7.50520000000,-0.998200000000
58,7.01270000000,-2.27640000000,8.78010000000,-0.999300000000
59,6.90040000000,-2.42860000000,8.78010000000,0.999700000000
60,7.28690000000,-1.80450000000,8.65360000000,-0.998200000000
61,7.23410000000,-1.59870000000,8.84580000000,0.999700000000
62,7.34620000000,-1.41830000000,8.64960000000,-0.999300000000
63,7.39070000000,-1.87430000000,8.24670000000,0.999700000000
64,7.48210000000,-1.45470000000,7.75890000000,-0.999300000000
65,7.43440000000,-1.22370000000,7.48230000000,0.909000000000E-01
66,6.61110000000,-0.724600000000,9.39030000000,-0.998200000000
67,7.17580000000,-0.841800000000,8.83500000000,-0.998200000000
68,7.28340000000,-1.03400000000,8.72470000000,1.00000000000
69,7.40200000000,-1.31150000000,8.49930000000,-0.900000000000E-03
70,7.47250000000,-1.26640000000,7.67020000000,1.00000000000
71,6.23390000000,-0.133800000000,9.21610000000,0.999700000000
72,7.13060000000,-0.489600000000,8.61870000000,-0.999300000000
73,7.39770000000,-0.863200000000,8.24720000000,0.999700000000
74,5.21340000000,0.455600000000,8.26520000000,-0.900000000000E-03
75,5.10220000000,-0.345900000000,6.41630000000,1.00000000000
76,6.20530000000,-0.334000000000,6.45900000000,-0.999300000000
77,5.21160000000,-1.20540000000,6.08850000000,1.00000000000
78,6.23340000000,-0.922900000000,6.20110000000,-0.998200000000
79,5.95150000000,-1.86400000000,6.14310000000,-0.999300000000
80,6.41750000000,-2.02720000000,6.36140000000,1.00000000000
81,5.89140000000,-3.17880000000,7.53680000000,0.999700000000
82,5.52650000000,-3.08880000000,8.66380000000,0.999700000000
83,4.68830000000,-2.52260000000,9.08690000000,-0.998200000000
84,4.09300000000,-1.43810000000,9.04540000000,-0.900000000000E-03
85,4.63320000000,-1.90290000000,9.44400000000,-0.998200000000
86,5.07050000000,-2.58140000000,9.25370000000,0.999700000000
87,4.76580000000,-1.60750000000,9.59350000000,-0.998200000000
88,5.60380000000,-2.00570000000,9.69500000000,0.999700000000
89,5.88550000000,-2.90370000000,8.96530000000,1.00000000000
90,5.12740000000,-2.88990000000,8.91090000000,-0.900000000000E-03
91,4.25240000000,-2.66450000000,7.84270000000,-0.999300000000
92,4.46400000000,-2.85190000000,8.02420000000,0.999700000000
93,4.13330000000,-2.46620000000,8.31190000000,-1.00000000000
94,4.138905985894755,-1.5877768182737289,9.08485825640694,2.0
95,5.029456824849072,0.31720245501244426,7.278052787212376,2.0
~end Particle 4
