~Particle 1
1,0.0,0.0,0.0,-1.0
~end Particle 1
~Particle 2
1,1.7450234934367876,-1.8207970709966488,2.3133802808020327,1.0
2,2.7510412862189773,-0.8096165102349905,1.867733984772336,-1.0
3,2.6066010706280527,-1.441536656837258,1.6851528760308807,1.0
4,3.08506355058719,-1.0266470938533778,1.0679494011987516,-1.0
5,2.9120373270627646,-1.5120494751126496,0.9725647950675111,1.0
6,2.907304067908239,-1.2936541793811156,1.2594360686013302,-1.0
7,2.9225265169052745,-1.1891519057641198,1.3254787033381883,1.0
8,2.6949397136822903,-1.4208832116246093,1.5590151149175406,-1.0
9,2.6153906508376368,-0.3128932653030917,2.184940923237753,1.0
10,2.5786316603851556,-0.19469400283825425,2.241626707397579,1.0
11,2.3707631018316966,-0.3514503314966152,2.442969969009908,-1.0
12,2.0627214772837825,-1.4247551694368632,2.3296759655186263,1.0
13,2.239308770511267,-1.3975354537464513,2.1781937874837998,-1.0
14,2.7148755469149557,-0.6140709765742525,1.9911064488098995,1.0
15,2.375993564249439,-0.29399422870168856,2.44547730844826,-1.0
16,1.978962022906628,-0.0010066252763257294,2.79210415074346,1.0
17,1.7199893771757806,-0.7214692362396979,2.8693650819584064,1.0
18,1.7696145775458776,-0.8554565500836511,2.8015702075543456,-1.0
19,1.2247380727215067,0.9057171052544694,3.0646093500601133,-1.0
20,1.3506347876109366,0.6415181391732537,3.0783725306737724,-1.0
21,2.3223743895743207,-0.235324257985679,2.5026659741669066,-1.0
22,2.6429430375308143,-0.7389036286904357,2.0447520186750032,-1.0
23,1.993412279420912,-0.19956523124191114,2.7746384436054514,-1.0
24,1.4323740877594642,-1.7717742622054808,2.553675336941143,-1.0
25,0.9713764171612084,-0.3397762271189145,3.2639113440269623,1.0
26,0.7400486623033977,-0.5637090602204237,3.2934324591295865,1.0
27,-0.12808266236899762,-1.7631433155338496,2.930368197085269,1.0
28,-0.6872222428012578,-1.5582162507990465,2.9684718281878597,1.0
29,0.5828322214627053,-2.9026720439618416,1.716665050855068,-1.0
30,0.8522350703830007,-2.352951741805461,2.3344058720676504,1.0
31,-0.22046734672880355,-2.4980957985590773,2.3287440435238587,-1.0
32,0.3485679958594955,-2.6379431146734245,2.1521834879976107,-1.0
33,-0.3655043379302557,-2.331005803443392,2.4789021387032184,1.0
34,-0.5178515766103725,-1.746570729822713,2.897146478921752,-1.0
35,-0.18365215241924435,-2.819179945459208,1.931484820554485,1.0
36,-1.0052390722428703,-2.348717248734632,2.277094416824369,-1.0
37,-1.5124494208987718,-2.4961834850077183,1.7870931840275401,1.0
38,-1.4038019418172156,-1.9466131370275022,2.439707911390657,-1.0
39,-1.3432584293653904,-1.991037844277702,2.437942243900135,1.0
40,-1.3680281959850882,-1.2794953855885116,2.8641801101270654,-1.0
41,0.8288324300942591,-1.1397023799615278,3.118694050068726,-1.0
42,-0.4438444224652085,-1.4400011379422704,3.0727082746937584,-1.0
43,-1.0502929399869196,-1.5055425437008951,2.8883150242520763,1.0
44,1.3583939863428425,-0.3845921526972151,3.1175297823679764,1.0
45,-1.477715880691063,0.2527845605526227,3.0764578709775385,-1.0
46,-1.4241499583641877,-0.6539043803505709,3.042423909886592,1.0
47,1.4668443089423786,-0.13607108761279627,3.089011123715683,1.0
48,0.9883920392587536,-0.5079878996462268,3.236845186372517,-1.0
49,1.2229720969447442,-0.5707174578437054,3.1449575710026667,1.0
50,0.8079959802759114,-0.5965067190923745,3.271614207075097,-1.0
51,0.8539798546931742,-1.0452228578897795,3.1448950499377477,-1.0
52,0.5073168197428529,-1.1995854069800278,3.1647688360710577,1.0
53,0.9837076144449998,-1.9209721789676348,2.6559974598849414,1.0
54,1.2574523395444326,-2.512373338149106,1.9542085644914549,1.0
55,1.9806141313140728,-2.378699981781018,1.4598257942350468,-1.0
56,1.9094359330347297,-2.4728749722030954,1.39681103929176,-1.0
57,1.4179664090420752,-2.6077510622063014,1.7032741853237336,1.0
58,2.0944078513229307,-2.182037223494583,1.6013452462229734,-1.0
59,1.746845062972501,-2.64815398820744,1.283725075983806,1.0
60,1.4597310399286856,-1.5948761728057537,2.6528649747933253,1.0
61,1.9497938856974004,-1.8408437582321628,2.126437243624819,-1.0
62,1.921122985034849,-2.0670849870264303,1.936125879890234,1.0
63,-2.3734247984586814,1.158683590914188,2.1763373709532194,1.0
64,-2.695104531196306,0.8371175384444048,1.9359191829087063,-1.0
65,-2.4959022113306344,1.5390657390465492,1.7646206652898386,1.0
66,-3.1541982634046053,0.6819331517339883,1.1393584956902374,-1.0
67,-2.8226134154769666,1.5157346252393042,1.2031372916754428,1.0
68,-2.890659170020073,1.2965680397779549,1.294271289570008,-1.0
69,-2.933396054212116,1.045030613412895,1.4195900451055077,1.0
70,-2.6841279009886376,1.3706667923606195,1.6213781932214884,-1.0
71,-2.618571601783609,0.6414557386879757,2.1080214874703462,1.0
72,-2.3791858700941093,0.2027359071853408,2.4516341565336117,1.0
73,-2.258213014015983,0.42446551103758107,2.5362256018084146,-1.0
74,-1.9684016956037396,1.5381985055976355,2.339118939284944,1.0
75,-2.6011246330828937,1.019407816413586,1.976637457148949,-1.0
76,-2.5912550352494828,0.43979471564723605,2.1918291996373642,1.0
77,-2.1088819690940834,0.22129797349576344,2.6862206419720125,-1.0
78,-1.6907642626589934,0.11668847644899935,2.9731863879648035,1.0
79,-1.5691591793126929,0.8516688329037666,2.9196809687085765,1.0
80,-1.5928342150692572,1.004476713031732,2.8576289098274588,-1.0
81,-1.4808164808723776,0.7856273635792599,2.983640307673204,1.0
82,-1.0729195815695478,-0.7878001712733068,3.1528323380139285,-1.0
83,-1.2760867289369044,-0.5083080951285199,3.1345434804222974,-1.0
84,-2.248316965574636,0.2586765480018876,2.5671569012865354,-1.0
85,-1.8588326531372064,0.31806519411780115,2.855820895980996,-1.0
86,-1.4118942401306367,1.8932690155851504,2.47673663906988,-1.0
87,-0.8718039513661475,0.4885743654560374,3.2731315662224163,1.0
88,-0.6420176498195165,0.7160275346230943,3.284395712605562,1.0
89,0.2079940751952844,1.8736682727277387,2.8562638110750753,1.0
90,0.8635853796506672,1.6308952351866357,2.882106575735732,1.0
91,-0.29770881348672906,2.4480922899518744,2.372836044114829,-1.0
92,-0.6198408391254597,2.9576422954471524,1.606327076387105,-1.0
93,-0.462632183459836,2.6492163368931543,2.1165447203320795,1.0
94,0.4861050645781536,2.5889063656158373,2.184811888073037,-1.0
95,0.0669919487251752,2.686813691942231,2.118650880536423,-1.0
96,0.55998035308825,2.320217661679689,2.452580130512517,1.0
97,0.6504999057499075,1.8229109220600688,2.822407293934288,-1.0
98,0.4733997756703463,2.9272843577914607,1.7085187242242033,1.0
99,1.3179626619647244,2.3511845339746675,2.108801318015802,-1.0
100,1.815604239781116,2.3105873688970995,1.7541107562471694,1.0
101,1.6578238809784065,1.876887147152993,2.3326062476358045,-1.0
102,1.5078653014568548,2.0982261029767555,2.244087062359525,1.0
103,1.4922533461148464,1.3238481546030592,2.7807810601633345,-1.0
104,-0.7538943502732462,1.4962371631123286,2.9841338693744377,-1.0
105,1.1298122006916775,1.1912265495138314,3.002772217285487,-1.0
106,1.5310840545083857,1.379395583474648,2.7322493905792715,1.0
107,-1.4473424361752372,0.12421944494285672,3.0986943527789927,1.0
108,1.6661094887465857,-0.017191069847012432,2.9893010769452624,-1.0
109,1.436112536689942,0.7962230205953218,3.002623348579712,1.0
110,-1.3460680427348362,0.2984299576364127,3.13227994833047,1.0
111,-0.8858836116110274,0.6446213777169182,3.2421922824023475,-1.0
112,-1.1790504794044943,0.8165312923293396,3.1072904443683744,1.0
113,-0.6933336675622983,0.7839978470971639,3.2583390080179844,-1.0
114,-0.7355626470361833,1.2436602989179393,3.1023207350595565,-1.0
115,-0.4066123847624821,1.401310729436585,3.095663401942089,1.0
116,-0.8796043730086547,2.193864908159688,2.4749525655514155,1.0
117,-1.2544104285395017,2.5458011973337595,1.91245602052056,1.0
118,-2.0963757096161153,2.3095246690890723,1.4083472501483931,-1.0
119,-2.5311720579365997,1.9997950188827085,1.1428583401160908,-1.0
120,-1.8505109769635804,2.523614935240035,1.3853209277170146,1.0
121,-2.5514413965458362,1.8295983728970044,1.361930205217898,-1.0
122,-1.783640247886578,2.7593661380992605,0.9574253349636612,1.0
123,-1.289884414849911,1.8714500136749268,2.558517213669554,1.0
124,-1.9396623215315985,1.884903299221384,2.0968993588188707,-1.0
125,-1.8804315734705472,2.1512474100185264,1.8836796352839995,1.0
126,-2.196793493978456,1.9460662068241037,1.76041527869738,-1.0
127,2.89170688663158,-1.2858247531692213,-1.3026216933341788,1.0
128,2.8248950471516716,-0.8660941466666396,-1.7268428393133362,-1.0
129,2.262510309126031,-1.5944674208198562,-2.0126743489801098,1.0
130,1.7096051033137507,-0.6664298570941352,-2.8888161807732016,-1.0
131,1.7649438085371687,-1.004231929095623,-2.7547466081821748,1.0
132,1.9943775743017944,-1.0415982795307408,-2.5786950973701197,-1.0
133,2.167673499774723,-0.9732530168023176,-2.4629469043525054,1.0
134,2.355467916976421,-1.3178756466660484,-2.1040703320039733,-1.0
135,2.8622705488715536,-0.5921029912293598,-1.7801569152296024,1.0
136,2.584004478933273,-0.3101534292255989,-2.222355280595877,1.0
137,2.4438125781164404,-1.7537702938839133,-1.6322399116950332,1.0
138,1.0820012881488117,-0.8452818111559203,-3.1347901304829446,-1.0
139,2.313794283111687,-0.4553345604706637,-2.4801539757605093,1.0
140,3.201514057579453,-0.20798527325240065,-1.1912964178705787,-1.0
141,3.2250412172578766,-0.02905285630681417,-1.144728076238304,1.0
142,3.1265778852715616,-1.2543370937541616,-0.6027325049830767,1.0
143,2.8949933540696025,-1.3949217372828469,-1.1770064217108738,-1.0
144,1.5348576352886776,1.1936812498053886,-2.8162873438729745,-1.0
145,2.245292414479569,1.1162820517491774,-2.329101467180672,-1.0
146,2.3025426609414628,-0.29704054276818,-2.514398834810538,-1.0
147,2.6865530431233253,-0.2937414365032071,-2.0995918662839768,-1.0
148,1.8433668257878104,-2.3218021061459955,-1.7097868333453126,-1.0
149,1.4091397906939769,-0.5657533192839761,-3.0669831303745534,1.0
150,1.4412965767037855,-1.1262051277954186,-2.8924839633279307,1.0
151,-0.0694211132222545,-2.6782302094174875,-2.129413286424818,1.0
152,-1.061578338756,-2.2811082740856077,-2.319856409906059,1.0
153,0.4921480729235704,-2.2306104510577303,-2.548392548244803,-1.0
154,0.6144331019043867,-1.8701429959314388,-2.7994953881106386,1.0
155,-0.2319272340097697,-2.2709408360226067,-2.549740137231541,-1.0
156,0.3361884405345998,-2.5379364039094727,-2.2711216242557257,-1.0
157,-0.39322717324621664,-2.3878369821988805,-2.419864505848238,1.0
158,-0.7394468200883815,-2.3734594583857787,-2.3520301634248373,-1.0
159,-0.2638361332446514,-2.1544427175841627,-2.6459222137929683,1.0
160,-0.7045098342996194,-1.6698046407487308,-2.903025257401169,-1.0
161,-0.9184583129958608,-1.5299551407759984,-2.9202412373812368,1.0
162,-0.8871861401809636,-1.3071648746657665,-3.0358455219445597,-1.0
163,-1.2169591676143745,-1.4897861789166635,-2.8304919741041874,1.0
164,-1.6463362980868943,-1.5028939646555817,-2.596733296779508,-1.0
165,0.35309808687993394,-0.6093754362259418,-3.34904771670488,-1.0
166,-0.3846054702731799,-0.7123363903564415,-3.3251756027629433,-1.0
167,-0.6040520173768714,-0.8830092847848315,-3.250777299860252,1.0
168,0.30832510097806115,-0.099766339921393,-3.4069223060594678,1.0
169,-0.8080395232650223,-0.13434831912036027,-3.322824092243098,-1.0
170,-1.2099367262404783,-0.6479910370365042,-3.1350116466155,1.0
171,2.7044053458893305,-0.2381024684112666,-2.0836593362787674,1.0
172,1.6307984862212102,-0.9086383921695436,-2.8682764615033456,-1.0
173,2.7178026950472733,-1.3133331113399345,-1.6127126028688266,1.0
174,1.7692612724655905,-1.3851449043001838,-2.58132241958355,-1.0
175,1.8891466036155309,-2.3417031175553267,-1.6308552692619804,-1.0
176,1.08435895704873,-2.744115457823137,-1.7338204337255652,1.0
177,1.2969824990049121,-2.56153499056776,-1.8623942062227312,1.0
178,1.0303705197796216,-2.2171165544541527,-2.3947584566996354,1.0
179,1.4575803269109495,-1.8642162858680043,-2.4723055070331967,-1.0
180,1.1795432466078808,-1.6483576470055992,-2.7574865524495142,-1.0
181,1.1567234167557594,-1.9918385313233624,-2.5311474655310917,1.0
182,1.1017996215144337,-1.29141187361405,-2.9716039871960227,-1.0
183,0.9372826345269212,-1.665846268107892,-2.8387664159006256,1.0
184,1.291677921625561,-1.5939068832367471,-2.7391908083146723,1.0
185,2.009576145977244,-1.967022786599097,-1.9505287387062944,-1.0
186,1.8815410880234589,-2.1554989246287137,-1.8777020024497917,1.0
187,-2.8056778980954404,1.3598985108487114,-1.4110226299851498,1.0
188,-2.880368669555579,0.8907554490363289,-1.6193110718619546,-1.0
189,-2.3403460724044214,1.2472214285302623,-2.163181975608185,1.0
190,-2.0335823011202065,0.4034467473125753,-2.7228498006047905,-1.0
191,-1.7699031025563687,0.8164711627975502,-2.8129975360603066,1.0
192,-2.1834683941559194,0.8200168769197677,-2.5044311496403564,-1.0
193,-2.3481816604688515,0.7842503321761654,-2.3628651243605336,1.0
194,-2.455166104905272,1.1497208854622472,-2.0886451524507894,-1.0
195,-2.9671973321890968,0.6374332063966661,-1.5816308637709262,1.0
196,-2.8311969204105525,0.20699754789615515,-1.9114427281566089,1.0
197,-2.73648409286229,0.4801199937528142,-1.998318515930442,-1.0
198,-2.386524937658176,1.7393043152709875,-1.7295827562783348,1.0
199,-1.7442931146964484,1.0029748974947257,-2.768324434566513,-1.0
200,-1.3444730407535919,0.4123443406103472,-3.1200162944211374,-1.0
201,-2.3800676201540747,0.4075497642225424,-2.4251430067474926,1.0
202,-3.2021827411995685,0.2898186396701307,-1.1722491791694154,-1.0
203,-3.228241703737332,0.30635973549477746,-1.0939545258915748,1.0
204,-2.8864337210232587,1.6378403445459886,-0.8355337634813471,1.0
205,-2.67895510546183,1.6601004948999465,-1.333942719817064,-1.0
206,-1.6611556632763629,-1.14753912183348,-2.763304745450004,-1.0
207,-2.3703233225625877,-0.9297202517615101,-2.286771717942211,-1.0
208,-2.211576913094802,0.2753969027321515,-2.5971564052693483,-1.0
209,-2.4119635111341817,0.20175892776931625,-2.4194756965141533,-1.0
210,-2.390829232854511,0.5786506501301287,-2.3793352631422686,-1.0
211,-2.6920471883799237,0.4016182483980589,-2.074541397053677,-1.0
212,-1.6515969376031905,2.190607588788535,-2.0458746876682947,-1.0
213,-1.3664082156562634,0.6405275455496825,-3.0716103824507366,1.0
214,-1.3028403265374795,1.2500485067638407,-2.9072535328528195,1.0
215,0.1753561275996167,2.475923111310432,-2.3560968285263955,1.0
216,1.0250732545860184,2.046958475081233,-2.5438795399990037,1.0
217,-0.26036609944294786,1.5701195104571255,-3.0296982534804915,-1.0
218,-0.19654066732426406,1.7993577120326794,-2.904448464035169,-1.0
219,-0.3574657939099653,1.6186567615092384,-2.9940450538702224,1.0
220,0.35502928822641594,2.021097503257433,-2.738842159896772,-1.0
221,0.02674078192946781,2.1932990479705805,-2.6269490872023282,-1.0
222,0.4321112630885096,2.1195159758730666,-2.6519934340663243,1.0
223,0.7216702051962569,2.1571538287231737,-2.556954587816715,-1.0
224,0.3766515966985581,1.881837333273316,-2.8335417970806787,1.0
225,0.7735261139724569,1.430327730977908,-3.0113049036917965,-1.0
226,0.888513053462415,1.022853872939995,-3.1426822617691634,1.0
227,0.9068035734877016,1.015057577482518,-3.1399845037046368,-1.0
228,1.2311501368000362,1.5732278132803574,-2.7787336824853077,1.0
229,1.5849826086792511,1.3803864155263277,-2.7008333462127383,-1.0
230,-0.4220958612502568,0.3433300027514693,-3.3787715050186637,-1.0
231,0.3808439845279557,0.3882144372142145,-3.3788140967190428,-1.0
232,0.5756399911018797,0.5352146574760954,-3.3308138886865133,1.0
233,-0.417972817435004,-0.3373050813628646,-3.3798907224897423,1.0
234,0.7861586658990164,-0.15565100785361075,-3.3271406050520365,-1.0
235,1.14540560168845,0.4521973265773643,-3.19307075954433,1.0
236,-2.6252093138696253,0.5714757332667103,-2.119865286913168,1.0
237,-1.4990199617976077,1.0577446054900983,-2.8889881954914416,-1.0
238,-2.446998660510624,1.5706598555037536,-1.8048164626266407,1.0
239,-1.5037266025835652,1.5687022831587902,-2.643882891032597,-1.0
240,-1.47369256933379,2.404846681534236,-1.9383188435869232,-1.0
241,-0.8112436338028889,2.6202847082069685,-2.0464919019021326,1.0
242,-0.8520037838470839,2.504012399646496,-2.1716695754020336,1.0
243,-1.0972748465101492,1.8492109094981493,-2.662432011039748,1.0
244,-1.5454451049201117,1.451485382427314,-2.686433863373208,-1.0
245,-1.6152389695588296,1.027090663952241,-2.836939394707027,-1.0
246,-1.4025398408559335,1.50615689436959,-2.7343208835750716,1.0
247,-1.4024402624675505,0.8581908064923829,-3.0014674977187243,-1.0
248,-1.1820218510765614,1.0524298964056873,-3.03436203290396,1.0
249,-1.9891377430294108,1.808128475174824,-2.1180509310490683,-1.0
250,-1.9177542558223932,1.9367128922240564,-2.0696615852279394,1.0
251,-1.9816278433137944,1.6050006602676707,-2.282380612681386,-1.0
~end Particle 2
